2.17184747362702	NA	2.1152192176374	NA	2.00257494708106	2.25038523866257	2.54064305981837	NA	1.87848231557479	1.49533032714248	NA	1.74069423902516	NA	NA	NA	2.38938907924555	NA	NA	1.93840751156949	NA	NA	NA	NA	2.08864459295597	NA	NA	NA	NA	NA	1.80253346818871	NA	NA	1.6194500628212	2.53005254046666	NA	NA	NA	2.05376316903825	1.59665408780618	NA
NA	NA	NA	NA	NA	NA	NA	NA	NA	NA	NA	NA	NA	NA	NA	NA	NA	NA	NA	NA	NA	NA	NA	NA	NA	NA	NA	NA	NA	NA	NA	NA	NA	NA	NA	NA	NA	NA	NA	NA
NA	2.72799558407185	NA	NA	2.87117311790937	1.88875051380811	1.8039375481642	1.23018711146996	1.36452566678544	1.06624706512201	1.12733861222428	NA	1.28862136323629	0.814922970899457	1.08665959435201	1.14288128116559	NA	2.64013640986708	1.41934866457219	1.18892159195988	1.64082347292003	NA	0.915815042856412	2.14440478942516	1.57403332488024	1.38384608034652	1.6525271858063	NA	2.35816185574082	1.94461306839962	1.92984092188623	NA	0.309790193370781	2.3447704707058	2.61245642770352	2.24349656415267	NA	0.327841326662979	2.43560421554779	0.287229224317474
NA	NA	1.59856168283278	NA	NA	NA	1.36511551116294	1.15275568178498	NA	0.866703408096321	0.785539007774363	0.423792972435914	0.483279417554021	NA	1.32761218555622	0.866321206272515	0.864469190575986	1.95511628310235	NA	0.725795507867492	0.913772823188314	0.99139066618125	0.35062394413193	0.766462377352101	0.382042564485055	NA	1.21265295648212	0.83284700983163	0.715581558121367	0.398776436235957	NA	0.827658602837467	0.790722128342684	NA	0.194762231826443	NA	NA	NA	1.44070808980808	0.596150218999605
NA	NA	NA	NA	1.500302013794	NA	1.97782222730773	NA	NA	NA	2.34695882227963	NA	2.15457072356368	2.16337884755342	2.22202957733906	1.3324099161712	NA	NA	NA	1.90889829306713	2.29623772873262	1.74118819602538	NA	2.39051257075817	NA	NA	NA	NA	NA	NA	1.01152150869805	NA	NA	0.54331723887217	0.302280512895812	NA	NA	NA	0.6427898498369	0.959779757265158
NA	NA	NA	NA	NA	NA	NA	NA	NA	NA	NA	NA	NA	NA	NA	NA	NA	NA	NA	NA	NA	NA	NA	NA	NA	NA	NA	NA	NA	NA	NA	NA	NA	NA	NA	NA	NA	NA	NA	NA
NA	NA	NA	NA	NA	NA	NA	NA	NA	NA	NA	NA	NA	NA	NA	NA	NA	NA	NA	NA	NA	NA	NA	NA	NA	NA	NA	NA	NA	NA	NA	NA	NA	NA	NA	NA	NA	NA	NA	NA
NA	NA	NA	NA	NA	NA	NA	NA	NA	NA	NA	NA	NA	NA	NA	NA	NA	NA	NA	NA	NA	NA	NA	NA	NA	NA	NA	NA	NA	NA	NA	NA	NA	NA	NA	NA	NA	NA	NA	NA
NA	NA	NA	1.9717078745167	1.28144214221432	1.39297189595444	1.30151344152346	NA	NA	NA	1.34574975980708	NA	NA	0.531990644956193	1.02593124883494	0.642825354081644	0.692984621689297	NA	NA	0.746452328901	NA	1.11343361719052	0.501430066660038	0.687262134772894	NA	NA	NA	NA	NA	0.751264238568113	0.988424700599708	0.512209021351809	NA	0.309080716471575	NA	NA	NA	0.742030703851947	NA	NA
NA	1.3966405812093	1.27905909379069	NA	NA	0.983133905532728	0.821919467132135	NA	0.716685364727373	NA	NA	0.576882765760022	NA	NA	0.822898882138637	NA	0.76539427634524	0.844180826259597	NA	NA	0.805045637729388	0.969438890012232	1.00123610280066	NA	0.836493494999039	0.987656470720291	NA	0.479815331245575	0.599767149483396	1.09855052020147	NA	0.668953593956724	0.67670518700944	0.555319845882611	0.96107747144063	NA	NA	0.334045332458932	0.385099707169537	NA
NA	NA	NA	NA	NA	NA	NA	NA	NA	NA	NA	NA	NA	NA	NA	NA	NA	NA	NA	NA	NA	NA	NA	NA	NA	NA	NA	NA	NA	NA	NA	NA	NA	NA	NA	NA	NA	NA	NA	NA
2.30714818089634	2.16662441861421	2.41988650168783	2.02622189658214	0.352719887822707	2.15891966929553	0.651507187374885	0.905007442612135	1.71391246376806	NA	1.56432057742373	1.70875064170282	1.43571342329933	0.989311665951848	1.11532500313678	1.07849738336276	1.89848465944627	2.30920870658069	NA	NA	1.93613104350857	1.30467457813487	1.93257109321023	0.919226386393244	0.884529981664118	NA	2.28086438587308	0.714672468496142	2.41774036967829	NA	NA	2.46560235854515	2.32546025632314	2.18105943496739	NA	NA	NA	NA	1.70954415635399	2.47520474045823
NA	1.19895891466653	1.07811469645603	NA	1.14695606041982	0.954963126184413	1.47497284378109	1.31687224657023	1.48095576817891	NA	NA	NA	0.534469608084111	0.725740983000278	0.784642839163454	NA	NA	0.617874425154193	0.740692994574316	0.525172923343724	0.774741435893445	0.655555227661758	NA	NA	NA	NA	NA	NA	2.02912698651529	NA	0.431466691526898	NA	0.32544421480981	0.199694454933254	NA	0.24052923815919	NA	NA	NA	NA
NA	NA	NA	NA	NA	NA	NA	NA	NA	NA	NA	NA	NA	NA	NA	NA	NA	NA	NA	NA	NA	NA	NA	NA	NA	NA	NA	NA	NA	NA	NA	NA	NA	NA	NA	NA	NA	NA	NA	NA
0.775131926239141	NA	1.29651354843368	NA	NA	NA	NA	1.34876646786691	NA	0.704216752619052	0.555906229758886	NA	NA	0.599722727753726	NA	NA	NA	0.639620254151885	NA	0.335853508825951	0.890929901995011	NA	0.835992303593968	0.617345728324578	NA	0.52166861009518	NA	NA	0.49137847690839	0.670531578838146	1.0924542099643	NA	0.517931111552371	0.346175167327805	0.552037123752759	0.404148112335603	NA	0.373351160162367	0.38770976892996	0.167577851013015
NA	NA	0.844039782083819	1.01221276471637	NA	NA	0.944309724598222	0.810504417031454	NA	0.92742600146302	0.985373085665552	0.787605479414299	0.314266640960614	0.0871019788245394	0.573002419762782	NA	0.950395626445312	0.971432014127119	1.10948497290066	0.997728925994366	0.819916068764006	0.669879329302171	0.281287223008229	1.38328300095478	0.387082331821909	NA	0.520787129635155	NA	0.501741381419915	0.147638924514323	0.248161707169989	0.889849440830374	0.552431789862362	0.361113905908968	0.373633772962451	0.335082533539715	NA	0.531912994077745	0.575689113431535	0.365163527881526
NA	NA	NA	2.21458258100834	NA	NA	NA	NA	NA	NA	NA	NA	NA	NA	NA	NA	NA	NA	NA	NA	NA	1.28446084146295	1.23322567150277	1.32154456727607	0.343610444546644	1.73306337211908	0.837410115475324	0.47939096619223	2.45888695228492	1.57529751674998	NA	0.140862324071346	0.54240254799929	0.345290636368796	0.353118377455226	0.758059072730303	NA	NA	1.14687562451881	1.05472252796659
NA	NA	NA	NA	NA	NA	NA	NA	NA	NA	NA	NA	NA	NA	NA	NA	NA	NA	NA	NA	NA	NA	NA	NA	NA	NA	NA	NA	NA	NA	NA	NA	NA	NA	NA	NA	NA	NA	NA	NA
NA	2.13043769693144	NA	NA	2.16297589682843	1.10321088481151	1.02182049615552	1.0001971537024	1.09690540676824	1.23344753639094	NA	1.44741077177843	NA	1.79829982925587	1.9366621180616	1.67522036709721	NA	NA	NA	NA	NA	NA	NA	NA	0.200102821715114	NA	NA	0.165115094237125	NA	NA	NA	NA	NA	NA	NA	NA	NA	NA	0.582341273139161	NA
NA	NA	NA	NA	NA	NA	1.23953339521122	1.18860135533928	1.43855321296621	NA	1.19592076781768	NA	1.57436748967391	1.71921511437262	1.78806276204247	NA	NA	NA	NA	1.46163781387249	1.79177489192753	NA	NA	NA	0.822485899462298	NA	NA	NA	NA	0.379901527968709	NA	0.491611589591065	NA	3.14929117678623	NA	NA	NA	NA	NA	NA
NA	NA	NA	NA	NA	NA	NA	NA	NA	NA	NA	NA	NA	NA	NA	NA	NA	NA	NA	NA	NA	NA	NA	NA	NA	NA	NA	NA	NA	NA	NA	NA	NA	NA	NA	NA	NA	NA	NA	NA
NA	0.984227957996245	NA	1.36566984000159	0.917329708622578	NA	1.38312856341135	NA	NA	NA	NA	1.28148982792231	1.30443139913041	1.62876510027398	NA	NA	0.563034883416254	0.579373404542512	NA	NA	NA	NA	0.411600657127802	0.288273703258709	NA	1.13344654608759	NA	NA	NA	NA	0.743921594513198	0.658370596824932	0.276411248381536	NA	NA	NA	NA	0.217123137235542	NA	0.55196165602843
NA	1.18358823630719	1.33700078571964	NA	1.2475490728733	1.04352130878686	2.3949335700391	0.75511995390728	0.223388045381404	0.359928601982816	NA	0.787395815032565	NA	1.18714637348891	1.44333039941674	NA	NA	1.34829511168241	NA	0.725549152412824	0.233647889714748	0.947067524431859	0.443673183293835	1.03581156098568	NA	0.511088392735072	0.627809675100817	1.17349061893357	NA	1.36879505584217	NA	NA	NA	NA	NA	NA	NA	NA	1.52178016848476	0.852206754970171
NA	NA	NA	NA	1.30040516176574	0.885927427244289	1.50880452043953	0.823429117459707	1.06462824167429	NA	1.12930783962338	NA	1.48752090533714	1.85817338834565	NA	NA	NA	1.73073245716656	2.1793265458736	2.05366092917696	NA	NA	0.939463877743316	NA	1.06219849416934	NA	NA	1.15638617918504	NA	NA	0.896690502996334	NA	NA	0.304401370887284	0.411063203041894	0.399675035816515	NA	0.260191564738263	0.23922912480453	0.461179865095641
NA	NA	NA	0.576406988606762	NA	NA	NA	NA	NA	NA	NA	NA	1.58821222601892	NA	NA	NA	0.518289327442472	0.915891008293424	NA	0.684585793739382	NA	NA	NA	NA	NA	NA	2.31488059998976	NA	NA	0.789293843783057	NA	0.919475317176653	0.815057723477536	NA	NA	NA	NA	NA	0.486928305716055	1.26618884221849
NA	NA	0.626390842472211	NA	0.502271857799799	0.787051106407213	0.629982032912142	NA	0.853673706787479	NA	2.00494813414194	NA	NA	1.25103869470671	1.25192428678474	NA	1.72271180351915	1.33395454001374	1.36774313557607	1.46567167610939	NA	NA	NA	0.226772085551452	0.788327393212719	NA	0.68795653131838	0.713429728704875	0.540258708946077	0.728367606290309	0.647323271911988	NA	0.610201509026382	0.289005683357182	0.0857935363828385	0.462619412547823	NA	0.419585970752221	NA	NA
0.956845319337788	0.886424447000319	0.694518950225615	NA	NA	0.740448843441033	0.478359633730264	0.754178513274323	0.999771531063718	0.397012436738794	NA	0.523477987446487	NA	0.537216379176221	0.575580054204151	0.844281479052614	0.449147973911542	NA	0.351895079787142	0.545814389765088	1.36107596597738	0.878792309729363	1.48991228257068	0.681017520274529	NA	NA	1.07909198941565	1.13545303743552	1.3670717792355	1.31947302805417	NA	1.39743641792475	1.13472823156796	NA	2.15543965558434	NA	NA	1.42094784081999	1.40516730689935	1.31718040657904
NA	1.54140325636304	NA	NA	NA	1.56879813492435	1.54654311473775	1.66517633480935	1.39332923387604	2.45464537164532	2.08776092923646	1.86536798148632	NA	1.32297425739176	1.40168426418246	1.39513016098276	1.35633901686922	1.54217680501986	1.40584330317535	NA	1.51057758116958	0.427385845929643	0.522113314089818	NA	1.22593735912944	0.342454839346721	0.533059856816599	0.77067007400182	0.6377178570196	0.470413464713491	NA	NA	0.497586865688355	NA	NA	0.261197553227378	NA	0.221870484270896	0.415821207336615	0.354863458809813
NA	0.879002614883829	NA	NA	NA	0.36070625974314	0.248835077240502	0.529470428984195	1.00384457582054	NA	NA	0.597408370959265	0.351793865031521	0.17417889813816	NA	NA	0.645238978924329	0.370043479505317	NA	0.554798348698262	NA	NA	NA	NA	NA	NA	NA	NA	NA	NA	NA	NA	0.774499477643763	NA	NA	NA	NA	0.26303408356075	NA	NA
NA	NA	NA	NA	NA	NA	NA	NA	NA	NA	NA	NA	NA	NA	NA	NA	NA	NA	NA	NA	NA	NA	NA	NA	NA	NA	NA	NA	NA	NA	NA	NA	NA	NA	NA	NA	NA	NA	NA	NA
NA	NA	NA	1.06258701935742	1.29510013412401	0.88131652212694	0.664703750822181	NA	NA	1.101731469062	0.974725502560141	0.995939303162269	NA	1.35349031763219	1.58853375731124	1.07810382449111	1.03155832896681	1.07078753411806	0.83919277777445	NA	NA	NA	0.302348493390051	0.819192169075356	0.365268505481836	0.343491000628468	NA	NA	0.616816653252816	1.08734062471567	NA	NA	NA	NA	1.01419441611806	0.375505468424982	NA	0.0772698634834502	0.440897892487339	NA
NA	NA	NA	NA	NA	NA	NA	NA	NA	NA	NA	NA	NA	NA	NA	NA	NA	NA	NA	NA	NA	NA	NA	NA	NA	NA	NA	NA	NA	NA	NA	NA	NA	NA	NA	NA	NA	NA	NA	NA
NA	NA	NA	NA	NA	NA	NA	NA	NA	NA	NA	NA	NA	NA	NA	NA	NA	NA	NA	NA	NA	NA	NA	NA	NA	NA	NA	NA	NA	NA	NA	NA	NA	NA	NA	NA	NA	NA	NA	NA
NA	NA	NA	NA	1.03678827396263	0.551434609122073	0.866996139255064	NA	0.553461901178586	NA	NA	0.740987170833392	0.311654378151173	0.536655542972839	0.411989763586307	NA	0.235602147365437	NA	0.771552441522918	NA	NA	NA	1.05713005648247	NA	0.536358739714448	NA	0.646792909915682	0.794510183987862	0.327060580697472	NA	NA	0.589912644391476	NA	NA	NA	0.384755510820726	NA	NA	1.23740264079049	0.260293299770543
NA	NA	1.54087530752787	1.8903989315082	1.00924866580991	NA	1.37252384058765	1.2442706027806	1.22659423100452	NA	NA	0.511394050658578	NA	0.611717376289974	0.429976624949216	NA	0.171283589716386	1.75231893507225	0.286426837210307	0.314839295407843	1.57803737165797	0.511168000502696	0.697499658932264	NA	0.732821291664482	0.87998564795164	0.70529210041092	NA	0.77871552022956	0.96261468624052	0.926578745104057	1.05228764806122	0.705369270025573	0.944892303628475	0.670446826316412	0.554388998922413	NA	NA	1.15897147244336	0.542490446569455
NA	NA	NA	NA	NA	NA	NA	NA	NA	NA	NA	NA	NA	NA	NA	NA	NA	NA	NA	NA	NA	NA	NA	NA	NA	NA	NA	NA	NA	NA	NA	NA	NA	NA	NA	NA	NA	NA	NA	NA
NA	NA	NA	NA	NA	NA	NA	NA	NA	NA	NA	NA	NA	NA	NA	NA	NA	NA	NA	NA	NA	NA	NA	NA	NA	NA	NA	NA	NA	NA	NA	NA	NA	NA	NA	NA	NA	NA	NA	NA
1.83310373811984	NA	NA	NA	NA	NA	NA	NA	1.37870581289019	1.50280639141162	NA	NA	NA	NA	NA	0.8914141466023	NA	0.467342909403522	NA	NA	NA	1.11080078469693	1.55563922592502	1.0540966041843	0.874969471575856	0.850680096840611	0.848177233466895	0.715502873905362	0.307513896556632	0.728966879111802	NA	0.660849636411435	NA	0.278905576946316	NA	NA	NA	0.304262340198238	0.419530689950143	NA
NA	NA	NA	NA	NA	NA	NA	NA	NA	NA	NA	NA	NA	NA	NA	NA	NA	NA	NA	NA	NA	NA	NA	NA	NA	NA	NA	NA	NA	NA	NA	NA	NA	NA	NA	NA	NA	NA	NA	NA
NA	NA	NA	NA	NA	NA	NA	NA	NA	NA	NA	NA	NA	NA	NA	NA	NA	NA	NA	NA	NA	NA	NA	NA	NA	NA	NA	NA	NA	NA	NA	NA	NA	NA	NA	NA	NA	NA	NA	NA
NA	NA	NA	NA	NA	NA	NA	NA	NA	NA	NA	NA	NA	NA	NA	NA	NA	NA	NA	NA	NA	NA	NA	NA	NA	NA	NA	NA	NA	NA	NA	NA	NA	NA	NA	NA	NA	NA	NA	NA
2.39457281198109	1.1756002448522	0.953012237547613	NA	1.50316076348358	NA	NA	0.956592390950373	1.0566061518858	0.58398321522232	0.82032271299309	0.422958503119524	0.657261768613986	NA	NA	NA	0.238095986432143	0.454236158162114	0.202395783162958	0.299310532186744	NA	NA	1.17428931009676	NA	1.20082967243034	NA	0.817686925251904	0.976970954577229	0.861535350746456	0.689934864754424	NA	NA	1.00702467495336	NA	NA	NA	NA	1.28390417778769	1.08157587133339	1.70626069953159
NA	NA	NA	NA	NA	NA	NA	NA	NA	NA	NA	NA	NA	NA	NA	NA	NA	NA	NA	NA	NA	NA	NA	NA	NA	NA	NA	NA	NA	NA	NA	NA	NA	NA	NA	NA	NA	NA	NA	NA
NA	NA	NA	1.37636923587334	NA	NA	NA	NA	NA	NA	NA	NA	NA	NA	NA	NA	NA	2.34582577878785	NA	NA	NA	NA	NA	NA	NA	NA	NA	NA	NA	NA	NA	1.9941571097921	1.04228244089943	0.978268475808187	0.842059901281627	0.694111421786994	NA	NA	0.562174668438419	NA
NA	NA	NA	NA	NA	NA	NA	NA	NA	NA	NA	NA	NA	NA	NA	NA	NA	NA	NA	NA	NA	NA	NA	NA	NA	NA	NA	NA	NA	NA	NA	NA	NA	NA	NA	NA	NA	NA	NA	NA
NA	NA	NA	NA	NA	NA	NA	NA	NA	NA	NA	NA	NA	NA	NA	NA	NA	NA	NA	NA	NA	NA	NA	NA	NA	NA	NA	NA	NA	NA	NA	NA	NA	NA	NA	NA	NA	NA	NA	NA
NA	NA	NA	NA	NA	NA	NA	NA	NA	NA	NA	NA	NA	NA	NA	NA	NA	NA	NA	NA	NA	NA	NA	NA	NA	NA	NA	NA	NA	NA	NA	NA	NA	NA	NA	NA	NA	NA	NA	NA
NA	NA	NA	NA	NA	NA	NA	NA	NA	NA	NA	NA	NA	NA	NA	NA	NA	NA	NA	NA	NA	NA	NA	NA	NA	NA	NA	NA	NA	NA	NA	NA	NA	NA	NA	NA	NA	NA	NA	NA
NA	NA	NA	NA	NA	NA	NA	NA	NA	NA	NA	NA	NA	NA	NA	NA	NA	NA	NA	NA	NA	NA	NA	NA	NA	NA	NA	NA	NA	NA	NA	NA	NA	NA	NA	NA	NA	NA	NA	NA
1.52583353388456	0.978075074108016	NA	0.831652606626425	0.954840521115635	0.574082686288038	1.07274918367128	1.13568014716954	NA	0.485885325429663	NA	0.949471500384254	NA	0.502430293811235	2.24063306992951	0.577495133755817	0.623990702974787	0.122215058305923	NA	0.748576961747568	NA	0.450142384036236	0.167793669699278	1.05177378737809	NA	0.383526813259696	NA	0.590922037835888	1.14718473591852	1.47232556062706	NA	1.30725739692728	0.728421978311086	1.04677837201188	0.550186847558398	NA	NA	0.27198582433323	0.355080390390575	0.590750033182203
NA	NA	NA	NA	NA	1.5438421028136	1.49343488928357	1.29019442675267	NA	NA	1.3880784588587	1.87668474988051	NA	NA	0.500133647236147	NA	NA	NA	NA	1.02993615828499	NA	0.272444228110872	NA	0.653024533044665	0.527948732677544	NA	NA	0.292365646368448	1.00540499619154	0.55154620925319	NA	0.281615847361037	0.810179920681183	NA	NA	NA	NA	0.314072459529509	0.670615051831408	NA
NA	NA	NA	NA	NA	NA	NA	NA	NA	2.38961619661173	NA	NA	NA	NA	NA	NA	NA	2.04543260910135	NA	NA	NA	1.6700421912918	NA	NA	1.99348494027186	NA	2.25094477957571	NA	NA	NA	NA	NA	NA	NA	NA	NA	NA	NA	0.600595534803228	NA
NA	2.4414713042273	2.65442210801274	NA	NA	NA	NA	1.84785049600125	1.49178864443671	NA	1.00883427340667	1.39947505575611	1.40237920429127	0.889680447195217	0.781401410210069	0.701568126657111	0.93880170287223	2.57819668059356	1.29475329869716	2.4516995325662	1.56814935750589	0.831975732381023	0.449180601764457	2.23278964308596	0.943566224441971	2.35788243125918	0.739500444086324	0.946738335105113	0.866711909331789	0.873004465137744	0.900523002432751	0.636115524223487	NA	1.31249924294619	0.740836289670475	NA	NA	0.743222150602405	0.938377822894664	0.474140754073707
NA	NA	NA	NA	NA	1.82028124051799	NA	1.34513715820748	NA	NA	NA	NA	NA	NA	NA	NA	1.03147977834579	NA	NA	NA	NA	0.257461757020626	0.580606022927322	0.315895773480212	0.66610014290976	0.608542452204813	NA	NA	NA	0.778026676679611	0.585125068683111	0.527127315931805	0.272065853437865	0.367431225898247	0.373232212867249	0.378244926148141	NA	0.21231557257531	0.330999472975594	0.51513115265893
NA	1.27596744036668	NA	NA	1.30862900877108	1.02056707390405	1.39949563762079	1.03532216430682	0.985157737680599	0.684519427594653	1.73414708161141	0.783036797979165	0.589907280646461	1.54393540078237	0.736441335790316	NA	1.30049671155833	1.22829127230494	1.07813405894913	1.24570508094625	1.21086199023116	NA	1.35988325923601	1.37518552795423	NA	0.691054229879936	0.860430347594366	NA	NA	1.02910449269058	0.96811423795357	0.676182166953693	NA	0.284730223707277	NA	0.3754239206686	NA	NA	0.375968924999292	NA
0.825446042872364	NA	NA	NA	1.00057628128315	0.732326980702748	NA	0.788747848916854	0.817824888726959	0.882016650510954	1.32768777841745	1.37155164560806	0.973340118119488	0.619805145709695	1.1305289147247	1.01649553869203	1.13123351917112	NA	1.14039116428147	1.29663568091605	NA	NA	NA	1.38361975983809	NA	NA	0.861127490960839	NA	NA	NA	NA	NA	0.959825572811012	NA	NA	NA	NA	1.71849166496418	NA	1.77206367529413
NA	NA	NA	NA	NA	NA	NA	NA	NA	2.55633786028006	NA	NA	NA	NA	2.83989563092978	NA	NA	NA	2.94986209589696	NA	NA	0.799913946259978	0.239166311415587	0.590321263148814	NA	NA	1.02707288046514	1.2155940785603	NA	0.680078225020155	1.11710967487964	0.439452453835989	1.53260924058891	1.68636565160004	1.14467991443498	NA	NA	0.0810405798727361	1.19348699395146	1.60548909731929
NA	NA	NA	NA	NA	NA	NA	NA	NA	NA	NA	NA	NA	NA	NA	NA	NA	NA	NA	NA	NA	NA	NA	NA	NA	NA	NA	NA	NA	NA	NA	NA	NA	NA	NA	NA	NA	NA	NA	NA
NA	NA	NA	NA	NA	NA	NA	NA	NA	NA	NA	NA	NA	NA	NA	NA	NA	NA	NA	NA	NA	NA	NA	NA	NA	NA	NA	NA	NA	NA	NA	NA	NA	NA	NA	NA	NA	NA	NA	NA
NA	NA	NA	NA	NA	NA	NA	NA	NA	NA	NA	NA	NA	NA	NA	NA	NA	NA	NA	NA	NA	NA	NA	NA	NA	NA	NA	NA	NA	NA	NA	NA	NA	NA	NA	NA	NA	NA	NA	NA
NA	NA	NA	NA	NA	NA	NA	NA	NA	NA	NA	NA	NA	NA	NA	NA	NA	NA	NA	NA	NA	NA	NA	NA	NA	NA	NA	NA	NA	NA	NA	NA	NA	NA	NA	NA	NA	NA	NA	NA
1.03426992231453	1.22748880982006	1.16304542212919	NA	0.944247774131014	0.975411238824872	1.5971717071395	2.06205721657714	1.28386855787457	0.674314135415945	0.608669207627205	0.998452416332254	NA	0.537091973204026	NA	NA	0.818424202347072	0.911758597315549	0.408711515226296	NA	0.506311984633542	NA	1.74108055017528	1.0917854002681	1.09689204063724	1.13758484542352	NA	NA	1.36267088166964	0.94626472993293	NA	0.869525262098927	0.567049073477886	0.885552624378362	0.886676946373722	0.706625789661336	NA	1.23001489218024	0.977993932270183	1.57294008768274
NA	NA	0.680215853976067	NA	0.980859440299808	0.824753114712873	1.1382541816147	1.06361941821484	NA	0.440694185930742	NA	0.936614769938716	0.769032404037001	0.321020327626493	0.800563374194712	0.703507870716567	0.483329897660629	0.256517349980314	0.306428329403878	0.349201536165405	1.23465666289722	0.779585186530352	0.83590644348631	NA	0.866674486931327	1.08898536479609	NA	0.893210276177447	1.12240521971877	1.03834485078375	0.763750432202701	1.2003722939135	NA	0.89002132522792	0.518626670713667	NA	NA	0.416147895966101	0.611164544560962	NA
NA	NA	NA	NA	NA	NA	NA	NA	NA	NA	NA	NA	NA	NA	NA	NA	NA	NA	NA	NA	NA	NA	NA	NA	NA	NA	NA	NA	NA	NA	NA	NA	NA	NA	NA	NA	NA	NA	NA	NA
NA	NA	0.690979702568163	NA	0.311435709783263	NA	NA	0.626739873588485	0.613855052746692	0.783923346332419	NA	0.755304406808758	NA	1.09377406320122	NA	NA	NA	0.375526002864831	NA	0.403279634042244	0.883166203331908	NA	0.53296607540115	0.322739893437121	0.159443155080677	1.01495359366154	NA	NA	0.490783993852617	NA	NA	0.756023111674545	NA	0.37443703359212	0.170343418007778	0.572178026749594	NA	0.347198862309882	0.697317672908426	0.961309178552752
NA	2.41644284181553	NA	NA	NA	1.9355618335895	NA	2.21163285111597	NA	2.03283463669185	NA	NA	NA	NA	NA	NA	NA	NA	1.08178909400546	NA	0.668256917116588	1.84062880490466	0.709351439612495	1.25094819109133	NA	0.604630682095649	NA	NA	2.89055877372688	2.5924718033573	NA	2.67046449766649	2.2238274925035	NA	1.51985154506539	1.92867059465332	NA	1.98333234548759	1.98578684430208	NA
NA	NA	NA	NA	NA	NA	NA	NA	NA	NA	NA	NA	NA	NA	NA	NA	NA	NA	NA	NA	NA	NA	NA	NA	NA	NA	NA	NA	NA	NA	NA	NA	NA	NA	NA	NA	NA	NA	NA	NA
2.18972085330363	2.1714406198641	1.96390315145116	2.10502789619213	NA	NA	1.64866283255866	NA	1.41863511120049	1.49985745098248	1.34056947301596	0.917860190803084	NA	1.75039368347059	NA	2.04140514127238	1.83368494945477	1.83813662651278	1.63708793354137	NA	1.77906947293177	1.22187655355301	0.945128639299207	0.768941192762879	0.735868783990265	NA	NA	0.32335218021604	NA	2.85579260124296	0.442646287027871	0.335682711142189	NA	NA	NA	0.387077890278631	NA	0.471886686398523	0.576834063779194	0.727075783552672
NA	NA	NA	NA	NA	NA	NA	NA	NA	NA	NA	NA	NA	NA	NA	NA	NA	NA	NA	NA	NA	NA	NA	NA	NA	NA	NA	NA	NA	NA	NA	NA	NA	NA	NA	NA	NA	NA	NA	NA
1.38596221948823	1.00503292378986	0.847235799784842	0.960294241619685	NA	0.730392975552683	0.704765974473364	0.571711146491771	NA	NA	1.32930864247313	NA	0.979528709970322	0.766509708397089	0.955006397619602	1.19152801081227	0.787792595048316	0.920419338906965	0.960753230526561	1.05008436271558	1.05040580621353	1.6807892722428	0.675532737988192	0.934267199091002	NA	NA	2.48133084705215	NA	0.688299582508335	NA	NA	0.521392748998516	NA	1.33354031923613	0.704217349290534	NA	NA	NA	0.726632906307492	0.815201847112791
NA	NA	NA	NA	NA	NA	NA	NA	NA	NA	NA	NA	NA	NA	NA	NA	NA	NA	NA	NA	NA	NA	NA	NA	NA	NA	NA	1.26757093727747	1.34439958521803	1.03142013993483	0.943856428099573	0.998144908134164	0.501474503835589	0.539703181201244	0.61095282177471	0.623840741533119	NA	0.245977622623305	0.398670223345895	0.140406343056781
NA	NA	NA	NA	NA	NA	NA	NA	NA	NA	NA	NA	NA	NA	NA	NA	NA	NA	NA	NA	NA	1.45221187468258	NA	1.01555767972851	NA	NA	NA	NA	0.474925192548673	NA	NA	0.493883511845828	0.494860712248804	NA	NA	NA	NA	NA	NA	0.39926181401245
NA	1.13354554304604	NA	NA	1.09580142417291	1.09228940496892	NA	1.01066344766732	0.818029200720429	0.750806625213908	NA	1.46636942338796	0.413959265682444	0.669608089387819	1.60163381685911	NA	NA	NA	1.30452940311028	NA	1.43742106536247	0.873357057991555	NA	0.884421325399306	1.07487629262207	NA	0.681026951436224	0.558230673220226	0.582788025137525	0.400961322607179	NA	0.536949396460366	0.947796840696748	0.974989875147216	1.08753703708477	NA	NA	0.390307378043156	0.64198337377441	0.640899206186284
0.544742364591757	NA	NA	NA	NA	NA	0.594221595868489	1.10307906613679	0.868244359811973	1.73824454398819	1.61629511436236	1.14883008394435	NA	1.37803937283674	1.58379665763039	1.08187585324665	1.04649208440301	0.741390919572014	NA	1.3951590592253	0.604402192222471	0.661967281427002	0.478310484657333	0.395191907481818	0.655185316566132	0.914353049424019	0.900094273465107	NA	0.820466205504346	NA	0.31799107145696	0.799251907403303	NA	0.231651578285759	NA	NA	NA	0.179265714363085	0.677777360235535	0.256203233535148
1.86390807335619	1.06393781158054	NA	NA	1.03063102071813	0.638629201220397	1.16795620755141	NA	0.647816239099603	1.00784764912065	0.921949876533532	1.0688735513025	1.23380879403422	1.37603463653166	NA	NA	0.916233176657183	0.742635036197041	0.823031519553193	0.65414607677232	0.538574385501938	0.503021588676236	NA	0.407051091742133	0.588683623521624	NA	0.250960814654437	0.196544997942674	NA	0.630407849048287	0.133103090704277	0.108874363527301	0.20877125289406	NA	NA	0.655609092947754	NA	0.875072669100174	0.352388825881444	0.85422527928225
NA	0.621856577201592	NA	NA	0.602436344635098	NA	NA	NA	NA	NA	0.472679908056163	0.481470856213047	0.879020963501743	NA	0.501530457042302	NA	0.423757256379981	NA	NA	NA	NA	0.902637780466148	NA	0.794413518128757	0.578206043153766	NA	0.238246261146384	0.232461590490731	NA	0.204419346134169	NA	0.603722007869318	0.483659950030788	NA	1.01304607292628	0.770030305093677	NA	0.321144539980557	0.604129720714871	NA
NA	NA	NA	NA	NA	NA	NA	NA	NA	NA	NA	NA	NA	NA	NA	NA	NA	NA	NA	NA	NA	NA	NA	NA	NA	NA	NA	NA	NA	NA	NA	NA	NA	NA	NA	NA	NA	NA	NA	NA
NA	NA	0.498181987872118	NA	0.66803246422581	NA	NA	1.15377592660949	NA	0.984353833757321	0.559962970442301	0.945455331591966	1.17804691829926	0.686310615775929	NA	NA	0.867291684927554	0.960520722914436	NA	0.535940641058218	NA	0.765215184511367	NA	NA	NA	0.845127962634234	NA	0.797246383429645	NA	NA	NA	NA	NA	0.401470392829551	0.10936404881496	NA	NA	1.57790599369597	NA	0.41361799298028
NA	NA	NA	NA	NA	NA	NA	NA	NA	NA	NA	NA	NA	NA	NA	NA	NA	NA	NA	NA	NA	NA	NA	NA	NA	NA	NA	NA	NA	NA	NA	NA	NA	NA	NA	NA	NA	NA	NA	NA
0.781873441171917	NA	NA	1.56213871038027	0.965089168832608	NA	1.20201444821518	1.1896309199636	NA	1.84502506012722	1.75996628076119	1.52388229923377	1.28984763376924	0.822025924364142	1.76161178009653	NA	1.59357442492519	NA	NA	1.53914295021034	1.8833958655166	NA	1.41174627752939	0.32544620630057	NA	NA	NA	0.838575192941991	NA	0.836794152938461	NA	NA	0.317674539547091	NA	NA	NA	NA	0.328671162352636	1.04714485807182	NA
NA	NA	NA	NA	NA	NA	NA	NA	NA	NA	NA	NA	NA	NA	NA	NA	NA	NA	NA	NA	NA	NA	NA	NA	NA	NA	NA	NA	NA	NA	NA	NA	NA	NA	NA	NA	NA	NA	NA	NA
NA	NA	NA	NA	NA	NA	NA	NA	NA	NA	NA	NA	NA	NA	NA	NA	NA	NA	NA	NA	NA	NA	NA	NA	NA	NA	NA	NA	NA	NA	NA	NA	NA	NA	NA	NA	NA	NA	NA	NA
NA	NA	NA	NA	NA	NA	NA	2.01301961921733	NA	NA	1.49854971030999	NA	NA	1.70624406744361	NA	NA	NA	NA	NA	NA	NA	0.81919715973605	NA	NA	NA	NA	NA	NA	NA	NA	0.505010110099514	0.488788367817679	NA	NA	NA	NA	NA	NA	NA	NA
0.601675055714519	NA	NA	0.339322055817547	NA	NA	0.79744223443067	NA	0.574123579440825	NA	NA	0.621301980932244	NA	NA	0.602645621309548	0.620128901630267	0.626115983829048	0.737230039580774	NA	0.50097425176325	1.02329401473129	NA	NA	0.627480143334036	0.797344589879587	0.318552965482777	0.835454832635049	NA	1.91184254407351	1.04250094494139	NA	0.635424153868479	0.514188786641424	0.316708728259796	0.221299730728873	0.396613670091139	NA	0.362571950508321	0.874652546148671	0.359109843190854
NA	0.0253752886999018	NA	NA	NA	0.492432846298977	0.802601519112098	0.604614595685346	0.789300386710746	NA	NA	NA	NA	NA	NA	0.902912993593529	NA	NA	NA	0.388052942369461	NA	1.32786676755133	0.184465086459199	1.36685782999484	0.628220958783459	0.49323122134312	0.580699059672174	NA	2.19645721567271	1.9207913641811	NA	NA	NA	0.287269128493595	0.646279996338835	0.287208011851806	NA	1.41936174645141	0.572871707673916	NA
NA	NA	NA	NA	NA	NA	NA	NA	NA	NA	NA	NA	NA	NA	NA	NA	NA	NA	NA	NA	NA	NA	NA	NA	NA	NA	NA	NA	NA	NA	NA	NA	NA	NA	NA	NA	NA	NA	NA	NA
NA	NA	0.588648499774933	1.03368476354604	1.06614722920297	0.557821536617426	0.795061905512876	0.60525261883029	NA	0.812025587477125	1.00587059149151	0.824551566372433	NA	1.09744378934642	0.768863846377104	1.05009170287246	1.30046309282404	NA	NA	1.04756653845357	0.725871279497981	0.934980729451007	1.2006228022627	1.43396300370949	0.707740416333911	1.22961626824751	1.21779128347431	1.74017964437573	1.14143835768318	NA	1.93510029145288	0.898213221928293	1.41724570712442	NA	NA	0.460951082020698	NA	NA	1.00514184191965	1.02085072100875
NA	0.744837016344972	1.28008218757841	NA	NA	NA	NA	0.941279637610326	0.768476606703206	0.72794169981463	1.08106726050527	0.44965094168716	0.651924799195428	0.608848406402646	1.48976756625988	NA	0.678312065455362	0.855521847752647	0.974266934077783	0.31980750914009	NA	2.08275159904122	1.41085388288963	1.18852674899489	1.1244549402924	1.05225900656748	NA	0.725763202962121	0.611635076203235	0.809079311869501	NA	0.629504304003689	0.507405853762878	0.43350950931483	0.589310249876947	0.272295117559397	NA	NA	0.739402646630075	0.619275290360502
NA	NA	NA	NA	NA	NA	NA	NA	NA	NA	NA	NA	NA	NA	NA	NA	NA	NA	NA	NA	NA	NA	NA	NA	NA	NA	NA	NA	NA	NA	NA	NA	NA	NA	NA	NA	NA	NA	NA	NA
NA	NA	NA	NA	NA	1.08508201193646	0.419387230547289	0.863008046660715	NA	1.27023375185413	0.756610291510956	2.84557485005484	NA	NA	NA	NA	0.50752627502584	NA	NA	0.428888331030009	2.8222996649306	1.36388601473424	1.84020635022301	NA	NA	NA	2.68136338793162	NA	NA	NA	NA	NA	1.61593844358069	2.37554228434002	1.9970842113732	2.31185564358801	NA	1.54484597833214	1.7652570674788	1.15505150566484
NA	NA	NA	NA	NA	NA	NA	NA	NA	NA	NA	NA	NA	NA	NA	NA	NA	NA	NA	NA	NA	NA	NA	NA	NA	NA	NA	NA	NA	NA	NA	NA	NA	NA	NA	NA	NA	NA	NA	NA
NA	1.87675089877979	NA	NA	NA	NA	1.12883427968957	1.15037137928039	1.39772710255638	NA	1.89197889100062	0.379222873608588	1.89507523763485	2.24575304289509	2.06628305551975	NA	2.10482810315175	0.0975685982049231	0.16860121025663	0.515503314635264	NA	0.744210290854138	NA	1.00237450186189	NA	0.451026766224871	1.34193089747532	NA	NA	NA	1.03222688853648	NA	NA	NA	NA	NA	NA	NA	NA	NA
0.864407371129842	NA	0.949692350810491	NA	NA	NA	0.355335588023027	NA	1.08529730848724	NA	0.670046564436069	1.02952032558834	NA	1.1346463973069	NA	0.993583517690006	1.14655796549342	1.19637773809029	0.642147793939537	1.03545259662746	0.627567824644065	1.29935219966992	0.382775922219272	0.290486445414683	0.452381903875064	1.28871852961165	NA	0.437584644993859	1.27260235599624	0.471688641089282	0.483280353548997	0.231708640862856	0.696775128813064	0.422341046645601	0.532672637292721	1.16433027460831	NA	0.537423227679473	0.624677728438665	0.561813522814085
NA	NA	NA	NA	NA	NA	NA	NA	NA	NA	NA	NA	NA	NA	NA	NA	NA	NA	NA	NA	NA	NA	NA	NA	NA	NA	NA	NA	NA	NA	NA	NA	NA	NA	NA	NA	NA	NA	NA	NA
NA	NA	NA	NA	NA	NA	NA	NA	NA	NA	NA	NA	NA	NA	NA	NA	NA	NA	NA	NA	NA	NA	NA	NA	NA	NA	NA	NA	NA	NA	NA	NA	NA	NA	NA	NA	NA	NA	NA	NA
0.568188282389169	0.767285541833289	0.991383099079929	1.06029925873972	1.12994054896476	0.602835914359944	0.112778207598744	0.252270911927809	0.973670993311887	NA	NA	NA	NA	NA	0.793446191239549	NA	1.27338910864395	0.793758329720055	NA	NA	0.523639102075742	0.393181859754334	0.2864548881272	NA	0.493574030238838	NA	NA	0.600139710981726	NA	NA	NA	NA	NA	0.463122591232587	NA	0.755843993682938	NA	0.869198323413945	NA	0.53443910593541
NA	NA	NA	NA	NA	NA	1.83400452300426	0.896025558403669	NA	0.924117769509361	NA	NA	1.46219221547032	NA	NA	NA	1.71881603478293	0.708484503516787	1.54955072196804	0.803155157433663	1.07025601956867	1.34920075615193	1.32092136154936	0.670025900617691	0.560520987534662	0.680154315572882	0.823789980117749	0.758112194833809	1.09919120241289	1.92649326484436	1.77286666931017	2.17030562176154	1.59170186733982	0.788403317363578	0.784635121458685	0.643603654547298	NA	0.206904181613993	2.51238405695656	2.53246894022386
NA	NA	0.24380631949902	NA	0.348287047486602	NA	NA	0.733065715138178	0.414109271668821	NA	0.843446737935783	1.16644489728671	NA	1.31084637973763	0.985195760177525	0.968070390357928	NA	1.05778738530046	0.720778145961854	0.661717942187616	0.194647747058577	0.0483542856272361	0.610682907728411	0.456762152073192	NA	0.240012050261297	0.296578660219832	NA	0.992714844320079	0.453227515870755	0.827026050751055	NA	0.621628281239563	0.56735206986928	0.439039580450731	0.603635692849998	NA	0.434102528737095	0.320255384836668	0.145793673753486
0.88807754118201	NA	1.10819792020867	NA	0.924899498554177	1.21443313115788	0.890021512178086	1.19463552745628	NA	1.17055035924932	1.35497276348419	1.21422622114716	1.09012344394107	1.05944980555717	NA	0.865217509910874	NA	1.16504913154415	NA	1.19675949353437	0.556788776334788	0.550832574696359	NA	0.693493831308304	0.605206475506934	0.505003968833458	NA	NA	1.40135795104606	0.567831785629923	0.85705321454165	0.462039343323805	0.432535722451515	1.34708527919889	0.504810633461373	NA	NA	0.228081644049315	NA	0.530121195396651
NA	NA	1.0171797798692	NA	NA	NA	0.607537188011927	NA	0.426748145025822	NA	NA	0.436573068667481	NA	0.416728267918585	0.620168170183742	NA	NA	0.262801676897882	0.299407804103128	0.743146138564079	0.673431411840076	0.897143545831511	NA	NA	0.626985571905363	NA	0.915327001312021	0.866881524463544	NA	0.786452020822026	0.640556830926327	0.485250650771307	0.683197334026663	0.604081800655149	0.585737699625805	0.552062575647146	NA	NA	0.42067701066106	0.641096133769977
NA	NA	NA	NA	NA	NA	NA	NA	NA	NA	NA	NA	NA	NA	NA	NA	NA	NA	NA	NA	NA	NA	NA	NA	NA	NA	NA	NA	NA	NA	NA	NA	NA	NA	NA	NA	NA	NA	NA	NA
NA	NA	1.47439105985387	1.56907971070269	1.3742629034665	1.9545609156831	2.07413387138801	1.5596394774233	1.97685486867688	NA	NA	1.75648853543412	1.56863442632062	1.29627948186708	1.25427055084317	2.01267619877155	NA	2.05617229918361	1.31976767943676	1.29632615947914	0.926798727601541	1.3139183314614	1.48162924241279	0.447351267418902	0.764076246916116	0.919666043972492	0.872660337350108	0.598253282268984	0.888240432394071	1.10138999279473	0.887738099033017	0.704466342147832	0.674323843065298	0.78594471601137	1.00444866429786	0.61996231419859	NA	0.483209649573649	0.940513653884866	0.694623670487584
NA	NA	NA	NA	NA	0.592794404274154	1.16166882905871	NA	1.02581580796741	NA	NA	1.2717626798103	0.833691204143233	1.21322724294739	0.781692288174652	NA	0.977594028146084	0.691420866041197	1.26531311512918	0.975947513432451	1.27532482306279	NA	0.548808492163795	0.426940677107024	0.30459515807562	0.235769102609435	0.758826625592607	0.924452069152023	1.15654707882435	1.19813970071464	0.933515086252343	1.35345991665847	1.40224954810561	1.18617317511856	1.3934254077443	0.900413156788573	NA	NA	1.41767512072748	1.17177611227855
1.22305569337895	1.32363238591499	1.59043653498329	1.46262629639119	NA	1.08543583786968	0.850563836369337	NA	0.991675843622304	NA	0.954216079840367	NA	0.666260787631547	0.613221816848897	NA	0.571537985036083	NA	NA	NA	NA	NA	NA	NA	NA	NA	0.610496120709731	NA	NA	0.353626410865737	NA	0.387061066070794	NA	0.464063027006827	0.259003830638728	NA	0.330044535214837	NA	0.291926329315525	0.58763061733071	0.335729921959865
NA	NA	NA	NA	NA	NA	NA	NA	NA	NA	NA	NA	NA	NA	NA	NA	NA	NA	NA	NA	NA	NA	NA	NA	NA	NA	NA	NA	NA	NA	NA	NA	NA	NA	NA	NA	NA	NA	NA	NA
0.404766658265688	0.975895045437965	NA	NA	1.25327158677849	NA	0.928582358620723	NA	0.558872278429797	NA	NA	NA	1.37860336309508	1.01207854239942	NA	NA	0.785207577607066	0.849882342441799	NA	NA	0.448830666715918	0.613165684832197	0.480780145668961	0.582622179510788	0.848152817305058	NA	0.278624913264365	0.854345990169953	0.985407247300346	0.900400028202218	NA	0.609709205139784	0.496496977240234	NA	NA	0.545339442878777	NA	0.294315856957442	0.320487024960331	0.886400173476539
NA	NA	NA	NA	NA	NA	NA	NA	NA	NA	NA	NA	NA	NA	NA	NA	NA	NA	NA	NA	NA	NA	NA	NA	NA	NA	NA	NA	NA	NA	NA	NA	NA	NA	NA	NA	NA	NA	NA	NA
1.06503178125948	NA	0.680811802068212	NA	0.680721571358499	0.867152178990803	1.45376534294838	0.840252532425739	0.749852520731378	0.767418339764271	0.652293602210035	0.657106003962887	0.601188154381142	0.408460695729261	0.514247349472046	0.327798188997454	0.753458427903953	0.994295446837886	0.8381783764314	NA	NA	1.01924936121987	0.710050407148371	0.823189529339379	1.0136426420102	0.288928022866188	0.60040748644476	NA	0.376642347348663	NA	NA	NA	0.336109451474174	NA	0.304608431621265	0.321836789029195	NA	0.570595092066474	0.225263038969657	0.283004210839781
NA	0.974337801957032	NA	NA	1.79458991383266	NA	NA	NA	NA	NA	1.72603950894457	NA	0.924979015397508	0.590034902612395	NA	NA	NA	0.977655765453944	0.434915993193075	1.17449930013072	0.82145210725381	1.34990554453295	NA	NA	1.20545434652536	1.3399091171576	1.4780196318688	NA	0.505497733455322	0.757425319316188	0.946191183432186	0.378775735480887	0.715623880551454	0.598588231364999	NA	0.190623307193112	NA	0.595224685754454	0.455006650282527	0.844059742274949
1.67563120350257	1.75633842562588	1.80102327648732	1.69565654996072	1.45418345096484	1.27915223573424	2.00396100082034	2.00950312691843	1.49912226736896	1.32185841702787	1.51006584470678	0.896223182529372	0.919292410777039	NA	1.00091166033034	0.908570320899186	1.30260626772341	1.04788498055808	1.18821836006167	1.18756275449713	0.828576854475346	0.695624230631549	1.01606938237664	1.90343396421123	0.930235704289697	1.11490898537933	NA	NA	1.01592283558012	1.44925619806072	NA	NA	NA	0.854873083580548	1.0940072893793	1.33021778306867	NA	1.07641876650584	0.932388506170593	NA
NA	NA	NA	NA	NA	NA	NA	NA	NA	NA	NA	NA	NA	NA	NA	NA	NA	NA	NA	NA	NA	NA	NA	NA	NA	NA	NA	NA	NA	NA	NA	NA	NA	NA	NA	NA	NA	NA	NA	NA
NA	NA	NA	NA	NA	NA	NA	NA	NA	NA	NA	NA	NA	NA	NA	NA	NA	NA	NA	NA	NA	NA	NA	NA	NA	NA	NA	NA	NA	NA	NA	NA	NA	NA	NA	NA	NA	NA	NA	NA
NA	NA	0.837743662949109	NA	NA	NA	0.524403521901095	0.404088397210854	NA	0.41946450992539	NA	0.267789643685929	NA	NA	0.519045837737859	NA	NA	NA	NA	0.399820732396766	NA	0.190119591039299	1.06991692934621	0.420995280253157	0.0500346584307404	0.785853060178973	NA	0.323195388064622	0.0744806867536152	0.24605868661598	NA	NA	0.809074902812486	NA	NA	0.876129977259725	NA	0.306339426750426	0.726401117545692	NA
NA	NA	NA	NA	NA	NA	NA	0.549943192697333	NA	NA	NA	NA	NA	NA	0.589207062677582	NA	NA	NA	0.542346576819611	0.347268705446002	NA	NA	1.33549038783845	0.412743135285533	0.571583369178525	0.611988490900869	0.334236859058042	NA	0.678103360280744	0.317970731345238	0.869924526203214	0.90849070741998	1.11562880857855	0.678311475469918	0.593691166182571	0.201923348873533	NA	0.966962922835185	1.01252222979196	0.674441001352002
NA	NA	NA	NA	1.27954687972579	NA	0.803358298408057	NA	0.83747922211278	NA	NA	0.661220675382057	NA	NA	NA	1.68112643984911	NA	NA	1.340245677275	1.44815015991842	1.58097455782522	1.62678894284304	1.45165209950944	1.02924589893874	0.637837294336235	0.949135983961897	1.23847629338544	1.33054240801918	1.28905316993451	1.23267480903218	0.549616793959602	1.20679078936652	NA	NA	1.21798169568293	NA	NA	NA	1.22896554482306	0.57670885606374
NA	NA	NA	NA	NA	NA	NA	NA	NA	NA	NA	NA	NA	NA	NA	NA	NA	NA	NA	NA	NA	NA	NA	NA	NA	NA	NA	NA	NA	NA	NA	NA	NA	NA	NA	NA	NA	NA	NA	NA
NA	NA	NA	1.75441066915908	NA	2.08808212026642	1.23151096502217	1.52934133166462	1.34029266508544	NA	1.14595852214437	0.570019818728648	0.672842033717204	NA	0.639655993874982	NA	NA	NA	0.859382186632555	0.860445278422462	1.26636922211956	1.20861491244536	1.1129707596811	0.791606459440589	0.778719669369871	NA	NA	0.863795747905665	NA	0.527509137129153	NA	1.00342474159457	2.21915869559304	0.30494011028802	0.402545054490725	0.432184638475404	NA	0.496843141416512	0.680475645044762	1.13530450255653
NA	NA	NA	NA	NA	NA	NA	NA	NA	NA	NA	NA	NA	NA	NA	NA	NA	NA	NA	NA	NA	NA	NA	NA	NA	NA	NA	NA	NA	NA	NA	NA	NA	NA	NA	NA	NA	NA	NA	NA
NA	NA	NA	NA	NA	NA	NA	NA	NA	NA	NA	NA	NA	NA	NA	NA	NA	NA	NA	NA	NA	NA	NA	NA	NA	NA	NA	NA	NA	NA	NA	NA	NA	NA	NA	NA	NA	NA	NA	NA
NA	NA	NA	NA	NA	NA	NA	NA	NA	NA	NA	NA	NA	NA	NA	NA	NA	NA	NA	NA	NA	NA	NA	NA	NA	NA	NA	NA	NA	NA	NA	NA	NA	NA	NA	NA	NA	NA	NA	NA
1.7068467278536	1.84898181810569	NA	NA	NA	NA	1.43788357645616	NA	1.4339273665553	NA	1.75785060107623	NA	1.66211998170876	NA	1.89275694230169	NA	1.69402198715106	NA	NA	NA	1.7151151227605	2.21238095843723	NA	NA	NA	2.48789142679397	NA	NA	2.78419773889892	NA	NA	1.90451363526223	NA	2.21640811614382	3.03568573782612	2.31963841718391	NA	2.76644751412351	2.84023396224822	2.17480815980976
NA	NA	1.76960051977739	NA	1.92179423532809	1.72977689878357	1.70531632367501	0.904432863491464	NA	1.56352538691615	1.53113531210385	1.54511398120463	NA	NA	NA	NA	NA	0.820028208979481	0.796809297342551	0.55552873071747	1.19035723617913	0.726017449152692	1.04266933699094	1.1025794122326	NA	1.61415236780739	0.923117562216721	0.898414661566142	1.07059508570531	1.11397970755786	0.749785221463161	0.888316701546175	1.34322722953587	0.625976925999676	0.340827807408481	0.359409141959984	NA	0.589455222000532	0.495785152891337	0.457690526371778
NA	NA	NA	NA	NA	NA	NA	NA	NA	NA	NA	NA	NA	NA	NA	NA	NA	NA	NA	NA	NA	NA	NA	NA	NA	NA	NA	NA	NA	NA	NA	NA	NA	NA	NA	NA	NA	NA	NA	NA
NA	NA	NA	NA	NA	NA	NA	NA	NA	NA	NA	NA	NA	NA	NA	NA	NA	NA	NA	NA	NA	NA	NA	NA	NA	NA	NA	NA	NA	NA	NA	NA	NA	NA	NA	NA	NA	NA	NA	NA
0.690665228783525	NA	NA	NA	0.454558967530446	NA	0.346867783667986	NA	0.77462024656087	1.12349174949525	NA	NA	1.3149651508687	1.20740053800637	1.14709615023343	NA	0.923592910501104	0.876878377803675	NA	0.807928524868991	1.78589428872383	1.28241088735353	NA	NA	0.303607627327846	0.228747828955735	NA	0.352493780306324	0.339952324546084	NA	0.465918712506586	NA	0.483451190101505	0.907825236950332	NA	NA	NA	NA	0.824664121375213	2.40616067999661
0.678571099660695	NA	NA	0.298245824348456	NA	0.699411107834637	NA	0.8713794784452	0.538572770300613	NA	0.546490052676937	0.795967024414366	NA	NA	0.767821060267303	NA	1.14105830606582	0.810892611353549	1.13315594358915	1.0452158862072	0.819439029076431	0.296298107791867	0.428670938334784	0.408424834489127	0.685884937008741	0.779701409233797	NA	NA	NA	NA	1.03199403657101	NA	NA	NA	NA	NA	NA	NA	0.492841102399231	0.224802298326541
1.04198799841982	2.03836266519294	1.35854050880914	1.07997685129128	1.81702334018534	1.74737520199825	1.71002651044526	1.11965345728427	1.77438423618396	1.03242330398793	NA	1.5782948138098	1.88305721850983	1.52395272260007	1.63734530633893	1.56409606798278	1.46421727373859	1.35337782154236	1.00686116637435	1.35450302344489	NA	NA	1.40971852494295	1.62188157565458	1.14655985572247	NA	1.24503559014916	1.10408865988341	2.20112480370223	0.658924950824527	1.56186031457046	1.27785006876271	0.611966230084288	0.332225677719863	NA	0.311318154221865	NA	0.216458496275259	1.25384731042279	0.13799941292592
NA	0.979530198735311	NA	NA	0.660512083505348	0.972684588665513	0.832523947229038	1.12168371185941	1.07748357875385	0.447981332602055	NA	NA	NA	NA	NA	NA	1.23028366354417	NA	0.882769036393406	0.454363915762797	0.526067458146949	0.779551314720932	NA	0.660898911838044	0.602855035373006	0.70443903289496	0.762702647720116	0.608969018912256	1.44703764257866	1.3957233248746	1.88810654849353	NA	1.09131115080514	1.59472079056735	0.832721604632485	1.69367018890266	NA	0.739873972880651	0.970327291929907	1.47858074805192
NA	1.19954049658984	NA	0.647710751670135	0.41970381901652	NA	0.582225922750597	0.384821402501921	0.434146823943711	NA	NA	NA	0.73962237527726	0.505404076850995	0.272220251256333	0.504404629833634	0.114154061206925	0.478458973817121	NA	0.747303608611879	0.723049834644099	1.41588057556883	0.609730575691798	NA	0.901231151814098	NA	NA	0.83560021821827	NA	0.518051235640793	NA	0.869009343129983	1.00262766660871	1.04211984310488	0.471733711630716	NA	NA	0.346986071101043	0.189011998617177	0.168318054791725
NA	NA	1.88791870059409	NA	NA	NA	NA	NA	NA	NA	NA	NA	NA	NA	NA	NA	NA	NA	NA	NA	NA	0.491878205995933	0.160746631272372	0.447749104072179	0.415726896125594	NA	NA	0.354225867572175	1.5697748622061	NA	0.468429439958892	0.385892862336629	0.250328165080263	0.491329180823835	0.821332843663081	0.597860071328487	NA	0.215420462816153	NA	0.310650937260694
NA	NA	NA	NA	NA	NA	NA	NA	NA	NA	NA	NA	NA	NA	NA	NA	NA	NA	NA	NA	NA	NA	NA	NA	NA	NA	NA	NA	NA	NA	NA	NA	NA	NA	NA	NA	NA	NA	NA	NA
1.52999277064182	1.17664018566249	1.23428846082917	1.38876553914372	1.2632860275656	0.764729768428629	0.655572404536162	NA	0.754592092092877	NA	0.483720135550008	0.362248010529802	0.482266047564045	NA	0.221533041498705	0.768921953377195	0.670261585071627	NA	0.519937164797096	0.640262179121099	NA	NA	NA	1.00922344001492	0.961214229174571	NA	NA	NA	NA	NA	1.13223794552871	0.915083065859528	NA	0.974041394496729	NA	NA	NA	NA	NA	NA
NA	NA	NA	NA	NA	NA	NA	NA	NA	NA	NA	NA	NA	NA	NA	NA	NA	NA	NA	NA	NA	NA	NA	NA	NA	NA	NA	NA	NA	NA	NA	NA	NA	NA	NA	NA	NA	NA	NA	NA
0.831285154322802	NA	NA	NA	NA	NA	NA	1.0319774387506	1.20393972740091	1.92446681046599	1.96594983594508	NA	NA	NA	NA	NA	NA	NA	NA	0.175239351130417	1.04008482214179	0.843802422501119	NA	1.20553461255861	NA	1.17363532260049	NA	0.905997623550354	NA	0.398320306066767	NA	0.500805311274518	NA	0.837168009575157	0.679148956913351	NA	NA	1.86485860951995	0.811033433745729	0.457180692899782
0.279574674711787	0.524668934964571	0.617058449428233	NA	0.480199389815904	0.667852959340565	1.14910646286145	1.26639686328909	1.38692676713569	1.23088778495724	0.296889513053914	0.717141068618327	1.38015494219925	0.482051957664514	0.344090698558063	0.670702641415305	0.323170891604357	0.634937044921965	0.541447170913804	NA	0.770738296392946	0.484286693827585	NA	1.62603988370836	NA	1.30560380655785	0.727420993183138	0.43313563771974	0.809015931224836	1.02830086682879	NA	0.600974093913042	1.15704294942815	1.5630877389972	NA	0.339995819745589	NA	NA	1.11009135633274	0.656646755927192
2.09919568723087	NA	NA	NA	NA	NA	2.0292736788662	2.31810547344504	2.38744289325381	2.43413393254989	NA	1.85630880829883	2.34500788761707	NA	NA	0.81811075633412	1.69147076257433	0.523491880751665	NA	0.435741027879397	NA	1.99448904794345	0.416402764846632	0.24724399093328	NA	1.94055045784697	NA	2.09950177972096	1.07947943155761	0.655036225202203	NA	2.00984725225601	NA	2.19081513519096	NA	NA	NA	0.322752717322077	0.695584027646273	1.5832037247481
0.765124478626238	NA	NA	0.910564497041305	0.90223854836704	NA	NA	NA	NA	NA	NA	0.214125162303595	NA	0.540274874956584	0.856236854363437	NA	0.404565894200284	0.421705274860411	0.884243466234329	NA	0.783837539953268	0.865638559620816	NA	NA	NA	1.47762526366484	1.66637982702551	1.70492364651779	NA	1.82519702661999	1.26024439126832	NA	1.29587954627967	NA	NA	NA	NA	1.25926009383169	NA	NA
1.17188944208146	NA	1.64369856712769	NA	1.75915450922273	2.20982085368405	2.72008208922593	2.64851088620006	NA	NA	NA	2.24047005210207	NA	1.36171734293485	NA	2.49885243977075	2.44823905074968	2.32504002948241	0.403068561608925	NA	0.432202292602343	NA	NA	NA	0.336726623386807	NA	NA	NA	NA	1.47630947266976	NA	NA	NA	1.72911173866388	1.66385253935754	NA	NA	0.482558879667128	1.00401666140051	1.4821225404658
NA	NA	NA	NA	NA	NA	NA	NA	NA	NA	NA	NA	NA	NA	NA	NA	NA	NA	NA	NA	NA	NA	NA	NA	NA	NA	NA	NA	NA	NA	NA	NA	NA	NA	NA	NA	NA	NA	NA	NA
1.24192417925782	2.27370569167412	2.0623767829055	1.84473020330634	NA	1.0235367791858	0.647168852892982	0.298893082616069	0.591230453741834	NA	NA	1.04128332663377	NA	0.569435483583236	0.519316673187051	NA	NA	0.524858291100319	0.497334453690358	0.184842078972448	0.674025355071403	1.30505562838815	NA	NA	NA	NA	NA	NA	NA	NA	NA	NA	NA	NA	NA	NA	NA	1.48207814623436	NA	2.30192227057195
1.68986547987251	1.24241257539591	0.896331278154887	0.517378133910051	NA	0.887615389326507	1.3231209186753	0.780777934407822	NA	0.944100975122108	NA	1.08178615452795	NA	NA	NA	NA	NA	1.01300217770526	NA	0.426995675898864	0.852916187489632	NA	NA	NA	NA	0.486886350807189	NA	0.828368208249101	NA	NA	NA	0.872510216859735	0.518206256320751	0.642051626357793	0.167039380410492	0.226047750126455	NA	0.144052368208766	0.523085724611075	1.01442612848901
NA	NA	NA	NA	NA	NA	NA	NA	NA	NA	NA	NA	NA	NA	NA	NA	NA	NA	NA	NA	NA	NA	NA	NA	NA	NA	NA	NA	NA	NA	NA	NA	NA	NA	NA	NA	NA	NA	NA	NA
NA	NA	1.05229214267624	NA	1.03006712632748	NA	NA	NA	2.81663034157123	2.16134667025032	NA	0.781825460846948	1.08545009956431	NA	0.918173352797185	1.08182885149958	NA	NA	NA	NA	NA	0.814898701951946	1.30876469092487	1.05396486252358	1.95091982420146	0.529514117691424	NA	1.27813313422495	1.2705651060948	NA	NA	1.11148585547307	1.42655821233854	0.822327224683421	2.62638825946324	0.329883697600098	NA	1.45021818852879	1.58267675380496	1.316237048231
NA	NA	NA	NA	NA	NA	NA	NA	NA	NA	NA	NA	NA	NA	NA	NA	NA	NA	NA	NA	NA	NA	NA	NA	NA	NA	NA	NA	NA	NA	NA	NA	NA	NA	NA	NA	NA	NA	NA	NA
NA	NA	NA	NA	NA	NA	NA	NA	NA	NA	NA	NA	NA	NA	NA	NA	NA	NA	NA	NA	NA	NA	NA	NA	NA	NA	NA	NA	NA	NA	NA	NA	NA	NA	NA	NA	NA	NA	NA	NA
NA	NA	NA	NA	NA	NA	NA	NA	NA	NA	NA	NA	NA	NA	NA	NA	NA	NA	NA	NA	NA	NA	NA	NA	NA	NA	NA	NA	NA	NA	NA	NA	NA	NA	NA	NA	NA	NA	NA	NA
0.822691899149061	1.68806514133164	1.59525161608366	1.38613396562625	NA	0.507511556826364	0.527062350791277	0.427150709543633	0.815877992050818	1.31436451439815	0.560241417260701	0.682721867574862	0.778985259462018	0.837627798861286	0.690043840525198	0.587044376810586	0.809380660083743	NA	0.839751818567664	1.3334659899866	0.407047470009834	0.656753501465362	0.219610760537211	0.71598583902333	0.994952630234211	0.821245970572652	0.651326669532737	0.605400691236973	1.00580078027689	1.06029935123218	0.401079471446475	0.281499501426897	0.416913003624634	0.346682046804845	0.412127184448903	0.299879103569146	NA	0.38137420285381	0.61464490751756	0.759432272883647
NA	1.1782378015686	0.429183877690275	0.488057662206294	NA	NA	NA	NA	0.723625772816207	0.962052179271796	0.910214648849665	NA	0.858692220558613	0.317883947488817	0.659000706897466	0.758040600120971	0.46281966193772	0.30505946300783	NA	NA	0.483780779519677	1.06079113370982	NA	0.664909916729028	NA	NA	NA	NA	0.951155406106462	0.671635290892076	NA	0.700357213002615	NA	NA	NA	NA	NA	0.15315609116732	NA	NA
1.45603478212582	NA	1.1324969967495	0.947469316974654	NA	NA	NA	1.36929768498872	NA	0.560212401975509	0.659843521989114	0.367139369998049	NA	NA	0.570240272030917	NA	1.01059196387491	0.762549658007186	NA	NA	0.574497463739179	0.71955314737175	NA	0.560047152721397	0.627084656687889	NA	0.814837647985059	NA	1.44566532843132	1.73409701043818	NA	1.14285007908751	0.8684277936073	NA	0.707915403591071	0.288391627189579	NA	0.43327398021136	1.29416653583515	0.947569759553438
NA	NA	NA	NA	NA	NA	NA	NA	NA	NA	NA	NA	NA	NA	NA	NA	NA	NA	NA	NA	NA	NA	NA	NA	NA	NA	NA	NA	NA	NA	NA	NA	NA	NA	NA	NA	NA	NA	NA	NA
NA	0.602453159574068	NA	NA	NA	NA	0.605783845631615	0.663854626500793	0.668002845908101	0.461113607605028	NA	0.419430912594203	1.08124542341216	0.976506315436755	0.831226231598669	NA	0.678793451029346	0.64173029152296	NA	0.788343807893102	NA	NA	0.435772514983972	0.464462976756242	0.370667231925154	0.491666960543415	0.415758717092309	0.659983742648426	0.510413637020981	0.884182889380035	0.91315168278442	0.852488332953482	NA	0.956089683783651	1.09574624931932	NA	NA	1.03269302380107	1.39341355657185	NA
1.5223636101886	NA	NA	1.87288577702708	NA	NA	NA	NA	NA	NA	NA	NA	NA	NA	1.42175029064608	1.50564781691986	NA	NA	NA	NA	0.657858786073096	NA	NA	NA	NA	NA	0.689458707485113	NA	NA	NA	0.551355499174154	NA	NA	NA	NA	0.380115682374057	NA	0.306883315419205	NA	0.903058177320124
NA	NA	NA	NA	NA	NA	NA	NA	NA	NA	NA	NA	NA	NA	NA	NA	NA	NA	NA	NA	NA	NA	NA	NA	NA	NA	NA	NA	NA	NA	NA	NA	NA	NA	NA	NA	NA	NA	NA	NA
NA	NA	NA	NA	NA	NA	NA	NA	NA	NA	NA	NA	NA	NA	NA	NA	NA	NA	NA	NA	NA	NA	NA	NA	NA	NA	NA	NA	NA	NA	NA	NA	NA	NA	NA	NA	NA	NA	NA	NA
NA	NA	NA	NA	NA	NA	NA	1.76798159015489	1.42169588188794	1.77041026732695	1.66992922112273	1.61538005359561	1.29604144645784	0.920697008344411	NA	NA	NA	1.17011655037306	1.33938287989907	0.801968982409412	0.700602821556436	2.07480657516723	NA	1.94899067131466	2.08323274422967	1.09049275538501	1.37420717231732	1.10533439447083	1.61743217521847	0.917167293402974	0.85746059202978	NA	NA	NA	0.387349364285771	0.221624658991464	NA	NA	NA	0.225160663424776
1.73447602405633	1.97962227910045	0.956869961568918	NA	NA	1.55094110683596	1.77806558861112	1.84784586040268	NA	NA	1.63546671251527	NA	NA	NA	1.4594551446874	NA	1.39337087057989	1.46276486710938	2.13298756796404	NA	2.46564628942319	2.13694866201226	NA	NA	2.13590067415321	NA	NA	NA	1.71137303144547	2.50589961951579	NA	1.19314884784411	0.735791488959363	0.650653681135761	0.783493277561091	0.348482122244617	NA	NA	NA	0.832596989339296
1.03396491316691	NA	1.11741175515387	1.4279826960094	1.60883038656519	NA	1.92085474643355	NA	1.418503096612	1.3620697513784	1.49449187946445	1.84141483436205	1.83759589107685	1.48877778296697	1.52347174082328	1.36558637690556	NA	1.26904288103114	1.28696710259641	1.22729778713745	1.65604885876563	1.95437103723774	1.72249921600451	1.86586016833483	1.20573940826696	1.2650833862032	NA	NA	NA	0.759070561422362	0.963731599785406	0.799779331476315	0.45370802233865	0.32144274263139	NA	0.321420040856615	NA	0.262449667984743	0.555221660031861	NA
0.842892457993808	0.67189878448782	1.68395867370959	NA	0.287665508894664	0.828553224332152	0.711947191033373	NA	NA	NA	NA	1.65665176032262	0.974587980551451	1.06217263268075	1.27571256061926	NA	1.30465539587903	0.691234564071919	1.5487088818916	1.57675786274433	1.66932884560974	1.03444031918862	0.89936807948217	1.01360070799143	1.26939939880588	NA	0.812434648184348	0.917826092456118	1.61048071434715	0.428817375807174	0.30527386964026	1.01319133742693	0.630668171490576	0.845220789485968	0.571831234697628	0.321965840831813	NA	0.0846600490338142	0.330084875379149	1.38667336379573
NA	NA	1.21369424334225	NA	NA	0.441712225129472	0.592742290691027	1.65999206692133	0.686546807604125	2.0903437646882	1.59794113387789	1.93293145703151	0.523980363238929	0.662363031044206	NA	0.713305139757173	0.625843220729683	0.678978114419208	NA	NA	NA	0.929462339732024	NA	2.00825044575706	1.78520041821337	0.379439560953136	2.08132419392211	0.645706769964027	0.553391325189901	0.54236038829521	1.01399382478655	0.466150216662836	NA	0.878992715854707	0.47235752973922	0.991791201561208	NA	0.495902506163694	0.392514136043659	1.91562225624173
NA	NA	NA	NA	NA	NA	NA	NA	NA	NA	NA	NA	NA	NA	NA	NA	NA	NA	NA	NA	NA	NA	NA	NA	NA	NA	NA	NA	NA	NA	NA	NA	NA	NA	NA	NA	NA	NA	NA	NA
1.16313331369512	1.09740174754782	NA	0.854523059828134	NA	0.87556476561004	NA	1.28265217666306	NA	NA	1.39934020453117	NA	1.29877734360182	1.25328621513391	0.51598246286545	NA	0.444433028732329	0.446518296108832	0.255811939386532	0.960652813370008	NA	NA	NA	0.781340328829387	0.501258187247139	0.522811389314451	0.228897163319745	0.604620189609473	0.707453038267941	0.839783731680538	0.427668978074524	0.773113970030496	0.776717945292797	0.759659480050662	0.979567018898237	0.820665653627166	NA	1.10453535781315	1.10693965185627	0.956628799630175
0.897528694350244	NA	0.856763173952035	NA	0.804077049810956	NA	NA	0.915852459272482	1.0407700717089	NA	1.32821940895965	NA	NA	NA	NA	NA	1.21662882815033	1.5059975837134	0.764853181593989	1.31955258954429	NA	1.37635985388126	1.28072596567803	1.56326788427775	NA	NA	NA	NA	NA	NA	NA	NA	NA	NA	NA	NA	NA	NA	0.0886598008289286	0.489236137042114
NA	NA	NA	NA	NA	NA	NA	NA	NA	NA	NA	NA	NA	NA	NA	NA	NA	NA	NA	NA	NA	NA	NA	NA	NA	NA	NA	NA	NA	NA	NA	NA	NA	NA	NA	NA	NA	NA	NA	NA
NA	NA	NA	NA	0.878916465719704	NA	NA	0.756512132382697	NA	NA	NA	NA	NA	1.88928774996933	0.660065154256609	NA	0.499618027736476	0.769608728573357	NA	NA	NA	0.42617556517329	0.351557274270315	0.822699418347603	0.896099697832252	NA	1.06582820248155	NA	NA	NA	NA	NA	0.604683580097955	0.617851756296137	NA	NA	NA	NA	0.550631353529115	NA
NA	NA	NA	NA	NA	NA	NA	2.28415678316326	2.04254769254315	NA	1.74018335461966	1.87806169819745	1.21268757277577	NA	NA	NA	1.42004722484725	NA	1.64741801759199	NA	NA	NA	0.718645641745976	0.996469191594124	NA	NA	NA	NA	0.720704264893084	NA	0.778357662793315	NA	NA	NA	NA	NA	NA	0.862208478546147	0.336020744471439	0.857805424366999
NA	NA	NA	NA	NA	NA	NA	NA	NA	NA	NA	NA	NA	NA	NA	NA	NA	NA	NA	NA	NA	NA	NA	NA	NA	NA	NA	NA	NA	NA	NA	NA	NA	NA	NA	NA	NA	NA	NA	NA
NA	NA	NA	NA	NA	NA	NA	NA	NA	NA	NA	NA	NA	NA	NA	NA	NA	NA	NA	NA	NA	1.11241191843803	NA	0.482574388028093	0.330628986641855	NA	0.322113760713787	0.375769418871567	0.218765657597717	0.255667931223618	1.32540536154738	0.661436129236786	0.277977832898859	0.24137069744856	0.315220383510226	NA	NA	2.18108505085977	0.38929247436108	NA
1.06620122098826	0.776075273374043	NA	NA	0.857286507890451	1.15482970246247	NA	0.855244405492022	NA	1.2149769125762	0.944860383303765	0.814875087615726	NA	0.886658631844658	NA	NA	NA	1.30054881792788	NA	NA	NA	0.720095082477136	1.28169515733434	NA	0.828677392876521	NA	NA	NA	0.570153302568859	1.23098911553248	NA	0.545390142219335	0.380846884417484	NA	NA	0.624503986233088	NA	NA	0.656560006043216	NA
NA	NA	NA	NA	NA	NA	NA	NA	NA	NA	NA	NA	NA	NA	NA	NA	NA	NA	NA	NA	NA	NA	NA	NA	NA	NA	NA	NA	NA	NA	NA	NA	NA	NA	NA	NA	NA	NA	NA	NA
NA	NA	0.716081742919912	0.688746846716559	0.483580721181581	0.634023010844048	NA	1.00675206232091	0.540504038063789	0.283695842387141	0.150370634900883	NA	NA	NA	0.719097438644395	0.572738091687595	NA	0.553112508070597	0.88257674823928	0.461192444857599	NA	0.0851234065190028	NA	NA	0.393868851047864	0.348084428671413	0.435486142817566	0.993378705980005	0.974631140635747	0.987928436046803	NA	1.23205514245439	0.988028119814718	NA	0.517314384247921	0.416395402699613	NA	0.116577620437442	0.453940673564515	0.570723748545613
NA	NA	NA	NA	NA	NA	NA	NA	NA	1.91630267412088	1.89637387103116	NA	NA	1.83777856046074	NA	NA	1.83645792735534	NA	NA	NA	NA	NA	NA	NA	NA	NA	NA	NA	NA	0.543197588945212	1.18694219313723	1.32490885567199	1.12148416521897	0.93383924346981	0.210780925694917	0.336559435324631	NA	0.741436755971765	NA	1.19263883549072
NA	NA	NA	NA	NA	NA	NA	NA	NA	NA	NA	NA	NA	NA	NA	NA	NA	NA	NA	NA	NA	NA	NA	NA	NA	NA	NA	NA	NA	NA	NA	NA	NA	NA	NA	NA	NA	NA	NA	NA
NA	NA	NA	NA	NA	NA	NA	NA	NA	NA	NA	NA	NA	NA	NA	NA	NA	NA	NA	1.34710594261746	NA	NA	NA	NA	NA	NA	NA	NA	NA	0.940114072686927	NA	0.615084410833519	0.66497431956811	0.361043124001965	0.354904128341026	0.228280233971387	NA	NA	0.67249101358978	0.691606739280242
0.36978580498265	1.69948103021994	NA	1.27488237613971	0.605227634838696	0.345551293062615	1.52975872917371	0.712034383880276	0.765753430560781	0.61900380427409	NA	0.625465897166239	0.25317263527284	NA	0.809675677897087	1.05177106833305	NA	0.770673373068802	0.811752545650581	0.718762070961898	0.732439526353513	0.746283573087993	0.714974309056319	1.01170994895652	0.234633198827664	NA	0.599328948542651	0.414675543861294	0.442974514122697	0.487239745370035	0.93828937057126	0.259625719573222	0.315985858120512	0.836579564712613	0.449444031546617	0.341251387620641	NA	NA	0.294165336416857	0.88115353738195
NA	NA	NA	NA	NA	0.685644131144095	NA	0.787785734137794	0.48533489214864	1.24713736774783	NA	NA	NA	NA	1.22656140276637	NA	1.53693578843033	1.59401840421654	NA	1.12650232254682	1.72676140158829	1.74756295846007	1.63879656818247	NA	0.984785895431281	NA	NA	NA	NA	NA	NA	0.260070573245764	NA	0.371971375739351	0.630609566951609	NA	NA	NA	NA	0.560257548765162
NA	NA	NA	NA	NA	NA	NA	NA	NA	NA	NA	NA	NA	NA	NA	NA	NA	NA	NA	NA	NA	NA	NA	NA	NA	NA	NA	NA	NA	NA	NA	NA	NA	NA	NA	NA	NA	NA	NA	NA
0.704812602724476	NA	NA	NA	NA	1.62157327944319	NA	NA	NA	1.02496451663592	NA	1.35221138918614	1.24882172018322	NA	NA	NA	1.28118182638908	0.629462457716858	0.617490811829415	1.02989050580202	0.557115222226089	0.491937082407694	NA	0.807654595901695	NA	NA	NA	NA	0.891550184540015	NA	NA	0.632616455823614	0.908690529209364	NA	0.598165524950033	NA	NA	0.238636135294678	0.210716609605249	0.518381452297348
0.548031497910982	0.622116548517302	1.06705197190108	NA	0.464844222127863	0.557344643674687	0.528843596109669	0.307076280724359	NA	0.688288678955165	0.208897678318307	0.850446873917576	NA	0.241751578737662	0.273877098530915	NA	0.465425086799823	0.555760522632529	NA	NA	NA	NA	0.435701423769604	0.292860713632148	NA	NA	1.52954098871245	NA	0.878177015037269	0.720125883241375	0.603343330425107	0.37712076169095	0.876298996967923	NA	0.402975923990806	0.387565030645347	NA	NA	NA	NA
NA	NA	NA	NA	NA	NA	NA	NA	NA	NA	NA	NA	NA	NA	NA	NA	NA	NA	NA	NA	NA	NA	NA	NA	NA	NA	NA	NA	NA	NA	NA	NA	NA	NA	NA	NA	NA	NA	NA	NA
NA	NA	NA	NA	NA	NA	NA	NA	NA	NA	NA	NA	NA	NA	NA	NA	NA	NA	NA	NA	NA	NA	NA	NA	NA	NA	NA	NA	NA	NA	NA	NA	NA	NA	NA	NA	NA	NA	NA	NA
0.906093384086026	NA	1.20970528492137	NA	1.6784772907577	NA	NA	NA	NA	1.21320119042693	NA	0.610332714514633	NA	0.886580310830438	0.909247562731743	NA	NA	0.994134554703132	0.549451929889637	NA	NA	NA	0.71653387205853	0.509546109444047	0.471743563196918	NA	0.69065266887852	0.712115201597448	0.930095891653083	NA	NA	0.572781357032	NA	0.89498451406475	NA	NA	NA	NA	1.06047112783886	0.669769003975094
NA	NA	NA	NA	NA	NA	0.54325169472976	0.316848648025365	0.418693743819313	0.549100515469828	1.07406789026738	1.18389568903774	NA	1.30779239408484	NA	NA	NA	NA	NA	NA	1.17570099961649	1.60961215567093	0.417238481303201	NA	NA	NA	NA	NA	NA	0.61042295964688	0.423845450182222	NA	0.588891721477753	0.323058516821	0.857363134641317	NA	NA	0.231358896358491	0.262302673872066	0.365055953759346
NA	NA	NA	NA	NA	1.73589513924831	0.187377662000368	0.120816021795429	1.86257234975943	NA	NA	NA	NA	NA	1.26775179130001	NA	NA	NA	NA	NA	NA	0.599234281749148	NA	1.69148660196897	0.78780059151372	NA	2.24884776847973	1.31586399283827	NA	1.87659005500089	NA	1.09990657559908	NA	NA	0.332961127442208	NA	NA	0.238949795824551	0.794244648216759	2.08600849792563
NA	NA	NA	NA	NA	NA	NA	NA	NA	NA	NA	NA	NA	NA	NA	NA	NA	NA	NA	NA	NA	NA	NA	NA	NA	NA	NA	NA	NA	NA	NA	NA	NA	NA	NA	NA	NA	NA	NA	NA
NA	NA	NA	NA	NA	NA	NA	NA	NA	NA	NA	NA	NA	NA	NA	NA	NA	NA	NA	NA	NA	NA	NA	NA	NA	NA	NA	NA	NA	NA	0.54141047541604	0.604691639733751	0.534069472408138	0.4130806283634	0.347328387435212	0.276747960614706	NA	0.347755140071706	0.340318140600314	0.327704469322256
NA	NA	NA	NA	NA	NA	NA	NA	NA	NA	NA	NA	NA	NA	NA	NA	NA	NA	NA	NA	NA	NA	NA	NA	NA	NA	NA	NA	NA	NA	NA	NA	NA	NA	NA	NA	NA	NA	NA	NA
1.68344429303613	NA	1.16954219178281	NA	NA	NA	1.83551253998741	1.6765682443682	NA	NA	NA	NA	NA	2.31569691712244	2.30812248353338	2.4509731026265	2.09329965199267	2.14461036481831	NA	NA	1.81534620748682	1.72920273324462	1.44846656002722	NA	1.34384210205528	1.74880583250386	1.67170178358166	NA	1.82679056212333	1.74127363509077	1.72128071932462	1.54821638177959	1.77669312289652	1.35499099167394	1.17366289744554	NA	NA	1.79102248300327	1.33895107057366	1.73188102565173
NA	NA	NA	NA	NA	1.5179552207187	1.84342521334224	1.70636732644367	1.57271975905622	1.13465253417401	1.16533007918155	1.01403679991403	NA	1.23130452207855	1.21568013866751	1.28890924727133	NA	1.34590292143521	NA	1.1537182679566	NA	NA	NA	1.25008086510209	NA	0.999173305577982	1.10655046344874	1.12337120172026	NA	0.63353437406804	0.507530459130229	NA	NA	0.659377441236148	NA	NA	NA	1.00739201284073	NA	0.38834549249864
NA	1.81827974558586	0.726173584170203	1.06872053550343	NA	1.26609521002786	NA	1.39041170517684	NA	NA	NA	1.72155314546688	NA	NA	NA	NA	1.60499963282158	NA	NA	1.65014991086607	0.880464320565514	0.662255334556158	0.499571093886785	0.50076443998476	0.462396902477106	NA	0.512271092598854	NA	0.305442217307178	0.360587828246548	NA	0.490964444262621	0.791450333089261	0.668933148747169	0.33912212965152	0.474977360225824	NA	NA	0.39244462201146	NA
NA	2.54867183430085	1.92323909225148	NA	1.7546493897895	1.37236960102958	2.20494445350293	1.49443297751033	NA	NA	1.82796854573275	1.44144116940227	NA	1.96862160728034	NA	NA	2.34986008272896	2.09807644370641	1.90275227187059	1.1050717901987	NA	0.860533674693291	NA	NA	NA	NA	NA	0.402939497909435	NA	NA	NA	NA	NA	NA	0.843275751609587	NA	NA	0.433027130461853	0.497733564877098	0.372101254655981
NA	0.510437565049265	NA	NA	NA	NA	0.746758972556237	0.985984504817325	0.743652876821772	NA	NA	NA	NA	0.89498552677007	1.17096081578678	NA	NA	0.746207715486103	0.351578809562598	NA	NA	1.29817821819238	1.44907743200069	1.31858246852409	1.3634566487255	NA	1.13193169696346	1.35166308575943	1.27364391399003	1.11429021407815	0.573204542108868	NA	0.929731203597056	0.799480518402206	0.614333949869451	0.411307171083349	NA	0.750925149874418	0.989254809108475	0.82516630941321
NA	2.34574957463645	2.16601057079614	NA	NA	NA	NA	1.74602953072597	NA	NA	1.70058080498324	NA	NA	NA	1.06279539558174	NA	0.614241144381851	NA	0.809247918204318	1.24370084437776	NA	1.03375534311199	1.01434555657211	1.20039072802641	1.40984770966535	NA	2.3486268839569	1.19808879488063	0.630802596093221	0.652552738535843	NA	1.14259617712097	0.842523882649136	0.38483821831956	0.386259294769503	0.396341304940585	NA	NA	0.778194217043237	0.716732329364273
NA	NA	NA	NA	NA	NA	NA	NA	NA	NA	NA	NA	0.534915763029224	0.806966059234629	NA	NA	NA	NA	NA	0.772102352787875	NA	1.18610458996885	1.32545858381227	NA	NA	NA	NA	NA	0.792529348842367	NA	0.932667110874163	0.853332415743497	0.66326804032095	0.775051371084901	0.625006054570679	0.491462257414448	NA	0.80846770536244	0.612253937180467	0.789434851148664
1.47521695038667	1.41928214376674	NA	NA	NA	NA	NA	NA	NA	NA	NA	NA	NA	NA	NA	0.402676342102929	NA	NA	NA	NA	NA	NA	NA	1.85168374532912	NA	NA	0.521477411306036	1.84803710473075	0.514036036724364	0.341528595694163	0.246798140021628	1.4608761934945	NA	0.666871386850762	1.0298106553028	0.400171627071546	NA	1.05168461628488	1.54544747026418	0.831833409060047
1.62409750458401	NA	NA	1.00570246374038	NA	NA	1.55420804794664	1.72534143846261	1.52301199937117	1.41389748795015	NA	1.31752206004604	NA	NA	1.2665530988786	NA	0.895113301085075	NA	NA	0.988301435662162	1.09666744095323	0.727080727865628	0.701574131635113	0.436863123205782	0.68932840856266	0.40976799779978	0.820539072310823	0.777987107734583	0.657359756842689	0.497115081547641	0.625825268771342	NA	NA	NA	NA	0.117596579248292	NA	0.116477784186767	0.353396064396742	0.446171465141219
0.837872833659499	1.10190856902868	0.919972959031112	0.729469585222262	NA	NA	NA	NA	0.816305600355772	1.01024282727879	NA	NA	NA	1.13041476513301	NA	NA	NA	0.991273942461042	NA	NA	NA	0.296332614077863	0.530264421363538	0.370125968816411	0.69251519061475	NA	NA	0.67967028009531	0.658482357439069	NA	1.37481454297518	0.74560339263439	NA	0.214922578164428	0.541702397602699	0.169369539735996	NA	0.195404226845586	NA	0.539467002062219
NA	NA	NA	NA	NA	NA	NA	NA	NA	NA	NA	NA	NA	NA	NA	2.08571478069987	NA	NA	1.41953281341784	NA	NA	NA	NA	NA	0.703297673645227	0.785494812705893	NA	NA	0.491772736564394	2.50989316205891	NA	0.438991401178775	NA	0.743378846827049	NA	0.678780806707405	NA	NA	0.514716557269226	0.438114193491449
NA	NA	NA	1.14102375366765	NA	NA	1.01057099751756	NA	NA	1.1656905537563	NA	NA	NA	1.22890551363675	1.19151265567975	NA	NA	NA	NA	NA	NA	NA	NA	NA	NA	NA	NA	NA	NA	NA	NA	1.26786266715931	0.484783541490176	0.199739301996498	NA	NA	NA	1.08462835802643	0.675252303316301	1.13480907893436
NA	NA	NA	NA	NA	NA	NA	NA	NA	NA	NA	NA	NA	NA	NA	NA	NA	NA	NA	NA	NA	NA	NA	NA	NA	NA	NA	NA	NA	NA	NA	NA	NA	NA	NA	NA	NA	NA	NA	NA
0.5715026406314	0.6059119475519	NA	0.475762828183113	0.417180872271239	0.137841067469869	2.0375800739227	0.342888092289637	0.452810122747748	NA	NA	NA	NA	NA	0.871043350225461	NA	NA	0.253674253940764	NA	NA	NA	NA	0.657441085343482	NA	0.974103478070741	NA	NA	NA	0.645752091434631	0.99508392683033	NA	0.793836861530855	0.842045823943734	0.668172787525582	NA	0.236527320091309	NA	0.420061390962456	NA	NA
NA	1.23826695503041	1.14270647513058	NA	0.966050710152409	NA	0.318037918604963	1.37092334663638	NA	NA	0.753252216226639	NA	NA	1.28601697708313	0.946914348891404	NA	NA	1.68062706252682	1.154425826038	0.949701751456913	0.95331583345394	NA	0.52452423130823	NA	NA	NA	NA	NA	NA	NA	NA	NA	NA	NA	1.86545761130282	0.686111674479878	NA	NA	NA	1.98389765373075
1.24566742087068	1.08683481999299	1.68123606194441	NA	NA	NA	1.57543672304905	1.23449579851847	NA	1.72168890871528	1.46625890750634	NA	1.43714105245358	1.55030301983671	1.40317064773722	1.92203778921935	1.95449415171428	1.71914954788386	2.44484742557081	NA	NA	NA	NA	NA	NA	NA	NA	NA	NA	NA	NA	NA	NA	NA	NA	1.55101133013391	NA	1.5385303586811	1.70262694961856	1.04200220015043
1.95822895220121	NA	NA	1.60261025152862	1.04325092052475	NA	NA	NA	NA	NA	NA	NA	1.68335411254057	NA	NA	1.35965361149838	NA	NA	NA	NA	NA	1.38529208391633	0.762995666630474	1.33949620269993	1.33004516207584	1.31110265022818	NA	NA	NA	1.32478140347048	1.24348346055186	1.57757753109896	1.18198333317968	0.654246526600066	0.49787133857005	0.728487283108326	NA	0.32785912981811	0.752903756417572	NA
NA	2.29788376328176	NA	NA	NA	1.0242472893142	NA	1.41443326331196	1.50469398860434	NA	1.83013219992465	NA	NA	0.7111867072242	NA	NA	NA	NA	NA	NA	1.18844939974434	NA	NA	NA	NA	NA	NA	NA	0.590519240440402	1.00259475160881	NA	NA	NA	NA	0.387818322671659	0.295099234923942	NA	NA	NA	0.725210999146414
NA	NA	NA	NA	NA	NA	NA	NA	NA	NA	NA	NA	NA	NA	NA	NA	NA	NA	NA	NA	NA	NA	NA	NA	NA	NA	NA	NA	NA	NA	NA	NA	NA	NA	NA	NA	NA	NA	NA	NA
0.852696991937536	1.29093317623745	NA	NA	NA	0.83404040142919	0.735322167545612	0.48771302491339	0.558562355461787	0.250787641552881	0.44607028079374	NA	0.437654120375509	0.272225851934235	NA	NA	0.432091687923148	1.00834368272091	NA	NA	1.62241749807881	NA	0.663044326149275	NA	NA	NA	0.528439784365411	NA	1.24779374117955	0.146009157794472	1.0201291282503	NA	0.973467701098074	NA	0.180190350615606	NA	NA	1.01885223836562	0.456596122546869	0.690845914325857
NA	NA	NA	NA	NA	NA	NA	NA	NA	NA	NA	NA	NA	NA	NA	NA	NA	NA	NA	NA	NA	NA	NA	NA	NA	NA	NA	NA	NA	NA	NA	NA	NA	NA	NA	NA	NA	NA	NA	NA
NA	NA	NA	NA	NA	NA	NA	NA	NA	NA	NA	NA	NA	NA	NA	NA	NA	NA	NA	NA	NA	NA	NA	NA	NA	NA	NA	NA	NA	NA	NA	NA	NA	NA	NA	NA	NA	NA	NA	NA
1.42994303760672	1.70600834810504	1.46397308485433	1.24801844212752	NA	1.1178125741531	1.25699555935344	NA	NA	NA	1.22318565065783	NA	NA	2.30814421605361	NA	1.67652555666389	2.08134783256885	1.37477895162831	NA	NA	2.50991842809407	0.536476362871926	0.6009170252788	0.801143401028448	0.935988873238955	NA	0.981675829709941	0.940198391735213	0.854326747471995	0.838427395757589	0.402643138683201	0.413911719700845	1.18861613266491	NA	0.510317449880069	0.210059132923541	NA	0.339302018051208	0.284751033908003	0.402766495458687
NA	2.24439407094876	NA	NA	NA	1.84267403635022	NA	1.60789649878339	NA	1.65103375338964	1.16575127187804	1.62900942522718	NA	1.89172255640872	1.67693111434041	1.5047681125607	NA	1.84261964927584	1.92561346099929	NA	NA	NA	NA	0.435910146847602	0.568910966838072	NA	NA	NA	NA	NA	NA	NA	0.521311468320345	NA	NA	0.555213015459032	NA	NA	0.434935595439859	0.3461989237197
NA	NA	NA	NA	NA	NA	NA	NA	NA	NA	NA	NA	NA	NA	NA	NA	NA	NA	NA	NA	NA	NA	NA	NA	NA	NA	NA	NA	NA	NA	NA	NA	NA	NA	NA	NA	NA	NA	NA	NA
NA	NA	1.76119655659304	NA	1.79930441710722	NA	NA	2.19559317183665	NA	2.11930532868239	2.00831962045344	NA	NA	2.23940032555336	2.27222437494361	2.56342770178004	2.23402667950834	NA	NA	2.12247037484253	1.11942322746464	NA	1.28519335126312	0.983545161808981	NA	0.628100895633165	0.996429640970594	0.655398854966975	NA	NA	NA	0.957515659227371	NA	0.475067520972665	NA	1.16317180055807	NA	0.633661636220667	NA	0.500487327177473
NA	0.772330294456522	NA	1.29511643292529	1.16663606866615	0.569596000680771	0.68772042898423	0.334839248080802	NA	NA	0.429164358403836	0.429085373846318	0.880663959784978	0.809442310540733	0.92560855448292	NA	NA	1.03210468812724	1.06764608407732	0.942933601138508	NA	0.43358385224537	1.02929317694538	0.748817123768341	0.634067341464695	0.718462078041001	NA	NA	NA	NA	NA	NA	1.18929926649378	NA	1.17704534778717	NA	NA	0.403826352375389	0.415972075700881	0.422406976816151
0.196018821069982	NA	0.443958634715942	NA	1.17342086490316	1.12313083957208	0.288571684597878	0.451077795150023	0.229973664464462	1.52032878899352	0.571247675873194	0.680336444239728	1.78742992548891	1.43680917235542	0.415598595941472	NA	1.13520130043211	0.953579597230138	1.10621227107555	1.10163607488989	1.08329648177311	1.09238374019063	0.701426150520623	0.727721959643664	0.828832260584224	0.898063231297423	1.19765063021618	1.16656415465697	NA	1.52037880957429	1.45807594922384	NA	0.598112061895556	0.513170366518442	1.54640224512214	0.165597848569162	NA	1.67655795812975	0.829985133672482	0.317565853110309
1.37052119173347	NA	NA	1.47327580941967	NA	NA	2.22280206711685	0.691544124274038	0.831953800177122	2.19722193293146	NA	1.04967493221368	0.965449039233548	2.1242141703525	NA	1.17734201718679	0.981224927126024	0.882650701400153	1.53844724841828	0.612072010717053	1.25660958524241	1.3699078899662	1.75417075209419	1.7772020290166	1.23189303549434	0.935885450202023	1.10127309121379	1.01653948183355	1.98888131784936	0.608559817672895	1.86567438740427	2.23009886441772	0.773147476853503	0.370829934166563	0.313113690233463	NA	NA	NA	0.231350953595687	0.246195969712956
NA	NA	NA	NA	NA	NA	NA	NA	NA	NA	NA	NA	NA	NA	NA	NA	NA	NA	NA	NA	NA	NA	NA	NA	NA	NA	NA	NA	NA	NA	NA	NA	NA	NA	NA	NA	NA	NA	NA	NA
0.472676902672607	0.357398324278811	0.458682780753773	1.89900270087393	0.216579585805405	0.54291545966739	1.04761989125748	0.21141912129148	0.541563070497839	0.49656856055656	0.206667199216028	NA	NA	NA	NA	NA	0.815755526913195	0.723380300052967	NA	0.476261011136554	1.26221067992263	1.84393983362081	0.673868373389534	0.914800954584868	0.797695751298708	0.901350626163655	0.6784861033081	0.416794752943844	0.390293744380897	0.402715473680444	0.581178564953554	0.649893529957603	0.619117605312304	NA	0.244278092566147	0.631879449466711	NA	0.766938979479762	0.851073854647666	1.01976563677293
NA	0.998302815228576	NA	NA	1.08533607035729	0.691058867059016	1.0224847146105	1.41729246705	1.08285644351771	1.4809094558485	1.12637941743922	0.514680029947154	NA	0.794415437561027	0.745428038085174	NA	0.743523748535025	NA	NA	NA	NA	NA	0.408407119321813	0.644348905378593	0.579935524897683	0.51721283161888	0.708589396504427	NA	0.463176953735937	0.50863271125278	0.457803204336539	NA	NA	0.235131462265086	NA	0.2500027819524	NA	0.733789496672124	0.625690201261527	NA
NA	NA	NA	NA	NA	NA	NA	NA	NA	NA	NA	NA	NA	NA	NA	NA	NA	NA	NA	NA	NA	NA	NA	NA	NA	NA	NA	NA	NA	NA	NA	NA	NA	NA	NA	NA	NA	NA	NA	NA
0.72039159144088	NA	NA	NA	NA	0.753233855898174	1.26521614544303	1.21437777233117	1.28195314171358	NA	1.35627671771159	1.58477204631911	1.67259613816432	1.6627169205855	1.38143450877672	1.31171688212871	0.95665760296347	NA	NA	0.454169219537725	0.939170676325399	1.11573250212682	0.283689965223199	0.691657432621537	1.36311485313088	NA	0.516287895107573	0.402604619508397	0.45000991859454	0.385722514023657	NA	NA	NA	NA	NA	NA	NA	1.00583010056448	NA	0.214212683575018
1.43125327195205	1.82660045503665	1.2460220018251	1.53939839075886	NA	NA	1.77996840499077	1.571255833608	1.36345266533308	NA	1.69250574684704	NA	1.3213248900257	1.66632683758697	NA	NA	NA	1.29443738932378	NA	NA	NA	NA	NA	NA	1.92621067357558	1.31710907291816	0.956273309484745	NA	0.77913633053011	NA	0.977536560310018	NA	NA	NA	0.723865722667984	NA	NA	NA	NA	1.22444889192061
NA	0.363899563375641	NA	NA	NA	0.861279794144062	1.28987177110136	NA	1.24772889256879	NA	0.860801237592217	0.757624501193626	0.756717792705205	NA	0.734578612000343	0.655078379391763	0.996130148788189	0.840634908952613	0.696321371267821	NA	1.4881045823199	NA	0.349955158498057	0.426317635103886	NA	NA	NA	NA	0.776624957435394	0.751793441266064	NA	NA	0.495924047737783	0.266634646813866	0.121754574583377	NA	NA	0.292810655109449	NA	1.21384841775624
NA	NA	NA	NA	NA	NA	NA	NA	NA	NA	NA	NA	NA	NA	NA	NA	NA	NA	NA	NA	NA	NA	NA	NA	NA	NA	NA	NA	NA	NA	NA	NA	NA	NA	NA	NA	NA	NA	NA	NA
NA	2.1786621962074	NA	NA	NA	NA	NA	NA	NA	NA	1.09186242203595	2.46027400597102	NA	2.13787032477169	NA	NA	0.423382051758785	1.91200624345282	NA	1.85054432253894	1.90920682293808	0.143835844986128	NA	NA	2.91912004498343	NA	NA	NA	2.29200899716631	NA	NA	NA	0.242486010821475	1.74151037036146	1.71117520021058	2.25084072594046	NA	NA	NA	NA
0.400161847869602	NA	1.25765183266944	NA	0.806555747452893	1.17693519869356	NA	1.1933458328835	NA	NA	1.61155805402659	1.24792600386433	NA	0.661575942757018	0.736192418838549	NA	NA	NA	NA	1.27677064844134	NA	NA	0.730747293215846	NA	0.932546210165543	0.399988418849343	NA	0.647332580007849	NA	NA	0.652910857236934	0.539296003147951	NA	0.324854722228649	0.642093099920604	NA	NA	0.622559829383827	NA	NA
0.992161257069842	0.517028087546211	0.862130084306903	NA	0.603985338289155	NA	0.646526730134522	0.36837448061749	1.37861054496114	1.09644551009467	NA	NA	NA	1.63303471785982	1.44700199511988	NA	0.972387976726982	0.872623727952771	2.07105977933186	0.321427929516141	0.597819455017251	0.705898280499992	0.891037247405372	0.839966768751397	NA	NA	NA	1.05149733627409	1.02955875533411	NA	NA	1.08545277744091	NA	0.810387877768341	NA	NA	NA	NA	0.73294109102002	0.706439315909494
NA	0.632243388767073	NA	NA	0.540354214110177	0.703208154200884	0.726893214026352	NA	NA	1.21484482580103	1.40331677395678	1.5204029578997	1.5537655339878	1.72286149117006	1.8455697874279	1.69468659183688	1.56547223036264	1.39022970329865	1.22392273478551	1.2331582966699	NA	NA	0.823114835666823	0.679407832189305	NA	NA	1.58645168885992	1.66132012109673	0.437644685231393	NA	0.814783120471993	NA	1.02910076805103	0.76332595073407	NA	NA	NA	0.582453297986873	NA	0.664131153680417
0.942017069294513	0.632770484277426	NA	1.09786727308932	0.914838061155747	NA	0.520423022255272	0.817166510496515	0.52166012287501	NA	0.700317512845239	0.465653219362583	NA	0.802611372142882	0.622761744678244	0.734720539630734	0.86012742663552	0.710996183881589	NA	0.557859766421272	NA	NA	0.247467433956236	0.483317585993584	NA	NA	0.791817577437672	NA	0.66712004751398	0.761004267870403	NA	0.946795284555156	0.602088403105277	0.839599483949165	NA	NA	NA	NA	0.879494794911651	NA
NA	0.415440975891949	NA	NA	0.754191535624728	NA	0.840672249187039	0.585338973809969	0.225799069454727	0.333070398371138	NA	0.744391464587308	1.0603631432986	0.816771062278641	0.875485686202724	1.27919863100327	1.60086863233943	0.770293882758821	0.394611728703178	0.683183415524098	0.189729739219554	0.40274836547625	0.700602432974	1.82209906349961	0.597841001351088	0.392195243551731	0.646257729127642	1.96049954621067	1.74656810441099	0.353009333961021	0.293601855705735	0.311563568618158	0.681537262927415	1.75213764666111	1.49328391103636	NA	NA	0.49277673218508	0.401320573157951	NA
0.506542757006771	NA	1.47317913958555	NA	NA	0.622442876958295	1.00875305114391	0.788247582955364	1.39627517447094	0.632936095979045	0.66095030076272	NA	NA	NA	1.29732488821665	NA	NA	1.00136126094292	NA	0.72012997943404	1.05891868365895	0.574997497078148	0.565699272198756	0.703279289499796	1.50691309713833	0.954821695011281	1.1894848504892	NA	0.609778350388743	0.968577126991817	NA	0.309816561234399	0.583117549504087	0.217921617930834	0.420538227485317	NA	NA	0.414549060859159	0.719516037664606	0.786691616284874
NA	NA	NA	NA	NA	NA	NA	NA	NA	NA	NA	NA	NA	NA	NA	NA	NA	NA	NA	NA	NA	NA	NA	NA	NA	NA	NA	NA	NA	NA	NA	NA	NA	NA	NA	NA	NA	NA	NA	NA
NA	NA	NA	NA	NA	NA	NA	NA	NA	NA	NA	NA	NA	NA	NA	NA	NA	NA	NA	NA	NA	NA	NA	NA	NA	NA	NA	NA	NA	NA	NA	NA	NA	NA	NA	NA	NA	NA	NA	NA
NA	NA	NA	NA	NA	NA	NA	NA	NA	NA	NA	NA	NA	NA	NA	NA	NA	NA	NA	NA	NA	NA	NA	NA	NA	NA	NA	NA	NA	NA	NA	NA	NA	NA	NA	NA	NA	NA	NA	NA
1.26118669152069	NA	2.2778492576257	1.4046083537818	NA	1.20406252572384	NA	NA	1.04011543279599	1.01308444463067	NA	NA	NA	1.168398944538	NA	NA	1.08956102789913	1.20738418912804	0.982451701713568	NA	0.594444546870778	0.48982011287319	0.428331230706412	0.450972253670432	0.656027482614295	NA	NA	NA	0.978888269337918	0.784287878477275	NA	0.543258740160612	NA	NA	0.722081439978286	NA	NA	NA	1.03085757466833	NA
NA	NA	NA	NA	NA	NA	NA	NA	NA	NA	NA	NA	NA	NA	NA	NA	NA	NA	NA	NA	NA	NA	NA	NA	NA	NA	NA	NA	NA	NA	NA	NA	NA	NA	NA	NA	NA	NA	NA	NA
NA	0.97026629686051	1.23431223206506	NA	0.950705547219127	NA	NA	NA	NA	0.835843515570372	0.729880007117313	0.675325371384101	1.01217469086448	1.09747276889493	0.537449620750536	0.605680428110256	0.612648789190934	0.398847675002081	0.884115043624275	0.785340755119274	1.11223678633321	1.17009195377409	1.04426321905156	0.950175833858688	NA	NA	NA	NA	NA	0.44064458249517	NA	NA	NA	0.254362452198318	0.34262076737568	0.637365386953282	NA	0.49228017568809	0.350912330645806	0.65412613338401
NA	NA	NA	NA	NA	NA	NA	NA	NA	NA	NA	NA	NA	NA	NA	NA	NA	NA	NA	NA	NA	NA	NA	NA	NA	NA	NA	NA	NA	NA	NA	NA	NA	NA	NA	NA	NA	NA	NA	NA
NA	NA	NA	NA	1.9043173277621	1.45083771425018	1.98223292723705	1.10060917436953	NA	NA	1.36657050999891	2.01112863703662	1.64764173350154	NA	NA	1.6937015253663	1.52777844316543	1.14743149383575	1.5180857591984	1.04982835364267	1.72384693100687	1.47707229408667	1.30709759429381	1.73736845592393	2.18938857799329	1.27378236213657	NA	1.28921734850754	1.18197952425309	1.21432035255811	1.26425639115045	0.909156880929687	0.637133226128285	0.997566370570889	0.793743590000807	NA	NA	1.3423091053198	1.35922288327099	1.44638635395518
0.542382101282723	0.598711159231031	1.19826439812372	NA	NA	0.288705263354134	NA	NA	NA	1.04739456463908	0.401555148964119	0.616109279558774	0.701393895665169	NA	0.986559865878354	0.974544233609423	0.956901802797505	0.685320177065578	1.05300574614662	0.300710736963722	0.274425623582645	0.696540329367432	0.498160490783609	0.803255801989448	0.522483631107078	0.669395019799739	0.509805360420928	1.05594613758256	0.549980057818792	0.775684221850115	NA	0.329458010606295	0.749950624918064	1.0992434462369	NA	NA	NA	NA	0.634453719563964	0.231511044750491
NA	1.0353050599894	NA	NA	NA	NA	1.18065655806014	NA	NA	NA	NA	1.01986261495315	1.12113836255289	NA	1.26775410542825	NA	1.02077560895969	NA	1.02174464196681	NA	NA	0.569769128885755	NA	0.694294312666057	NA	NA	0.509863719594322	NA	0.931637448350956	0.68487506030021	NA	0.967674080516338	NA	NA	NA	NA	NA	NA	0.675031182510944	NA
NA	NA	NA	NA	NA	NA	NA	0.0975071548897482	0.355324429099265	NA	0.678149154897263	NA	0.959123349339763	1.01173703538519	1.10984288972477	NA	NA	NA	NA	1.04775699814176	0.804680500015924	0.324050153647527	0.436843505191159	0.527807381699933	NA	NA	0.616649615823088	0.582789023909765	0.531676225968644	0.386813037909427	0.554136293152465	1.13012369842653	0.96699295452384	1.06165315404624	NA	NA	NA	0.477274663353209	0.588378165011633	0.347755446755374
0.825522767389761	0.786928824086486	1.27164208828641	0.838520391258345	NA	NA	NA	0.613451458221356	NA	NA	NA	0.292620654176667	NA	NA	0.646130436372641	NA	0.699845028524426	0.681201707187702	0.476790091118309	0.615586658925551	1.59451014146875	0.285303917012519	0.202494842851289	0.570864853899645	NA	NA	0.429542547416499	NA	0.447918181641751	0.90045251704733	NA	0.197706496621813	NA	NA	NA	NA	NA	0.0791924790049241	0.183062453450845	0.745894637405592
0.585643494764098	NA	0.436115397515658	NA	0.743562765360884	0.578922818851784	0.814483535911841	0.708037212704742	1.03457001135808	0.953306527154933	2.44222101337762	2.33696551585077	NA	0.435718168975735	1.48159199977517	1.34110348607994	0.687308460197957	0.439487362004221	0.728816281541725	0.709656496210585	1.71609172087866	1.58270485707625	1.70534921162883	1.11613179410509	0.424643507307845	0.76715229613604	0.308604983959917	0.332061581040999	0.155948649978245	NA	NA	1.94418746410674	2.07510900977484	0.647522788219139	0.402589134156173	NA	NA	NA	2.00494230114668	0.902355540664952
0.775889563565235	NA	3.22646311135722	2.19859003198443	2.13618621029643	2.26277540655949	2.53225949714652	NA	2.65651354711985	2.78934886185963	NA	NA	NA	NA	2.52656831578399	3.07875512593673	NA	2.94355633813203	NA	NA	NA	NA	0.94400618837309	0.344583791776001	1.19707228963737	1.16334202403715	1.40490980819311	0.218547300929474	NA	0.0947874034229277	0.946377407306997	0.348718667862595	0.260907828910526	0.556977424513764	NA	0.181250798429485	NA	0.445325941231202	1.10564964537551	NA
0.22762372466872	NA	0.892564055398892	NA	2.10904026128766	0.581919723740109	0.822550675798915	2.15459372925757	0.635826357205952	NA	1.08749648829917	0.89112458139061	NA	1.3577679721367	1.91582996870063	NA	NA	1.54042065442321	1.235570850005	2.4518330546265	NA	1.00854766530823	0.581326795201706	0.606806643109894	NA	1.65681404988348	0.351855821617265	0.515846414229161	0.500939998962669	0.899087880629469	NA	0.53667113212835	NA	NA	0.430691664690808	0.507615550079185	NA	1.03523645389162	0.518321662062837	0.663952472701943
NA	0.582074688131959	0.496319384302214	NA	NA	NA	NA	NA	NA	NA	NA	NA	0.639168163899394	0.727164993990107	0.560595332004436	NA	NA	NA	0.511419419494737	NA	0.706878785610668	0.572618838948399	0.435268294580575	0.452336064465221	0.616002145276333	0.471351649853547	0.244471028055108	NA	0.412524607770656	0.373203890754548	NA	0.713249854819855	0.46651767450373	0.351435558177052	0.212181766596266	0.656861652001482	NA	0.437906577292494	0.651812279650501	NA
NA	NA	NA	NA	NA	NA	NA	NA	NA	NA	NA	NA	NA	NA	NA	NA	NA	NA	NA	NA	NA	NA	NA	NA	NA	NA	NA	NA	NA	NA	NA	NA	NA	NA	NA	NA	NA	NA	NA	NA
NA	NA	NA	NA	NA	NA	NA	NA	NA	NA	NA	NA	NA	NA	NA	NA	NA	NA	NA	NA	NA	NA	NA	NA	NA	NA	NA	NA	NA	NA	NA	NA	NA	NA	NA	NA	NA	NA	NA	NA
NA	NA	NA	NA	NA	NA	NA	NA	NA	NA	NA	NA	NA	NA	NA	NA	NA	NA	NA	NA	NA	NA	NA	NA	NA	NA	NA	NA	NA	NA	NA	NA	NA	NA	NA	NA	NA	NA	NA	NA
NA	NA	NA	NA	NA	NA	NA	NA	NA	NA	NA	NA	NA	NA	NA	NA	NA	NA	NA	NA	NA	NA	NA	NA	NA	NA	NA	NA	NA	NA	NA	NA	NA	NA	NA	NA	NA	NA	NA	NA
NA	NA	NA	NA	NA	NA	NA	NA	NA	NA	NA	NA	NA	NA	NA	NA	NA	NA	NA	NA	NA	NA	NA	NA	NA	NA	NA	NA	NA	NA	NA	NA	NA	NA	NA	NA	NA	NA	NA	NA
NA	NA	0.464831816251845	0.385226498651352	0.797294229248931	NA	NA	0.691482039578126	NA	0.519834609356061	NA	0.906796354802624	0.844934319399261	0.936291423941565	0.460335759278438	0.779161432834971	NA	0.644020824159937	NA	NA	0.926149388544466	NA	1.9366465596279	NA	1.83894377443113	1.62187803408986	1.37700840381316	1.2071940057857	1.37722869099164	1.56065927196659	NA	1.56995900917078	1.55700984648512	0.763941749408753	1.41064721052452	NA	NA	1.07691857273887	0.790185018445057	NA
NA	NA	NA	NA	NA	NA	NA	NA	NA	NA	NA	NA	NA	NA	NA	NA	NA	NA	NA	NA	NA	NA	NA	NA	NA	NA	NA	NA	NA	NA	NA	NA	NA	NA	NA	NA	NA	NA	NA	NA
0.737274951361923	NA	NA	1.29515936127688	0.555953154194126	0.323415986671344	0.248980227193655	0.544371405443446	NA	1.49061699624045	0.73076072442036	0.563846129858981	0.600740433379905	0.526020297093881	0.265996563463779	0.474037012184877	1.70904701617452	NA	0.586334591167017	0.5344177539233	0.552043554073316	0.369128966180172	0.427122553475442	0.486994556505063	0.757036550089113	NA	NA	0.891642439585694	1.93671938264748	0.842808555768982	0.664403144457847	0.705132429979007	0.295091738779218	NA	0.58370591930289	0.426367346558177	NA	0.484267945922942	0.377372907751033	0.769800855459152
1.48232307071584	NA	1.0797688936144	NA	1.5053037929014	1.38191417406286	1.2021861480178	1.02277204069928	1.17089184413238	NA	0.874445953475418	0.956729820897191	NA	1.16920274607367	1.3739476950161	0.944946183052493	NA	NA	NA	NA	NA	0.413357491673668	0.515976248276724	1.22643115493686	0.565485239915511	NA	0.386947520349639	NA	0.47581319133593	NA	0.394711808531049	0.363048595332499	0.642248984220724	NA	NA	0.617509561476815	NA	0.643619841822859	NA	0.367781059206313
NA	1.40036716710539	NA	NA	NA	1.50379632943601	NA	1.81692255426148	1.42106281061143	NA	NA	1.26855944911513	1.34982570883027	NA	1.92399057464754	1.73146919339334	1.62915637453769	NA	NA	NA	0.602447485862843	0.652269598857531	0.246958396915159	0.296417888250149	0.625317471096469	0.832554701010293	0.930608651364718	1.46849635683288	0.544864389207539	0.336557820115739	0.610257603179563	0.775452433428759	NA	0.394349042381534	0.366726392689258	0.423597579311705	NA	0.507150485829781	0.558459532160085	0.304709389027656
NA	NA	NA	NA	1.32131900926173	1.4359530023176	1.6570995443656	NA	1.61670570215474	1.0705862602654	1.53483159895743	NA	1.35801073169942	1.33115222897167	NA	NA	1.34650476358598	1.21621293096234	1.43252274811725	NA	1.02876599013386	0.745320933182939	0.538163325000642	NA	0.810439674025714	NA	0.853054321526598	0.366782628963282	NA	0.597158443035856	0.647717714144982	0.822928518781001	NA	0.500601717192253	NA	0.357632290115106	NA	NA	0.237221811839999	0.402692597942104
0.923209022875629	NA	0.504299139002184	1.19525486796099	1.34545075210618	1.95144366819672	0.390150552948017	0.330489493537625	0.338171925311582	NA	0.706837336378024	0.827225870944173	NA	0.51125685315588	0.420198015939757	NA	0.85852346378373	1.01645214233984	NA	1.09657044274902	NA	0.726240187679901	0.695425825643425	0.796129675668377	0.778146478390642	0.647569861642599	NA	NA	NA	NA	0.766211270872226	0.435453296371674	0.242521207893822	NA	NA	NA	NA	NA	0.979258909070813	0.942560809780955
NA	NA	NA	NA	NA	NA	NA	NA	NA	NA	NA	NA	NA	NA	NA	NA	NA	NA	NA	NA	NA	NA	NA	NA	NA	NA	NA	NA	NA	NA	NA	NA	NA	NA	NA	NA	NA	NA	NA	NA
NA	NA	NA	NA	NA	NA	NA	NA	NA	NA	NA	NA	NA	NA	NA	NA	NA	NA	NA	NA	NA	NA	NA	NA	NA	NA	NA	NA	NA	NA	NA	NA	NA	NA	NA	NA	NA	NA	NA	NA
0.365826029715217	NA	NA	NA	0.196675280598075	0.747941774976586	0.490849300774682	NA	0.441654091744471	0.560749076850265	0.341633718700171	0.511965506182833	NA	NA	NA	NA	0.830768795013467	NA	0.410535369077622	0.856974479556485	1.1265132615685	0.55645170274182	0.765465366898686	NA	NA	0.374573932396623	NA	0.308933463070234	NA	0.516964561025284	0.539787460266161	NA	0.478874494841928	NA	0.477157482059627	0.25960672821206	NA	0.559843572276788	0.501346796975982	NA
1.92936240162241	1.77682965621438	1.50445176286496	NA	NA	1.9715828665871	1.87949328578176	NA	2.02324498491494	1.76114934441867	1.67371387854829	0.829248978361392	NA	NA	NA	NA	1.36064539440451	1.39666793203024	NA	1.79789800700935	2.46132207324501	1.69541364719254	NA	1.26757390555741	1.74858054207568	1.51511323536488	1.32330260695724	1.55115331801648	1.18853325726039	1.08888445682719	0.711175783603091	0.366323787554507	NA	0.515711175088119	0.450658384836506	1.55244733718725	NA	NA	NA	0.465389379122262
NA	NA	NA	NA	1.61476331750024	1.41148689991877	1.2486174916332	1.14255782151148	NA	NA	NA	NA	NA	NA	NA	2.11105305051237	NA	1.78596666640574	1.35368474428981	1.26430093659489	1.72221769586913	0.917814412886993	0.884525237224411	NA	NA	NA	NA	0.508327477528435	NA	NA	1.00706744101641	0.83194817021689	NA	0.943077485270345	NA	NA	NA	0.771538764701367	0.687537943488019	NA
1.99927442983111	NA	NA	NA	1.55039719753082	1.01814514429023	1.00432344778488	NA	0.877531291279818	0.947989834189599	NA	0.407910770140859	0.640423634740688	0.748861306519795	0.571909068605298	0.637936858245449	0.566553961779574	NA	NA	NA	1.3659958892646	NA	NA	NA	0.979107900681734	NA	0.768706528618866	0.771086792324331	NA	0.581412819115246	0.694799023425659	0.420499765763324	0.352113880716463	0.311653888921835	0.23308320915964	NA	NA	NA	0.478897529722568	0.192069219774035
0.344575867468432	0.416713709852243	NA	0.898852416709729	2.42547853866615	0.829308437778341	0.931212083935775	NA	NA	NA	NA	1.43925107157049	1.52216143087443	1.5622233062659	1.58896431116439	1.0079040383733	0.965853568035602	0.950588644955112	1.22734848576259	NA	1.69833224181866	NA	1.11630052040256	NA	0.90675080553473	NA	NA	NA	1.9558876922759	NA	NA	NA	NA	0.329299820195827	0.487332000988743	0.509990231041186	NA	0.280850730021005	NA	NA
NA	0.972651112268184	NA	1.02431722196508	NA	1.43530683818002	1.952569313424	NA	1.40864390247737	1.7870970520575	1.65544732495327	NA	NA	NA	1.33600351571458	NA	NA	1.41706557508995	1.48044777176495	NA	NA	1.86760454292933	1.64466198964617	1.60511248224842	1.45300028566716	NA	2.06490735429538	2.4958207571874	1.65167855481512	2.791260659113	0.35490076451003	1.57267791518848	NA	NA	NA	1.7654806629182	NA	1.52874994332442	NA	1.86296496757462
NA	NA	NA	NA	NA	0.794116945234632	NA	1.23029648908433	NA	NA	NA	1.16175166997207	0.839951709685797	1.29474277960237	1.01946361564953	NA	0.644657939193623	NA	0.379260021861934	0.494641522410833	0.952343067193889	NA	0.738847753441349	NA	1.35178896018769	NA	NA	NA	0.926707914726098	NA	NA	NA	NA	NA	0.418405825033054	NA	NA	0.202264875574667	0.130442333207955	NA
NA	NA	NA	NA	NA	NA	NA	NA	NA	NA	NA	NA	NA	NA	NA	NA	NA	NA	NA	NA	NA	NA	NA	NA	NA	NA	NA	NA	NA	NA	NA	NA	NA	NA	NA	NA	NA	NA	NA	NA
NA	NA	0.62370045159095	1.97285986959412	1.76882582031933	1.7503026632746	1.23139413139101	2.03666982885115	NA	1.9985886182212	1.89430563887492	NA	1.7986891782811	NA	1.64120918829991	1.69991910025224	1.52734927101827	NA	1.07440913235053	0.322051513429581	0.415408685506047	0.7116524358361	0.310565550636543	0.655719937130416	0.793585990955747	0.575681088000457	1.25838904835984	0.219505091077562	NA	0.702347242623419	1.92795619754644	0.924914219755167	0.532335633649668	1.490192539755	0.564702747901195	NA	NA	1.26839737032493	0.793413587817803	0.332019175457454
NA	NA	NA	NA	NA	NA	1.21277637335484	0.30794044121322	0.680153009750975	0.908360845300716	NA	0.905325704027426	0.958854359648066	0.906194003356965	0.850763388504835	1.03256236383317	1.21824324585693	0.997695866239699	1.05838352196134	0.74530889966102	0.254237147716849	0.868651284492563	0.372067330399338	0.639065881711998	NA	NA	0.661829935056843	NA	NA	0.504113113662704	0.745183506168316	NA	0.875921755613289	NA	NA	NA	NA	2.88345039231839	0.458366244517886	0.509046328266431
1.41016137769532	NA	NA	1.19498751798431	1.09562599825802	NA	1.40039291917806	1.56220619703822	1.41346096275137	NA	NA	1.79408704404002	NA	2.36388934982117	2.10247321777715	NA	NA	1.94831991294145	NA	1.68173043683249	NA	1.34519694581592	0.835904879131193	0.797984299422171	0.767602007738211	0.780371864369322	0.63157803381365	0.990138933610387	0.49612433462383	NA	NA	0.94747974581952	0.922651977514664	0.553036175671213	0.672062473192773	NA	NA	0.786939285629523	NA	NA
1.49582510050614	1.97421583354182	1.11408839860282	1.38590734841672	1.4654461031307	1.15115561217287	1.52327904485559	1.04594527015143	NA	1.44071972966187	1.36820743079323	1.39586597472232	1.45881083510843	1.57082168165405	1.68278645861281	1.58932452964835	1.53497132296367	1.34620221015931	1.18013325637219	0.92499333620675	1.1077830442504	0.76012030615089	0.168359816536399	1.52539457086407	0.423002537046443	1.60448446669177	0.60806351997505	0.626830924290414	0.280082305441599	0.221577087990434	0.48763078840903	0.374242906454994	0.490656125027369	NA	0.44838250034057	0.531272443993817	NA	0.224466281795703	0.772393535143717	1.2171509597035
1.1397057966771	NA	1.89445787565662	NA	1.91513698543583	1.70834326560754	0.963011737548678	NA	1.18967044582202	1.40003347938718	1.05933943286944	1.50262236128496	1.43314857424337	0.786824180312348	0.807609223032845	0.536940800913163	NA	1.4267502126837	0.622115732144489	NA	2.06028977496587	2.06932509061519	NA	0.530796259895037	0.959389459121278	NA	NA	1.73893501238476	1.63962376325119	1.59182573210448	NA	NA	NA	0.744853200971735	2.13773628724578	2.01338880702518	NA	1.83007421739735	1.91014983352785	1.42772413934927
NA	NA	NA	NA	NA	NA	NA	NA	NA	NA	NA	NA	NA	NA	NA	NA	NA	NA	NA	NA	NA	NA	NA	NA	NA	NA	NA	NA	NA	NA	NA	NA	NA	NA	NA	NA	NA	NA	NA	NA
NA	2.15616122495508	0.786822091936004	NA	NA	0.525581459621432	0.139095051348993	NA	NA	NA	0.720251101167198	0.394091640286992	1.86454280525328	1.10450095678529	0.626284993581686	NA	NA	0.928222538219408	1.99586845180752	1.98760414308252	NA	NA	NA	NA	NA	NA	0.458266375288755	0.31578482450433	0.784671759463595	NA	0.657374638341702	0.133841035207382	0.223379127871163	0.322362522251768	0.356077901572006	0.888716212336286	NA	0.831882938098024	1.12323748162848	NA
NA	0.669899777535774	NA	NA	0.769907022255056	NA	1.23124243074576	1.22507378715289	0.968807154652939	0.889384405805411	0.786549655638326	0.926548131292057	1.21264255167964	1.13372095419756	1.22446897366181	1.19218466202963	1.28566177420435	1.11058086753276	1.13288939235557	0.985793895736492	NA	0.705452410407336	1.21359056848642	NA	NA	0.633408164457133	0.690655708915627	NA	0.592888090574178	NA	NA	0.243038847320748	NA	0.316426292580303	0.305322608911726	0.369665908444754	NA	NA	0.330586832330276	0.431379846000123
NA	0.968874268094399	NA	NA	0.852640581296912	0.383787380156324	0.508746923484936	0.288357669059462	0.514637550184534	0.601015309163249	0.571093901530733	0.635056083299691	NA	NA	0.896598877066416	0.759180586876383	1.08113294211519	0.744004639894637	0.720920707435896	0.624040545008071	0.645596040563906	0.342450514621607	0.599644363848499	NA	0.303436138309688	0.773876220695819	NA	0.302788412891408	NA	NA	1.14966090374171	0.539922715690674	NA	0.265404949469428	NA	0.350233061701708	NA	0.341444494503561	NA	NA
NA	NA	NA	0.819937978309742	NA	0.52385036011605	0.197928617543235	0.527003346031011	0.692390589445658	0.899947942458211	0.48596817260793	0.864807344291827	NA	0.576237827951303	0.700311261877554	0.801613006980926	0.47149885327861	0.803157479194886	1.2437514672074	0.93014455202254	0.984271406116449	0.964465528285832	NA	0.773284202899796	0.89204019849669	0.632300522303627	NA	NA	NA	NA	0.530597989938994	0.244816722078533	0.30148270951678	0.695329023230595	0.323312663447276	NA	NA	0.350904386327308	0.392898298752712	NA
NA	NA	NA	NA	NA	NA	NA	NA	NA	NA	NA	NA	NA	NA	NA	NA	NA	NA	NA	NA	NA	NA	NA	NA	NA	NA	NA	NA	NA	NA	NA	NA	NA	NA	NA	NA	NA	NA	NA	NA
NA	0.72806732448125	NA	1.77340266809503	NA	NA	1.13217760068502	NA	NA	NA	0.775210276843272	1.18141420138012	NA	0.592196380137705	0.665293436221361	0.568987271721764	0.772533239995085	NA	0.669667243993181	0.406728324369131	0.424737826888789	NA	0.130954510598079	NA	0.672637986793768	NA	0.408088041308858	NA	0.545407759246016	0.417956728860078	0.262373470300024	0.53652529543191	0.640659254097521	NA	0.415926063916048	NA	NA	0.233973067800273	0.302584558055919	0.606923629707617
1.76732498049466	NA	0.421696000720415	0.0458525140450939	NA	1.0089342506761	1.20103908822472	1.07676422988268	0.959791392489475	NA	1.35775581489428	NA	1.21451340200679	1.40658535507217	1.50221874055884	1.68257965383506	1.37215231915966	NA	NA	1.33240992039798	NA	NA	0.658085048455331	NA	1.97882255860012	NA	NA	1.90438776089791	1.12477688190364	0.367408357324859	0.650033177260031	NA	1.81225037849064	1.7296029082379	NA	0.221662702270525	NA	0.897500130971004	1.18296805573339	NA
NA	NA	NA	NA	NA	NA	NA	NA	NA	NA	NA	NA	NA	NA	NA	NA	NA	NA	NA	NA	NA	NA	NA	NA	NA	NA	NA	NA	NA	NA	NA	NA	NA	NA	NA	NA	NA	NA	NA	NA
NA	NA	NA	NA	NA	NA	NA	NA	NA	NA	NA	NA	NA	NA	NA	NA	NA	NA	NA	NA	NA	NA	NA	NA	NA	NA	NA	NA	NA	NA	NA	NA	NA	NA	NA	NA	NA	NA	NA	NA
NA	NA	NA	NA	NA	NA	NA	NA	NA	NA	NA	NA	NA	NA	NA	NA	NA	NA	NA	NA	NA	NA	NA	NA	NA	NA	NA	NA	NA	NA	NA	NA	NA	NA	NA	NA	NA	NA	NA	NA
NA	NA	NA	NA	NA	NA	NA	NA	NA	NA	NA	NA	NA	NA	NA	NA	NA	NA	NA	NA	NA	NA	NA	NA	NA	NA	NA	NA	NA	NA	NA	NA	NA	NA	NA	NA	NA	NA	NA	NA
NA	1.55821918808113	1.16751231331893	NA	1.17232531002732	0.93551220186059	0.985021575878293	0.815537465801793	NA	0.735169212953759	0.584090676120547	NA	0.744372578583152	0.575235011233177	0.900854680979776	NA	NA	0.615503716924225	NA	0.515611514743231	0.593051909595948	0.465495959302846	NA	0.654714283319387	0.319777013231269	NA	0.530832914432839	0.288590446038291	0.698397825124119	0.588028582388352	0.886822447781585	0.357023626783091	1.42102707109901	0.279162988976299	1.52020658000637	0.315055838684583	NA	0.204330716760395	0.144527176284853	0.581893898957562
NA	NA	NA	NA	NA	NA	NA	NA	NA	NA	NA	NA	NA	NA	NA	NA	NA	NA	NA	NA	NA	NA	NA	NA	NA	NA	NA	NA	NA	NA	NA	NA	NA	NA	NA	NA	NA	NA	NA	NA
NA	NA	NA	0.448075339488017	0.447617403400727	0.27482639076414	0.481885580804995	0.306896373893194	0.746087249375774	0.794151527242753	NA	NA	NA	NA	NA	NA	NA	NA	0.406995030761624	0.37691789030083	0.599579139425837	0.335527664147161	0.265994297466425	0.225145703838178	0.544699686710515	NA	0.761137704641147	1.28896957760925	0.354888780811292	0.522891920667807	NA	0.713424793737357	NA	NA	1.98552459532033	0.309188032391005	NA	0.461987407685736	NA	2.0427576498646
1.55106579164301	NA	NA	NA	NA	1.75847575550417	NA	1.39906234650571	1.06971621618783	0.581290677281122	1.21873112222522	0.948312265850623	0.886584986339765	NA	NA	NA	1.46494859046741	1.8432998401588	NA	1.27365167973977	NA	1.05449387327289	0.989522447794607	0.860651438383001	NA	0.224471567917466	0.652927081670673	NA	1.13779033544888	0.656333168820389	NA	0.694981121697195	0.945697925221967	0.649716961317796	0.418433615032988	0.266731692726663	NA	NA	0.715997784256239	NA
NA	NA	NA	NA	NA	NA	NA	NA	NA	NA	NA	NA	NA	NA	NA	NA	NA	NA	NA	NA	NA	NA	NA	NA	NA	NA	NA	NA	NA	NA	NA	NA	NA	NA	NA	NA	NA	NA	NA	NA
NA	NA	NA	NA	NA	NA	1.31092852050486	1.47567864071073	NA	1.7424610241835	NA	NA	NA	1.78297997238498	1.90095207443357	1.74667861596755	NA	NA	NA	NA	1.71458399483762	1.25958679297947	NA	NA	NA	NA	NA	NA	NA	NA	NA	NA	NA	NA	NA	NA	NA	NA	0.449899869642045	0.873301228615684
NA	NA	NA	NA	NA	NA	NA	NA	NA	NA	NA	NA	NA	NA	NA	NA	NA	NA	NA	NA	NA	NA	NA	NA	NA	NA	NA	NA	NA	NA	NA	NA	NA	NA	NA	NA	NA	NA	NA	NA
NA	NA	2.19164045263229	NA	NA	NA	NA	NA	NA	NA	NA	NA	NA	1.27058988549375	1.70586631228862	NA	NA	NA	1.53692205580823	1.9595122247126	NA	NA	2.28716971172705	2.40510043605621	NA	NA	NA	NA	1.99560289969785	NA	NA	NA	NA	NA	NA	0.93767100329979	NA	NA	1.64903955417746	NA
NA	NA	NA	NA	NA	NA	NA	1.57257771926732	NA	1.78472151456534	1.63217296237087	NA	NA	1.82789966010191	NA	1.81695683603858	2.22885108761255	NA	NA	NA	NA	1.32030584643414	1.11072137522133	0.570075551402552	1.71329114455123	NA	0.260864387993921	0.577762458999433	0.829629545205337	NA	NA	0.842153581135238	NA	1.2342033583721	0.905732174167018	1.03585109068172	NA	0.27314938994385	NA	0.358703287979405
NA	0.611050891736165	0.435097058433639	NA	0.596981276824423	NA	1.65744459362939	0.614283244024294	0.511206345712491	NA	NA	NA	NA	NA	NA	1.1254138642496	NA	0.851019150983795	0.787384716754851	NA	NA	NA	0.536362477895903	0.371529109411888	NA	NA	1.36829634436925	0.462729092461587	NA	0.271146173815318	1.66782060944414	NA	NA	NA	0.684694004446346	NA	NA	0.34460185202953	0.97109065113882	NA
NA	NA	NA	NA	NA	NA	NA	NA	NA	NA	NA	NA	NA	NA	NA	NA	NA	NA	NA	NA	NA	NA	NA	NA	NA	NA	NA	NA	NA	NA	NA	NA	NA	NA	NA	NA	NA	NA	NA	NA
NA	NA	NA	NA	NA	0.519180117701207	0.767891846552929	1.2987032649312	1.96269628628504	NA	1.30767486980333	1.53236766707585	1.19229552424921	1.17978240617912	NA	1.58894492771585	1.54802084525466	NA	NA	NA	1.5180621568217	1.67213136396105	1.10333159672381	1.05346744842344	NA	NA	1.53529216774145	NA	NA	1.19760112861202	0.814158731821913	0.638607168554625	1.41141744208026	0.934185963835788	1.5231249550958	0.961239092242209	NA	NA	1.40367741382979	1.22101569292373
NA	1.77529606809863	NA	NA	NA	NA	NA	1.5215780214396	NA	NA	NA	NA	NA	1.03234176812525	NA	1.86506031843266	1.72390737167194	0.292439271312195	0.862773175265182	0.536947500136012	1.10733382044158	1.83013369976459	2.16901784392391	1.86051271827401	NA	NA	2.03618012132869	NA	NA	NA	NA	NA	NA	NA	NA	NA	NA	NA	NA	1.21394697156846
NA	NA	NA	NA	NA	NA	NA	NA	NA	NA	NA	NA	NA	NA	NA	NA	NA	NA	NA	NA	NA	NA	NA	NA	NA	NA	NA	NA	NA	NA	NA	NA	NA	NA	NA	NA	NA	NA	NA	NA
NA	1.36455735643361	NA	NA	1.78131946780119	1.59182735221305	1.95645914861922	1.71680590808954	1.80767045120103	NA	1.76774487438746	1.79082783251748	1.61376260240211	NA	1.77814731839986	NA	NA	1.63627048159523	1.51668795865609	NA	1.87277268773821	1.48496900303148	1.55804305425504	1.74190733841512	2.07140458268771	2.68182383765904	NA	1.80612521200644	2.68923567894652	NA	NA	1.9684692010269	2.06077942043312	NA	0.25079896991569	0.570949330070126	NA	0.354052703621297	1.72084179086144	2.18730214420099
0.284362359794962	0.186337236192367	NA	NA	NA	0.26387932323327	0.244372359047906	NA	NA	NA	NA	0.06890072931477	NA	0.562902881389376	0.607853351462407	0.488183467439098	0.433034754510634	0.819630062218987	0.525340955724521	0.736347585483439	0.323347350353451	0.640538087882903	0.689077420959829	NA	NA	NA	1.60548526454397	0.750553724111035	1.70760731003646	0.939824066510233	NA	NA	0.79877730736811	0.565530816589362	0.244974962767248	NA	NA	NA	NA	NA
NA	NA	NA	NA	NA	NA	NA	NA	NA	NA	NA	NA	NA	NA	NA	NA	NA	NA	NA	NA	NA	NA	NA	NA	NA	NA	NA	NA	NA	NA	NA	NA	NA	NA	NA	NA	NA	NA	NA	NA
NA	NA	NA	NA	NA	NA	NA	NA	NA	NA	NA	NA	NA	NA	NA	NA	NA	NA	NA	NA	NA	NA	NA	NA	NA	NA	NA	NA	NA	NA	NA	NA	NA	NA	NA	NA	NA	NA	NA	NA
2.39529031932223	1.54445197617988	1.91192811304758	NA	1.7395893333957	1.68637982285221	1.57649401124481	NA	1.24851730642973	1.70158207472631	1.70057173743624	1.65274078398121	1.35364859294682	NA	2.49325353009953	NA	NA	1.88395647733293	1.79591162402792	1.37922897970572	1.40160113921938	1.40235640099793	1.37031582048509	1.2038897947724	NA	0.965630862551142	0.827505305393823	0.803299911219297	0.607531502766	0.667963039278827	0.235611259545136	0.605204364147168	0.258193455790735	0.374439732678867	1.241097492217	0.495135248996523	NA	1.11957833031587	0.640735048006118	1.10594423587949
0.575635635420995	0.662313818457618	NA	NA	NA	1.0460114200852	0.625423052452089	2.10469162571492	1.02015910240219	1.20850826388366	1.66257061083541	0.42150437267176	NA	0.549529909960698	1.03446199525961	NA	0.452208543685943	1.64386196301914	0.399869121218458	0.572425307359856	1.32527431916639	1.34436649138776	0.482806889052352	0.86799781803257	1.14292305510104	1.81370258016191	NA	NA	0.627482685622274	1.43947536267919	1.52317455367269	1.07273686044108	NA	0.844758807896626	0.998882747613869	NA	NA	0.394543795506227	NA	0.478676132128169
NA	NA	1.89781234806911	NA	NA	1.55799828962479	NA	NA	2.20333512919032	2.01278626109371	2.02288672508956	NA	NA	1.76212840515354	1.71742742559717	1.73897532695407	1.9168127920089	NA	NA	NA	NA	NA	NA	0.863777328659915	0.838743009770662	NA	1.81033028007833	0.500150205508066	NA	0.49061878012564	NA	0.465628747175144	NA	NA	NA	0.545837801892343	NA	0.29479591224695	NA	0.549254562340052
NA	NA	2.0980406193723	1.41264883167185	NA	NA	NA	NA	0.299742311803429	NA	0.515153760798288	NA	NA	0.919719515170137	NA	0.956709524078254	NA	1.18240631751315	NA	NA	NA	NA	NA	1.08180644969842	NA	NA	NA	NA	NA	NA	NA	NA	NA	NA	NA	NA	NA	NA	NA	NA
NA	NA	NA	NA	NA	NA	NA	NA	NA	NA	0.915760962445232	NA	0.92319395760208	0.440619899763251	0.647961381327787	0.726680325322133	0.614346792566501	NA	NA	0.442608864659461	0.128876114968643	0.723984116194366	0.59098299119583	NA	0.594761320879595	NA	NA	NA	NA	0.722323581033776	0.192262971675392	0.993106475450968	0.255047051531051	0.562331091652178	NA	0.0928538843315538	NA	0.826484675236475	0.594813591898856	0.742074683547397
NA	NA	NA	NA	NA	NA	NA	NA	NA	NA	NA	NA	NA	NA	NA	NA	NA	NA	NA	NA	NA	NA	NA	NA	NA	NA	NA	NA	NA	NA	NA	NA	NA	NA	NA	NA	NA	NA	NA	NA
NA	NA	NA	NA	NA	NA	NA	NA	NA	NA	NA	NA	NA	NA	NA	NA	NA	NA	NA	NA	NA	NA	NA	NA	NA	NA	NA	NA	NA	NA	NA	NA	NA	NA	NA	NA	NA	NA	NA	NA
NA	NA	NA	NA	NA	NA	NA	NA	NA	NA	NA	NA	NA	NA	NA	NA	NA	NA	NA	NA	NA	NA	NA	NA	NA	NA	NA	NA	NA	NA	NA	NA	NA	NA	NA	NA	NA	NA	NA	NA
NA	NA	NA	NA	NA	NA	NA	NA	NA	NA	NA	NA	NA	NA	NA	NA	NA	NA	NA	NA	NA	NA	NA	NA	NA	NA	NA	NA	NA	NA	NA	NA	NA	NA	NA	NA	NA	NA	NA	NA
NA	0.914336495811218	0.678795521329261	NA	NA	0.905681904392042	0.991939433935791	NA	NA	NA	1.07695242538946	0.703270099350394	0.393636350286153	0.667797033563578	0.774501586809304	NA	1.10693168274868	1.41445429468828	1.40622515055152	0.618578557926901	NA	0.717612555608302	0.775789726447693	0.560224003404074	1.23125463466829	NA	NA	1.15037863517078	1.13660648249602	0.879919841713327	NA	0.494149692833573	0.709949001823913	0.420701041680337	0.491071820049689	0.27888338437591	NA	0.374706983573693	0.556030223537065	0.984010661583565
NA	NA	NA	NA	NA	NA	NA	NA	NA	NA	NA	NA	NA	NA	NA	NA	NA	NA	NA	NA	NA	NA	NA	NA	NA	NA	NA	NA	NA	NA	NA	NA	NA	NA	NA	NA	NA	NA	NA	NA
NA	NA	NA	NA	NA	NA	NA	NA	NA	NA	NA	NA	NA	NA	NA	NA	NA	NA	NA	NA	NA	NA	NA	NA	NA	NA	NA	NA	NA	NA	NA	NA	NA	NA	NA	NA	NA	NA	NA	NA
NA	NA	0.86510879962131	0.97084417441818	NA	NA	0.779056425768394	1.46811742883757	1.34790890678648	1.03594218861731	NA	NA	NA	NA	1.45540585502392	NA	NA	NA	NA	NA	NA	0.796153378961144	1.24453922960644	0.952122897943262	0.948586484155975	NA	NA	1.25709025082513	NA	1.18431674743184	NA	1.0221850611727	NA	NA	1.13272900020575	0.101370243883863	NA	NA	0.340306962518634	0.769051620025386
2.52989856951433	1.66602797306029	1.94615560759605	NA	1.49391429583496	1.77851890381601	1.6123009805427	1.44561572236928	1.37777493204791	1.18686976186055	1.23088663563694	1.12668232280682	1.19001194491825	1.36024072289739	NA	NA	NA	1.29372514798088	1.56414838229078	0.686405572580296	0.620004185030473	1.25060896850978	0.671439419084249	NA	1.64549405169764	1.00690983072114	1.31716002860241	1.4865970815682	1.88196804406621	1.20640201476858	0.649424003551207	1.47902800541261	NA	0.92734486479593	1.17513250862706	NA	NA	1.620779790779	0.949414399492646	1.17916137353213
NA	NA	0.818515369780387	NA	0.849630089686646	0.475242249642713	0.88060625608102	0.672583966915607	1.0482456585387	NA	1.17406135678616	1.1323510160949	0.654867276048885	0.594693271338753	NA	0.389923834759157	0.219645354790559	0.336697779796857	NA	0.986122848426014	1.02587039649845	0.566977692363413	1.04830075061743	NA	0.427654564746703	0.425825344233679	0.428253836569604	0.332233878265329	0.532849738306876	NA	0.599618079663508	0.473988650325779	0.387192393163283	0.524935487129749	NA	NA	NA	0.317322996997962	0.549391276309013	0.632915211055483
0.32755051945793	NA	0.826501141972017	NA	NA	0.40559464249213	0.675047393350588	NA	0.755370502478146	NA	NA	1.29934734177526	NA	NA	1.25942786715843	1.22869523587307	0.543926060802288	0.301356720700785	0.703508758924218	0.594108255058102	0.48955013315316	0.835488259938919	0.660448491479783	0.700578139770376	1.28340202969021	1.53625851962569	0.368627447671289	0.793632641783987	1.05093081483895	0.921613561908044	1.06345269996811	1.33797473288798	NA	1.28247881447327	0.511314050571399	0.351471170985864	NA	0.686107282684254	1.01221396370907	NA
NA	NA	NA	NA	NA	NA	NA	NA	NA	NA	NA	NA	NA	NA	NA	NA	NA	NA	NA	NA	NA	NA	NA	NA	NA	NA	NA	NA	NA	NA	NA	NA	NA	NA	NA	NA	NA	NA	NA	NA
NA	NA	NA	NA	NA	NA	NA	NA	NA	NA	NA	NA	NA	NA	NA	NA	NA	NA	NA	NA	NA	NA	NA	NA	NA	NA	NA	NA	NA	NA	NA	NA	NA	NA	NA	NA	NA	NA	NA	NA
NA	NA	NA	NA	1.09003154851013	NA	NA	NA	1.1723332351932	NA	NA	NA	0.904634982949913	1.23402616657112	1.16070329865149	NA	NA	NA	NA	NA	NA	NA	NA	0.164296098418884	NA	NA	NA	NA	1.89378853064478	1.20642452672154	NA	0.971133795230696	NA	0.234081987318574	NA	0.165301218335411	NA	0.320374294446732	NA	0.153864325830873
NA	NA	NA	NA	2.28032770678393	NA	NA	2.31814258511277	NA	NA	NA	NA	NA	NA	NA	NA	NA	NA	NA	0.659509007662281	1.41337127814748	0.990221942254304	1.32706438955989	2.18860203582165	0.971902081157525	NA	NA	NA	NA	0.431928936303341	NA	NA	1.15450986104762	NA	0.527119602201739	NA	NA	0.81960419207862	0.898107601768253	0.851053564005068
0.462256378183089	NA	0.691336677802741	NA	0.989153392244097	NA	NA	NA	1.22691102496998	0.685570611484521	0.57258670907359	NA	0.764254760258428	NA	1.20421267727745	1.32725386678072	NA	0.932727108775897	NA	0.492970869707071	0.749950137340348	NA	0.43516410373902	0.431985237231268	0.383060372297979	NA	0.808572456935034	0.787576998255183	0.515466142309432	0.443256434237906	0.691373512801542	0.755789409779504	0.953945485354057	2.23162499420467	0.1636629087917	NA	NA	0.566864746349454	0.40359316385671	NA
1.69885763706812	NA	1.67502587124309	1.68757183790464	1.26387215154165	0.746447563200444	1.13101792534859	NA	NA	NA	1.58543387874927	NA	NA	1.15237841390622	1.64689844049649	NA	NA	NA	0.603596283043577	0.466077351586199	0.682223965537946	1.03632035016263	NA	1.83693287794787	1.61729585117678	1.8583514285164	NA	1.73075791560386	NA	1.4495967772923	NA	1.52211100325341	1.48141333818368	1.52847451888254	NA	NA	NA	1.43671753706714	1.49438657242621	1.87877709960175
0.821935232613822	1.01986526679886	1.0422874089417	NA	1.31457702276272	1.00326937597308	0.988879737514972	1.17700459267095	0.617378897114449	1.12366718583231	0.436925497853203	0.838183746140505	NA	NA	0.874927650013067	0.885247884267027	1.06254921461135	NA	NA	0.807066429187567	0.610405563309565	0.483116016281901	NA	0.654647404958161	0.635384195903837	0.992475536460492	NA	NA	0.329638299395506	0.799244387317234	2.03854736831023	1.00918295285384	NA	NA	0.390431432509629	0.458391884361694	NA	0.39643459679201	0.208463362882666	0.765775508449637
NA	NA	NA	NA	NA	NA	NA	NA	NA	NA	NA	NA	NA	NA	NA	NA	NA	NA	NA	NA	NA	NA	NA	NA	NA	NA	NA	NA	NA	NA	NA	0.430070408148038	0.254121978759419	0.147233450460499	0.117278969452538	0.0775839377160299	NA	0.284685351691112	0.217359722631129	0.385775646394755
NA	NA	NA	NA	NA	NA	NA	NA	NA	NA	NA	NA	NA	NA	NA	NA	NA	NA	NA	NA	NA	NA	NA	NA	NA	NA	NA	NA	NA	NA	NA	NA	NA	NA	NA	NA	NA	NA	NA	NA
NA	NA	NA	NA	NA	NA	NA	NA	NA	NA	NA	NA	NA	NA	NA	NA	NA	NA	NA	NA	NA	NA	NA	NA	NA	NA	NA	NA	NA	NA	NA	NA	NA	NA	NA	NA	NA	NA	NA	NA
NA	NA	1.03022078277261	NA	NA	0.591897898264043	NA	0.960066695724863	0.866807161108836	NA	0.436794229252084	NA	NA	1.5436401275372	NA	0.967741721704011	1.42787491007483	NA	NA	0.725130331132104	1.10265455077885	0.309489681654918	0.400980328608901	0.719411325549917	0.300148129868532	1.17477305692619	NA	0.206361077516613	0.264972808631033	0.415945164958	0.184880794059408	0.481990788477329	NA	0.363030476997447	0.501875576438234	0.343660738461951	NA	0.674600536820395	0.866353805104531	0.27117287353125
NA	NA	NA	NA	NA	NA	NA	NA	NA	NA	NA	NA	NA	NA	NA	NA	NA	NA	NA	NA	NA	NA	NA	NA	NA	NA	NA	NA	NA	NA	NA	NA	NA	NA	NA	NA	NA	NA	NA	NA
1.33526044704254	NA	NA	NA	NA	NA	NA	NA	NA	NA	NA	NA	NA	1.09379594543576	NA	NA	0.921786275070465	0.991551554747622	NA	0.77932328548875	0.826726592241316	0.84842858053169	0.652444587099586	NA	0.677824243851433	0.62331633116423	0.572418573927972	0.664009310451599	0.767754508048587	NA	0.78619834537608	0.785162023350456	NA	0.817709485021611	0.481331981347792	0.179278204697599	NA	0.79975762193922	0.936517499202214	0.706593829428587
NA	NA	NA	NA	NA	NA	NA	NA	NA	NA	NA	NA	NA	NA	NA	NA	NA	NA	NA	NA	NA	NA	NA	NA	NA	NA	NA	NA	NA	NA	NA	NA	NA	NA	NA	NA	NA	NA	NA	NA
NA	NA	NA	NA	NA	1.53641818153633	NA	NA	NA	NA	NA	1.35051043388314	NA	NA	1.6360904518534	NA	NA	1.64116769357882	0.715418348781315	1.46552061295297	1.01030689013106	0.721391590768844	0.546464659212813	NA	0.594456010301257	1.84375452206898	NA	NA	0.59336479019121	0.749035806219376	1.30730296908443	NA	0.606162794879231	0.646586874941343	0.618464551141077	0.710645480867076	NA	1.52773699183157	0.841201308544877	0.821958443186124
NA	1.15300852765865	1.0999824497535	NA	1.27420328973085	1.14562086662622	NA	0.857057623591567	0.883571763257431	1.07938135214641	0.858754258462358	0.455526188264678	0.566651846849569	0.780314024419909	1.09410450499197	1.16584007654774	0.760801164146996	0.57168864880833	0.633131030938806	0.437665605361609	1.36158714014933	1.31892223926832	1.34718576374712	1.29528226092545	1.42887204566707	1.61608001017624	NA	NA	1.30666843995748	1.28868125451496	1.24885077260309	1.41230516692531	0.880742028415269	NA	NA	0.9809850636261	NA	0.297475680757935	NA	0.37277859070128
NA	NA	NA	NA	NA	NA	NA	NA	NA	NA	NA	NA	NA	NA	NA	NA	NA	NA	NA	NA	NA	NA	NA	NA	NA	NA	NA	NA	NA	NA	NA	NA	NA	NA	NA	NA	NA	NA	NA	NA
NA	NA	NA	NA	1.12111855240808	NA	1.19812656682953	NA	1.0626581213883	NA	1.07780428116276	NA	0.946401896781182	1.22916337509248	1.2935769992429	1.6540707325737	1.52365321606945	NA	NA	0.493234486175789	1.03066528862582	1.38808182230637	1.55306212747779	1.46703545578225	1.28774573456689	1.10406769912707	NA	NA	NA	1.42696046399764	NA	1.15234203294849	1.19074075501047	0.706261881471687	0.731856367758368	0.826290495631905	NA	0.607770976021258	0.800365087652378	0.873096559189068
NA	NA	NA	NA	NA	NA	NA	NA	NA	NA	NA	NA	NA	NA	NA	NA	NA	NA	NA	NA	NA	NA	NA	NA	NA	NA	NA	NA	NA	NA	NA	NA	NA	NA	NA	NA	NA	NA	NA	NA
0.368737643532283	1.05798367204078	NA	NA	NA	1.37595915646612	NA	1.31138537723303	NA	NA	NA	NA	NA	NA	NA	NA	NA	1.05002930392081	0.904848996409066	0.694685219329473	NA	NA	NA	1.02115464934163	NA	NA	1.20477725379723	NA	0.972615745451317	1.08218506536706	NA	0.873323535277048	1.06141311741345	0.506743301064941	0.280828960878789	0.280156316282519	NA	0.251058544701395	0.308414613730989	0.522945138431881
NA	NA	0.927006172210816	1.23366576002591	NA	2.20200215556165	1.41869334626541	1.11645830286124	1.20404409973874	0.931199676956303	1.23175168334575	1.35821155205241	NA	NA	0.962928527990346	NA	1.61998571160277	0.63743303274519	NA	NA	1.50806246031383	1.13921025413205	NA	0.763853755285132	NA	0.590928845021143	0.595303454631863	0.724680911968816	NA	0.447007053888186	NA	0.897926227671455	0.514334955521464	NA	0.588447136799797	0.188841854905343	NA	NA	0.59907203443802	0.916089991638944
NA	0.796041649238753	0.584050346333165	NA	1.14055322094379	1.54937610846648	1.77230273435535	NA	1.70715959980748	NA	1.39346559423545	1.37502434077334	NA	1.08917803214076	NA	2.00107522545042	0.866742724981263	0.806715796253851	NA	0.84532578082114	1.08068297509426	0.668650097542241	0.529170910247281	NA	NA	0.820033436180137	NA	NA	0.698507320394681	0.605401652742822	NA	0.394535920225854	0.564748325015311	NA	0.842181497895745	NA	NA	0.779270552914143	NA	0.781768815257687
0.647802426786967	1.46523665364232	0.465589838441579	NA	NA	0.68515256111461	0.525197949498335	0.506333685575674	0.461846542906282	NA	0.391718732792405	0.391184936789467	NA	0.504705424696259	0.126737218842465	0.262454877775233	0.354134469859451	0.687527664180105	NA	1.51348519743525	0.584924642699983	1.03902501062866	1.42255493097342	1.29887818110759	NA	0.490568061025975	1.66201908942557	NA	1.47745982902431	1.45350486202978	1.32577592818785	1.22007689435148	1.73077851304762	1.69394106879747	1.63682079628862	1.88190997401667	NA	1.208182989889	1.01818452465729	1.30607878105684
1.50835963893653	1.37435706404656	NA	NA	1.101366533729	1.13062617637295	NA	1.09600379262381	1.52143130535722	NA	1.25246439683993	1.20076549605812	1.74745135222735	1.81193203777038	0.931570670952826	1.17060870817828	1.16912700226832	1.22596035799027	1.01175377531103	0.916941776752658	0.451114086855105	0.738222443533455	0.843239543640109	NA	0.869341653596967	NA	0.6360993510892	NA	0.662522146239313	NA	0.687390115270418	0.603788376189876	0.98637514767938	0.284770992768738	0.529839467572921	0.323647761439253	NA	NA	0.556059412058724	0.513158248147021
NA	NA	NA	NA	NA	NA	NA	NA	NA	NA	NA	NA	NA	NA	NA	NA	NA	NA	NA	NA	NA	NA	NA	NA	NA	NA	NA	NA	NA	NA	NA	NA	NA	NA	NA	NA	NA	NA	NA	NA
1.73839249381942	NA	NA	0.667997187313875	NA	NA	0.78174311213788	NA	0.84983643258057	0.872017445187772	1.08595366904398	1.41331456857	NA	1.13550756192081	NA	1.19430370746847	0.728521525581643	0.800459582042111	0.796575052577688	0.980756207287329	0.640144217544055	0.626717297583104	0.546244206040992	0.673788485347385	0.558856409393089	NA	0.455685441139775	0.445942953362623	0.0809473823652611	0.519988572035267	0.965638845414116	0.72944195497469	0.36399963690134	1.30378547905995	0.575548825813358	1.6746118650837	NA	0.372941684845283	0.697937537414111	0.327684365083349
2.38024628429332	2.14415884911427	1.77347863154384	NA	NA	NA	NA	2.60772709804425	NA	2.00142078437547	1.61848213962295	3.36537748793351	2.70699665579072	2.54651463547527	NA	3.50233043862552	NA	2.58734744927321	NA	2.05770975361829	2.60121082376298	NA	NA	2.03446024723789	NA	1.78616194019708	NA	NA	1.93129368526761	NA	0.74851797816968	NA	2.06011539533576	NA	1.23736672448758	1.39915230298406	NA	1.83597491848488	0.755925060768264	0.823044235320923
NA	NA	0.794126642010503	0.755045914222771	0.406103766674085	0.405092295715704	1.91652075313435	0.462171226973082	1.6016010223496	0.547030471805376	NA	NA	NA	1.30335970747279	NA	1.71075888349045	1.40694286156662	1.47966519508641	1.49828604947759	1.20046652846864	1.49461649923727	0.990587794858254	NA	NA	0.740159318441559	0.787465972699911	NA	0.62637310738826	0.208505312057816	0.471423483499279	0.372169284160252	0.962941276820807	0.558672391827371	0.601471556630201	0.767346081852574	0.332993362733765	NA	0.480118240382403	0.44115215328991	0.15622189899238
NA	0.764458153405695	NA	NA	1.32819213077067	1.73402023080605	1.77038492734381	2.03696782084317	1.76572578648827	2.04196262464726	1.56668249046894	1.70075292747423	NA	NA	1.25392790202246	NA	1.77557567215304	1.66925845803459	1.17268051567592	NA	NA	1.73164734093515	2.07377451539549	NA	NA	NA	1.28213873921842	1.27273146941968	1.44387336857207	NA	1.49690045157129	0.805251528504182	NA	0.709816439183096	NA	NA	NA	NA	0.325210490598611	NA
NA	NA	NA	NA	1.49352943106915	NA	NA	NA	NA	NA	NA	1.15359867266508	0.607298738089062	0.368405973832939	1.1065558014158	0.901183542841077	1.14961589943477	0.854859354914371	0.896476845966519	NA	NA	1.10759359388585	0.631756479831426	NA	NA	NA	0.993398783983628	0.822644296565306	NA	0.478238211300997	NA	0.708094957570107	0.748002431141681	NA	NA	NA	NA	NA	NA	1.05137751680022
NA	NA	NA	1.69941912198435	NA	1.5417379823235	1.46485786274717	1.63170849260936	NA	1.13136435872857	2.36044775309215	0.71460520969794	NA	NA	2.03810745041066	1.898613041692	1.74165757266142	1.64803912878874	NA	1.30605371394451	0.716241619207449	0.988169812954529	0.886111928086326	0.49194054127311	0.368470935835438	0.404528951944938	0.247668819168473	0.837927099246968	0.709540320551151	0.214313391601814	0.774381635689281	NA	0.792206718902287	0.349325679298637	0.572777084486789	0.418111166754886	NA	0.566910805102369	0.771911655552388	0.669365767168746
NA	NA	NA	NA	NA	NA	NA	NA	NA	NA	NA	NA	NA	NA	NA	NA	NA	NA	NA	NA	NA	NA	NA	NA	NA	NA	NA	NA	0.620000411680379	0.703346353979884	0.509602103162505	0.287099863375168	0.309022868365273	0.215464416617681	0.115262232863266	0.0414193271163991	NA	0.33430990166892	0.303686410394804	0.271175539249594
1.85068555085662	1.37523074951856	1.09969822354741	1.14524304536637	1.0923824047565	0.866363903019464	0.404008586987168	0.566921826281333	0.847400787935942	NA	0.793932767120332	0.192295953368938	0.715334812342834	0.589679187756693	NA	0.627443100354015	0.891429082382438	0.731889522154733	1.20090060185105	0.741648193392604	1.77176112262873	0.972451887824359	0.862916293335863	0.309527464662448	0.919974829663651	0.726779077935695	0.355651672870126	0.805782541105439	0.482563082466479	0.455967830660601	0.65091368890663	0.687803429348699	0.595596300676097	0.440708072269025	0.612477630025796	0.57658936294026	NA	0.376729224973937	0.655915199375023	0.528584279610044
NA	NA	NA	NA	NA	NA	NA	NA	NA	NA	NA	NA	NA	NA	NA	NA	NA	NA	NA	NA	NA	1.81382634825702	NA	NA	NA	NA	0.790098405440068	1.05380287298772	1.46549032822543	0.830378272250551	NA	NA	0.673808285053906	0.288964712817816	0.266821506921826	0.101432239094997	NA	NA	0.257255272860847	0.633424814754902
0.930847984681332	1.22685227302085	0.79971220316508	NA	NA	0.630503261023585	NA	NA	NA	1.19198543341823	1.32845995050216	1.20705416553327	NA	1.06788742595178	NA	0.604944018713233	1.23487643620608	NA	NA	0.602826544125475	0.742943773517647	0.765471162445221	NA	0.692222783689881	0.647004347969711	NA	0.538308635486544	0.423448953500284	0.79629999685904	0.922129658901816	NA	1.15786285982724	0.471094587644518	0.644508799832051	0.357837322915008	0.553599024759768	NA	0.702044184934793	0.388209145654899	NA
0.587351179635655	NA	0.930887937051576	NA	NA	0.554814244708827	NA	1.14425393922615	NA	NA	NA	0.863238251255245	NA	0.972527463183443	1.01249394388877	NA	NA	1.06105640553832	0.785790473774434	NA	0.688949315892155	NA	0.365604509455204	NA	0.504073818379333	0.774213422107663	NA	NA	0.810746879715867	NA	0.940599023143915	0.97004287782447	1.19055509959942	NA	0.588833120289947	0.595448366762675	NA	NA	0.80996615887403	NA
NA	NA	NA	NA	NA	NA	NA	NA	NA	NA	NA	NA	NA	NA	NA	NA	NA	NA	NA	NA	NA	NA	NA	NA	NA	NA	NA	NA	NA	NA	NA	NA	NA	NA	NA	NA	NA	NA	NA	NA
0.673521753679385	0.692721964761617	0.754423259989387	NA	0.772769916998974	1.09052676147167	0.786475523948268	NA	NA	NA	NA	0.693481091873534	0.997143540523128	0.360305049092469	0.849731266949076	0.402501185262053	NA	0.917210273373797	NA	1.31591820522315	1.41683394000352	0.744955854888107	0.774181793824437	0.851392262915381	0.605254037252915	NA	1.58148297029242	NA	1.01374789933813	0.67686127882195	0.548154304454017	0.461237853895304	NA	0.327050955870777	0.483595519092018	NA	NA	NA	0.221245767120131	1.03788354349597
1.25194416117155	NA	NA	NA	0.593777741929761	NA	0.523360727085705	1.26378177757001	0.92082597613834	NA	0.337130752720678	0.352157654446303	0.617021341376413	0.398019465523564	1.11301213893463	NA	0.742728043715854	0.674917153277199	0.534169565603934	0.439768636846511	0.43894639028154	0.401995168921103	0.778849603880496	0.886673363466726	1.1293222020478	0.846267145135556	0.944634517535665	1.05645557273329	1.10535472885001	0.88346431293855	0.858104715996687	0.804391345802134	0.300262481770878	NA	0.261590324479656	0.147989230495705	NA	0.352521291638299	0.534169649466818	0.652845442426685
1.79777709345534	1.2398082117431	0.748027879435303	NA	NA	0.755028587737227	0.728287727816186	0.638153844980087	0.501272131613601	0.430912848454907	0.730874210322782	1.15600300311215	0.465411207080051	0.826156463123424	0.337371530578381	0.750105653052736	1.33230548437487	1.18025300607605	1.1951964621787	0.700946976402095	1.07564248650687	0.794997023743935	0.757785758473783	0.396298319921457	0.178999118531711	0.501842613297235	0.365152332439107	0.193240479553227	0.768744088798599	NA	0.616689741395815	0.986283986236884	1.43158399320602	NA	0.768699609232951	0.406536325151581	NA	0.537831433424634	1.69615655399519	1.14335472817357
0.87947990088803	NA	0.927970585906034	1.01951277096637	0.785303034616425	NA	0.317792197552908	0.335656167242042	0.662763422112459	0.438161855104366	0.241558346943729	0.371224249319718	0.69043488351177	0.690669701630937	0.625013764844924	0.83866249172813	NA	1.15311625691737	NA	0.340605759733589	0.990327727573962	1.04280250192415	0.825589247473621	1.11393665989629	NA	NA	NA	1.50036111268162	1.49193239255284	NA	1.48357402479661	1.52576743643654	1.60922369997898	1.67686956248572	1.58104192931397	NA	NA	1.41368926322748	NA	NA
0.935885732559395	NA	1.21315630464832	NA	NA	0.338537842806501	0.593565989686614	1.125101393775	0.568263602512105	NA	NA	0.544082265591836	NA	0.223272562243761	0.615426265252783	1.23689558889924	0.601676019263008	0.54435998833191	0.842896832578196	0.709461749238623	0.261745648505033	0.435899410920216	0.630246166943016	0.913772992836975	0.469087451990837	NA	NA	0.322471544160371	0.596177763142828	NA	NA	0.675650772764945	0.415531694208826	0.441662332830414	0.305524369928206	0.179191415390079	NA	0.562749945295687	NA	0.696786315732583
NA	NA	NA	NA	NA	NA	NA	NA	NA	NA	NA	NA	NA	NA	NA	NA	NA	NA	NA	NA	NA	NA	NA	NA	NA	NA	NA	NA	NA	NA	NA	NA	NA	NA	NA	NA	NA	NA	NA	NA
1.08343317137658	NA	0.952509179352342	NA	1.35985696013222	0.591144442899941	0.877586079828601	NA	NA	NA	NA	NA	NA	NA	0.644313581808857	NA	NA	NA	NA	0.87815721161328	NA	NA	0.437533518508908	0.584838070377364	NA	NA	NA	0.498390455799559	0.260379354222223	0.554520266367446	NA	0.585038452214582	0.190501265526041	0.999845325549682	0.322993086530933	NA	NA	0.161430237506059	0.293695025195244	NA
0.681099397127135	0.517031033555636	NA	NA	0.675998416226771	0.931031299595467	0.760822083366318	NA	1.57697365101186	1.39990002172659	NA	1.587763759273	NA	NA	NA	NA	NA	NA	NA	NA	NA	1.17754059265807	0.665771964071627	0.605698088382984	0.517428915088899	0.606574570193698	0.406341199828693	0.572675845273304	0.878918246470339	0.90126011260045	NA	NA	NA	NA	0.358322603238293	0.105154570840401	NA	NA	0.357449338422605	0.523885113714839
2.61351602739976	2.05857826634919	1.99910307277316	2.07994692430931	NA	NA	1.58757478056649	1.83332328500393	NA	NA	1.53250489924284	1.48717411510086	NA	NA	NA	NA	NA	NA	1.66917089153447	1.53075249939928	NA	NA	1.65912977733473	1.76657599879764	1.76790833102373	NA	1.74989821685224	1.64550105222796	NA	NA	1.90925274048709	2.1026845188398	NA	NA	NA	2.49298774609601	NA	NA	2.56753819213282	2.1624804737427
1.84609420660867	1.83464907455119	NA	NA	NA	0.354334957526932	NA	1.52197380993986	NA	NA	NA	NA	1.34052298402455	0.666278424325746	1.04776323735692	NA	0.426757899539403	0.187197248544199	NA	NA	NA	0.645794514604738	0.663221944724484	NA	NA	NA	NA	NA	0.988790858608123	NA	NA	0.345500539068501	0.15604616965317	NA	NA	0.325207075593929	NA	NA	NA	NA
2.09886086598621	1.92872627318024	NA	2.02474662470006	NA	2.36042401575487	1.8794755959347	1.67804511136916	1.57843522557209	1.70755881874017	0.962497806509147	NA	NA	2.06415034690521	2.40313185194691	2.58261391471325	1.89629474402499	1.90659896269058	NA	NA	2.31053871233426	NA	NA	1.37092060664456	1.28952124527053	1.27712919495336	NA	1.17008041951304	NA	1.15091804124216	0.970667925584179	0.966794801328248	NA	NA	0.881755696036505	NA	NA	NA	0.61343813441285	0.555887067148329
1.74135089039536	0.805493673845559	1.20482379895986	1.02714379469504	0.991204021708884	NA	0.820214121993316	0.889458924666917	1.00054019904077	NA	1.40744034650533	1.44325587118082	1.37078778922525	1.52838751650551	1.52212578901155	1.45044298773845	1.6719733299662	1.6434132065104	1.08121421769715	1.18440813165361	NA	1.10489576304926	NA	1.25202121182145	0.7868758930862	NA	NA	0.353054649390124	NA	0.553511501973687	NA	1.83287461459175	0.476171708877166	NA	0.712975755536094	0.801733338403567	NA	0.357604945323075	0.530191742525146	0.46092324328208
NA	NA	NA	NA	NA	NA	1.22763877380333	1.13365143096207	0.864990097206784	NA	0.687054565218017	NA	1.02581163740645	NA	1.28498376296236	NA	NA	1.12334236538694	NA	NA	1.37773624094697	1.07478596541821	NA	NA	NA	NA	NA	NA	NA	NA	NA	NA	0.29482870405361	0.335155959948216	0.609814673832347	0.211965404239999	NA	0.321329895289938	0.246716503585481	0.253959629984213
NA	0.533601659215155	NA	0.546185690098631	NA	0.344815447033133	NA	NA	NA	NA	NA	NA	NA	NA	0.941544347639068	NA	NA	1.2053410682836	NA	NA	NA	NA	0.550754446753086	NA	0.907092233479141	NA	NA	0.873560570134956	0.811234740669295	1.02911476834664	NA	0.681528676141838	0.963482292405495	0.65090060551299	NA	0.623082853792822	NA	0.33352663980619	NA	NA
NA	NA	NA	NA	0.846433819771174	NA	2.2008781687903	NA	NA	NA	NA	NA	NA	NA	0.999305942406901	NA	NA	NA	0.843719409661071	NA	NA	NA	0.407672590189954	NA	NA	NA	NA	0.769846375782661	NA	0.501280971721357	NA	NA	NA	0.215825271207679	0.412560350638447	0.316275010973629	NA	0.58848533554062	NA	0.696845553931961
NA	NA	NA	NA	NA	NA	NA	NA	NA	NA	NA	NA	NA	NA	NA	NA	NA	NA	NA	NA	NA	NA	NA	NA	NA	NA	NA	NA	NA	NA	NA	NA	NA	NA	NA	NA	NA	NA	NA	NA
0.885732884901008	NA	1.47354122675253	NA	NA	NA	NA	0.709572226305373	NA	1.07416615653664	1.02792510299801	NA	1.00747399713968	1.08131065140613	1.03920253715883	1.38346907932166	1.53899541224116	1.20654442438514	0.7163671148814	NA	NA	NA	NA	0.691520544279011	NA	NA	0.925644254113311	1.13015373713723	1.03836768722038	NA	0.838724158199737	0.917053438936325	0.915380698393523	NA	NA	1.60089602223195	NA	1.44328248440663	1.12353170403926	0.96692761467597
NA	0.771725539777565	0.832439178143757	NA	NA	1.30742695665258	NA	NA	1.3144376342151	2.22645669605811	NA	NA	NA	NA	NA	NA	NA	NA	NA	NA	NA	1.44015545289752	1.54843456397207	1.2754020241331	1.15377581165565	0.822686882347231	NA	0.753226877974002	0.864175066552807	0.784761271885818	1.20487191433154	NA	0.897335073363822	NA	0.887300507606287	0.941989500812611	NA	0.55768304733033	1.03797859161744	0.635395154569624
NA	NA	NA	0.491644661436008	NA	NA	NA	NA	0.760954375836336	NA	NA	NA	NA	0.965487314941817	NA	0.405238279699735	0.655664987195921	NA	NA	1.05264620516836	NA	0.92768092317862	1.07903678594837	0.600645444932876	0.628118564763319	0.271684412819296	NA	0.517698613131702	NA	0.662237366613119	0.460336841251812	0.752889809047846	0.471590691321267	0.361667449812484	0.284727859840204	0.176655837024789	NA	0.460343306765376	0.433777934177072	0.239540294243734
NA	NA	NA	1.96527399143285	NA	1.08231448554058	1.74386881396614	1.39513975674296	1.46187172207204	NA	1.81315585151943	2.21271393599342	2.42133967591119	0.848883811595912	2.31300210064567	1.72155162628035	NA	NA	NA	1.51331242066515	1.19454258704667	1.04044436399959	0.804140106641366	NA	0.277546047904112	0.936164093286769	NA	NA	0.619578643297458	0.63223347166447	NA	NA	NA	NA	0.34869885223404	0.264287056731305	NA	0.365987926908361	0.891011476053578	0.727668827666405
0.875912347522479	1.0488627938643	NA	0.952855743989112	0.456619860979011	0.593450589453623	1.36322444331152	0.897091679063068	0.97455841690308	0.373106060814001	0.726702268316507	0.173715664127094	NA	0.612828725299734	0.596524196726965	0.605944211369236	0.734604632857274	0.611322940939297	0.584131397665629	0.807754310927879	1.41858731064778	1.21023561076287	0.589918407979102	NA	0.352066237705457	0.382039012914704	0.518613372048869	0.710882696480762	0.55461129996363	0.76375436060669	NA	0.349900902890713	0.288178746892896	0.408417517671226	0.358238147187139	0.180676950096538	NA	0.466828363659839	0.662065511196393	0.35984454335964
NA	NA	NA	NA	NA	NA	NA	NA	NA	NA	NA	NA	NA	NA	NA	NA	NA	NA	NA	NA	NA	NA	NA	NA	NA	NA	NA	NA	NA	NA	NA	NA	NA	NA	NA	NA	NA	NA	NA	NA
NA	NA	NA	NA	NA	NA	NA	NA	NA	NA	NA	NA	NA	NA	NA	NA	NA	NA	NA	NA	NA	NA	NA	NA	NA	NA	NA	NA	NA	NA	NA	NA	NA	NA	NA	NA	NA	NA	NA	NA
NA	NA	NA	NA	NA	NA	NA	NA	NA	NA	NA	NA	NA	NA	NA	NA	NA	NA	NA	NA	NA	NA	NA	NA	NA	NA	NA	NA	NA	NA	NA	NA	NA	NA	NA	NA	NA	NA	NA	NA
NA	NA	NA	NA	NA	NA	NA	NA	NA	NA	NA	NA	NA	NA	NA	NA	NA	NA	NA	NA	NA	NA	NA	NA	NA	NA	NA	NA	NA	NA	NA	NA	NA	NA	NA	NA	NA	NA	NA	NA
NA	NA	NA	NA	NA	NA	2.04561157596701	1.04617078867255	NA	0.776073727960101	0.610995014399977	1.23082870077042	NA	NA	0.988306865322835	0.811179399297909	0.671701445180984	1.37109844628962	NA	NA	1.16403922079499	0.913950888744242	1.24934400709363	NA	NA	NA	0.70062183423662	NA	NA	NA	NA	NA	NA	0.588264312382002	NA	NA	NA	NA	NA	0.487763014423792
NA	1.05084501027592	NA	1.97772805918969	NA	1.11127014879277	1.29564653743524	1.3678459609945	NA	NA	NA	1.71456852896103	NA	1.67914027546393	1.46542527380016	NA	NA	1.52294297365926	1.35256896655517	0.919877982011403	1.14681425062519	1.3964883140931	1.47096987410573	NA	NA	NA	NA	NA	1.1613832993015	0.594672234783772	0.257950743151034	0.330472397613908	0.495277749408772	0.499518055333019	0.389327506219853	NA	NA	NA	0.840035118998795	0.349316356349704
NA	NA	NA	NA	NA	NA	NA	NA	NA	NA	NA	NA	NA	NA	NA	NA	NA	NA	NA	NA	NA	NA	NA	NA	NA	NA	NA	NA	NA	NA	NA	NA	NA	NA	NA	NA	NA	NA	NA	NA
NA	NA	NA	NA	NA	NA	NA	NA	NA	NA	NA	NA	NA	NA	NA	NA	NA	NA	NA	NA	NA	NA	NA	NA	NA	NA	NA	NA	NA	NA	NA	NA	NA	NA	NA	NA	NA	NA	NA	NA
NA	NA	NA	NA	NA	NA	NA	NA	NA	NA	NA	NA	NA	NA	NA	NA	NA	NA	NA	NA	NA	NA	NA	NA	NA	NA	NA	NA	NA	NA	NA	NA	NA	NA	NA	NA	NA	NA	NA	NA
NA	1.43992943878431	NA	1.49795365528125	NA	1.09699179005033	NA	0.877971580227815	1.04873045771316	NA	1.97748179128971	NA	NA	0.790342413746926	0.80936366222227	1.72709455343599	0.632022565843473	NA	NA	0.907878231588649	NA	NA	0.57887180473963	0.487783822536472	NA	NA	NA	NA	NA	NA	NA	0.156673325313021	2.06742214485384	0.129673660239784	0.339312154617636	0.140033679581291	NA	0.372784418147817	NA	0.207543780813167
NA	NA	NA	NA	NA	NA	NA	NA	NA	NA	NA	NA	NA	NA	NA	NA	NA	NA	NA	NA	NA	NA	NA	NA	NA	NA	NA	NA	NA	NA	NA	NA	NA	NA	NA	NA	NA	NA	NA	NA
NA	NA	NA	NA	NA	NA	NA	NA	NA	NA	NA	NA	NA	NA	NA	NA	NA	NA	NA	NA	NA	NA	NA	NA	NA	NA	NA	NA	NA	NA	NA	NA	NA	NA	NA	NA	NA	NA	NA	NA
NA	NA	NA	NA	NA	NA	NA	NA	NA	NA	NA	NA	NA	NA	NA	NA	NA	NA	NA	NA	NA	NA	NA	NA	NA	NA	NA	NA	NA	NA	NA	NA	NA	NA	NA	NA	NA	NA	NA	NA
0.70793960958165	1.09840371914476	1.2366111703712	1.05651123782482	1.79945334985664	1.07784098182428	0.565041150489811	0.737452003394791	1.32161925946083	0.586684200941037	0.812015773136885	1.07146847347781	0.762048752093691	0.973486955567727	1.09952436453556	1.30300209471769	0.821922714893605	0.818516480799677	0.693060868881164	0.751741761688798	1.10693079373968	0.893425392374321	NA	NA	0.941315931329018	0.708186851946921	0.798282216968599	NA	0.447792678877092	0.686223357907586	NA	0.756513032109723	0.491352043052249	0.975521402388917	0.382728369414517	0.61161330055152	NA	0.576278956899892	0.217710976816687	0.313741887852973
NA	NA	NA	NA	NA	NA	NA	NA	NA	NA	NA	NA	NA	NA	NA	NA	NA	NA	NA	NA	NA	NA	NA	NA	NA	NA	NA	NA	NA	NA	NA	NA	NA	NA	NA	NA	NA	NA	NA	NA
NA	NA	NA	NA	NA	NA	NA	NA	NA	NA	NA	NA	NA	NA	NA	NA	NA	NA	NA	NA	NA	NA	NA	NA	NA	NA	NA	NA	NA	NA	NA	NA	NA	NA	NA	NA	NA	NA	NA	NA
NA	0.692392029501705	NA	NA	1.37283492053433	NA	NA	0.673922638032142	NA	NA	1.30356284389951	1.52128485724892	1.31483770196414	1.42697321510271	NA	1.06041841953273	0.922417608285658	NA	NA	0.332782865781609	NA	0.439285689126998	0.671822384415633	0.474322104237308	NA	0.731335068080111	NA	NA	1.0749873320049	NA	NA	NA	1.02759285275721	0.933417032750297	0.787414140245157	0.641896631370755	NA	NA	NA	NA
NA	NA	NA	NA	NA	NA	NA	NA	NA	NA	NA	NA	NA	NA	NA	NA	NA	NA	NA	NA	NA	NA	NA	NA	NA	NA	NA	NA	NA	NA	NA	NA	NA	NA	NA	NA	NA	NA	NA	NA
NA	NA	NA	NA	NA	NA	NA	NA	NA	NA	NA	NA	NA	NA	NA	NA	NA	NA	NA	NA	NA	NA	NA	NA	NA	NA	NA	NA	NA	NA	NA	NA	NA	NA	NA	NA	NA	NA	NA	NA
NA	NA	NA	NA	NA	1.43743304813045	NA	NA	NA	NA	1.53989638387212	NA	NA	1.49608561060824	NA	NA	NA	NA	0.546335289243976	NA	1.09027118920976	1.10480682593268	NA	NA	NA	NA	NA	NA	NA	NA	NA	0.667386120066906	NA	NA	NA	NA	NA	0.584231445586043	NA	0.618780318494971
0.942914784773638	1.42124501828019	0.878492777522197	NA	0.821671740372562	1.22697330304886	NA	1.09286101767842	NA	NA	0.701109095402558	0.664476464349124	NA	0.592164455943942	1.29406150611018	1.05095736992973	NA	NA	NA	0.410666479994673	NA	0.782332745137704	0.501530163554893	0.964787208573952	0.857586736138042	NA	1.10122433638481	NA	0.703561036860714	NA	1.01205998915643	0.873636969727771	0.835775347829627	0.542516099430418	0.420988329006939	0.633689989496555	NA	0.898391939352946	0.564313264469843	0.344124375899264
NA	NA	NA	NA	NA	0.87979141142387	NA	NA	NA	0.888519043109534	1.08566738728612	1.01854880932056	NA	0.665248920407034	1.36344664537703	0.815344316384404	0.503198522119146	0.437997377644844	0.619171572380591	0.387202998780278	0.651475927928935	0.809726724385505	0.409919011276945	0.719853720738895	0.258400641511228	NA	0.381684744851045	1.6906287199671	NA	0.398666808606174	NA	0.326074790010926	0.847162867276198	0.364472204541376	NA	NA	NA	0.805935137249073	0.432878908058002	0.32201969131941
NA	1.21962213629772	0.526616167955103	0.723951296627258	NA	1.17767428969077	1.12065071186882	NA	NA	0.799145122885924	NA	1.67580909544447	NA	2.13450439575575	NA	1.74639068102895	NA	NA	1.63273597785164	NA	NA	NA	1.43043208334482	NA	NA	NA	0.389755339999484	0.207455941100396	NA	NA	NA	NA	NA	0.638360011784176	0.570367700246885	2.33446940405098	NA	NA	0.224990227694872	1.74116866657146
NA	NA	NA	NA	NA	NA	NA	NA	NA	NA	NA	NA	NA	NA	NA	NA	NA	NA	NA	NA	NA	NA	NA	NA	NA	NA	NA	NA	NA	NA	NA	NA	NA	NA	NA	NA	NA	NA	NA	NA
0.653151903089353	0.510833900656693	0.673613253588193	0.369371485470526	0.498681275310036	1.24424131508783	1.09472553480095	1.41401487445458	NA	1.32309018872796	1.20889485188818	1.48136778348067	1.28120549891372	0.732352203679794	NA	NA	0.950765398745701	0.611295338951673	NA	0.858853220009542	NA	0.964074020513086	0.63468335004387	0.631558447167429	NA	NA	NA	0.650351658606956	0.795875764622165	NA	NA	0.651375789339236	NA	0.580363088979183	NA	NA	NA	NA	0.492864303200156	0.429752859773218
NA	NA	NA	NA	NA	NA	NA	NA	NA	NA	NA	NA	NA	NA	NA	NA	NA	NA	NA	NA	NA	NA	NA	NA	NA	NA	NA	NA	NA	NA	NA	NA	NA	NA	NA	NA	NA	NA	NA	NA
1.39091575777102	0.581651952436509	0.935511128166572	1.15428572022193	1.58082491215629	0.729532198984368	0.203266195056255	0.532327232459491	NA	1.7562334653253	0.783380306726579	0.604946259896769	0.94309402243689	1.20463672584973	1.73183649453884	1.70338479601217	1.38850893943102	NA	1.87582042132717	1.39223678605015	0.215136117907415	1.35060920861371	1.79151202597113	0.502342369334594	0.653955744303805	0.555679293875596	0.737775821936262	1.4624393094222	1.50354872843006	0.674972929633047	1.1733672580435	0.459001321729939	0.373324636575368	0.67598196794059	1.73756833344297	0.332793052881528	NA	1.1865307742797	1.31350312079045	0.414979151788811
NA	1.89164827445835	NA	NA	0.428776155548512	NA	1.34772466039959	1.70670913414069	NA	NA	1.4787928234026	0.642969540235446	NA	1.27652634083952	0.832539666983251	0.726187028541452	NA	1.20209858091777	0.847994185206097	0.239152292942649	1.04789863697594	0.36890047051996	1.23747031047023	1.43824612657609	0.157318490622836	0.513982672352323	1.40368914381617	1.6877047892534	1.08370023712306	0.945545244837359	1.78917112942251	0.965676743754081	0.159439716345927	0.617768441336947	1.19104579541274	1.7323714823979	NA	NA	0.510922308581129	1.23376054316428
NA	NA	NA	NA	NA	NA	NA	NA	NA	NA	NA	NA	NA	NA	NA	NA	NA	NA	NA	NA	NA	NA	NA	NA	NA	NA	NA	NA	NA	NA	NA	NA	NA	NA	NA	NA	NA	NA	NA	NA
NA	NA	NA	NA	NA	NA	NA	NA	NA	NA	NA	NA	NA	NA	NA	NA	NA	NA	NA	NA	NA	NA	NA	NA	NA	NA	NA	NA	NA	NA	NA	NA	NA	NA	NA	NA	NA	NA	NA	NA
NA	NA	NA	NA	NA	NA	NA	NA	NA	NA	NA	NA	NA	NA	NA	NA	NA	NA	NA	NA	NA	NA	NA	NA	NA	NA	NA	NA	NA	NA	NA	NA	NA	NA	NA	NA	NA	NA	NA	NA
1.35669104860171	1.07901124401831	NA	NA	NA	1.40118235572607	NA	1.37922533281993	NA	1.61239931554326	1.60887198642721	2.04272113074125	NA	1.14775979334141	NA	NA	0.658303440227854	2.39937231582047	1.00644500913895	0.289116904499211	0.0954426851633203	NA	NA	1.39065737749611	0.372244704794546	0.579770114277442	NA	1.03622711528998	1.78293525197599	NA	NA	NA	NA	1.0274775258054	1.4961276698649	NA	NA	NA	NA	1.48249159583721
1.75036844982085	3.12589583368388	3.32912069805692	NA	2.99828142922304	2.05963126306827	2.31141771536445	2.22911537238191	NA	NA	1.94445396506798	NA	NA	NA	1.95770206135713	2.26667505854229	2.14128332224959	NA	NA	2.24803256238403	NA	NA	1.20801883242733	1.35361506198114	1.50662857758262	NA	NA	1.19361921201774	1.41648345877924	0.944569316968366	NA	NA	NA	NA	NA	NA	NA	0.277367037764845	0.20148173128199	NA
NA	1.53920983707364	1.61302902465429	NA	1.26184901429619	1.48316283671408	1.2956047163727	1.41533888559356	NA	NA	1.02091449141916	0.824979479101609	1.12142636101561	1.18341383275489	1.08353996807747	1.26312450908158	NA	1.10588000038621	1.20846497324339	1.18757651645437	0.961444984785319	1.02846543228963	1.20237826109963	1.2678988858421	1.51694540851875	1.32089615668499	NA	1.01978373248522	1.12054686482789	1.0100115052568	0.868137640134154	1.02735029437321	NA	1.32344568702557	1.12671712137338	1.35592511916495	NA	1.25980436754612	1.09383859165299	1.15705384226401
NA	1.25240177900116	1.25743555286205	NA	1.02967543214903	NA	0.518944140660918	NA	NA	NA	0.228969888620674	0.53486874942802	0.346881123204106	0.345127183657484	0.136355188807831	0.262748109744646	0.205624415199363	NA	0.584042716200557	NA	0.439809456005627	0.567102043885018	0.837467896445649	0.415795030942797	NA	0.51895770425033	NA	NA	NA	0.501179442057101	0.721543285547107	0.88923841529712	0.625036211023584	0.440301636372033	NA	0.566610726085202	NA	0.134028051376086	0.27838009777968	0.673236426140976
NA	1.31806180573468	1.5575236709767	1.11627987223614	1.44684340988647	1.40076498631415	0.730272028277594	1.08335015861851	NA	1.2215576179233	NA	1.91845747790109	NA	NA	NA	NA	2.20111613116192	1.95631049230999	1.63871835488372	1.55668474446473	1.77012743606336	0.953340488113505	0.808334204112044	0.74705432214897	0.725714006013382	0.742100509056291	0.912117741443432	0.876377304239018	NA	0.956623831939748	NA	0.609884381255048	0.70424798143817	0.327729826346497	0.892700625120192	0.616563412692981	NA	0.354371175249697	NA	0.368168966980045
NA	NA	NA	NA	NA	NA	NA	NA	NA	NA	NA	NA	NA	NA	NA	NA	NA	NA	NA	NA	NA	NA	NA	NA	NA	NA	NA	NA	NA	NA	NA	NA	NA	NA	NA	NA	NA	NA	NA	NA
1.3697922409016	NA	0.911907162581861	NA	NA	1.47575109856839	1.34373227367579	NA	NA	NA	1.45515414704348	1.38164553125771	NA	0.977109723093883	1.37923529729165	0.838902820849088	1.46027012465187	1.64816287669613	1.44369563863305	0.848535069111305	1.82900203335788	1.62019315340729	0.538080255952756	1.20054919847464	0.792052243236259	0.39228113275308	0.891413806285298	0.559418856097457	0.485324846910975	0.775513535043168	1.01645488041446	0.797812011769278	0.978469763209196	0.655917504473874	0.801571881858228	0.333254932532223	NA	0.329202509933389	0.252833326519919	0.628247976443658
1.02166557622211	0.889937134079295	0.831543338094001	0.936150392417287	NA	0.484360510249914	0.931683650402134	0.747870041992016	NA	0.51721354531036	0.829143574567874	0.529148748697423	NA	NA	NA	NA	NA	0.760422776194313	1.04034139286753	0.458416363594199	0.60438748779574	0.520000277366381	0.218663726241325	NA	0.46093683208804	NA	0.619893728633195	0.896715175505583	NA	NA	0.81497050444574	NA	NA	NA	NA	NA	NA	0.691283907987353	0.62677776630036	NA
NA	NA	NA	NA	NA	NA	NA	NA	NA	NA	NA	NA	NA	NA	NA	NA	NA	NA	NA	NA	NA	NA	NA	NA	NA	NA	NA	NA	NA	NA	NA	NA	NA	NA	NA	NA	NA	NA	NA	NA
1.06083024194471	1.63812322045574	1.63739719560939	2.11836066867962	0.870176260831925	NA	NA	1.15138956795742	1.09311384098221	NA	NA	1.17749502144283	0.921222662233483	NA	NA	NA	1.33392619872241	0.909702821155237	0.487781924390454	0.495307863402793	0.658532504843996	0.188688910503	0.284077578474157	NA	0.295659352899927	0.488739784790683	NA	NA	0.604750896283039	NA	NA	1.86908982859146	1.78853339122003	2.25524208952355	0.745546279095459	0.503885306014868	NA	0.73540082205953	2.45452976519441	0.615330657286274
NA	NA	NA	NA	NA	NA	NA	NA	NA	NA	NA	NA	NA	NA	NA	NA	NA	NA	NA	NA	NA	NA	NA	NA	NA	NA	NA	NA	NA	NA	NA	NA	NA	NA	NA	NA	NA	NA	NA	NA
1.035920690269	NA	1.16335792880098	NA	1.67352718328185	1.42809493846958	0.901243622597827	0.489767626514483	NA	NA	0.881624020673627	0.82813296707843	1.92893138801318	1.06617576692196	0.868423260952589	1.56827542079522	1.25054164751438	0.773140223607385	1.13943406420989	1.19910788219852	1.70663418995395	1.29780211149848	NA	0.806261813777418	NA	1.19722145317819	1.1456341439662	NA	NA	0.457090397356104	1.07526049585333	NA	0.152407544614128	0.803447501201461	0.277641272193138	1.380272583729	NA	1.49729572117191	0.263411077527367	0.523029803951362
NA	NA	NA	NA	NA	NA	NA	NA	NA	NA	NA	NA	NA	NA	NA	NA	NA	NA	NA	NA	NA	NA	NA	NA	NA	NA	NA	NA	NA	NA	NA	NA	NA	NA	NA	NA	NA	NA	NA	NA
1.66661437230064	NA	1.6832838778116	NA	1.82085363704985	1.38106635731087	1.17312459777353	1.19181844437751	NA	1.33601472600278	1.27770911135193	NA	NA	1.03367669474908	0.958831466664792	1.22085760597017	NA	NA	NA	1.03977184984389	0.345212829181758	0.327522843335759	0.454169241992634	NA	0.501034620008859	NA	NA	0.634027784855502	0.817685746432628	NA	0.813843774317096	0.575294210202468	0.163301387769623	0.387663676720773	NA	0.675774458177162	NA	0.995879860767533	0.747722198591319	0.3028519140257
0.911402367154358	NA	NA	NA	0.958982830227968	0.932962781689166	NA	1.17368249398324	0.725355741384616	0.385040251275841	1.22070817589978	1.04443757095232	0.830120553852433	0.552491614081691	0.813391028176728	1.07102486410419	0.502349815074878	0.985130307896576	0.453113783928307	0.32542474031482	0.714988332287379	0.479407846188726	0.904784587142248	0.735005424403542	0.686096395643132	0.470083041174962	0.518183182801559	0.222964996793383	0.231853228221007	0.729954838162966	NA	0.371837712542352	0.493028614938861	0.425532160675326	0.769137883240297	0.563484317024041	NA	0.632575062569445	0.407889914360077	0.654598560839578
0.360444804867138	0.329235373508665	0.418642203370301	0.83373486917583	0.888365181531926	0.619721235722635	NA	0.778847298661552	1.18556478258909	0.765720578812726	NA	1.1000183415729	0.888323435885422	0.930783804518615	NA	NA	NA	1.0967080689001	0.704431713436908	NA	0.412054911946183	0.483131922799577	NA	1.27871101429054	NA	0.587287824517027	1.09677618743161	1.79993822625071	0.699308064652271	0.289209479241691	0.227418871715604	0.802099151088845	0.128672063486141	0.999906171151037	0.603429977499406	0.499085511686809	NA	0.566942987481784	0.589676173245201	0.495095731737666
NA	NA	1.67470847448258	NA	1.00927463487318	1.3048711119381	1.11239831266293	0.79138086784744	NA	NA	1.27040339223704	1.21149297415962	1.4092880775446	1.04688807984473	0.642923975647686	NA	NA	0.817897785920434	NA	NA	0.163460703345066	1.1313052763892	0.811904755689507	NA	NA	1.37679243892546	NA	NA	0.939918811171009	NA	0.946951341507186	0.941226874599057	0.918423864929957	NA	0.616791422473596	0.351743083520984	NA	0.28287214071875	1.16356284317446	NA
NA	NA	NA	NA	1.1750305628998	1.80014057182544	NA	NA	1.37370959669377	NA	2.00010588935831	1.37006922725685	1.74043844568809	1.56676760032066	1.78709727073432	NA	NA	1.91238067677666	NA	NA	NA	2.7429341213631	NA	NA	2.15761824510555	NA	NA	1.94936109295462	NA	1.50088725130857	NA	NA	NA	NA	NA	NA	NA	NA	2.28316101592305	2.06216335890952
NA	NA	NA	NA	NA	NA	1.95670780816168	NA	NA	NA	NA	NA	1.78511127472636	NA	NA	NA	NA	1.35804088260549	NA	NA	NA	1.12065511053669	NA	NA	0.82220012878017	0.698886443515579	NA	0.913552061086397	NA	0.809964034951378	NA	0.585704775197592	NA	NA	NA	0.421833019565386	NA	0.181649215149388	0.505471657317268	NA
NA	NA	NA	1.71122652461988	2.05888367511008	1.80122687343597	NA	NA	NA	2.29607526508537	NA	1.77419432315673	2.22873465028521	1.90512160247042	NA	NA	NA	NA	NA	NA	NA	NA	1.77382772700976	NA	1.37390838167249	1.0582649007308	1.4897383373958	1.07627713080272	NA	1.34989130921563	NA	1.21669890835607	0.674470312801656	NA	2.44450716833422	1.25418092888605	NA	0.570029111007699	NA	0.680355728716594
NA	NA	NA	NA	0.676743553008546	0.565029392447556	NA	NA	NA	NA	NA	NA	NA	NA	NA	NA	NA	NA	NA	1.110191520692	NA	NA	0.87114121762841	NA	1.20460842748108	NA	0.422099550646414	0.643389259504169	0.777113384383557	NA	0.596311039380348	NA	1.21548404920672	0.386033168930175	NA	0.101477546570874	NA	0.79373864796197	0.456109851876654	NA
2.03107510091115	1.20266925738215	NA	NA	0.945859514652359	1.89753211378316	1.59335826620823	1.31118412983729	1.47552138267035	1.72880574222281	1.80908522176155	1.8815661055057	1.58486824917374	NA	NA	NA	NA	NA	NA	1.16824849721817	2.09728196293278	1.70887896171125	1.07342125200719	0.863702553123001	1.24146075695729	1.62786823747264	1.27336240459239	1.69850000827828	1.0337412457433	NA	0.91794751323175	NA	2.18280229148266	1.47516035525374	1.11527541890831	0.405737139292756	NA	NA	1.57648956041338	0.660104824573676
NA	NA	1.47702753529182	NA	1.3748697812678	1.43610625698857	NA	1.15563429205993	1.17099048691373	NA	1.01381885956286	0.890945021126453	NA	NA	NA	1.36936237319612	1.20238646655665	1.15415828451463	NA	0.863485691584616	NA	NA	NA	0.567742782626433	NA	NA	0.82538580053566	NA	0.854542584309818	0.865314963860653	NA	NA	0.67063832912576	NA	NA	0.644620222253362	NA	NA	0.605057401676501	NA
0.917074403987381	1.28320740617598	1.14175870764017	1.29933822490219	NA	0.832534750698662	NA	0.58667493377431	0.667830241978958	0.74529739566497	0.746290347707521	0.571283578057332	0.953611930099755	1.27489316674207	1.34356602299608	NA	1.52354471129589	1.16536891730732	1.24779189260146	0.719843123561891	0.589901886505047	0.297354055762878	NA	NA	NA	NA	NA	NA	NA	NA	0.582972359538152	NA	NA	NA	0.17113334445115	0.140220747580223	NA	0.43133376836651	0.439690917894237	0.271924295594512
NA	NA	NA	NA	NA	NA	NA	NA	NA	NA	NA	NA	NA	NA	NA	NA	NA	NA	NA	NA	NA	NA	NA	NA	NA	NA	NA	NA	NA	NA	NA	NA	NA	NA	NA	NA	NA	NA	NA	NA
0.768589350808363	0.86556601547078	1.15685638482944	NA	0.937891704519643	1.46512036345113	0.968378047056946	1.61756597793643	1.00220046563758	0.982067148489961	1.18873557383568	1.6603660883836	1.0978010004362	1.58677413402754	1.52597248926638	1.53233813607073	1.69224643884049	1.99904950949605	1.72336935756608	1.50567194305279	1.60626708052241	0.356079091636945	1.9995233068644	0.408231756082263	0.747379688478955	2.12939065953516	NA	1.15877078353218	1.65420212990034	NA	NA	1.73662602134377	NA	1.10812175048965	1.50649055044778	1.37844772000572	NA	0.201430679922749	0.53439438330251	1.86645280435276
1.42812741385503	NA	0.521862075676653	0.317550253759034	0.427744318437592	0.903874966051451	1.16720506903664	1.18954058668387	NA	NA	1.02996618258499	1.06462687859471	0.623113858438189	0.731631069460417	1.08976022081716	1.12530466598676	1.13514387742858	0.992373202007161	1.14009765318505	1.05633768104186	1.78602751767258	NA	0.505893370246902	NA	0.419398489952639	NA	NA	0.714470316844758	NA	0.683519324320733	NA	NA	NA	0.380805347678582	0.477954984468787	NA	NA	NA	0.458320914143454	NA
0.328875815737864	NA	0.548266983572569	1.66099667456996	1.01641568569703	1.11968889738122	1.28240743663794	1.14812574639233	NA	1.03167387279552	0.891418648842123	NA	1.66397891737344	1.62549692178264	1.43152979470484	1.28216221113033	NA	1.50908916607981	NA	NA	1.5945691615146	0.913247939760599	1.14426373983995	0.688473070398155	0.600179348798756	0.639338233664484	0.462920538503434	0.465475811713804	0.636799729669574	0.214112030276671	0.192099296071984	0.410693655771247	0.392505380117448	NA	NA	0.320516800245396	NA	0.385940424846094	0.480411724189689	NA
NA	NA	0.541554271924947	NA	NA	0.591685533760498	NA	1.0129336185007	NA	0.960153160591618	0.982740561398771	NA	NA	0.977652681933897	0.987531566855945	NA	NA	1.19693286028654	NA	0.572118264561189	NA	0.743162068363536	NA	NA	NA	NA	NA	NA	0.692675639255203	0.228795422924381	NA	0.933587992540437	NA	1.06533022177944	NA	NA	NA	NA	0.358089990299113	0.48133182093308
NA	NA	NA	NA	NA	NA	NA	NA	NA	NA	NA	NA	NA	NA	NA	NA	NA	NA	NA	NA	NA	NA	NA	NA	NA	NA	NA	NA	NA	NA	NA	NA	NA	NA	NA	NA	NA	NA	NA	NA
NA	NA	NA	NA	1.07097687297534	1.23429769089224	NA	NA	0.802342537308362	NA	NA	0.731481616323176	NA	0.690358825046939	0.887127425608964	NA	NA	0.67360812371858	NA	0.882102137966338	1.44859017034111	1.12160933643674	0.892880293513894	NA	NA	NA	0.895505547013857	NA	NA	0.671472725590176	1.39928224148973	0.106109676507241	NA	NA	0.473021816862081	2.03548756067879	NA	0.356072817719983	NA	0.496385912883967
NA	NA	NA	NA	NA	NA	NA	NA	NA	NA	NA	NA	NA	NA	NA	NA	NA	NA	NA	NA	NA	NA	NA	NA	NA	NA	NA	NA	NA	NA	NA	NA	NA	NA	NA	NA	NA	NA	NA	NA
NA	0.946495344387285	NA	NA	NA	NA	0.975593166023967	1.12723022300278	0.95603056796094	NA	0.282740794324733	1.16889849766854	NA	NA	NA	NA	NA	0.576316338524817	NA	0.544350376785705	1.02462163141101	1.0276824955602	NA	NA	0.889200877007795	0.364475346750077	0.34081323991564	NA	0.3253644562073	0.537282792235391	0.396678009288363	0.803764978795261	0.486052630121435	0.332480666114205	0.133409866947139	0.456154283268739	NA	NA	0.773272706843846	0.575707059245355
0.720465082406186	1.78767319975583	NA	NA	NA	1.13720522242846	NA	NA	NA	NA	NA	1.64825976508775	NA	1.06323755021753	1.48686428805534	0.629733109290009	NA	NA	1.38716520249597	0.979688899367568	0.632591237539829	0.248982622782687	0.660390540467619	0.708345503288068	0.535731868480631	NA	0.436916530511175	0.256138952752784	0.387587027969061	NA	0.264037137042406	NA	0.260314993083186	0.356300947119689	NA	0.348739391199792	NA	0.51021782135051	0.672335996090492	0.63811671342724
2.17583404356414	NA	NA	1.7195797264114	1.51307122920118	NA	0.989130870402539	NA	1.12531077902979	NA	2.00507372855451	NA	NA	NA	NA	1.47802967713512	NA	1.91854204772397	0.856707199112082	0.670748748642195	NA	0.915310781360549	1.40050039577587	NA	1.49864596557348	1.13045724031154	NA	1.77410470006945	NA	2.06131871416301	NA	NA	NA	NA	0.543949673089802	NA	NA	NA	NA	0.481740720157471
NA	NA	NA	NA	NA	NA	NA	NA	NA	NA	NA	NA	NA	NA	NA	NA	NA	NA	NA	NA	NA	NA	NA	NA	NA	NA	NA	NA	NA	NA	NA	NA	NA	NA	NA	NA	NA	NA	NA	NA
NA	NA	NA	NA	NA	NA	NA	NA	NA	NA	NA	NA	NA	NA	NA	NA	NA	NA	NA	NA	NA	NA	NA	NA	NA	NA	NA	NA	NA	NA	NA	NA	NA	NA	NA	NA	NA	NA	NA	NA
NA	NA	NA	NA	NA	NA	NA	NA	NA	NA	NA	NA	NA	NA	NA	0.855654351602864	0.847826170015016	0.576992042804771	0.458765339428582	0.379347180957502	0.258058537820642	NA	NA	1.23409601425958	1.21482136953756	0.813684865852894	0.747398553761578	0.749064722821063	0.288709643779233	0.377591996243206	0.158209672641902	0.36901985570036	0.299387526824966	0.101101759515745	0.176823669060981	0.0915285829858503	NA	0.257422664458089	0.32210109010984	0.468007013182502
NA	NA	NA	NA	NA	NA	NA	NA	NA	NA	NA	NA	NA	NA	NA	NA	NA	NA	NA	NA	NA	NA	NA	NA	NA	NA	NA	NA	NA	NA	NA	NA	NA	NA	NA	NA	NA	NA	NA	NA
NA	NA	NA	NA	NA	NA	NA	NA	NA	NA	NA	NA	NA	NA	NA	NA	NA	NA	NA	NA	NA	NA	NA	NA	NA	NA	NA	NA	NA	NA	NA	NA	NA	NA	NA	NA	NA	NA	NA	NA
1.42631419770663	1.01533957003428	0.968839705232596	1.27043532226897	1.09267112575976	0.539255283236034	1.45697167596808	0.565684234706303	0.659838308419477	NA	NA	1.02580326600163	1.26209122682445	NA	1.53936897462796	1.09596682943737	NA	0.680330520109618	0.779113346628811	0.788876690596027	0.466932827233903	0.774369798061078	NA	0.985506106142896	0.616850585374965	0.877102941971927	1.11327428894699	0.986360944490746	1.09110729674315	1.27022387479021	1.61299187060022	1.04232969822472	0.849084258568611	0.317744812779565	0.150651541012219	0.647113072352319	NA	0.233478798148991	0.662226868804898	0.744880257645391
NA	1.2440072532966	NA	1.24573642073558	NA	NA	NA	0.611144771877995	0.363826308930149	0.124745314345437	0.358537359763361	0.39908602141168	0.333177093170968	0.628612513976294	0.7871002792136	0.855300806373091	NA	0.433424297286185	0.189414441566561	0.258998423786743	NA	NA	0.421048177951449	0.740617700140495	0.316661650642218	0.385118537837113	0.516433009177603	0.336890854838402	0.829341608507645	NA	0.595975439169696	0.715563401590845	0.549956639412721	0.311703568478361	0.330637750263833	NA	NA	0.660829277371534	0.218592324210211	NA
NA	NA	NA	NA	NA	NA	NA	NA	NA	NA	NA	NA	NA	NA	NA	NA	NA	NA	NA	NA	NA	NA	NA	NA	NA	NA	NA	NA	NA	NA	NA	NA	NA	NA	NA	NA	NA	NA	NA	NA
NA	NA	1.30873929553313	NA	1.23637799866784	NA	0.69514282087609	0.589692555553919	NA	1.07081625048366	0.787507320302912	NA	NA	NA	NA	NA	NA	0.733504916415455	0.755211561529881	NA	NA	NA	0.252128825910717	0.577982455894791	0.534470276516851	NA	0.133375098416556	0.200222296805032	NA	0.862842856305986	NA	0.697266448946265	0.393378695387218	0.414569916710944	0.617844121083621	0.89944195108172	NA	NA	0.81181799346581	0.533541259016208
NA	NA	0.93357854776081	NA	NA	NA	NA	NA	NA	NA	NA	NA	NA	NA	NA	NA	NA	NA	NA	NA	NA	NA	NA	0.771793993503968	1.09038696934875	0.87732195538477	1.31375659676748	NA	NA	1.65330506108514	NA	NA	NA	NA	0.287880635111931	1.52370124673699	NA	0.608604072848383	0.44061316245214	NA
NA	2.54614591652223	2.07105126889623	NA	1.3149314550896	NA	1.12821614304595	NA	NA	1.19502402226851	1.11428066416611	1.07399738889156	1.89286057596932	1.01181161104821	1.55385404524566	1.42368334267534	1.65732379890088	1.39564995015759	1.33491432604929	1.3088616790074	1.28244577810632	1.21019753935141	2.04250042749991	1.16286388275541	1.82323356786664	NA	1.69775763120198	1.48928939638316	2.29796120901396	1.18637801813602	2.24637820520331	2.39787906966468	NA	0.613934831802415	0.605871945053991	0.78333477351775	NA	NA	1.03934265455109	1.24908784199749
NA	NA	NA	NA	NA	NA	NA	0.898784671808261	0.960962421554404	NA	NA	0.595793494580164	0.787293434369151	NA	NA	1.22592401683363	0.844142634738237	1.04998736018751	0.969151552915124	NA	1.89775296371398	NA	NA	NA	NA	NA	0.88320419439337	NA	0.323403729123057	NA	NA	0.773172870228593	NA	0.874051251218561	0.666705517191992	0.300325661206671	NA	NA	0.517949305510297	0.451187959868964
NA	NA	NA	NA	NA	NA	NA	NA	NA	NA	NA	NA	NA	1.3899905548812	NA	1.25346569633713	NA	0.808551013965773	1.23834947178287	NA	1.24499953245032	NA	NA	1.27415676101317	NA	1.21299555250857	0.968602713821855	0.954446173438349	NA	0.606372174311483	NA	0.2715135345869	0.265536915995611	0.489965049067033	0.674490454574478	0.667288977742333	NA	0.453474973960169	0.482254458198226	0.52644165038677
NA	0.2431921515983	0.831303381671447	0.432195482680609	0.402710934556462	0.824889816212329	1.11654789448272	1.14718328261241	NA	0.84617888978825	NA	1.25060625771692	NA	NA	0.590315398146401	0.634832826061339	0.61935867985	0.521235068657551	0.299511953611463	0.578660965075639	0.278051360235459	0.35806241869553	NA	0.667240612284717	NA	NA	NA	1.19371108423379	1.38870739875949	1.11648686240916	0.964576523995848	0.565309256676819	0.686048208520686	0.363139940755477	NA	0.761712267415858	NA	0.508141801558763	0.564275628718341	0.624606404768628
NA	NA	NA	1.72359140201043	NA	1.36930314941672	NA	1.07103466780954	1.12391449299044	NA	1.17775084778872	NA	NA	1.10525846555427	NA	NA	1.56274903433556	0.927789741903022	0.962637891162872	0.699706285480915	0.505317580430147	0.624252292279322	0.738072308875224	0.750880536211165	0.627114716349934	0.548585064126817	0.242606234314038	0.305919981395174	0.156693818365876	0.496244180980519	0.350057357478842	0.437023775732094	0.404212455139504	0.329314049527357	0.343840319459011	0.234578958105113	NA	0.27603678939363	0.616078303282039	0.239095132356112
NA	0.866138183655135	NA	NA	1.01362678976374	NA	NA	NA	NA	NA	NA	1.27142302475737	NA	1.38650896695921	1.46455021614386	1.44726747951364	1.76381157370681	NA	1.75265529941774	NA	NA	0.354597748533616	0.280602817117752	0.691423991948451	0.979548725519828	0.989107751626759	0.211448590498911	0.463302929020965	0.600947038447385	0.8115939327452	0.90585816696438	0.951245625366221	0.965842419408035	1.17875773444841	0.447543448826701	0.400493331557586	NA	0.605809610966964	0.455102519575986	0.731168616761852
NA	NA	NA	NA	NA	NA	NA	NA	NA	NA	NA	NA	NA	NA	NA	NA	NA	NA	NA	NA	NA	NA	NA	NA	NA	NA	NA	NA	NA	NA	NA	NA	NA	NA	NA	NA	NA	NA	NA	NA
NA	NA	NA	NA	NA	NA	NA	0.878876496305535	NA	NA	NA	NA	1.11825379340315	0.93247917404971	0.537126521015466	NA	NA	1.13332484313285	NA	0.913278240189662	0.78752454860588	NA	NA	NA	NA	NA	NA	0.876830081475289	NA	NA	NA	NA	NA	0.569876012967373	0.65514341064392	NA	NA	NA	0.251120573375401	0.439660642986106
NA	1.46055318204947	1.6468089167401	NA	NA	NA	0.86410006645232	NA	NA	NA	NA	NA	NA	1.50341861929254	1.71557799365153	1.60053254534817	1.99024488447115	1.90068308199464	NA	NA	1.44172303500801	1.46818184209829	1.03800813792117	1.26008851545933	0.714618898610815	NA	1.41103175447499	1.42212494940583	0.956881978730974	1.15117191198298	1.04774137369857	0.440435748734761	0.463957930800336	0.366062204392886	1.37363227042885	NA	NA	NA	0.414412762635569	0.606742006485889
NA	NA	0.438248724483635	NA	0.782883415027393	0.439434619361158	NA	NA	NA	NA	NA	0.531540564224423	NA	NA	NA	NA	NA	0.956975836136022	0.324252164685936	NA	NA	0.323326759341197	NA	NA	NA	0.112656346015099	NA	NA	NA	0.637258901439233	NA	NA	NA	1.6983249720714	NA	0.61213195522568	NA	0.410108947329205	2.17717016647333	NA
NA	NA	NA	NA	NA	NA	NA	NA	NA	NA	NA	NA	NA	NA	NA	NA	NA	NA	NA	NA	NA	NA	NA	NA	NA	NA	NA	NA	NA	NA	NA	NA	NA	NA	NA	NA	NA	NA	NA	NA
NA	NA	2.11611817926787	NA	NA	NA	NA	NA	NA	NA	NA	NA	NA	1.49427088033772	NA	2.22726984723064	NA	NA	1.53064174201469	1.43261076532706	NA	NA	1.80965322090895	1.15550285845915	0.403945218982989	NA	NA	NA	1.59505892138417	NA	NA	NA	0.913722611807716	NA	NA	1.03192129243044	NA	1.14053926641832	1.80086682021411	NA
1.45667570995865	NA	0.443946797143414	NA	NA	0.730272444456296	1.13183288590921	NA	0.834874838039075	NA	0.516497953027252	0.857585754703269	NA	0.749391642967573	NA	NA	0.44134248112016	0.274230359833496	NA	0.39750136728344	0.707472188549344	0.32584403368315	NA	0.252182895267774	NA	NA	NA	NA	NA	0.592408492987086	0.722063754953382	0.130047325779739	0.320259467636028	NA	0.373909175989764	0.500532538617069	NA	0.292618300233316	0.464455009474119	0.363248318428666
0.35821687215544	1.59253898137687	NA	NA	0.890186040434173	0.92137496726222	0.53291424673858	0.525952700590311	NA	NA	1.33315181635397	1.30613947675383	NA	1.21509485015523	1.35007738474324	NA	NA	NA	1.57469908941119	1.17808468688963	NA	0.663099909792561	0.581521556121984	0.81707700030303	0.948170599785728	0.915512165777438	NA	0.312253614020413	NA	NA	NA	NA	NA	NA	NA	1.51007153054481	NA	NA	NA	NA
NA	NA	NA	NA	NA	NA	NA	NA	NA	NA	NA	NA	NA	NA	NA	NA	NA	NA	NA	NA	NA	NA	NA	NA	NA	NA	NA	NA	NA	NA	NA	NA	NA	NA	NA	NA	NA	NA	NA	NA
NA	0.86208019061774	0.353210220960668	NA	NA	0.138607486004416	0.253813331382126	0.240498135071595	0.558558919921948	0.541243573652993	0.791638573212203	0.684543165971119	NA	0.468298235274537	0.755077524263285	0.864662598642249	0.678228792459374	0.631619021027187	0.721070032400197	0.285614729707818	0.467811619519492	0.231353262029708	0.36847958769682	0.391839549315679	0.75902819696184	NA	1.12797272320956	0.154447207977401	0.385030878118545	0.711987580061924	NA	0.663318176945497	0.570980680646674	0.454811910263348	0.650031936521176	0.44307823971911	NA	0.485731837692641	0.175370057484931	1.52859987353481
NA	NA	NA	NA	NA	NA	NA	NA	NA	NA	NA	NA	NA	NA	NA	NA	NA	NA	NA	NA	NA	NA	NA	NA	NA	NA	NA	NA	NA	NA	NA	NA	NA	NA	NA	NA	NA	NA	NA	NA
NA	NA	NA	NA	NA	NA	NA	NA	NA	NA	NA	NA	NA	NA	NA	NA	NA	NA	NA	NA	NA	NA	NA	NA	NA	NA	NA	NA	NA	NA	NA	NA	NA	NA	NA	NA	NA	NA	NA	NA
NA	NA	NA	NA	NA	NA	NA	NA	NA	1.59453284278894	NA	NA	1.30469053837588	NA	1.74913331569586	1.45537254332136	NA	NA	NA	NA	1.90223325160826	NA	1.01672666706508	1.40211241245313	NA	NA	NA	NA	NA	NA	NA	NA	NA	NA	NA	NA	NA	1.23818778527505	0.987288338189619	1.57519464720995
NA	NA	NA	NA	NA	NA	NA	NA	NA	NA	NA	NA	NA	NA	NA	NA	NA	NA	NA	NA	NA	NA	NA	NA	NA	NA	NA	NA	NA	NA	NA	NA	NA	NA	NA	NA	NA	NA	NA	NA
NA	NA	1.14397581688916	NA	1.60864236564698	NA	1.80659497731103	NA	1.68146492625761	1.68315898885191	1.37050038450142	NA	NA	1.43858943336408	NA	NA	NA	0.778912773711983	NA	NA	NA	NA	1.71108094319494	NA	1.32446526079129	NA	1.34105435608634	1.25720618175407	NA	0.983827957295676	NA	1.16634748773332	0.810388855824335	0.291846195457826	0.355418201945943	NA	NA	0.104908609855066	0.465219572605687	NA
NA	NA	NA	NA	NA	NA	NA	NA	NA	NA	NA	NA	NA	NA	NA	NA	NA	NA	NA	NA	NA	NA	NA	NA	NA	NA	NA	NA	NA	NA	NA	NA	NA	NA	NA	NA	NA	NA	NA	NA
NA	NA	NA	NA	NA	NA	NA	NA	NA	NA	NA	NA	NA	NA	NA	NA	NA	NA	NA	NA	NA	NA	NA	NA	NA	NA	NA	NA	NA	NA	NA	NA	NA	NA	NA	NA	NA	NA	NA	NA
NA	NA	NA	NA	NA	NA	NA	NA	NA	NA	NA	NA	NA	NA	NA	NA	NA	NA	NA	NA	NA	NA	NA	NA	NA	NA	NA	NA	NA	NA	NA	NA	NA	NA	NA	NA	NA	NA	NA	NA
NA	NA	0.440461182305386	NA	0.419027549876093	0.303673789038707	0.304173928212433	0.211816709775375	NA	NA	NA	0.757420282928268	0.510621712783331	0.661922850220192	0.559943830889609	NA	0.563211500363119	0.890884024295744	0.402489994606011	0.503641216940165	1.78768972700453	NA	0.318141293668242	0.301416651748469	0.687997314366469	0.664719462224363	0.745725092067402	0.597933838381073	0.381771520792967	0.439832119662345	0.313314111227696	0.349086004157697	0.499468205010234	0.612870223890547	0.328168926901	NA	NA	0.502600141263563	0.148440018012261	NA
NA	NA	NA	NA	NA	NA	NA	NA	NA	NA	NA	NA	NA	NA	NA	NA	NA	NA	NA	NA	NA	NA	NA	NA	NA	NA	NA	NA	NA	NA	NA	NA	NA	NA	NA	NA	NA	NA	NA	NA
NA	1.49245786073281	NA	1.46868873079279	NA	NA	NA	0.869382399283957	0.953767530539717	2.2153176713653	0.881786263467956	2.08385760977515	NA	NA	NA	NA	NA	NA	0.886056048514664	NA	1.22440269909939	0.457458127332939	NA	NA	0.734252739445764	NA	NA	NA	0.957828636729244	NA	NA	NA	NA	NA	NA	NA	NA	NA	0.216703850383765	0.894499051867036
NA	NA	NA	NA	NA	NA	NA	NA	NA	NA	NA	NA	NA	NA	NA	NA	NA	NA	NA	NA	NA	NA	NA	NA	NA	NA	NA	NA	NA	NA	NA	NA	NA	NA	NA	NA	NA	NA	NA	NA
NA	2.84045240101763	2.13314906283801	NA	2.02532131043756	1.55494749979446	NA	1.48532797179264	2.01504996534078	NA	NA	NA	NA	NA	1.58478153115591	NA	NA	NA	NA	1.12219578494667	0.6582570751803	NA	NA	2.00021974112668	NA	1.71791860155329	NA	NA	NA	NA	NA	NA	NA	NA	0.448950344347381	0.929006361737695	NA	0.303312544162019	0.300480678072973	1.14840765580892
NA	NA	NA	NA	NA	NA	NA	NA	NA	NA	NA	NA	NA	NA	NA	NA	NA	NA	NA	NA	NA	NA	NA	NA	NA	NA	NA	NA	NA	NA	NA	NA	NA	NA	NA	NA	NA	NA	NA	NA
NA	NA	NA	NA	NA	NA	NA	NA	NA	NA	NA	NA	NA	NA	NA	NA	NA	NA	NA	NA	NA	NA	NA	NA	NA	NA	NA	NA	NA	NA	NA	NA	NA	NA	NA	NA	NA	NA	NA	NA
NA	0.903207764963399	2.35478470442732	1.0729828856322	0.609032608866439	0.750342188825249	0.374463117891204	0.785982180503923	0.630034211130974	NA	0.558090076417569	NA	NA	1.50530896746021	1.40340369320083	NA	1.3158522534111	0.99997500609799	2.5217248241573	NA	0.907062805060687	0.932978540442524	NA	0.922078421541354	NA	NA	NA	NA	1.14426400562462	1.28399437159854	1.21123818274446	1.04395763501541	1.17997481980713	1.04402931409262	NA	NA	NA	0.711357585122519	0.885849157216553	NA
NA	NA	NA	NA	NA	NA	NA	NA	NA	NA	NA	NA	NA	NA	NA	NA	NA	NA	NA	NA	NA	0.186750639775987	0.493791141794981	0.210113268736632	0.385645798605316	0.370806433898947	0.415355543667142	0.783372740592087	0.601125271942669	0.614830199181582	0.653111008694051	0.469676806601928	0.415070449608489	0.508228198971983	0.250885489077076	0.396723381060088	NA	0.585772466710613	NA	0.0991834773811246
NA	NA	NA	NA	NA	NA	NA	NA	NA	NA	NA	NA	NA	NA	NA	NA	NA	NA	NA	NA	NA	NA	NA	NA	NA	NA	NA	NA	NA	NA	NA	NA	NA	NA	NA	NA	NA	NA	NA	NA
NA	NA	0.444137340404744	0.709084201737883	0.691679921530305	0.882849967080345	0.880011982548049	0.880229476902534	1.31218910867166	1.35371431735913	1.05532964229488	0.794445522021868	1.02327490193141	1.02656751972303	0.595137060953679	0.554460495176629	0.796601631521211	0.906327931830485	0.742260378756319	0.401052971055817	0.425270837690404	0.767101666839888	0.184179843616609	0.659655594952623	0.284970734977576	NA	0.568021858823678	0.323503073117893	0.116190371946019	0.271200912603594	NA	0.384353812975849	0.25064721778258	0.392823117291344	0.484606102941134	NA	NA	0.208046900472105	NA	NA
NA	NA	NA	NA	0.951775003612103	0.582197592531043	0.589468089398113	1.45200053919098	1.22866941096646	0.692527414304591	0.902908081803377	NA	NA	0.875754065882959	NA	NA	1.42967851453651	1.32472181407353	0.837473208113002	1.88674457368994	NA	NA	1.27222740803375	NA	1.14178352286528	0.692718255768727	NA	NA	1.2188235342676	NA	1.58327300986074	NA	0.77102396637132	0.767015284697359	NA	0.377620043322103	NA	0.383847997254015	1.28639404807299	1.04424852488243
1.32838395491255	NA	1.68514095982846	1.57884243496306	1.17391699631468	0.712742348149016	1.19751704442663	1.11738367694318	1.26401412551365	1.5994495609386	NA	NA	1.3258338823745	1.0379118400102	NA	1.36936806809024	1.37569806493333	1.53561491510067	NA	1.08079506556394	0.926085619493639	1.25282931505036	1.21917737405103	1.03680323247221	NA	2.23860295433148	NA	NA	0.37057225172075	NA	0.409170347003678	0.245872810843564	0.346822640292347	NA	NA	NA	NA	NA	0.350760143292719	0.424837785121065
1.99494961572459	NA	NA	0.704111827557538	1.14545859178891	1.41248410793301	1.67377653611757	NA	NA	1.84463261581936	NA	1.29384108804533	NA	1.5310961415024	1.60133497521917	1.49282883294669	1.72615493654306	1.3077868579298	NA	NA	NA	1.28568812706931	1.11690594933377	NA	1.40696172107001	NA	2.54202104754874	1.48705783116431	1.2169543765106	1.36374824275628	1.57891945515171	1.2110847534573	1.25786908937116	0.486777175901639	NA	NA	NA	NA	0.558908404661936	0.959667397459724
NA	1.95424393175316	NA	NA	1.31742575889736	1.74461662397456	1.52918142353946	1.66000755650486	NA	NA	NA	NA	1.75752731927312	NA	2.05740518811689	NA	1.48368256285067	1.66713938784335	NA	1.0736323053092	0.915822602410563	NA	1.53391100978335	NA	NA	NA	0.350105837208882	NA	NA	NA	NA	NA	0.627778105959158	0.415255300837939	0.375501598998503	0.229494118651271	NA	0.27168600075967	NA	0.628060709060522
1.15038619455198	0.995432241793526	NA	1.03723238076069	1.20828072307995	1.24573575040344	NA	1.61012570547592	NA	NA	NA	NA	NA	0.994854558928461	1.02217055314534	1.26911490794682	1.21594312844009	0.971304555364889	0.760783618403946	0.658157621637979	0.749745271638208	NA	1.23903357279063	NA	NA	NA	1.33752225087747	1.63784572452479	NA	NA	1.38991663135447	NA	0.834564069346562	0.913952956280576	0.468648073366729	0.30773694791696	NA	0.726666571762486	0.54128945324539	0.799461885703392
NA	NA	NA	NA	NA	NA	NA	NA	NA	NA	NA	NA	NA	NA	NA	NA	NA	NA	NA	NA	NA	NA	NA	NA	NA	NA	NA	NA	NA	NA	NA	NA	NA	NA	NA	NA	NA	NA	NA	NA
NA	NA	NA	NA	NA	NA	NA	NA	NA	NA	NA	NA	NA	NA	NA	NA	NA	NA	NA	NA	NA	NA	NA	NA	NA	NA	NA	NA	NA	NA	NA	NA	NA	NA	NA	NA	NA	NA	NA	NA
NA	NA	NA	NA	NA	NA	NA	NA	NA	NA	NA	NA	NA	NA	NA	NA	NA	NA	NA	NA	NA	NA	NA	NA	NA	NA	NA	NA	NA	NA	NA	NA	NA	NA	NA	NA	NA	NA	NA	NA
NA	NA	NA	0.737109559586562	0.876831165393572	0.854153263564532	NA	NA	NA	NA	NA	NA	NA	NA	NA	NA	NA	0.808748143337449	NA	0.818185282510387	0.291013809193261	NA	0.303351544559302	0.493852901276327	NA	NA	NA	NA	NA	0.786195065901917	NA	0.922351479981567	NA	NA	0.36649614951438	NA	NA	NA	0.662557849281204	0.981962259570642
NA	NA	NA	1.70556253403185	1.01293883976089	1.5225128590536	NA	NA	NA	NA	1.45811519545265	1.29957202338086	NA	1.18424149020536	NA	1.40854705122662	1.72698931177015	1.64305391003829	NA	NA	1.9661796498799	1.04248365167449	0.842826439733048	NA	0.83334296629499	NA	NA	NA	NA	1.10128495870656	1.22168488650163	1.07468373120911	2.5433518517996	0.509388920168051	0.701959662953449	0.560582054635351	NA	0.281313710238382	0.27800122453303	0.473351815847455
NA	NA	NA	NA	NA	NA	NA	NA	NA	NA	NA	NA	NA	NA	NA	NA	NA	NA	NA	NA	NA	NA	NA	NA	NA	NA	NA	NA	NA	NA	NA	NA	NA	NA	NA	NA	NA	NA	NA	NA
NA	NA	NA	NA	NA	NA	NA	NA	NA	NA	NA	NA	NA	NA	NA	NA	NA	NA	NA	NA	NA	NA	NA	NA	NA	NA	NA	NA	NA	NA	NA	NA	NA	NA	NA	NA	NA	NA	NA	NA
NA	NA	NA	2.07257497181144	1.83660543357363	NA	1.39247467040719	NA	1.2050794847833	NA	NA	NA	NA	NA	0.904391402182789	NA	NA	0.645494567799868	NA	0.541618696027883	1.25187268563006	0.758848580082281	NA	0.736777804600155	0.289082367284831	0.185009557505888	0.648127149302461	NA	NA	1.09605753760376	0.673701051405038	0.485944956189603	NA	0.951104478315935	0.408045417449321	0.33457491251396	NA	1.06284142495069	0.339001580469816	0.318436319886145
1.21937293679701	1.32478743093518	1.25095312105885	NA	0.735848790832196	NA	1.3829947111513	1.05453336901186	1.07040642640302	1.26776759396683	NA	0.399804481748106	NA	1.56432072030433	1.6117177265201	1.51033494372045	1.48582599406805	1.44768658616296	1.48761275482716	1.60742107939925	NA	1.13910326486479	1.23921671414969	NA	1.39133900406591	1.57795997754071	NA	NA	NA	1.33239917155032	1.46002341745169	1.47575532783479	1.43151465800054	1.61721199034438	NA	NA	NA	NA	1.08356693053527	0.956276791070244
NA	NA	NA	NA	NA	NA	NA	NA	1.26855054541952	NA	1.06820088357233	1.16050209994005	NA	1.15704952718539	NA	NA	NA	NA	NA	NA	1.21005619531055	0.925217860041395	0.726041293823534	NA	NA	0.748823058435494	0.863525909405895	0.898226998481019	NA	NA	NA	0.301088508709262	0.766849164980731	0.828612163229685	1.06602811182394	NA	NA	NA	NA	NA
NA	NA	NA	NA	NA	NA	NA	NA	NA	NA	NA	NA	NA	NA	NA	NA	NA	NA	NA	NA	NA	NA	NA	NA	NA	NA	NA	NA	NA	NA	NA	NA	NA	NA	NA	NA	NA	NA	NA	NA
NA	NA	NA	NA	NA	NA	NA	NA	NA	NA	NA	NA	NA	NA	NA	NA	NA	NA	NA	NA	NA	NA	NA	NA	NA	NA	NA	NA	NA	NA	NA	NA	NA	NA	NA	NA	NA	NA	NA	NA
1.5619151586616	NA	1.33013261030491	1.63923357512214	1.8098470938676	1.65566015912001	2.3700489910219	NA	NA	NA	NA	NA	NA	NA	NA	NA	NA	1.76983054423844	NA	NA	NA	1.62519427076301	0.967430837673374	0.827257246084361	0.772486071489069	NA	NA	NA	NA	NA	1.43990893444358	0.439909595733601	NA	NA	NA	0.271200365795268	NA	0.918020684701691	0.379033450010671	NA
NA	0.75559158824628	NA	0.30885869087583	NA	0.547072197018608	0.468322723810949	NA	0.79387413958183	NA	0.456247750965598	NA	NA	0.748966589879445	0.878970531127727	NA	0.926742559117448	0.927743228029281	0.729218933758349	0.698111215641703	0.714159926678379	0.386965741413898	0.387214171421443	0.519676610139076	0.822016400613925	1.09005312379405	0.932196430252959	NA	0.925733968184073	NA	0.691041927133473	0.537612211270784	1.43424726511094	1.43456695785598	0.279837287217047	NA	NA	0.544409544010539	0.303319241945994	1.08814551247404
NA	NA	1.54645561556326	1.33283612962214	NA	NA	NA	1.1784030965857	1.58361665953062	0.907269407602852	NA	NA	1.09083069771966	1.57185451707723	NA	NA	NA	NA	NA	NA	1.2005550910472	1.40275023801177	0.860474361756564	1.12559624721232	1.07198022209926	1.14583515441191	NA	0.616255248639485	2.12777195784589	NA	NA	0.651749238344097	0.215487037460878	0.500829692376598	0.507445727733805	0.274530004678655	NA	0.512194712344306	0.540543518263883	1.88309411708485
0.711880660756472	NA	1.0489125873743	0.739363958077714	0.818191528665729	0.868685251324406	0.829859808703072	0.746386087083156	NA	NA	0.609400757969352	NA	NA	1.06282171422104	1.29176427863501	NA	1.25972397635276	1.5200587067323	NA	NA	NA	0.761898042195259	0.444120549059148	NA	0.766069690277072	NA	NA	0.436115401238875	NA	0.616265898535043	0.416228733776417	NA	0.503029301258776	NA	NA	0.82166491293038	NA	0.62679778340775	0.5747394992208	0.699928839300419
NA	NA	NA	NA	NA	NA	NA	NA	NA	NA	NA	NA	NA	NA	NA	NA	NA	NA	NA	NA	NA	NA	NA	NA	NA	NA	NA	NA	NA	NA	NA	NA	NA	NA	NA	NA	NA	NA	NA	NA
NA	NA	NA	0.920472430800839	NA	1.59886311422235	NA	NA	NA	1.24127518063523	1.36188096210197	0.638082698209584	NA	1.64135453976827	NA	NA	NA	NA	NA	1.51802487441621	1.87642394988348	0.928659336263288	NA	0.290694190459099	0.799571462405885	NA	NA	0.388423173469918	NA	NA	NA	NA	NA	NA	1.75154565486169	NA	NA	0.606942286740568	0.602686273449405	NA
NA	NA	NA	NA	NA	NA	NA	NA	NA	NA	NA	NA	NA	NA	NA	NA	NA	NA	NA	NA	NA	NA	NA	NA	NA	NA	NA	NA	NA	NA	NA	NA	NA	NA	NA	NA	NA	NA	NA	NA
NA	0.279740525150502	NA	NA	NA	0.385604904423211	0.580355284428061	0.581948468777419	NA	NA	0.958855705794072	NA	NA	0.647855623216458	NA	NA	0.339763818863601	NA	NA	0.708801913815953	0.451226488459184	NA	0.76257829952234	NA	NA	0.569334916383472	NA	NA	0.951605174586926	NA	NA	0.457663078658559	0.618184371468421	NA	0.522354293554315	0.586421504555572	NA	0.814435787138744	1.38921232529902	NA
NA	NA	NA	1.73209385871932	1.95228255758874	2.01536672911781	1.95896520341336	1.52686694004737	1.29201271725109	NA	NA	1.03751699104361	NA	NA	1.36292607538142	1.3475360804546	1.2325998757591	NA	1.50651716754533	0.85642349544077	NA	0.959724984136198	1.25253399220403	1.81654208815756	1.70507074997417	NA	2.65638066424551	0.456710542883477	1.54684644751627	1.43225405831441	1.61992944921279	0.600263806560172	0.728498425965121	NA	0.980410841515985	0.782601926779674	NA	2.23666140643775	0.530830619781539	1.44184549460086
1.26828782043682	NA	NA	NA	NA	1.63730050038482	NA	0.878024125399194	NA	NA	NA	1.33073798394064	NA	NA	0.968910252969406	0.901448152583848	0.910119129534355	NA	0.927691279003658	0.660260170178855	0.813381830347871	NA	NA	NA	0.473445259129156	0.446094150843212	NA	NA	0.803246967827939	0.565417609032224	NA	1.62301776253318	NA	0.647640915463665	0.689052356898136	0.299166146617635	NA	0.617046254127932	0.865199145536027	0.833364117420664
NA	NA	NA	NA	NA	NA	NA	NA	NA	NA	NA	NA	NA	NA	NA	NA	NA	NA	NA	NA	NA	NA	NA	NA	NA	NA	NA	NA	NA	NA	NA	NA	NA	NA	NA	NA	NA	NA	NA	NA
NA	NA	NA	NA	NA	NA	NA	NA	NA	NA	NA	NA	NA	NA	NA	NA	NA	NA	NA	NA	NA	NA	NA	NA	NA	NA	NA	NA	NA	NA	NA	NA	NA	NA	NA	NA	NA	NA	NA	NA
NA	NA	NA	NA	NA	NA	1.46411396921788	NA	NA	NA	NA	NA	NA	NA	NA	NA	NA	1.33269315077127	NA	NA	0.765696229365917	0.483791400886315	NA	0.571698884861793	NA	NA	0.606660270166156	NA	0.714014130610456	0.652534416046433	NA	0.640498402364204	0.356404207927455	0.473415964944116	0.431740806189408	0.469811163903129	NA	1.61331783982142	0.461503758039547	NA
0.839799690071868	NA	NA	NA	NA	0.826944310389849	0.730662633852465	0.370810534886981	NA	1.07825516460392	0.886243590003119	NA	NA	NA	1.54435884916009	NA	NA	NA	NA	NA	1.43890603024233	0.610813823662285	0.574379068837235	1.12971320461111	NA	NA	NA	0.480686152144036	0.545864364792896	0.36998588901601	0.44731616165715	0.341476353651772	0.518449683952473	NA	NA	NA	NA	NA	0.428114419503294	1.32781522370612
NA	NA	NA	1.41134281184929	1.04150799461882	NA	NA	NA	NA	NA	1.68242510441556	0.324108955318364	NA	NA	0.877836826983533	0.644296268073916	0.710848899283225	0.838974945373666	NA	0.72973111120933	0.722094741887141	0.656925211375005	0.918885636671591	NA	1.51164974387071	NA	NA	NA	NA	NA	NA	NA	0.914112674506672	0.800337535837356	0.593262743022041	NA	NA	NA	0.689487967569961	NA
1.13867374566577	1.00898783935453	1.07397304164328	1.15583029788449	0.979946468944293	1.02481402662657	0.848331401641611	0.964036877686656	0.959117453285209	1.24035116596833	1.05691317857897	0.549655002891705	0.462382742157629	0.997037425304479	0.710835366066751	0.760784345750737	0.803903923637728	0.812079104270068	0.85267982096892	0.679631345363621	0.856288790909773	0.556680231894368	0.553271878222375	0.774808419202107	0.452658002142525	0.372164338853641	0.968930335485136	0.521648952907063	0.724878634514231	0.152839733275009	0.814477729783777	0.974904511718721	0.388663276961817	0.590829535688955	0.591118764273658	0.216515505478336	NA	0.172219145600644	0.16079951568447	0.337315324883185
NA	0.957668323624572	1.25135536993058	1.27183015970705	1.24859620267553	NA	NA	0.788042076640024	NA	0.97408186914206	1.06311869522047	NA	1.386005801534	0.617438356103652	0.729858697611955	1.3333772286768	0.860421600679324	0.584185041179055	NA	0.772218039722398	1.52883898474401	0.630349687520105	0.491529371459396	NA	NA	0.6336247897398	0.823115812551984	NA	0.27196917862746	0.198795809648217	NA	NA	NA	NA	1.864606970331	1.93288358376364	NA	0.60735667446796	0.683661104070502	0.402489383307021
1.40173877238074	NA	1.56842369305171	NA	NA	NA	NA	NA	NA	NA	0.733638894273448	NA	NA	NA	NA	NA	2.28764189104182	1.71550017966338	NA	NA	2.55459886146972	2.16762349834163	1.37065157282427	1.57807957202922	NA	NA	NA	0.608725704419237	1.07722327894085	1.09417780249749	NA	1.29983071919348	1.8727974087543	1.72401352258057	1.20902414025648	NA	NA	1.25340263065462	1.4527183144519	1.72681191444382
NA	0.586303640765138	NA	NA	0.615505093069231	0.856280759846632	0.527484742571094	0.693279743397096	NA	NA	NA	NA	NA	1.06475704040666	NA	NA	NA	1.25454453975108	NA	0.515893103836389	NA	0.170524036152795	NA	0.917021707292445	NA	NA	0.719602628909233	0.891757759950868	NA	1.40308619149014	1.4544050151625	1.23497326600712	1.22858349746547	0.729556066433853	NA	1.79295481196003	NA	NA	1.51334762923262	2.32496172768955
1.19754433993456	NA	NA	NA	NA	NA	NA	NA	NA	NA	NA	NA	NA	NA	NA	1.82190356777937	NA	NA	1.53543879095805	NA	2.38134097743736	1.47740030410856	1.25377967441722	0.70450787938633	1.57315028140788	NA	NA	1.04377411213869	NA	1.78919766418543	NA	NA	NA	NA	NA	NA	NA	NA	1.89525897431164	1.04787927778016
NA	NA	NA	NA	NA	NA	NA	NA	NA	NA	NA	NA	NA	NA	NA	NA	NA	NA	NA	NA	NA	NA	NA	NA	NA	NA	NA	NA	NA	NA	NA	NA	NA	NA	NA	NA	NA	NA	NA	NA
NA	NA	NA	NA	NA	NA	0.562176159358558	0.700038297231662	NA	0.333219779390982	0.486071901352849	0.684590331547754	NA	NA	0.753129786869289	0.394028477710706	NA	1.25759063046638	NA	0.866883278565645	0.832616922028963	0.585813607349718	0.444052829943035	0.318300145404628	0.691546646089003	0.504280588384091	0.448206587263857	NA	0.627044380037047	0.634202118568628	NA	0.983422975601728	NA	0.433408496926326	0.418467592593698	0.278761806189773	NA	NA	0.336103257762057	0.57500096649848
NA	NA	NA	NA	NA	1.31243087642467	1.49586539058269	0.673896037138046	NA	1.00752747691299	1.25522862588379	NA	NA	1.11976159789285	1.19586116469366	NA	0.984105818811509	0.809703836107358	0.689944096161693	0.905179072779214	0.783047579661742	0.308712492993379	0.534516584409349	NA	0.390953363696229	NA	0.407737715654895	0.200984937177573	0.30992943511289	NA	NA	0.320822674684549	1.17453703288109	0.656712000433037	0.154372748894704	0.387716880768255	NA	0.571469715404852	0.564870713769498	0.748745047634727
NA	0.596616347132381	NA	NA	1.88021602132477	NA	1.73009145025658	1.81476086884132	2.29397908743228	NA	2.26110200817155	2.22987389864025	1.28987059426458	2.37895576361677	NA	NA	2.20567578693533	NA	1.70989710408745	NA	NA	1.23945225280324	1.2817243003176	NA	1.35694439488336	NA	NA	NA	NA	0.784077539914951	0.753316092599529	1.56390259505994	0.598828728809618	NA	0.628800788759012	1.30647411925046	NA	0.534023296120981	NA	NA
NA	NA	NA	NA	NA	NA	NA	NA	NA	NA	NA	NA	NA	NA	NA	NA	NA	NA	NA	NA	NA	NA	NA	NA	NA	NA	NA	NA	NA	NA	NA	NA	NA	NA	NA	NA	NA	NA	NA	NA
NA	NA	NA	NA	NA	NA	NA	NA	NA	NA	NA	NA	NA	NA	NA	NA	NA	NA	NA	NA	NA	NA	NA	NA	NA	NA	NA	NA	NA	NA	NA	NA	NA	NA	NA	NA	NA	NA	NA	NA
NA	NA	NA	NA	NA	NA	NA	NA	NA	NA	0.496985754437778	NA	NA	NA	NA	NA	NA	NA	NA	0.570552002072231	0.838829610743084	NA	NA	0.752103696472491	0.919526301233133	0.98706240005897	NA	NA	1.00200926771248	0.525188926633802	NA	0.460892566926439	0.889760545233964	1.01602962784055	0.924190130241004	0.907757398527023	NA	0.77100130646597	0.577547141637702	0.400859773214986
NA	NA	NA	NA	NA	NA	NA	NA	NA	NA	NA	NA	NA	NA	NA	NA	0.565504314609939	NA	NA	0.727212876125385	NA	NA	0.714396746181992	0.376628633792662	NA	NA	NA	0.391271780459277	1.6822608655041	NA	NA	0.625924048344932	0.66705383519746	0.154008953397362	0.223223738535006	0.425619345067101	NA	0.322429435423682	NA	0.267052076762447
NA	NA	NA	NA	NA	NA	NA	NA	NA	NA	NA	NA	NA	NA	NA	NA	NA	NA	NA	NA	NA	NA	NA	NA	NA	NA	NA	NA	NA	NA	NA	NA	NA	NA	NA	NA	NA	NA	NA	NA
NA	NA	NA	NA	NA	NA	NA	NA	NA	NA	NA	NA	NA	NA	NA	NA	NA	NA	NA	NA	NA	NA	NA	NA	NA	NA	NA	NA	NA	NA	NA	NA	NA	NA	NA	NA	NA	NA	NA	NA
NA	NA	1.26681271445667	1.31623868828577	1.49731705646814	1.17979252967275	NA	1.27925081331352	1.25326895848347	1.41200755813694	1.3608253829131	NA	NA	0.761653567038231	0.909712834907082	0.642756556578681	1.19799255324244	0.929221123417405	NA	0.548165558711575	NA	0.594903368794134	0.746110789962357	NA	0.97350779540217	1.02973360257	0.773024675008133	0.834112585109625	0.940425757417861	0.917029229112205	NA	0.705127542067491	0.921541567243519	0.603126270860957	NA	0.141503327523093	NA	0.19778012648677	1.13929286482853	0.700138176787328
NA	1.74807316491512	NA	NA	1.41064902477772	NA	NA	1.31614690087753	NA	NA	1.38806795372215	NA	NA	1.29867828921985	NA	NA	0.658795060562811	NA	1.16783914804758	1.63198242840367	1.10246086931696	1.10242815572981	0.708283229319608	0.837025545751648	NA	NA	NA	NA	NA	0.575479311799218	NA	0.790297707226418	NA	0.572576533438748	NA	0.885721283642586	NA	NA	1.04442060383668	NA
NA	NA	NA	NA	NA	NA	NA	NA	NA	NA	NA	NA	NA	NA	NA	NA	NA	NA	NA	NA	NA	NA	NA	NA	NA	NA	NA	NA	NA	NA	NA	NA	NA	NA	NA	NA	NA	NA	NA	NA
NA	NA	NA	NA	NA	NA	NA	NA	NA	NA	NA	NA	NA	NA	NA	NA	NA	NA	NA	NA	NA	NA	NA	NA	NA	NA	NA	NA	NA	NA	NA	NA	NA	NA	NA	NA	NA	NA	NA	NA
NA	NA	NA	NA	NA	NA	NA	NA	NA	NA	NA	NA	NA	NA	NA	NA	NA	NA	NA	NA	NA	NA	NA	NA	NA	NA	NA	NA	NA	NA	NA	NA	NA	NA	NA	NA	NA	NA	NA	NA
NA	0.809120973939557	NA	0.923166265390628	0.944779585998123	1.20062987467782	NA	0.877789936498927	NA	NA	0.933383995215573	1.20556998067324	1.11342612449798	NA	1.4526565326133	NA	1.8241370805686	1.43462964115588	1.19440303557818	NA	1.28358989736989	0.765509164187394	0.547065413686874	0.34655603901787	0.58398053599472	0.852320383542763	NA	0.741594764459183	0.968107595455446	NA	0.402689571541453	0.532592375592045	NA	0.553328946117683	0.330567379152211	0.506834738059862	NA	0.422350229991046	NA	0.196774046197651
NA	1.13184377979117	1.47018596122825	1.32270921498805	1.81329238028059	2.18221245040473	2.13262648247935	0.892371003150567	NA	1.0622388954408	1.31800042585652	2.27834189617449	1.05182945338508	1.20324336911851	2.41540247214623	1.36017452478236	NA	NA	1.48623804625805	1.25934663053733	NA	1.42498227272905	2.09066335767739	NA	1.1309502651873	NA	1.81831380738281	1.23156234198227	1.0319657747048	NA	2.02374295643304	1.30833973994172	1.13092514564694	1.4356270420085	1.47498163271716	0.464418855183579	NA	1.18803945969886	0.701838422019305	1.43835485544707
NA	NA	NA	NA	NA	NA	NA	NA	NA	NA	NA	NA	NA	NA	NA	NA	NA	NA	NA	NA	NA	NA	NA	NA	NA	NA	NA	NA	NA	NA	NA	NA	NA	NA	NA	NA	NA	NA	NA	NA
NA	NA	NA	NA	NA	NA	NA	NA	NA	NA	NA	NA	NA	NA	NA	NA	NA	NA	NA	NA	NA	NA	NA	NA	NA	NA	NA	NA	NA	NA	NA	NA	NA	NA	NA	NA	NA	NA	NA	NA
1.41888768620148	0.682940596567492	NA	1.09724700605119	1.23319279963045	2.13583015362107	1.81189190075773	1.96926020504617	1.71004823171845	NA	NA	NA	NA	NA	NA	1.86088118705465	NA	NA	1.84386975046289	NA	NA	1.16431898122965	0.850366261834457	NA	0.780631087232511	NA	0.762323250316394	0.45335991134832	NA	NA	NA	NA	NA	0.326403645714768	0.718889862827643	0.481967079061638	NA	NA	NA	NA
0.842644269495685	0.416357240762097	0.960648248700092	NA	0.922241822462159	1.09186527504574	0.822662201202271	0.486384671116849	0.602593807347544	1.72559764994225	1.41319503898395	0.653643768963277	0.436801792646929	1.09111501583388	1.3322587057164	1.25469661342066	1.12277625232505	0.567370070469855	0.369653266961632	0.642351202123373	0.530431082691888	0.810155851570492	0.54269797356547	0.539988724366646	0.17296948942965	0.290434417948267	0.831144132820605	0.488894063882747	0.799061048844862	0.63591601207583	0.374492971131838	0.481256914209883	0.234596425451648	0.477564671037593	0.504229214739991	0.596298590542035	NA	1.05978527402112	0.775029062305489	1.15384681027891
NA	NA	NA	NA	NA	NA	NA	NA	NA	NA	NA	NA	NA	NA	NA	NA	NA	NA	NA	NA	NA	NA	NA	NA	NA	NA	NA	NA	NA	NA	NA	NA	NA	NA	NA	NA	NA	NA	NA	NA
NA	NA	NA	NA	NA	NA	NA	NA	NA	NA	NA	NA	NA	NA	NA	NA	NA	NA	NA	NA	NA	NA	NA	NA	NA	NA	NA	NA	NA	NA	NA	NA	NA	NA	NA	NA	NA	NA	NA	NA
NA	NA	1.74370237335999	1.87600134780342	1.81521118706973	2.33468185153928	1.75413875816999	1.61503930192183	1.65720562224989	1.69819191187576	1.47970812999774	1.67550855074295	NA	NA	1.28213166719137	NA	NA	NA	NA	NA	NA	1.05090314913092	0.927952076139788	1.04162699216413	NA	NA	1.29866566266354	0.985953725806936	1.18578966279458	NA	0.520031920460207	0.390387326153344	0.287863776649336	0.703654997718635	NA	NA	NA	NA	0.500713357650206	NA
0.772187624206867	0.44445018971679	0.569191440399123	0.721583832065896	0.647032550641746	0.443302109614394	0.907509319458052	NA	0.768254946379715	0.827119302847064	0.432987454452875	NA	0.750145328493866	NA	0.671735154277835	0.777036927726238	0.912313375651762	0.663411243352681	0.446154703438094	1.04348507948877	0.527299688627574	0.685521949650352	0.51077536501053	NA	0.479930319084371	0.617564498709212	0.104607469229645	0.342820514606533	0.428437036093059	0.453437548307273	0.495470682969855	0.456798041334027	0.311367925570756	0.506768344520716	0.785347285279955	NA	NA	0.0801278292351657	0.47996990265208	0.821532580091481
NA	2.18928709656875	NA	2.05865826919246	NA	1.8976725856452	2.03260371399233	NA	1.75671747504564	NA	2.27878108729222	2.06945196947167	NA	1.72845700996582	1.91774919145409	1.94445884012025	1.95849535187223	2.34849390690906	1.63848586079875	1.8381113247506	1.40274060024873	1.41940037214033	1.36850213170593	1.34956903826104	1.06629528646397	NA	1.18901806377397	1.23053059926617	NA	1.39268172201147	1.12124674648891	1.40060320398256	0.978080928537446	1.0748260425841	0.944349384202929	0.924134811669101	NA	NA	1.08476074933971	1.87503609818489
1.51098161223064	1.52614189724132	NA	NA	1.41059577369807	0.655374682740903	0.553095208831587	0.469103744811625	0.67862238416738	0.635402113509927	0.494611956381935	0.208715713472953	0.629781487698826	0.559191351858522	0.517500742818248	0.334077318127924	0.694499322043177	0.428213775014933	0.614265436329809	0.297743948169786	0.481726579736795	0.465026298182658	0.844884876023919	0.752292264282969	1.41023922799838	1.44008398423092	0.861448477417923	0.715978367969566	0.684734202423443	0.58540054506786	NA	NA	0.659993196464355	0.156663308486593	0.885711285314017	0.654568588611393	NA	1.8152052410187	NA	0.27189578370363
NA	NA	1.24532374520116	NA	NA	1.13553675036272	1.47495724327812	1.37169403742995	1.47075399654277	NA	NA	NA	1.4154708135243	1.26856546751316	1.28579312659904	1.36846594867554	1.42275201199849	1.44318385400329	1.728553767495	1.21302086254325	1.45800983266566	1.20990017992003	NA	0.854410337796905	0.685017149342837	NA	NA	0.509203740427686	0.487940880905237	0.661833448614534	NA	0.691998438422726	NA	1.15488375080819	1.22685582900323	NA	NA	0.284393173087843	0.607619528001841	NA
NA	NA	0.582441430727012	NA	0.821089268030936	NA	NA	NA	1.70817437338095	1.485770090018	NA	1.27238748907083	0.966677371542315	1.35944222641309	1.0612327055015	NA	1.0421467517741	NA	NA	1.41340343963585	1.3200169623852	1.49373472604612	NA	0.744628503097395	0.384302632321958	0.577060498405353	0.56578966973504	0.246355898424161	NA	NA	0.676643993399235	NA	0.795465486913971	0.382570309021563	0.287779807344469	1.31250076158004	NA	NA	0.355289218384694	0.51073362880508
1.83789521387312	NA	1.07050446435637	1.20573726422216	1.22439058641176	NA	1.11504696555204	0.725360233423013	0.854791403846221	0.656694028550336	1.19288117508319	0.858317247595419	NA	0.573878161262342	0.788409201373332	0.427412117561952	0.63150361636425	0.723592813570352	0.984001390072347	0.267423956325447	0.334346729350382	0.503669647760827	0.880644006432427	0.936933283110288	0.67709374197755	NA	1.08342079235667	0.764867098228251	0.79440985489951	0.421908702360627	1.14888675178802	0.85098140785773	0.726095987667959	NA	NA	NA	NA	NA	NA	NA
1.40191556585934	NA	NA	1.1371593598016	1.14108008750183	2.04847883832956	1.81093836681577	1.58951417889015	1.64427305358689	NA	1.77649554474762	2.54021214157461	NA	2.39269883188985	2.07781231770861	2.37315382715694	NA	NA	NA	2.38679602795937	1.57937118442122	NA	1.4528088282851	0.861999856082382	1.36968725600405	1.11257473362822	0.862032572737464	1.22519814188204	NA	0.954872797693681	1.82091442530301	0.522073443693309	1.20301977786145	1.24531008957794	1.12262634502776	0.745948945301839	NA	0.119062727118144	0.382320298509775	1.27821172609907
NA	0.701164811431961	1.01239715749196	0.739330178477788	NA	0.859062434800414	0.847921004916821	NA	NA	0.897174847457689	NA	NA	NA	0.973326534897316	1.10612852118129	NA	1.09424215965958	1.13776229592175	0.691908003303611	0.573007388458285	0.445821632978005	0.65714075904913	0.356590593397671	0.459811629799822	NA	0.493189838656133	NA	NA	0.446059299487052	0.272847195946751	0.222053609099383	NA	NA	0.709873997504111	NA	0.388232940749447	NA	0.189224538229586	0.488702060740169	0.304431217588524
NA	NA	NA	NA	NA	NA	NA	NA	NA	NA	NA	NA	NA	NA	NA	NA	NA	NA	NA	NA	NA	NA	NA	NA	NA	NA	NA	NA	1.37793592173433	NA	NA	0.0848098387574638	NA	0.354556263014202	0.366988809817222	NA	NA	0.270459456007786	0.436043771905087	NA
0.652168387396997	NA	NA	NA	NA	0.580026413558981	0.833087289777156	0.729845218072503	0.478706672615072	0.728005262791398	0.364784525851011	0.590090714502321	NA	0.681062191823963	NA	NA	0.869133324380072	0.336583028630883	NA	NA	NA	1.43204811664928	0.252795450991466	0.411808863806262	0.449530509119803	NA	NA	0.538612849170546	NA	NA	1.11377692855221	0.948396810217922	1.38727469018079	0.761676960604493	0.434850146488899	0.795789300146713	NA	0.343559817521347	0.251837335548637	NA
0.724561327732777	0.456025546888081	NA	0.507619559297772	0.391925659960931	NA	NA	NA	0.902366066682736	0.503662479866155	0.758429358358361	1.22181170314004	1.50401420927039	0.842029837907633	NA	NA	1.11989977670033	1.26722221403347	1.26226353827475	0.932783800978705	0.567175576383845	0.657379085045759	0.588296726653827	0.400062533597182	0.543394328345242	0.629044129993125	0.529110196209451	0.350810538648301	NA	0.875634365695306	0.943194569466105	NA	0.508904534238025	0.126288274096075	0.56710700444025	NA	NA	0.47612653294846	0.663796758338892	0.183593097115821
NA	NA	2.04459258274547	2.03964424671654	NA	NA	1.01536940005195	0.761190167334129	NA	1.47360342005515	NA	NA	1.64678973972461	NA	2.12856495315186	1.36805787175092	0.470052071101741	1.39201220688345	1.51329066091286	NA	NA	1.17504293942301	1.21338380207435	0.40511124621257	1.75219358606064	0.362845298909682	0.296389485389855	0.367536559793817	1.2464116249571	0.774477893580577	NA	0.295311735529184	0.417210494960207	0.204275292925635	2.71670405024052	0.131080690078705	NA	1.7939970572189	1.33732379278367	1.04100940640847
1.78996416136865	1.55907873966303	1.49210369236673	2.03287337436442	NA	1.34653724973858	1.7414193586558	1.47956169311699	1.1241538674418	1.19693727139271	NA	1.99115248096451	NA	NA	NA	NA	1.80678293708706	1.38877384884298	1.53913321392621	NA	1.7525164642164	NA	0.611338027377655	0.68796705480757	0.71083335338684	0.729930086177175	1.03309562608233	NA	0.92568804952346	1.0448825130258	NA	0.87802772920593	0.294072719919393	NA	0.455069202262095	0.529435671788219	NA	0.631566402690093	0.800143375399032	0.819754675745738
NA	NA	0.513946744577953	NA	0.992471225569156	NA	1.19280047759991	1.32638269560098	NA	1.47302282450958	1.5094369756279	1.39912053051413	1.70058720686486	1.32434412720602	0.805120012409809	1.47191176723526	1.54830285514176	1.26331702245635	NA	1.22358144540491	1.04261820255283	0.766939818635429	NA	1.06751623644369	NA	NA	0.9369000755462	0.551118914617682	1.20368112530422	1.25782699346964	0.779251501839387	1.04385788990145	1.15518196364756	1.04332627282698	0.742142486034008	0.577937621418291	NA	0.841689627280867	0.553989200110486	0.32567025969946
NA	0.484681131786044	NA	NA	NA	NA	1.00255248185587	NA	0.398453379128709	NA	1.50078596965462	NA	NA	0.997406902445696	1.20210878598035	1.37213169877813	0.473575031137223	1.56426769223966	1.14667932102815	NA	0.337015613791781	0.446114425653258	0.627413974091512	0.78959092702033	0.693711321255511	NA	0.675003825975225	NA	0.624985040990326	0.351100231639024	0.37645506293955	0.820546084442145	0.729094389682372	0.610259029687611	1.28700494616306	0.247919313522433	NA	0.195617438707877	0.408741545073428	0.267061857496416
2.45131566285824	NA	2.38740978259233	2.20821066852945	2.66972296874494	2.36955924836311	1.6326009641702	1.76258173001841	2.74522709025533	1.9489974159617	1.94840570339605	2.33092616906965	2.19714434057211	2.00354577002778	2.15648453707461	NA	1.79424118482696	1.50305456703228	1.92663476363285	1.83347697353154	1.90261532811973	2.19945929006417	NA	NA	1.90740876149274	NA	1.71138149539516	1.33921173644152	1.5581810994845	1.31597498939948	1.65833931649577	1.19521788784548	1.79868761416829	0.961026759948082	NA	NA	NA	NA	0.673159872454152	0.205026475245331
NA	1.66828857470957	1.62686018426157	NA	NA	1.00309875071588	1.36345371853128	1.47590066454434	NA	NA	1.45112551728429	2.11909608675659	2.35350932600301	NA	2.10009238348563	NA	2.07941294886878	1.78582327027476	1.59039232094392	1.13501131313027	1.12702168766481	0.93969712128031	0.699594610875212	1.10726424818939	0.919551433302219	1.46681453171818	NA	NA	NA	NA	NA	0.577853991423188	0.662013617508401	NA	NA	NA	NA	NA	NA	NA
1.72326502686699	0.694278471074672	2.23086347152451	NA	1.24133362895384	1.14885682672266	1.15555972446769	0.89897872636187	1.94806221976813	1.70168191925979	1.29043410432844	0.933611340271344	0.852641397471705	1.10247754680989	1.05258416625584	1.14620258009987	1.29526050779278	1.05096419372104	0.906287043315183	0.504910607243313	0.902087395474195	1.12758905322901	0.491706929642418	0.65768761590789	1.39123901234296	1.37005337369111	0.449187418345493	0.381387265335022	0.762005419223624	0.531182816155266	0.583737895293103	0.777414384110035	0.198461427120573	0.380504521436735	1.1446425210835	1.9149303655933	NA	NA	1.42890434300094	NA
0.833879397461267	NA	NA	NA	0.982921861626642	0.813970743185956	0.62164347333094	0.554575060986306	2.40442883732905	NA	0.954785768467862	2.23928205993871	0.791720932573634	NA	1.13363882998568	2.32762459882446	0.300833495686216	0.765454339209749	0.481674542703373	0.212168902860902	0.398116259047463	0.32968407167175	NA	0.685413491563772	0.772805891872845	1.62448079024148	0.852040768375545	0.944960481230676	0.644665499554319	0.710434090000211	0.688776628014291	0.585767240494464	0.778462338994289	0.611587851823879	1.8325619782038	1.80731394699211	NA	1.25382344759592	0.899944876414415	1.24966748152098
NA	1.44809176221669	1.1388450755856	1.67129084356911	NA	1.59299284004095	1.3501551779167	1.79936762896446	2.3687151054764	NA	1.31682346961595	NA	2.14660785567028	NA	1.67870259123382	NA	NA	NA	NA	NA	1.05236204567781	NA	0.412761230313077	0.844736620191459	1.04819359263179	NA	0.888532131085772	1.13839112349002	NA	0.633577234168799	0.253531380921241	0.547562902270667	0.706968875961535	0.640619330232524	0.663937784329534	0.674023264571821	NA	0.982217627754634	0.46353929709126	0.672316040409325
1.55612384796156	NA	NA	0.889214444545945	1.07591907148527	0.793772688285122	1.11107129926953	0.929911534208672	NA	NA	NA	1.45902080665497	1.43602016832205	1.21360242280478	0.973623351634984	NA	1.27809738656486	1.23281132470516	1.0790649165604	0.969555170371525	1.11030688158616	0.791006068777905	0.453423799500889	0.348902104002051	0.196460396753242	NA	0.331193338100913	0.379345550978565	0.693387198257186	0.90069270813475	NA	0.408858866521014	0.614667004645199	NA	0.811624336856885	0.508440387256853	NA	0.661690766027628	NA	0.925118250767504
NA	NA	NA	NA	NA	2.38876474001327	2.52045174724982	NA	2.10017001374234	2.05951901690284	2.10659184865475	2.31406759332044	2.16914585705234	NA	1.91211547033386	1.95657189744931	2.26825317567668	2.171736545315	2.00380414595919	0.953766282759687	1.84222898251199	1.78031702100455	2.4110859980005	2.64277117306877	NA	NA	2.28644761691128	2.59688521632502	2.54323842648636	2.06560053330485	2.26149747135733	2.12264215302906	1.86749779643811	2.04087036568453	1.97078394569313	1.83178883734261	NA	1.38288105684264	0.36595333973854	NA
NA	NA	NA	NA	NA	NA	NA	NA	NA	NA	NA	NA	NA	NA	NA	NA	NA	NA	NA	NA	NA	NA	NA	NA	NA	NA	NA	NA	NA	NA	NA	NA	NA	NA	NA	NA	NA	NA	NA	NA
NA	NA	NA	NA	NA	NA	NA	NA	NA	NA	NA	NA	NA	NA	NA	NA	NA	NA	NA	NA	NA	NA	NA	NA	NA	NA	NA	NA	NA	NA	NA	NA	NA	NA	NA	NA	NA	NA	NA	NA
1.75898349725154	NA	NA	NA	2.14254763839535	NA	1.24044488890583	NA	1.85798521571374	1.25364202839461	0.924090420684541	NA	0.696365585959939	0.854230392587472	NA	0.719479610712111	NA	1.28413862550102	1.46999909347894	0.87672217116933	0.722136623822244	NA	1.26333033441375	NA	NA	NA	NA	NA	NA	0.534535685037343	NA	NA	NA	NA	NA	0.667253369645861	NA	NA	1.09276463639484	NA
NA	1.10149019999923	NA	NA	0.895192065112585	1.00394007846188	NA	1.33726331260811	1.7082236144317	NA	2.14499077649828	NA	1.95971554700279	NA	1.75562716869789	NA	1.26120057403147	1.17883191808452	NA	1.30977876897413	1.34480728543219	1.63324446277552	1.74695463731334	2.19002465520207	2.01765149901702	1.51457766197502	1.23679952515596	NA	0.723384952510175	NA	0.149263833483337	0.207298842855657	NA	NA	NA	NA	NA	NA	0.468326886338971	NA
NA	NA	0.559348643263228	NA	0.556941679394631	NA	0.470529837422603	NA	0.617868922201141	0.50218834208227	0.599412732111803	NA	0.70505540816776	NA	1.45605341380195	NA	NA	NA	NA	0.595216020993479	0.685824050029355	0.418493715439178	0.372817814733755	NA	0.350346066061068	NA	0.535706056919406	0.652885705036717	1.73457761924767	0.452492874333496	1.5538826436606	0.514289037198247	0.311978410464744	0.758404296794662	0.539839752161262	NA	NA	0.399957839212422	0.575933154548485	0.171009501606198
NA	NA	NA	NA	NA	NA	NA	NA	NA	NA	NA	NA	NA	NA	NA	NA	NA	NA	NA	NA	NA	NA	NA	NA	NA	NA	NA	NA	NA	NA	NA	NA	NA	NA	NA	NA	NA	NA	NA	NA
NA	NA	NA	NA	NA	NA	NA	1.46633660286369	1.6476823643631	NA	1.69226789473767	NA	1.61328477411177	NA	NA	0.510343063648279	0.730976374297293	1.23134262571586	NA	NA	1.77038139057585	0.398148455444389	0.70011600266811	0.664176354567506	0.55913691294061	NA	0.203143373709196	NA	0.221377172230191	NA	0.570356327195765	NA	0.49959907456282	0.389266829582035	0.71635652642783	0.145006946120053	NA	0.352001326856775	0.205030031167261	NA
NA	NA	NA	NA	1.29316507702652	NA	2.46514711853984	NA	NA	1.48837309864925	0.995272095027553	0.764342073116945	NA	NA	1.17666885394216	1.10367557012185	0.879638799274144	NA	NA	2.31767327534876	1.54347639813641	0.82583198070985	1.03254666197252	1.20247065922193	NA	NA	NA	NA	NA	NA	NA	1.69073514473242	1.63967212937211	NA	0.797412911479	0.402088699233415	NA	0.274401316354045	0.558020703927627	0.906755179822317
2.13294077211668	NA	2.37607215108973	1.53057530372174	NA	2.76570483753	2.10277752396079	1.44127586791368	NA	2.48680819663132	2.39404605542649	2.52779161887749	NA	2.48143249011115	2.31108457349815	2.31944308264417	2.18589314808144	1.93055343111016	NA	2.11047224288673	1.97256829959359	1.8109194521239	1.6012548637954	1.58549121720499	NA	1.0534279620437	NA	0.472424862436237	1.60848145049405	1.28138864934601	1.11615798315468	1.48847290926769	1.05227436291334	1.44677867257575	1.60021745468516	1.68667057182932	NA	1.99326685440615	0.998639627056574	1.71729456117564
NA	NA	NA	NA	1.10088001721234	NA	NA	NA	NA	0.388302417535676	0.96377461816235	1.18748232633385	1.10866019113603	0.933576103222013	1.26039485731388	NA	NA	1.00840587093815	NA	NA	0.582729540562719	0.69703087405346	0.805947461752497	0.884714819201962	0.874422131409869	0.958715121489681	0.664185042511147	0.854942748980517	0.520265071793976	0.516079122055284	0.655899997418756	NA	NA	NA	NA	0.297638687502537	NA	0.42233706201059	0.666455789899701	0.947077256841843
0.897610979370016	0.533811054778526	0.542627838729552	0.512441774966617	1.64673542285851	0.796095650812647	0.779333270174077	1.78205711731684	0.719093819543466	0.710891418440614	0.858618810244242	0.972583216704508	1.11418543530482	1.63803634367667	0.840823920726075	1.900835105022	1.52747677988584	1.6645321926682	0.32086377800682	0.90135962055965	0.800973813056	1.45980544752919	0.649517997863395	NA	0.598625147254291	NA	3.08848284584931	1.82428391084125	1.95921939999522	0.937849793382589	0.843218383538362	1.57193870226008	0.665522164192337	0.492097087949911	NA	0.202527679041816	NA	1.68562538194602	1.58489351991483	1.81955587516424
NA	1.58098008144279	1.73185227065647	NA	1.53785751285749	1.17963495907777	1.41889970063652	1.71940400588279	NA	1.45290613222916	NA	NA	NA	NA	1.65379655743189	2.38517846013019	1.49487484711432	2.01638514843491	NA	0.980977226943297	1.48344487972157	1.42588584076603	1.85512198320586	NA	NA	NA	NA	NA	1.85394070272582	1.1450570178346	NA	0.644055031085581	1.78375400627821	1.87763057406657	1.07344434352301	0.72317259037952	NA	0.751703738425048	0.720101771066591	0.515181145053226
NA	NA	NA	NA	NA	NA	NA	NA	NA	NA	NA	NA	NA	NA	NA	NA	NA	NA	NA	NA	NA	NA	NA	NA	NA	NA	NA	NA	NA	NA	NA	NA	NA	NA	NA	NA	NA	NA	NA	NA
NA	NA	0.714943521479325	NA	NA	NA	0.947971701277122	NA	0.563508571501996	0.628337566357605	0.789982808730698	0.870397682203467	NA	0.598499198895192	0.691328302981255	0.437470865193782	0.964203806401273	0.445398532232465	NA	0.91505398425206	0.572671671291508	0.64572815163562	0.381224491301785	0.115281771339107	1.2009655001166	0.904718343189745	0.447069374644875	NA	0.516947193959081	1.15032755572579	1.07193549086583	0.397318149824722	NA	0.207032650169642	0.284923322757646	0.396483251371471	NA	0.51916990852139	1.06704162656333	0.81053595845535
NA	1.27048628140697	NA	1.29794655091768	1.82538064768654	NA	1.47515778048943	NA	1.50904630654693	NA	NA	1.24340935839455	NA	1.41053913532604	1.3532353156817	1.32677426375607	0.943397112150229	1.20951735426157	1.36225275167736	NA	NA	NA	NA	NA	NA	NA	NA	NA	NA	NA	NA	NA	1.34520381775416	1.02353693566164	NA	NA	NA	NA	NA	0.622784744567096
NA	NA	NA	NA	NA	NA	NA	NA	NA	NA	NA	NA	NA	NA	NA	NA	NA	NA	NA	NA	NA	NA	NA	NA	NA	NA	NA	NA	NA	NA	NA	NA	NA	NA	NA	NA	NA	NA	NA	NA
NA	NA	NA	NA	NA	NA	NA	NA	NA	NA	NA	NA	NA	NA	NA	NA	NA	NA	NA	NA	NA	NA	NA	NA	NA	NA	NA	NA	NA	NA	NA	NA	NA	NA	NA	NA	NA	NA	NA	NA
NA	NA	NA	NA	NA	NA	NA	NA	NA	NA	NA	NA	NA	NA	NA	NA	NA	NA	NA	NA	NA	NA	NA	NA	NA	NA	NA	NA	NA	NA	NA	NA	NA	NA	NA	NA	NA	NA	NA	NA
NA	NA	NA	NA	NA	NA	NA	NA	NA	NA	NA	NA	NA	NA	NA	NA	NA	NA	NA	NA	NA	NA	NA	NA	NA	NA	NA	NA	NA	NA	NA	NA	NA	NA	NA	NA	NA	NA	NA	NA
NA	1.25046504171206	0.654391161599816	NA	NA	1.91347612906929	NA	1.60690369581749	1.00459620848804	0.47353661068746	0.969165910488032	NA	NA	1.05934817292036	0.940072229768558	NA	NA	0.75771892281885	NA	0.823908576212356	NA	1.12215093586686	1.25186678065629	NA	NA	NA	0.854771325830164	1.13135570175991	NA	NA	0.918776087309801	0.945239723707048	1.48971183740648	NA	NA	0.905602844916308	NA	0.544754122503596	0.28767303656967	0.698020966686408
NA	NA	NA	1.0112361872834	NA	0.872614492812811	0.521247079135889	0.640336015848999	0.520593081033444	1.06139809369227	0.526370670977822	0.586906360517148	NA	0.864927258155355	NA	NA	0.685554982603191	0.766299855278514	NA	0.720370101979556	0.58183259593789	0.322201148403006	NA	NA	NA	NA	1.06283835400685	0.543843460596926	NA	0.277228515861565	0.909789948403583	NA	NA	0.695690357475881	0.607358216898715	0.53074251470363	NA	0.347720254069343	0.335336468238836	0.262262326735333
NA	NA	NA	NA	NA	0.958272207523848	NA	NA	0.90907278478051	0.757094925961589	NA	NA	0.849247933081038	NA	0.950195448395424	0.673261565108968	NA	NA	NA	0.58820596041806	0.192086611596279	NA	0.57017533491519	0.698050831756593	NA	NA	NA	0.56213379452771	NA	NA	NA	1.44330786339933	0.869480139010216	NA	NA	NA	NA	0.301005891663143	0.358853758415142	0.421189068011193
NA	NA	NA	NA	NA	NA	NA	NA	NA	NA	NA	NA	NA	NA	NA	NA	NA	NA	NA	NA	NA	NA	NA	NA	NA	NA	NA	NA	NA	NA	NA	NA	NA	NA	NA	NA	NA	NA	NA	NA
NA	0.513317195151647	NA	NA	NA	1.12204585184297	0.662046421394851	NA	NA	0.740498983571952	NA	0.530553050287494	NA	0.847067804485394	1.05618693439435	NA	0.885765842161736	0.65471461295657	0.217474453502248	0.732493095085177	0.574314570176699	0.304458267068265	1.00897716463708	0.482042796163221	0.570245122074088	0.700369709119712	NA	0.368619048416516	0.599371373945373	NA	0.68119635932054	0.323937758820172	0.490330006027043	0.567934089811477	0.465757610739041	0.357841938727739	NA	0.672868865002311	NA	0.245504611694489
NA	NA	NA	0.819903895599008	0.783815962503121	1.30044939991999	NA	NA	1.65833331047583	NA	1.72911790299499	NA	NA	NA	NA	NA	NA	NA	NA	1.63506577226059	NA	0.875456935216464	0.592988968554699	0.386535994895943	0.536629315033224	0.689096347705503	0.692737430485971	1.63315892539444	0.842474785430614	0.626124631454702	0.900763058845479	0.694699336421615	NA	0.509404199280361	0.68878935273838	0.567356925491235	NA	0.47838448142832	0.96011696328901	NA
NA	NA	NA	NA	NA	NA	NA	NA	NA	NA	NA	NA	NA	NA	NA	NA	NA	NA	NA	NA	NA	NA	NA	NA	NA	NA	NA	NA	NA	NA	NA	NA	NA	NA	NA	NA	NA	NA	NA	NA
NA	NA	NA	NA	NA	NA	NA	NA	NA	NA	NA	NA	NA	NA	NA	NA	NA	NA	NA	NA	NA	NA	NA	NA	NA	NA	NA	NA	NA	NA	NA	NA	NA	NA	NA	NA	NA	NA	NA	NA
NA	NA	1.60939927467981	0.912074217845089	0.922907099026239	NA	NA	NA	1.27228350541541	NA	NA	NA	NA	1.20571885366796	1.0060543535039	NA	1.2596655815143	NA	NA	NA	NA	1.39714256421118	NA	NA	1.05713730467331	NA	NA	1.27746053492431	0.767623687453606	1.07986632286939	0.490081080204983	NA	0.546153440128001	NA	0.630696779373575	0.488702549476504	NA	0.311567938405944	NA	0.720099981678343
NA	NA	NA	NA	NA	NA	NA	NA	NA	NA	NA	NA	NA	NA	NA	NA	NA	NA	NA	NA	NA	NA	NA	NA	NA	NA	NA	NA	NA	NA	NA	NA	NA	NA	NA	NA	NA	NA	NA	NA
NA	NA	NA	NA	NA	NA	NA	NA	NA	NA	NA	NA	NA	NA	NA	NA	NA	NA	NA	NA	NA	NA	NA	NA	NA	NA	NA	NA	NA	NA	NA	NA	NA	NA	NA	NA	NA	NA	NA	NA
NA	NA	NA	NA	NA	NA	NA	NA	NA	NA	NA	NA	NA	NA	NA	NA	NA	NA	NA	NA	NA	NA	NA	NA	NA	NA	NA	NA	NA	NA	NA	NA	NA	NA	NA	NA	NA	NA	NA	NA
NA	NA	NA	NA	NA	NA	NA	NA	NA	NA	NA	NA	NA	NA	NA	NA	NA	NA	NA	NA	NA	NA	NA	NA	NA	NA	NA	NA	NA	NA	NA	NA	NA	NA	NA	NA	NA	NA	NA	NA
1.17291697071844	3.18938763439982	2.78844832339021	0.759235397807103	0.545855120781987	3.09918170863269	1.92806831741658	2.8257924887918	2.93490154914772	NA	1.03528486457666	0.587073928476073	0.482781686955506	2.77459085637414	0.280490027822363	NA	2.75791209838747	0.642046624335291	1.41405232211035	NA	NA	NA	NA	0.515911943453439	0.565002545998752	2.29766932543455	NA	0.637830458347374	2.09005140562135	NA	NA	2.08801976035039	0.65096878724751	NA	1.4088070758701	0.857783440917533	NA	1.94359940867907	1.63223964963874	NA
1.41695399393877	1.78818100549819	2.15139950682703	1.54136113591681	1.71792015581455	NA	1.8958241672738	NA	1.84864079222072	1.35174831964336	2.00585757289763	1.72249234435436	1.72633879712509	1.40741373740825	1.63885033445145	NA	1.53775765890332	1.54511406465951	1.26685233020166	NA	NA	1.14984963964096	1.98166121979878	1.89176253996355	1.8410032064108	1.80233269385194	0.9396917295405	1.61200227258643	0.48234192474081	1.30064057406514	NA	0.966331603858128	1.18892343527659	NA	NA	NA	NA	NA	0.765854192082985	1.04119025784593
0.797746547912502	NA	0.949381206308831	NA	NA	0.744613866972021	0.990919087833478	0.887635189544404	NA	NA	0.946734250465021	1.28990509620254	NA	1.26341638492421	NA	0.989525621977965	0.955608216812899	0.608240794297002	NA	NA	NA	0.774955219143629	0.581254309860456	0.981293849129308	0.690047027363472	NA	0.627679682648918	0.256366292205484	0.566679840942597	NA	NA	NA	0.845964257964188	1.31974096762803	0.282387425137749	0.162232797553766	NA	1.41415529819016	0.483142899129594	0.12024735369948
NA	NA	NA	NA	NA	NA	NA	NA	NA	NA	NA	NA	NA	NA	NA	NA	NA	NA	NA	NA	NA	NA	NA	NA	NA	NA	NA	NA	NA	NA	NA	NA	NA	NA	NA	NA	NA	NA	NA	NA
NA	NA	NA	NA	NA	NA	NA	NA	NA	NA	NA	NA	NA	NA	NA	NA	NA	NA	NA	NA	NA	NA	NA	NA	NA	NA	NA	NA	NA	NA	NA	NA	NA	NA	NA	NA	NA	NA	NA	NA
1.34793793711535	1.56989606895233	1.69244964555966	NA	NA	1.38958395603193	1.42001492299359	1.30530564182761	1.30710682091938	1.38085508144826	1.27137031410222	1.1492904388641	1.30055028490679	0.53607922086227	0.854655825492194	0.407506997555695	0.552847106110373	0.808331945045785	0.864078944752316	0.793843812622465	1.00423994162394	1.07783202135221	NA	1.31598958472733	NA	1.65495419326571	0.62136737829327	1.2282508824014	1.4932996518137	1.313754643905	0.870384253902762	0.866789436536197	NA	0.551414192189647	0.610567369248696	0.38278635159329	NA	0.43657143440586	0.459142078532561	NA
0.7647754487335	0.753496828325798	0.592480065743376	0.545376690869585	0.479715694785454	0.404714349034118	0.503492612105789	0.56338258148672	0.317825256651632	0.396469421844361	0.551467345202403	0.858164239185958	0.853685190860486	0.674580610868631	1.3401254209661	0.366107267392027	0.618238726905628	0.353014643584184	0.593103254699053	0.40996273175791	NA	0.473906921683693	0.589901150655077	NA	0.589904383466922	0.586814668361993	0.848946949067019	0.577392115385814	0.521259829398692	NA	NA	NA	0.721047116672428	NA	NA	NA	NA	0.110418188567643	0.317907487590808	NA
NA	2.02174307401031	1.688626274158	1.52533402426758	1.46805597903215	1.54394386305642	NA	NA	1.95657235438989	1.80857200376424	NA	NA	1.52906002657868	1.71914504840433	1.72508515348937	1.67403079576662	1.68346557871979	1.47553567063559	NA	1.41402959521738	NA	0.589997876083517	NA	0.778925442812006	0.687559048012672	0.827219734162849	1.02177175259742	NA	1.06802657340559	1.88836608300951	NA	1.04749362471155	0.686080741369896	0.573613434691256	1.17167755590221	0.449559752665081	NA	NA	0.475109525794738	NA
NA	NA	NA	NA	NA	NA	NA	NA	NA	NA	NA	NA	NA	NA	NA	NA	NA	NA	NA	NA	NA	NA	NA	NA	NA	NA	NA	NA	NA	NA	NA	NA	NA	NA	NA	NA	NA	NA	NA	NA
0.555292219105233	NA	NA	0.48692695179295	0.370630460947472	0.33835541158818	NA	0.612310865704613	0.671765581169527	NA	NA	0.758189333806487	0.851652798534364	1.14363858229674	1.05287365271128	1.28011314239231	1.15421111832636	0.954629856406562	NA	0.887666225871422	0.605755082275211	0.599398284910218	0.613454925721788	0.592989760082887	0.523634001214915	0.727126541136044	0.618207110631176	NA	0.604688503975502	0.385254616166396	0.56739318139688	0.811777649239257	0.915964868133923	0.651736382236354	0.264414282806302	0.42176649986741	NA	0.265341271776709	0.419061352175045	0.766110373715839
NA	NA	NA	NA	NA	NA	NA	NA	NA	NA	NA	NA	NA	NA	NA	NA	NA	NA	NA	NA	NA	NA	NA	NA	NA	NA	NA	NA	NA	NA	NA	NA	NA	NA	NA	NA	NA	NA	NA	NA
2.51353241207692	2.60518527553536	NA	NA	NA	NA	NA	NA	2.55993479800978	2.59485640011347	NA	NA	NA	NA	NA	NA	NA	NA	NA	NA	1.22485810611108	NA	NA	NA	NA	NA	NA	NA	NA	NA	NA	NA	NA	NA	NA	NA	NA	NA	NA	NA
1.16988897742821	NA	0.776560162798086	0.670325292721825	0.633874335099946	1.12290641835816	0.780974246825271	0.755950128749	NA	1.59890273719304	NA	NA	NA	NA	1.22960640757777	NA	1.51492916185849	1.02310066994245	1.11034132776717	0.755418322344954	0.909486095080322	0.77838249443163	NA	0.643703650134198	1.13539380177913	NA	1.46355095110033	1.09005126237702	1.37776496002603	1.09563977392247	0.474515862094685	0.68117309101383	1.42573112374495	0.570301555726236	0.257930338819828	0.42899606160381	NA	1.45773664188928	0.829774523432345	1.07960463642804
2.11822802686468	2.12876092034899	NA	1.52686620793781	1.95375229620502	1.97257123859411	NA	1.82535509316959	2.05509378631963	NA	1.7738530256934	2.14350794669164	NA	1.71723796550846	1.67049166939295	1.1674837920296	1.37813394071415	1.90952450000073	1.49572278133012	NA	NA	NA	1.28828717269414	1.09517958673113	1.09162990517266	1.08695982368381	NA	NA	1.08056566124264	0.618102811643791	0.826341407005237	0.282830810630835	0.362934186458483	NA	NA	0.42874664370168	NA	0.25702157931584	0.615847403397008	0.631089888008058
NA	0.834334330263125	0.940810921752761	0.802073187904783	1.04932335360385	1.1133351807728	1.63524789032437	1.7979751850696	2.00448523705138	0.749407912914716	1.102876931668	1.55285790204976	NA	2.14195989311098	2.19713250824583	NA	0.968171605551153	NA	0.724107172182574	1.68126188882645	1.58165135930749	0.542752010508897	0.894838294614075	NA	0.705938127304091	NA	2.11696658713393	1.2776934731607	0.81258345554908	1.1374887717879	1.30708028669713	NA	1.93962055036227	1.99730080665802	2.14993182679794	1.75935982278357	NA	0.888020306028276	1.02360646314046	NA
1.50264982819899	NA	1.00539021018836	NA	0.786110196929861	NA	1.49624367153963	0.55461984267887	1.48301574774545	1.41152273201865	1.31561798122531	NA	1.28776800508923	1.57144845768993	NA	0.944703668417352	NA	1.25385946191076	1.49979522579387	1.47008994815618	1.13503090838011	0.727127031132824	0.987486380104984	1.62085471389245	1.52564342326959	1.09860672574559	1.5868404931095	NA	0.852202476663923	0.636019791630099	0.87573727416466	0.872465931105455	1.48270966760689	0.374317253382683	1.38135379354742	1.42205261940115	NA	NA	1.95531955390663	1.3465082934173
NA	1.13730585686805	NA	NA	1.08395035445253	0.994180239054843	NA	0.947402193352346	0.396391904144556	1.21157689920785	0.545999404307387	NA	NA	0.294612993135671	0.685040988927452	NA	NA	0.828019865261922	0.953454409752448	0.528492474520893	0.669522406000841	0.857087461609557	NA	NA	0.619980141811723	0.971599938297437	NA	NA	0.546413763648716	0.700950366318732	0.69172896699823	0.448013352844178	0.588367579141054	0.49979429040226	0.667805313576823	0.454239814413102	NA	NA	NA	0.507892529894623
1.10306584100472	0.863342701095909	NA	NA	1.05001587595782	NA	NA	NA	1.35309693704789	0.806962488535732	0.582444152006166	0.591213002926282	NA	0.954534670507637	1.26046283713658	0.961432617299555	1.04995140387164	1.04047195821357	NA	0.854068110168726	0.48980183402889	0.594703853555879	NA	NA	NA	NA	0.701042286691365	NA	0.877821185920414	NA	NA	0.94814574603376	0.651457417815749	NA	0.37030407510475	NA	NA	0.259377630634959	0.17347115059226	NA
NA	NA	NA	NA	NA	NA	NA	NA	NA	NA	NA	NA	NA	NA	NA	NA	NA	NA	NA	NA	NA	NA	NA	NA	NA	NA	NA	NA	NA	NA	NA	NA	NA	NA	NA	NA	NA	NA	NA	NA
NA	NA	NA	NA	NA	NA	NA	NA	NA	1.95964004020112	NA	NA	NA	2.18605442843567	NA	NA	NA	2.00351252940706	NA	NA	NA	NA	NA	NA	1.90576647103799	NA	1.53554488996734	1.59250025130533	NA	NA	NA	1.41552491217504	1.17131748705537	0.895561797213157	0.99477488884887	1.33347072383579	NA	0.654152890987141	0.559141609552535	0.493519344128105
NA	NA	NA	NA	NA	NA	NA	NA	NA	NA	NA	NA	NA	NA	NA	NA	NA	NA	NA	NA	NA	NA	NA	NA	NA	NA	NA	NA	NA	NA	NA	NA	NA	NA	NA	NA	NA	NA	NA	NA
NA	NA	NA	NA	NA	1.71966644496566	NA	NA	NA	NA	1.60968611244572	NA	NA	NA	NA	NA	NA	NA	NA	0.682074716604483	0.266920173389648	0.535196122457085	0.70353847762991	0.442214625706829	NA	NA	1.51886871416903	NA	0.754941019841275	0.474135302796914	NA	NA	NA	NA	NA	0.370210057908953	NA	NA	NA	0.576426921241846
1.31280352977169	1.6222009420138	NA	0.72397689247678	0.429080656135759	1.13825633614467	1.57426816427765	NA	0.613993190843772	0.471697810525364	0.446543100713801	0.429382378162047	NA	1.05025678341593	1.1304384640702	1.27895420909724	0.970784865480443	0.562013487381531	NA	0.551361724085071	1.14018568682042	0.53766791061697	0.714048450990316	0.709289221979393	0.655731378085842	0.652693959715939	NA	0.323153812950646	NA	0.976823527216637	0.993130710058846	0.771566817721905	0.439085353851276	0.975272849140552	0.476683584274234	0.583465070204796	NA	0.207133575161245	0.265236866133838	0.598072469944884
NA	NA	NA	NA	NA	NA	NA	NA	NA	NA	NA	NA	NA	NA	NA	NA	NA	NA	NA	NA	NA	NA	NA	NA	NA	NA	NA	NA	NA	NA	NA	NA	NA	NA	NA	NA	NA	NA	NA	NA
0.573544135181615	1.10157405862646	NA	0.891203161855506	NA	0.614991940280883	1.43275902284198	NA	NA	1.28512890469669	1.22938565283916	NA	NA	1.42178943760334	1.73211137238415	NA	NA	NA	1.27752381172984	NA	0.953171467304693	NA	NA	0.595179126385171	NA	NA	NA	0.793485699782417	0.683046806977454	0.909037055669716	NA	0.561503753752444	0.780048780512356	NA	NA	0.404659955820207	NA	0.376094832809033	0.536142290148681	0.340652452445212
NA	NA	NA	NA	NA	NA	NA	NA	NA	NA	NA	NA	NA	NA	NA	NA	NA	NA	NA	NA	NA	NA	NA	NA	NA	NA	NA	NA	NA	NA	NA	NA	NA	NA	NA	NA	NA	NA	NA	NA
1.22304788149432	1.26404897721038	1.33300449238706	NA	1.08752799898297	1.12245680228143	0.951230568476739	0.508435347097349	0.977973179150389	0.570735004725674	NA	0.460419200090804	NA	NA	0.784799483257813	NA	NA	1.05850302127802	1.27459537169958	1.10768841404846	0.872397668733234	NA	0.502601176537569	NA	NA	NA	NA	NA	0.613206498561163	0.438692977618024	NA	1.31342819677946	0.594348314516207	0.649703631838777	0.211740710524829	NA	NA	0.417975160232301	0.0280342216067888	NA
NA	NA	NA	NA	NA	0.533372200397327	NA	NA	0.746593037846827	0.862675812755145	NA	NA	1.21796676216851	1.33190853905185	0.817957555081969	1.07253539010917	1.12741398698841	NA	NA	2.27756167007018	0.547251959984341	NA	0.846200614477608	0.396516794615717	0.733201123959297	NA	0.924239367205947	1.29810559671934	0.96202943465495	NA	NA	0.894506718742765	1.00877396153797	0.978005624853645	0.463514476090767	NA	NA	1.09338207968033	0.990708166102091	NA
NA	0.88218252090006	1.19410267699096	NA	2.59372380543743	1.06613781056549	1.17370067492184	1.39040077028885	1.08646703489811	0.638505421878967	NA	NA	NA	0.788128669661075	NA	NA	1.12615395265705	NA	NA	NA	NA	NA	NA	2.67120276161124	NA	1.05675966935466	1.57653600683636	1.13968196541958	0.870025091708754	NA	NA	0.709047282805736	1.1198128278758	0.800321815415387	NA	0.910750136274897	NA	NA	1.07060231561926	NA
NA	NA	0.756545585385966	0.513559112075123	1.50088510093787	1.23044327846191	1.2236358759965	0.850953766495221	0.819144555729528	NA	NA	NA	1.25918499156453	1.11408170761672	1.17622378789849	1.19152386228932	1.01277735951057	0.899866134630045	NA	0.565285599153017	0.505901480914433	0.841960405144899	1.28066196746888	0.992831177823688	1.19178119864182	NA	0.63476369493693	0.827869988063684	1.23031061924218	0.978378488916107	NA	0.84754673000035	0.886967864998863	0.262383820792238	0.335674254548325	0.293486681015315	NA	0.652957793847177	0.779971197068567	0.797454170879678
NA	NA	NA	NA	0.596772975311011	0.810330221697109	NA	1.34891561188718	NA	NA	1.40975767150539	1.52721571801517	NA	1.28106958001273	1.22044990677573	1.37462241718023	1.50983219302453	1.71288549701551	1.24286061415313	NA	NA	0.517701362143275	0.781227715932229	0.304326347298409	0.319648815225647	NA	0.373220796533309	NA	NA	NA	NA	0.358447441962753	NA	NA	NA	NA	NA	0.22240685271334	0.516430787318552	0.55785494244262
NA	NA	NA	NA	NA	NA	NA	NA	NA	NA	NA	NA	NA	NA	NA	NA	NA	NA	NA	NA	NA	NA	NA	NA	NA	NA	NA	NA	NA	NA	NA	NA	NA	NA	NA	NA	NA	NA	NA	NA
NA	NA	NA	NA	NA	NA	NA	NA	NA	NA	NA	NA	NA	NA	NA	NA	NA	NA	NA	NA	NA	NA	NA	NA	NA	NA	NA	NA	NA	NA	NA	NA	NA	NA	NA	NA	NA	NA	NA	NA
NA	0.864910933948843	0.444734033919122	0.630558897640471	0.880182703111469	0.512074292791485	1.45040428811565	1.3049558974271	NA	1.34892227395611	NA	0.803194233414777	1.34585129909749	NA	0.96188989776585	NA	0.938968506229072	NA	0.823082815680542	0.919927940842363	0.83323469675783	NA	0.464501730821291	NA	NA	NA	NA	0.788455343802234	0.727584489821046	NA	0.946748820339517	1.0118520589894	0.49469292964858	0.632053738407828	0.227619047274726	NA	NA	0.684914070937076	0.655682511399965	0.616878453221522
NA	NA	NA	NA	0.541302741651224	1.05567142107007	0.979293844520263	0.314329760773549	NA	NA	1.01586140104451	0.785860294269181	NA	1.55963933490489	1.49544491952124	NA	NA	1.36867314232944	NA	1.12812151135904	NA	NA	0.562113708734102	0.898060418024328	0.951012752144446	0.82577405279533	0.840485877879085	0.539033000383133	0.877474614792516	1.16738445746986	0.832253147582037	1.38169944098976	0.95738433658453	1.09739692535145	0.541612468911906	0.671254972154255	NA	0.545071771184664	0.45648228902465	0.369993568467342
NA	NA	NA	NA	0.496184400940782	NA	0.449087389660552	0.3029538525528	0.181708278347175	0.433273772015953	NA	0.614775427448482	0.413199042284572	0.572054611551851	NA	NA	0.614118878288617	NA	0.458530228582591	0.317261331299499	0.368284354552591	0.135441553786141	1.14816451603307	NA	0.315530017515252	0.678937943610419	0.557119018219829	NA	0.470228320463233	0.555679464716468	0.516072706875599	0.698496168093778	0.245109020044086	0.541877853905734	0.61976549107562	0.547782571764427	NA	0.186187516357566	0.401352441994554	0.624842836188751
1.0755087932711	NA	NA	NA	1.27744671472043	2.09168608509285	1.61451255255092	1.41337604293487	1.57468887278493	NA	1.47944236660693	NA	NA	1.44486585123554	1.78677679561497	0.79812744989491	1.74685961200712	NA	NA	NA	1.70722831288454	1.62581513923394	NA	1.02642493121266	0.690384007640553	0.69595746302221	2.12339835631607	0.629124134594642	1.26892341304312	1.1494362233722	NA	0.973625002064554	1.2609414757206	NA	NA	0.892018277215185	NA	NA	0.171564543460638	0.685173149739146
NA	NA	1.75810578383071	NA	NA	1.11756308547565	NA	NA	0.408064323269939	NA	0.686816109845876	0.759799962397108	0.71731777476791	NA	0.855789765064781	NA	0.759065337685196	0.58329213885177	NA	0.317897075020334	0.43144946687269	0.483934695756476	0.76165820924535	0.858841377151752	1.66176998388828	1.85457192427477	1.76876805812707	0.840472549387412	0.561174220522975	NA	1.06780570651043	0.360665668683956	0.507142755460982	1.57729361240451	0.632974460297633	NA	NA	0.473461888475132	0.575496355536226	0.487673303105859
1.53224314042863	NA	1.7966096945363	1.13457090588181	NA	0.722383325520527	NA	1.07581401517163	NA	0.821782711845169	0.837588327811783	0.72245529548774	NA	1.0156754335732	NA	NA	NA	0.841652965648622	1.42203166072439	1.1302559970777	1.04280415158598	0.832454779197149	0.647640224294989	1.17245249253967	0.644121421060446	NA	0.738989614776	0.717140510584475	NA	0.77549878404101	0.842332353284248	0.844573341069324	NA	0.644407917466515	0.427118009712103	0.362898202316169	NA	0.487198897108239	0.728094963716941	0.743647945119475
NA	NA	NA	NA	NA	NA	NA	NA	NA	NA	NA	NA	NA	NA	NA	NA	NA	NA	NA	NA	NA	NA	NA	NA	NA	NA	NA	NA	NA	NA	NA	NA	NA	NA	NA	NA	NA	NA	NA	NA
1.7453454221088	NA	NA	NA	1.54807724261463	1.58091198534542	NA	1.61382268182219	1.47396968625885	1.70229284516291	2.35144264084682	1.90529245584344	1.71164553164394	1.51472749852658	NA	1.53148114067607	1.42043367597475	1.81361454509068	NA	1.48470483139921	1.82727102158097	1.67239477542099	1.57096459625182	1.6526106837622	1.12159760359692	1.95169660216983	NA	NA	1.43925717669566	1.13604364605298	NA	NA	1.19262633850429	0.833515988138889	0.626296556302371	NA	NA	0.713909534157225	0.743326540801846	0.889847793944913
1.00749507467773	1.33835510599875	NA	NA	1.64521655031687	1.21218522067216	1.4007197387083	1.34656921056278	1.25710436148588	NA	NA	1.49320423107096	1.32927359976241	1.49873386943111	1.45651111683575	NA	1.01186928804545	0.868979365567946	1.03508716204168	NA	0.867520576993985	0.589781753246969	0.615638956670675	NA	0.392530731650521	0.734966057614944	NA	0.836987384933483	1.06844590885306	NA	NA	1.52544098273832	0.699639194116026	0.56020058778886	0.56497443520235	0.851327620457719	NA	0.241784854072747	0.483091901942055	0.575092706531083
0.874106129033447	NA	0.731656769182278	NA	0.633673748602545	NA	NA	0.693073610081226	NA	0.545958296538628	0.380820369989416	1.08927543640439	1.29737520798132	1.29875542457389	1.11014074047237	NA	1.14417847794455	0.988910860928709	NA	0.744192813736608	0.729708623545245	0.892073013687716	1.35288708924822	1.32542889171176	1.06755448079664	0.202549998897785	1.31050896093324	NA	0.989455975565009	1.25956927788429	NA	NA	0.79172915942463	0.419408419449889	0.434307017572774	0.960016627660574	NA	0.270764537338632	0.0536651608253325	0.733837655191145
NA	NA	0.15940623362553	0.571874263660794	0.71879435306324	0.519958964642606	0.722891489261111	0.5436509549591	0.280682672758864	0.361426982294378	0.860649635480648	0.546644254509087	0.405280249195644	1.08238505646259	0.960695607980834	0.890876074268902	1.23309471343427	0.964576989091824	NA	0.234910683594981	0.333947898062971	0.491210730899203	0.591185060465585	0.599563815439061	1.35382423828102	0.96257237594321	NA	NA	1.26220653125641	1.25365320296574	1.32677729301081	NA	0.773823418017063	1.13567918384748	NA	0.645464108685922	NA	0.465867022315439	0.645226709010469	NA
NA	1.71383067529358	NA	1.54419758077404	NA	1.21593162449095	1.01012836101964	NA	1.10125293687164	NA	1.45051765291578	1.74047085261863	NA	NA	1.30042820120564	1.44047434045213	1.10775863218589	0.901048213491069	1.18336172638083	NA	1.11409608487974	1.25996352028792	1.16373342876812	1.02364081169997	0.836797542438717	NA	1.78709816161559	NA	0.710647235559169	0.796273398475006	0.682009036372339	1.72852943566307	NA	1.30728990987307	NA	0.0422763514673275	NA	0.493419905726947	0.76970321755288	0.901163098995827
1.67705729176695	NA	0.695204668100499	1.31852133705296	1.55014966927834	NA	1.76069615920028	2.07844291892018	1.61834868680458	2.12360416576779	1.03457978685578	0.850850300339596	2.1511032013125	1.82874950226165	NA	0.653196064558709	1.83514153079579	0.603261710517598	NA	2.07955241365537	0.930088034836988	0.770427212969435	0.776416944725096	1.22150736159697	0.809361147747863	0.898930977503537	2.00414536645232	1.32809601020148	0.578777973929815	0.680674679382763	0.48540180960849	0.472727945427857	0.532556194092588	1.16016941557028	0.940097760157027	0.866684709659648	NA	NA	0.566491303192429	0.392557854067107
NA	NA	NA	NA	NA	NA	NA	1.77449353348605	1.54435396630593	NA	NA	1.60679272372855	1.671061159071	NA	1.88312565371532	1.18794663281083	NA	NA	NA	1.19493815585708	1.20862741140564	1.17981705556702	0.457740688345881	0.256409506134792	0.491126589916138	0.168225376843125	0.610426684756796	0.691758004696005	NA	0.767389151070468	NA	0.532835706855325	0.978626128145295	0.899542604415403	NA	NA	NA	NA	NA	0.554264868808848
NA	NA	NA	NA	NA	1.42387065238143	1.15974687218167	NA	0.712412740780141	0.730945468599545	NA	NA	1.16066552150222	0.833391307289827	1.11879786822905	1.82523481548623	1.39582644612981	1.50606995418457	1.44288520212696	1.11992645431289	0.618705153515423	NA	NA	NA	NA	NA	1.27210132200557	0.787284424584972	0.359429400938169	0.291860735842662	NA	0.245126606357977	0.470349184393945	0.364854122548661	NA	0.331893367964483	NA	0.189811227181114	0.38404498587554	0.601670279970714
NA	NA	NA	NA	1.42552597289254	1.12944294922425	NA	NA	NA	NA	NA	1.42507933579809	NA	1.86214559884285	NA	NA	1.74454645096317	1.48896090916018	NA	NA	1.05813005673872	NA	0.746635903378028	0.313413920263882	NA	NA	0.46607462670357	0.265776427903609	NA	1.30373336038205	NA	0.387263020786608	0.442896362624672	NA	NA	0.23584851933481	NA	0.918141756279202	0.29322951807081	0.798720410575452
NA	0.567815390705691	1.59518940512974	1.05969994971523	1.2912575385819	1.49751544261453	1.87563503325388	0.991893005683859	1.01899235725692	1.26468458297058	NA	1.54152691116412	1.0642190462345	1.1673463853024	1.54629541032797	1.23943116815862	1.02711472843545	1.37850827978015	0.919089449618613	0.989591116501615	1.49203692445868	1.00889249851232	0.78626395608969	0.84917417875391	0.308197754773757	1.17042374597934	1.10792533304993	0.901970723922099	0.391020517679831	0.610831130008546	0.834854771605696	0.437148697833059	0.449421488538592	0.317170931482334	NA	0.237145628445076	NA	0.384461470355475	0.17359276590239	0.290747958236028
NA	NA	NA	NA	NA	NA	NA	NA	NA	NA	NA	NA	NA	NA	NA	NA	NA	NA	NA	NA	NA	NA	NA	NA	NA	NA	NA	NA	NA	NA	NA	NA	NA	NA	NA	NA	NA	NA	NA	NA
NA	NA	NA	NA	NA	NA	NA	1.01865403529915	NA	NA	1.20745435542831	NA	NA	0.459910324717159	NA	0.998720919341034	NA	1.34912034096002	NA	0.73145250244321	0.262607935592614	1.14960467227453	NA	NA	NA	NA	NA	NA	NA	0.845725535206725	NA	NA	NA	0.327019321082132	NA	0.206328795736519	NA	0.415976141119739	0.766187841526159	NA
NA	NA	NA	NA	NA	NA	NA	NA	NA	NA	1.18108419814531	NA	NA	1.1462826698312	1.35500141657643	NA	1.36723843316511	0.80164433612914	0.85777986165908	0.786378614197534	NA	1.00692807191919	0.760981744238571	0.608902614414828	1.12983607466775	NA	1.71268217173283	0.865497037236347	NA	NA	0.42363835445761	0.653837258251055	NA	0.839811542155544	NA	0.402234898470878	NA	NA	0.542047960066483	0.556553607648808
NA	NA	NA	NA	NA	NA	NA	NA	NA	NA	NA	NA	NA	NA	NA	NA	NA	NA	NA	NA	NA	NA	NA	NA	NA	NA	NA	NA	NA	NA	NA	NA	NA	NA	NA	NA	NA	NA	NA	NA
NA	NA	NA	NA	0.568021167783696	NA	0.744161231921389	0.44758667145	NA	NA	NA	NA	NA	0.718266199410648	NA	NA	NA	NA	0.488669419846624	0.546380985257928	NA	0.196397678465724	0.596168534837149	0.48183391441478	NA	NA	NA	0.371674126641966	0.946155645140586	0.563536292547771	0.709807081753902	NA	0.862281248479908	NA	NA	0.469040596418471	NA	0.298561468173719	0.167354253459754	0.35628194421681
1.16720088544279	0.602303307231817	0.629216397197822	NA	NA	1.03797976913977	1.28501412106349	NA	0.97541738453227	NA	0.80758543031064	0.757508698457661	NA	0.709365883984336	0.583991197170369	NA	NA	NA	0.268385208561835	NA	NA	0.498016045849462	0.395422886283511	0.336564047092367	0.447602847156114	0.639196315064786	0.673041773909607	1.32156625753977	NA	0.539236101777109	1.24751226366628	NA	NA	NA	1.29451667742747	NA	NA	0.505358379695212	0.428610297994444	NA
NA	NA	NA	NA	NA	NA	NA	NA	NA	NA	NA	NA	NA	NA	NA	NA	NA	NA	NA	NA	NA	NA	NA	NA	NA	NA	NA	NA	NA	NA	NA	NA	NA	NA	NA	NA	NA	NA	NA	NA
NA	NA	NA	0.977331267931192	NA	1.05371357622422	NA	NA	0.855229789131379	0.660168915547901	0.950995358132902	NA	1.27049881892551	NA	NA	1.61801193018077	1.02542004038577	0.937031281140942	NA	0.868410109533535	0.486756435720899	0.437654949902285	NA	0.707382294979752	NA	NA	NA	0.536105239613548	NA	NA	NA	0.137804215509077	NA	NA	NA	NA	NA	NA	NA	1.41948843073907
NA	NA	NA	NA	NA	NA	NA	NA	NA	NA	NA	NA	NA	NA	NA	NA	NA	NA	NA	NA	NA	NA	NA	NA	NA	NA	NA	NA	NA	NA	NA	NA	NA	NA	NA	NA	NA	NA	NA	NA
1.30024881576425	NA	NA	NA	NA	1.35304605275455	NA	NA	NA	NA	2.0787375361225	1.81466027530887	NA	2.18331489598041	2.5416054572778	1.48087907656855	NA	1.6464682636954	3.14850901155608	NA	NA	1.07857402390296	0.608771892153378	NA	0.790077214434636	NA	1.05739302322164	NA	0.242007076918696	NA	NA	0.679685116866944	0.976199583501656	0.44527530828225	1.08106000918315	NA	NA	0.769903732129307	1.2867531706023	1.52227742320537
NA	0.463196833864279	NA	NA	NA	0.0744207416213671	NA	NA	0.475418388123668	NA	0.770501939792418	0.447448754145326	NA	0.968100480120846	1.42539611478467	NA	1.22281047942479	1.05684907866241	NA	NA	0.678302899128443	NA	0.394836136797821	0.377129565104697	NA	NA	NA	NA	0.586350352920906	1.05292080501184	0.788403490811241	NA	NA	NA	NA	0.23680525765117	NA	0.957624056224476	0.661374418496465	0.847495486067033
1.59673605803951	2.03988698126137	0.716179683199877	0.612509234631217	NA	NA	0.289634807940165	0.494078451581985	NA	NA	1.79296812968214	NA	0.465156865708393	NA	NA	0.410015392111979	1.00717443963967	0.28933910796931	NA	0.53933676555748	0.287304395348833	NA	NA	1.77142325194802	0.712622869136537	NA	1.34488217187337	1.2739171477688	1.99004514500688	NA	1.98417163311172	1.97580238093602	1.48021696317345	1.35386637127187	0.803320147653273	1.95948043663687	NA	0.950436471529055	1.34179863455939	1.24252491791308
1.88700966483282	NA	1.26311106399427	NA	1.76795440607014	0.792396906823749	0.983795965860062	0.716643233852248	0.99557389845901	0.584690398314489	0.958071588153249	0.718265419551603	0.890826925533139	0.966937697193513	0.863559621114883	NA	0.950268887392242	0.858330979038186	0.75219229049824	0.994839819381917	1.20051096592989	1.04003646390333	1.35418168838851	0.830125134301762	0.787332617165501	0.77657831326907	NA	NA	0.948964556147292	NA	0.664220708408134	0.786415449971963	0.673153144278947	0.618031714228904	0.571711918551536	0.583309256172644	NA	0.364021908869945	0.694869058770782	0.635959870694763
NA	NA	NA	NA	NA	NA	NA	NA	NA	NA	NA	NA	NA	NA	0.978813920746016	NA	1.22343184526292	NA	NA	NA	1.05725508791258	1.13219633894343	1.04186971829356	0.813643246336601	NA	NA	0.693744198015355	1.25362430223119	0.355143430883511	NA	0.228347388017324	NA	0.503984905327606	NA	NA	NA	NA	1.11389356827509	0.482616720057936	0.575638194136344
NA	0.907539512643866	0.806499332671642	NA	0.990154932103434	NA	0.987927712798652	1.10760030015193	0.618585821607839	0.673819701562736	0.93397093510646	0.697511596568392	0.610127751880111	0.598796781125695	NA	0.486882866370555	0.841939053879933	0.68331575091857	0.657524229607325	0.750582485732144	0.190459281053986	0.315735186743692	0.542205460641219	0.468344674453916	0.724395503933415	0.327174646689217	NA	2.08661154557787	0.790883602715876	0.336863279681017	0.825129676629163	0.962334534252891	0.985928342685572	0.302232896602167	0.654714295768863	0.367519244055207	NA	0.362712479020755	NA	0.327906705954802
NA	0.95002029564329	NA	0.914495553854411	1.08688176452198	0.523365741502097	0.561002077111443	0.737063845327504	0.795044435301732	NA	0.92013995765246	1.53179124219125	NA	0.851640316536439	1.19492277571658	NA	0.954290761315525	1.20524342749274	NA	NA	0.869324677255126	NA	0.705960733020544	0.841744642452307	0.497245079753297	1.85231165520382	NA	1.14989762686372	0.863305380356423	0.735735469191942	NA	NA	0.530988452483913	0.489973938473491	0.869747331504969	0.704522225039217	NA	0.60754476496695	0.806481334403099	0.383723902386006
NA	1.34174456497177	2.10044369300903	NA	1.92137202532044	0.646910562276193	0.562535656123808	NA	0.691545491865763	0.742004147959105	1.18206973250858	0.827635214682825	NA	0.87583517202195	0.53967408281876	0.913292325250335	1.08594091957765	0.931223153116714	1.30976547953816	1.06721776135408	1.01421933998061	1.03359634365131	1.23955297251722	0.745658499236502	NA	NA	0.817210318785562	0.440643176156165	0.502156664821499	0.547061235450614	0.463003324051954	0.66834166348313	NA	NA	0.152928436925037	0.249188636452804	NA	0.319646102723515	0.71430567686724	NA
NA	0.729802856833635	NA	NA	NA	0.641130260202313	0.421142654503423	NA	0.317949131799509	NA	0.620775723977606	NA	NA	0.659992476673084	NA	NA	NA	0.827570295227964	0.577590279908978	0.199818535284144	NA	0.713432054310201	NA	NA	0.1564642624511	1.77217060304968	NA	NA	0.358643214981972	0.70619020000269	NA	NA	NA	NA	0.672058943075017	0.901157878805302	NA	0.207062623704529	0.371700617140675	0.69540161142596
NA	NA	NA	NA	NA	NA	NA	NA	NA	NA	NA	NA	NA	NA	NA	NA	NA	NA	NA	NA	NA	NA	NA	NA	NA	NA	NA	NA	NA	NA	NA	NA	NA	NA	NA	NA	NA	NA	NA	NA
NA	NA	NA	NA	NA	NA	NA	NA	NA	NA	NA	NA	NA	NA	NA	NA	NA	NA	NA	NA	NA	NA	NA	NA	NA	NA	NA	NA	NA	NA	NA	NA	NA	NA	NA	NA	NA	NA	NA	NA
0.671941967420161	NA	0.583035099078075	NA	NA	NA	NA	0.815875753002855	0.573268201334515	0.588718287803183	1.12246449043064	NA	NA	1.06635826526545	1.13352487703161	NA	0.427186486038029	0.467298777860023	1.32137359481915	0.498427085186873	0.928135766274555	1.05191326068863	NA	0.347101919356221	0.585257862369901	0.748367950155379	0.466962773658044	0.317225854986625	NA	0.898269037950894	NA	0.539136466680399	0.0846963433701303	NA	NA	0.427099648536351	NA	0.379980183000561	0.648340681530536	0.772440049656663
NA	NA	NA	NA	NA	NA	NA	NA	NA	NA	NA	NA	NA	NA	NA	NA	NA	NA	NA	NA	NA	NA	NA	NA	NA	NA	NA	NA	NA	NA	NA	NA	NA	NA	NA	NA	NA	NA	NA	NA
NA	NA	NA	NA	NA	NA	NA	2.11629115817088	2.27348316052068	NA	2.01183230469995	1.82776119470404	NA	1.41044292117707	1.61748570820479	NA	1.60332497242219	1.4467284477706	NA	1.71632089702451	2.19861105447363	2.34753780431899	NA	1.02827495822837	NA	NA	NA	NA	NA	NA	NA	NA	NA	0.398952425334725	NA	0.45210128773987	NA	0.163700962572365	0.390384619228404	0.502750496517117
1.04885315482887	0.875633312842075	NA	0.540055174974806	NA	NA	NA	NA	NA	NA	NA	NA	NA	0.796128887017717	NA	0.693866047518923	0.653669697379683	NA	NA	NA	NA	NA	NA	0.651113398572956	0.917724369444784	0.847031548519069	NA	NA	0.251376663706546	1.26832675238318	0.314884798177606	NA	NA	NA	0.643121070432378	NA	NA	0.552473580307704	0.908575663396095	NA
NA	NA	NA	NA	NA	NA	NA	NA	NA	NA	NA	NA	NA	NA	NA	NA	NA	NA	NA	NA	NA	NA	NA	NA	NA	NA	NA	NA	NA	NA	NA	NA	NA	NA	NA	NA	NA	NA	NA	NA
NA	1.03093442527798	1.13322387329833	NA	NA	0.991605276079111	NA	NA	1.49810644561806	NA	NA	NA	NA	NA	NA	NA	NA	NA	NA	NA	NA	NA	NA	0.91187560182192	0.843230467171866	NA	NA	0.86236462355814	0.61113224697804	0.592517161274953	0.517159066959035	NA	0.773665466440886	0.570458634001004	NA	NA	NA	NA	NA	0.502869325921168
NA	NA	NA	0.13604926631187	NA	NA	0.384010396155065	0.340087411440169	NA	NA	0.714833923856392	NA	NA	NA	NA	NA	NA	NA	0.821124371169547	0.664414858914872	0.569082174009943	0.395898748320969	NA	NA	NA	NA	NA	0.536486607199706	0.673273480849806	NA	NA	0.553481854746938	0.738588400987541	NA	NA	NA	NA	NA	0.518022632139864	NA
NA	NA	NA	NA	NA	NA	NA	NA	NA	NA	NA	NA	NA	NA	NA	NA	NA	NA	NA	NA	NA	NA	NA	NA	NA	NA	NA	NA	NA	NA	NA	NA	NA	NA	NA	NA	NA	NA	NA	NA
NA	NA	NA	NA	NA	NA	NA	NA	NA	NA	NA	NA	NA	NA	NA	NA	NA	NA	NA	NA	NA	NA	NA	NA	NA	NA	NA	NA	NA	NA	NA	NA	NA	NA	NA	NA	NA	NA	NA	NA
NA	NA	NA	0.348683710299237	NA	NA	0.656257355689221	0.58077063210062	NA	NA	NA	1.17711862455532	NA	0.960774652297382	0.907340240037544	0.861305899917562	NA	1.20176856826496	NA	NA	NA	NA	NA	NA	NA	NA	0.547197462499762	NA	NA	NA	NA	NA	NA	NA	NA	1.62407373035631	NA	NA	0.435386407240006	1.51149737251042
NA	NA	NA	NA	NA	NA	NA	NA	NA	NA	NA	NA	NA	NA	NA	NA	NA	NA	NA	NA	NA	NA	NA	NA	NA	NA	NA	NA	NA	NA	NA	NA	NA	NA	NA	NA	NA	NA	NA	NA
NA	NA	NA	1.83577239599124	NA	1.5610324617375	1.43229511374292	1.92453810504403	1.85621670090671	NA	1.55240437566195	1.63819156549015	1.74035954525801	1.47208695034451	1.73868268934859	1.63593167252663	1.8287088999299	1.75896024042907	1.67760093615291	1.5101600792321	1.03978992653163	1.00679787135414	NA	NA	0.686541874915911	NA	NA	NA	NA	NA	NA	NA	NA	NA	NA	NA	NA	NA	0.352934094321656	NA
NA	2.15400309090617	1.94217315105981	1.78229980652108	NA	NA	2.07424857679445	NA	2.30925423443463	NA	NA	2.47224398552783	2.41096448936602	2.25471000997466	1.97070277846074	2.06107399016912	NA	NA	2.31361606910932	2.24796622110448	1.98647521499926	NA	2.00400917628889	NA	1.21652269701528	1.14064706170566	0.569721132570158	NA	0.398540328295796	0.406160771816063	NA	0.620217917507445	0.601949480438066	0.440594277147067	0.398979524200347	NA	NA	0.664871048115767	NA	1.57764755992676
1.33361830542048	NA	NA	NA	NA	1.29323305437277	NA	1.22993697020718	NA	1.05679694876051	NA	0.549696939277325	NA	0.505289523695439	1.12534896660136	NA	0.546500076443344	0.688892229180398	NA	0.685039432148999	NA	1.40588569831858	1.2786973722482	1.16580505604357	1.24148578193269	NA	1.01644609300729	0.864482919551764	NA	NA	0.64347044997763	0.756888637137915	0.813006294043593	0.758889427457817	0.316942610266404	NA	NA	0.42789317102799	NA	0.863002469470298
NA	NA	NA	NA	NA	NA	NA	NA	NA	NA	NA	NA	NA	NA	NA	NA	NA	NA	NA	NA	NA	NA	NA	NA	NA	NA	NA	NA	NA	NA	NA	NA	NA	NA	NA	NA	NA	NA	NA	NA
NA	NA	NA	NA	NA	NA	NA	NA	NA	NA	NA	NA	NA	NA	NA	NA	NA	NA	NA	NA	NA	NA	NA	NA	NA	NA	NA	NA	NA	NA	NA	NA	NA	NA	NA	NA	NA	NA	NA	NA
NA	NA	1.83149812404554	NA	NA	NA	1.0038476862701	0.760835449010897	0.441715168421567	0.957915613352701	NA	NA	NA	1.02270577290921	1.34819745225362	NA	1.13086318646824	1.12224980434472	1.22036398239073	0.409270662700564	0.419621280586354	1.47482302345501	NA	NA	NA	NA	NA	NA	NA	0.813214155045035	NA	NA	NA	NA	0.669231815171336	0.374013486014577	NA	NA	0.287554496902107	0.229995117485246
NA	NA	NA	NA	NA	NA	NA	NA	NA	NA	NA	NA	NA	NA	NA	NA	NA	NA	NA	NA	NA	NA	NA	NA	NA	NA	NA	NA	NA	NA	NA	NA	NA	NA	NA	NA	NA	NA	NA	NA
NA	NA	NA	NA	NA	NA	NA	NA	NA	NA	NA	NA	NA	NA	NA	NA	NA	NA	NA	NA	NA	NA	NA	NA	NA	NA	NA	NA	NA	NA	NA	NA	NA	NA	NA	NA	NA	NA	NA	NA
0.640790986170643	0.848810835687755	1.01190052127723	NA	NA	1.29814981732289	NA	1.10642381479342	1.39955461483931	2.23849059830399	1.72300268015774	1.47962673418257	1.45482528303921	1.96000989170734	2.40138121896101	NA	1.47903778999046	1.62453114668108	NA	NA	1.30712380011862	1.36531647031909	NA	1.15832957686694	0.92734518896674	0.836716970168954	1.47112325353094	NA	NA	NA	NA	0.87693408329162	0.293925127615544	NA	NA	0.658628430397212	NA	NA	0.73196044429934	NA
1.32194261682904	1.14828924937806	1.20727109448935	NA	0.875597208543456	NA	0.398586188861443	0.875141145903119	0.888604988299081	NA	0.819316452764189	NA	NA	NA	1.14875467114201	1.4451856179552	1.36270061435833	1.44198963284517	1.10977477884182	NA	0.487719821291354	NA	NA	NA	NA	NA	0.172378715160187	NA	0.779277407241661	NA	0.728871746697535	1.95335188377862	0.572257708813031	0.407038844515299	0.554276909320925	NA	NA	NA	NA	0.279469026664535
NA	NA	1.28286036287657	NA	1.92074401734031	1.37415330944808	1.00839641818397	1.01218255537816	NA	NA	1.07486924327406	1.08294604435498	0.946107471114639	1.07667745692267	0.915078574605296	1.09863648702209	0.957072708544285	NA	0.237989188149042	1.21481428547645	0.896976698107423	1.19335423640802	1.02635473494782	NA	0.713986207579732	1.34978930484476	0.48551855991092	0.631016092152028	NA	0.766437669157168	NA	0.375733612310001	0.35454928741483	0.283533716989042	0.24731938419375	0.392086475345655	NA	0.279788130796176	0.559046939870942	0.665991524719466
NA	NA	NA	NA	NA	NA	NA	NA	NA	NA	NA	NA	NA	NA	NA	NA	NA	NA	NA	NA	NA	NA	NA	NA	NA	NA	NA	NA	NA	NA	NA	NA	NA	NA	NA	NA	NA	NA	NA	NA
NA	NA	NA	NA	NA	NA	NA	NA	NA	NA	NA	NA	NA	NA	NA	NA	NA	NA	NA	NA	NA	NA	NA	NA	NA	NA	NA	NA	NA	NA	NA	NA	NA	NA	NA	NA	NA	NA	NA	NA
0.429640482771077	NA	0.436305135054339	0.338303039077638	0.245166164281536	0.538671202527463	0.74211356615247	0.327358570753721	0.15390079908233	0.69014106403126	0.539465113495276	1.01455363986503	0.619431438935679	0.406956269365452	0.420002565591855	0.402579652993806	0.550711316077159	0.200863849055244	0.515944640447315	0.479676325849881	0.773269013534327	0.712756591566934	0.553219757145758	0.438643564340317	0.50284629664517	0.547949225215611	0.897611222964638	0.418903824093636	NA	0.623966498210845	NA	0.46802122003651	0.466237258577826	0.315756347237541	0.44121005713246	NA	NA	0.255575765322516	0.194096953935607	0.566758357838586
NA	0.518947367201521	NA	0.715960021030864	0.42290697005465	0.652324611160382	NA	NA	0.494665032057531	0.497918779985184	0.486087310884379	NA	NA	0.610192252674125	0.466805571980073	NA	0.513987599442418	0.479841792566818	NA	NA	0.508067939095501	NA	0.84585858165996	NA	0.827001629492444	NA	NA	NA	0.971351233042018	NA	0.880267193715161	NA	NA	NA	NA	0.285099420568043	NA	NA	0.195151348799242	NA
1.13862608294019	NA	NA	NA	NA	1.52839718597373	NA	2.16387900840743	2.05856728704874	1.92616333554508	NA	1.61153405205728	1.58322379892058	1.51904579557066	1.54478817084146	2.39614657689383	1.67450480085572	1.59877729965117	1.52184635395866	NA	1.6716385736029	1.10109622694018	1.21211585966806	0.80858403376205	NA	1.66557889556379	1.55677344400793	0.949725145752019	0.799534326043808	0.749560180206457	1.58146037551992	1.36808331600309	0.283376470461648	0.348723825883734	0.700868235649669	NA	NA	1.76940015159216	0.599540064447273	0.77751961736023
0.884810046829652	0.998034228471511	1.17036944004978	NA	NA	NA	0.568357964765505	1.08669929445759	NA	1.5002048869878	1.41564605095188	NA	1.14463074754364	1.29063425702026	NA	1.50336804375402	NA	1.31284339318521	0.824405341281043	NA	1.49111051867056	NA	0.62366234462476	0.715381019446362	1.21380814946488	NA	0.71304052639588	NA	0.462573914709257	NA	0.701864117787195	NA	NA	0.542319095535458	NA	0.264215122824196	NA	0.351031757438291	0.252364704513948	NA
1.11916128619039	NA	NA	NA	NA	NA	NA	NA	NA	NA	NA	NA	NA	NA	NA	NA	NA	NA	NA	NA	NA	0.404710626359452	NA	NA	0.607069972868475	NA	0.386705817755056	NA	NA	NA	1.54315015737766	NA	NA	NA	NA	NA	NA	0.31753817333973	NA	NA
NA	NA	NA	NA	NA	NA	NA	NA	NA	NA	NA	NA	NA	NA	NA	NA	NA	NA	NA	NA	NA	NA	NA	NA	NA	NA	NA	NA	NA	NA	NA	NA	NA	NA	NA	NA	NA	NA	NA	NA
2.27643900290389	2.23642467258808	2.24294129881258	NA	2.23780352948443	1.90222655360952	NA	1.75058982917444	1.9064903361393	2.28402985359924	NA	NA	NA	NA	NA	NA	NA	0.704571236893885	NA	0.500498109314359	NA	1.3273923357491	1.93183374314686	NA	1.91878425275728	NA	NA	NA	NA	NA	NA	1.85611138962627	1.6944287953522	NA	1.77815592929974	NA	NA	1.94078821867953	1.85836580586802	2.3318593312388
NA	NA	NA	NA	NA	NA	NA	NA	NA	NA	NA	NA	NA	NA	NA	NA	NA	NA	NA	NA	NA	NA	NA	NA	NA	NA	NA	NA	NA	NA	NA	NA	NA	NA	NA	NA	NA	NA	NA	NA
NA	1.47630825572537	NA	NA	NA	0.82307487555231	1.55058064208125	1.58404921629833	1.44361276546996	1.16533699176522	0.908379411030342	1.47784037101308	0.89203890964079	1.2145137104459	0.660484922705014	0.921689319313798	1.06002202199799	1.34320252204581	0.588876540449315	1.59367447619069	2.13024606261165	1.64780931081955	0.463398574987486	1.18791054619619	0.995487918662975	0.431288538293112	0.897594927859713	0.984916893460176	1.55202132347008	NA	NA	1.27628379219171	1.36376093152599	1.77173864001357	1.82321798761866	NA	NA	0.467306346077222	0.455878128601185	NA
NA	NA	NA	NA	NA	NA	NA	NA	NA	NA	NA	NA	NA	NA	NA	NA	NA	NA	NA	NA	NA	NA	NA	NA	NA	NA	NA	NA	NA	NA	NA	NA	NA	NA	NA	NA	NA	NA	NA	NA
NA	2.44092898348731	2.2629148060217	3.04059793224336	2.45790818365743	2.20017395711272	2.17676717540037	1.86089497309381	1.90390162463621	NA	2.25437798075785	NA	1.84276248215148	2.3611448128224	2.69804687044532	2.18547232764942	NA	1.85795635094447	2.10748985244595	1.09765984955242	0.86392367659385	0.467508234196016	1.14864402175057	NA	NA	NA	NA	1.2637620272525	1.26302216407051	1.93516029531508	1.94795455053999	1.88382939066836	1.16692486050987	2.62905414260849	2.41244627284089	2.32386981170337	NA	2.17253322481166	1.54696948007707	1.72382037081244
NA	NA	NA	1.47656673170664	NA	1.35426286201297	1.70497165145383	1.5658000994149	1.93091124368552	1.79705270785296	1.61881758510719	1.54724986064556	1.73319913224837	NA	NA	NA	NA	2.08807063485184	NA	2.08987033714888	NA	NA	NA	1.6029442694731	NA	NA	NA	NA	NA	NA	NA	NA	NA	NA	NA	NA	NA	1.38065259214513	NA	1.3814570843951
NA	NA	NA	NA	NA	NA	NA	NA	NA	NA	NA	NA	NA	NA	NA	NA	NA	NA	NA	NA	NA	NA	NA	NA	NA	NA	NA	NA	NA	NA	NA	NA	NA	NA	NA	NA	NA	NA	NA	NA
NA	NA	NA	NA	NA	NA	NA	NA	NA	NA	NA	NA	NA	NA	NA	NA	NA	NA	NA	NA	NA	NA	NA	NA	NA	NA	NA	NA	NA	NA	NA	NA	NA	NA	NA	NA	NA	NA	NA	NA
NA	NA	NA	2.6255882042867	NA	1.78668449956234	2.00423756460548	1.7343012927261	NA	2.03467663632138	NA	NA	NA	NA	NA	1.42779314928935	0.906374388060988	NA	1.4339343300735	NA	2.29700278887611	0.76536580695695	1.06532436293399	NA	NA	NA	NA	0.820061087169824	NA	NA	NA	0.835504530003165	0.682294335521819	0.665530403875288	1.50207349274332	1.02366588433924	NA	NA	1.00537386383652	NA
NA	NA	NA	NA	NA	NA	NA	NA	NA	NA	NA	NA	NA	NA	NA	NA	NA	NA	NA	NA	NA	NA	NA	NA	NA	NA	NA	NA	NA	NA	NA	NA	NA	NA	NA	NA	NA	NA	NA	NA
0.808733921689553	1.27105884470653	0.749717788182948	NA	1.17513179800308	0.894713084308395	1.06420361807091	0.781803565772011	1.052102651984	0.83026022641171	0.457199900846338	0.649535902686671	NA	0.646699088490185	1.02582856506737	NA	1.05924990366797	0.861964455856262	0.827268739052374	0.389850913140204	0.314579520578816	0.393315874651166	0.494903250694205	0.721403793680213	NA	0.672944157239848	0.833546691409887	NA	0.734393108312795	0.560051302733824	0.582442761360336	0.358492301831824	NA	0.276895186803803	0.238800626769653	0.509637997737249	NA	0.777233407111134	0.502288459608138	0.6634447936139
NA	NA	NA	NA	NA	NA	NA	NA	NA	NA	NA	NA	NA	NA	NA	NA	NA	NA	NA	NA	NA	NA	NA	NA	NA	NA	NA	NA	NA	NA	NA	NA	NA	NA	NA	NA	NA	NA	NA	NA
NA	NA	NA	0.772460052389453	NA	NA	1.40387698551255	1.16605964365704	NA	1.16440111118829	1.01531193151212	1.3062399789945	NA	1.45626031488477	0.925466525916195	0.645830836076971	1.02012578280619	0.633168910392289	0.903562233151667	0.419882385167104	0.204169609803769	0.759693929270633	0.887606568560361	0.946842146930899	NA	NA	NA	0.690155228945247	0.608700724382855	0.542526499482756	NA	0.389672819814879	NA	NA	NA	0.384906103312229	NA	NA	NA	0.47119768023739
NA	NA	NA	NA	NA	NA	NA	NA	NA	NA	NA	NA	NA	NA	NA	NA	NA	NA	NA	NA	NA	NA	NA	NA	NA	NA	NA	NA	NA	NA	NA	NA	NA	NA	NA	NA	NA	NA	NA	NA
NA	NA	NA	NA	NA	NA	NA	NA	NA	NA	NA	NA	NA	NA	NA	NA	NA	NA	NA	NA	NA	NA	NA	NA	NA	NA	NA	NA	NA	NA	NA	NA	NA	NA	NA	NA	NA	NA	NA	NA
NA	NA	NA	NA	1.27313263232205	NA	NA	0.393152119140541	NA	NA	NA	NA	NA	0.91109838042619	0.843663292221916	NA	1.19726990688043	1.71301583746416	NA	NA	NA	0.927473500019865	NA	0.462447380195656	NA	NA	NA	NA	NA	NA	NA	NA	NA	NA	NA	0.547659417067967	NA	NA	1.16004715888951	1.06036586588696
NA	NA	NA	NA	NA	NA	NA	NA	NA	NA	NA	NA	NA	NA	NA	NA	NA	NA	NA	NA	NA	NA	NA	NA	NA	NA	NA	0.202433243024161	0.149073941598098	0.186611212702295	0.166265393888165	0.165652006593994	0.275814382745722	0.238408279403008	0.439992217048432	0.404762763411997	NA	0.29941614485626	0.201197440587439	0.498018789629696
1.36253479134399	0.80645082821373	NA	NA	1.08097140238445	1.3809238262362	NA	NA	NA	1.19561822703026	1.25878453492481	1.16420593702005	1.13137514642485	1.10748136149467	1.44445275623685	0.890939077181798	1.25281271731598	0.802981139111151	1.0762917918623	0.909413014870087	1.16585147743232	NA	1.5134221552825	0.915682381224734	NA	NA	0.447991528117671	1.23244112300662	1.2039805756683	0.310215754734329	0.570838149824551	0.677155120938975	0.810452801775463	0.599857286607898	1.20712767784412	1.04910398241816	NA	0.225909075452877	0.556316211633753	0.788841928803064
NA	NA	NA	1.17884580682326	0.432752697816061	2.16827167179826	NA	1.56336204703979	2.27187312458706	NA	1.78988961072141	2.36931144842616	1.93426490529797	NA	NA	2.34168788733148	1.26483205425279	1.11662011909335	NA	1.36453471027081	NA	1.44228001188826	1.39458468240936	1.08170059227464	1.29136951693307	NA	1.45441422363999	NA	0.421034593424264	NA	1.57713808281875	1.46746084203041	1.23845037912066	3.25366104613668	1.34135515509208	2.35189071364399	NA	1.18367394038323	1.61342606734442	0.981364494028025
NA	NA	NA	NA	NA	NA	NA	NA	NA	NA	NA	NA	NA	NA	NA	NA	NA	NA	NA	NA	NA	NA	NA	NA	NA	NA	NA	NA	NA	NA	NA	NA	NA	NA	NA	NA	NA	NA	NA	NA
2.09798185124075	1.28554860484724	1.33073297895699	1.04917740723437	NA	1.24391591214604	0.827837429728368	0.736417802263521	NA	0.868899352351194	0.654871365041012	0.745394653922879	0.968398301529289	0.687745611930852	0.732172290787661	1.10483549014051	0.930803491675937	0.868481366445073	0.789808005599319	1.50883582093501	1.11088583607495	1.12501714185036	0.713502527460156	1.27082395203298	0.411367227850993	0.163440016721037	NA	1.13294220552857	1.77509640662739	0.859971921683642	0.349679347493031	0.644822686496128	0.352116079136593	2.1361573018964	NA	0.149693880313739	NA	0.300248095875738	NA	0.479719438573435
NA	NA	NA	NA	NA	NA	NA	NA	NA	NA	NA	NA	NA	NA	NA	NA	NA	NA	NA	NA	NA	NA	NA	NA	NA	NA	NA	NA	NA	NA	NA	NA	NA	NA	NA	NA	NA	NA	NA	NA
NA	NA	NA	NA	NA	NA	NA	NA	NA	NA	NA	NA	NA	NA	NA	NA	NA	NA	NA	NA	NA	NA	NA	NA	NA	NA	NA	NA	NA	NA	NA	NA	NA	NA	NA	NA	NA	NA	NA	NA
NA	0.931114325384084	1.44623354492159	NA	0.939294683097183	NA	1.09102360472046	NA	0.633229795159668	NA	1.40253082886664	NA	NA	1.16931109796094	1.13224596006767	1.47075537074059	1.18403449919263	1.17201571264149	1.19123886717186	NA	NA	NA	0.252380128374183	NA	NA	NA	NA	NA	0.585465676795486	NA	NA	NA	NA	NA	NA	NA	NA	NA	0.273264414306498	NA
NA	NA	NA	NA	NA	NA	NA	NA	NA	NA	NA	NA	NA	NA	NA	NA	NA	NA	NA	NA	NA	0.310931224531956	0.421247672724745	0.379582033053422	0.46781039992281	NA	NA	0.754514854068689	NA	NA	NA	NA	NA	NA	0.524963978747959	NA	NA	NA	0.651644783455325	NA
0.54192887910822	1.12089353669875	NA	NA	NA	0.739899775183928	NA	NA	NA	NA	NA	NA	NA	2.03405852136405	NA	NA	NA	NA	NA	NA	NA	NA	1.35716002680294	NA	1.57112090747006	1.25466855893134	1.31030246308035	NA	NA	NA	NA	NA	NA	0.547946852917331	0.591097866333046	NA	NA	0.282088610522658	0.424841223293471	NA
NA	NA	NA	NA	NA	NA	NA	NA	NA	NA	NA	NA	NA	NA	NA	NA	NA	NA	NA	NA	NA	NA	NA	NA	NA	NA	NA	NA	NA	NA	NA	NA	NA	NA	NA	NA	NA	NA	NA	NA
1.01685951228603	NA	0.280003730223834	NA	0.539457727272926	NA	NA	NA	NA	0.609660098041199	NA	0.294434495712923	0.406326635678728	0.45491788039425	NA	NA	0.411173143289583	0.934741334207098	0.552415783844603	0.687353973123354	NA	0.675183167522075	0.589240327638777	0.731501957527365	0.803500262260132	0.466445289982704	NA	NA	0.359422993306037	NA	NA	0.412458217373648	0.177044418893673	NA	NA	NA	NA	NA	0.477358507922274	0.839188900791375
0.692728298375895	0.756674862215053	1.08253963116733	0.714056505475119	0.850201506525914	0.824100023575736	1.02233366148176	0.788571176624419	0.782595684307334	NA	NA	0.778420533403965	NA	0.999513057342191	1.15738859244558	NA	0.991531320717376	NA	NA	NA	0.683749831009556	NA	NA	0.693287080106292	NA	NA	0.670546858327486	0.73958430081883	0.959542146018655	NA	NA	NA	0.137808352444234	0.267122498258776	NA	0.510295978305475	NA	NA	0.616966329981587	NA
0.696296680048283	1.59841445585953	NA	NA	1.27290578863897	0.720858164253972	1.23066120435661	0.951239749751805	NA	NA	NA	1.10664647322862	NA	1.07658060766724	1.19335133057686	1.35208729457537	NA	NA	NA	1.00046497850415	NA	NA	0.288463453840198	0.454673295834246	NA	NA	NA	NA	0.830335466630125	0.627026788642273	NA	NA	NA	0.585963477888061	2.24938648396992	NA	NA	NA	NA	1.31524516602124
1.2175586864019	1.37948967063644	NA	NA	0.956183291193963	NA	NA	1.31404458856048	0.772954023207123	NA	1.77557940600091	NA	NA	NA	0.721198947137611	NA	0.481732606975145	NA	NA	NA	NA	0.440254559007411	1.95566697791127	0.351643517405038	0.87663903323159	0.301193794120462	NA	NA	NA	0.756966118841662	NA	NA	0.43315189480546	0.541134444480663	NA	0.564328270618694	NA	0.552493396817108	NA	NA
NA	NA	NA	NA	NA	NA	NA	NA	NA	NA	NA	NA	NA	NA	NA	NA	NA	NA	NA	NA	NA	NA	NA	NA	NA	NA	NA	NA	NA	NA	NA	NA	NA	NA	NA	NA	NA	NA	NA	NA
1.4319010783398	NA	1.26510870108362	1.30370106437342	NA	1.09204628683557	NA	1.09379000222789	1.00495494018007	NA	0.43579837594626	0.716691250581492	NA	0.814652484734564	NA	NA	1.02747540901624	0.863662597024005	NA	NA	0.837090103942282	0.886146097978718	0.828590667009651	0.751061460065756	NA	1.59007415583395	0.867422549842418	NA	NA	NA	0.951746127879266	1.26866314080456	1.10820419800224	NA	0.761756962146637	NA	NA	NA	NA	0.553459805139919
NA	NA	2.00503454390318	NA	NA	NA	1.46834783842745	NA	0.953484198930841	NA	NA	0.972290938104941	NA	0.931695910393952	1.03852903458593	NA	1.04841708190847	NA	1.18752388056132	0.97255385996657	NA	1.82536368006755	1.11267455505539	0.554874581514388	NA	0.876361628706213	0.705134795342455	0.126514026130285	0.250215219555555	NA	NA	0.619099045104353	NA	0.258699769285483	0.319506870121536	NA	NA	NA	1.19088790424754	0.691170538771437
NA	NA	0.419456274725645	0.357050687798841	0.432510583641281	0.744263251573581	0.592417295399038	0.819597858433477	0.962216444083665	NA	1.04200457249795	NA	NA	0.995158742420508	1.16303211775983	1.36269136160314	NA	0.726509105011476	0.935056390306492	0.891405818444498	0.686506540096788	NA	NA	0.0885304333818767	NA	NA	0.726655873217025	NA	0.577331963735312	NA	NA	NA	0.640133582352756	1.00387986573678	NA	0.466802162540012	NA	0.220593259099998	0.364278571413287	0.338225153378363
NA	1.13608303055477	NA	0.772173810403759	NA	0.935518993573884	0.0489859815992575	0.28329957436312	0.303240918816961	NA	0.378268901318407	0.438408274636411	0.494183797084582	1.83083085019661	0.760590784686266	NA	0.692838093480918	NA	1.43226366141746	NA	1.17887167145712	0.760019279578112	NA	0.799225162274732	1.04525204599681	0.875599167534272	1.91049654218127	1.5211066120819	1.07361394087182	1.40909832309421	1.31742663363731	1.25605602475727	1.13677279947434	0.91271659797659	0.722342589698256	NA	NA	0.179296285162048	0.503222239228862	NA
0.804933202516649	0.592015604898772	1.82015562006533	NA	2.95227161447727	2.25785629256109	2.23458371473851	2.44794270068715	2.33004167926838	2.00630901038692	NA	2.07596739563947	2.26837652583174	NA	NA	2.7863374491338	2.42183744768625	2.2839353880177	NA	NA	1.93992973199996	1.67435723030367	NA	2.24079665760312	NA	NA	NA	2.74985797622004	NA	2.63653289911636	2.52196438183676	2.17118387570726	1.80109020621966	1.48859227197919	1.89650421234125	NA	NA	2.6500833503426	1.29683627424497	1.67423742515122
NA	0.900625919406036	NA	NA	0.253786294157762	NA	NA	0.963755900360559	NA	0.857766384470322	NA	NA	NA	NA	NA	NA	1.29235637903453	0.986298846971633	NA	NA	1.2687321917402	NA	NA	1.20930534694578	1.11077893160214	0.902365022333481	0.789236744426484	0.957931901331984	NA	0.629668634477081	NA	0.663768881041807	NA	0.939285744051631	NA	NA	NA	1.02484312723464	1.15078691116057	0.721535775840257
NA	1.00239409788328	NA	NA	NA	NA	0.511647296549062	0.769524434168607	0.771827171794364	0.835664472406625	NA	1.31939125090263	1.41423733796949	1.35585034236	NA	NA	1.2844876369046	2.00187840402919	NA	NA	NA	0.605424064803667	NA	NA	0.367398275960311	NA	1.40907170277499	NA	1.04790575551525	0.527339778013432	0.24963512285562	0.229239006962963	NA	0.489939061686531	0.16712245856181	0.477885732356642	NA	NA	NA	0.571181648924066
NA	NA	NA	NA	NA	NA	NA	NA	NA	NA	NA	NA	NA	NA	NA	NA	NA	NA	NA	NA	NA	NA	NA	NA	NA	NA	NA	NA	NA	NA	NA	NA	NA	NA	NA	NA	NA	NA	NA	NA
0.672317833348529	NA	NA	NA	NA	0.775810747923894	1.045414849668	NA	NA	0.891004939420172	0.822305894473688	0.990215107005399	NA	0.943525269956423	1.01724170700893	NA	0.990883046439237	NA	0.597589975712942	NA	2.03369683533966	1.19534536991354	0.755491854974369	0.681582121941219	0.265336890019483	NA	NA	0.636505576818379	0.327847837424425	0.51573438920342	NA	0.822341234746081	0.904416086798517	0.774840254094732	0.69679196370575	0.69354887243368	NA	NA	NA	NA
1.3207494748144	NA	1.36546895727544	0.772269443577487	0.670555954363129	0.743614770865043	NA	1.04920119100987	0.70721265056656	0.944540672958459	0.58980792739108	1.0455441683854	NA	NA	1.36403342668456	0.870715161308351	1.31805724530275	0.973091598598367	1.46629127391806	1.30813113372584	1.30304488895807	0.985733771985946	1.39145010914131	0.656728887319872	1.5957590595017	1.72256436608083	NA	1.51942754572487	1.65156911223585	0.464200519288164	0.303126879987969	1.181457099051	NA	0.54891262507227	0.315322455659071	0.314805332504242	NA	0.265558883004132	NA	0.370273741811498
NA	NA	1.46697231878338	NA	1.18759727122924	NA	1.03824068236922	NA	1.43260597824556	NA	NA	1.18177644131001	NA	0.986642462634291	NA	NA	0.958361822113967	0.939087611439165	NA	1.38766272648828	NA	1.06455422051924	NA	NA	0.522058670450427	1.25160579088484	0.844367664264987	1.17341679430783	0.869181656435405	0.672926142054826	0.11216153150257	NA	0.450463300773386	NA	NA	0.285289649815822	NA	NA	0.389830593513077	0.548501846294403
NA	NA	NA	0.24508938466256	0.439519602559954	0.361204467787574	1.00432451934922	NA	NA	NA	NA	NA	NA	0.801833631060815	0.957675865230227	0.865873501084179	NA	0.466336442403015	NA	NA	0.801088584492227	NA	0.327704863834148	NA	0.525655006420371	NA	NA	0.593024556997745	0.680457515161003	NA	NA	0.479415489264258	NA	0.292850475787447	0.105669142133926	0.189495792449513	NA	NA	0.341619085017532	0.337975002884629
NA	NA	NA	NA	NA	NA	NA	NA	NA	NA	NA	NA	NA	NA	NA	NA	NA	NA	NA	NA	NA	NA	NA	NA	NA	NA	NA	NA	NA	NA	NA	NA	NA	NA	NA	NA	NA	NA	NA	NA
NA	NA	NA	NA	NA	NA	NA	NA	NA	NA	NA	NA	NA	NA	NA	NA	NA	NA	NA	NA	NA	NA	NA	NA	NA	NA	NA	NA	NA	NA	NA	NA	NA	NA	NA	NA	NA	NA	NA	NA
NA	NA	NA	NA	NA	NA	NA	NA	NA	NA	NA	NA	NA	NA	1.16175016438812	NA	NA	NA	NA	NA	NA	2.19484517981123	NA	NA	NA	1.16095248664417	1.13729906021336	NA	NA	1.22384169404758	NA	0.706827580134114	0.97363028378356	NA	1.11559127814074	0.688060140239047	NA	NA	1.5609179614425	1.19800450227374
1.92636758103413	NA	2.0890542994324	NA	2.67268797358936	2.72559655666673	2.388315507629	NA	NA	NA	NA	NA	NA	NA	2.04646767724954	2.21475304747427	NA	2.4865247663488	2.2498201273329	NA	NA	1.75240670255898	NA	1.84567893983212	1.04291376046458	0.956801120394481	1.21857946722817	NA	NA	NA	NA	NA	NA	0.678878396214834	NA	NA	NA	0.670898336893615	0.924801076872067	0.584086016917904
0.360970645088165	0.619612771110244	NA	NA	NA	0.552338464173758	NA	NA	NA	NA	NA	1.15922041758097	NA	1.26160511295011	NA	NA	NA	NA	NA	1.08027248588545	NA	0.965290921045869	1.03136697253872	1.27412960488364	0.867904335611677	NA	NA	NA	NA	NA	NA	0.658031491996347	NA	0.178464830891929	NA	0.551809850977015	NA	NA	0.319893785369352	1.25088561087444
NA	NA	NA	NA	NA	NA	NA	NA	NA	NA	NA	NA	NA	NA	NA	NA	NA	NA	NA	NA	NA	NA	NA	NA	NA	NA	NA	NA	NA	NA	NA	NA	NA	NA	NA	NA	NA	NA	NA	NA
NA	NA	NA	NA	NA	NA	NA	NA	NA	NA	NA	NA	NA	NA	NA	NA	NA	NA	NA	NA	NA	NA	NA	NA	NA	NA	NA	NA	NA	NA	NA	NA	NA	NA	NA	NA	NA	NA	NA	NA
0.814136255108846	NA	1.62500651157466	0.348822377710588	1.04297647352405	1.32767900108333	1.41019625913639	1.34505875111384	0.498235942443922	1.01307632969155	1.01790649032157	0.755061546791407	1.33160553775359	NA	0.981173083846802	NA	1.50281698855798	1.45476663597358	1.51098255103018	1.17934547535855	NA	1.31890539179475	1.55126917953404	0.557858951078528	1.58543079627971	1.74366515656855	1.47563288145823	NA	1.82099642877388	0.313403439462518	1.69649335457523	NA	1.71247708509326	1.63542653352521	1.58490668152136	NA	NA	0.555501437956915	NA	0.485021798473532
NA	NA	NA	NA	NA	NA	NA	NA	1.51908761125293	1.01699396722943	1.21784795015997	NA	NA	1.30610455034703	1.16228751906374	NA	NA	NA	0.799867053143699	0.445856812111855	0.536357383025333	0.676136144754435	0.682841637623477	0.637968611067925	0.927042173250268	0.636523286806552	0.93613250294213	0.890140778337061	NA	1.01292501684075	0.808558310289967	1.13469428463157	0.990129588974865	1.37677497089494	0.218464389259742	NA	NA	NA	1.22377689906844	1.84548264785444
NA	0.688740488333759	0.605654613189248	NA	1.30121026915812	1.1102199940195	1.39016526621677	1.21926831591152	NA	NA	1.58335144322429	1.35595900113641	NA	1.75470316483281	2.21043632362131	0.779005276090364	2.00824362058798	0.460236308927002	0.819969076727819	1.37602273856821	0.883144952321574	0.805536735915385	NA	0.72208292350537	0.939570922842869	0.451507201434012	0.628925428385417	0.730352939288903	1.23833700428085	1.30259511053589	0.57854325574605	0.701641268378415	1.03448879840636	0.3371429823178	1.13936043935238	0.367638694123842	NA	0.328259092368289	0.929156887624808	1.07253186780418
NA	1.11813780181128	NA	1.21686767608497	1.15205622845488	NA	1.06685540917804	1.3049005019682	1.05919470416416	NA	NA	0.845326378770485	NA	0.763079834529339	NA	1.45629512133526	1.3029546340176	0.758420247390028	0.675421882237563	1.22702764997663	0.345090053390152	NA	NA	NA	0.674437413641115	1.03631877813242	NA	0.826448571027338	0.694462295295832	NA	0.342432150480229	0.180504302016215	0.399871797038223	0.145101718535621	NA	0.434856315857766	NA	0.323326575288856	0.52701672622779	1.62834683942803
NA	NA	NA	NA	NA	NA	NA	NA	NA	NA	NA	NA	NA	NA	NA	NA	NA	NA	NA	NA	NA	NA	NA	NA	NA	NA	NA	NA	NA	NA	NA	NA	NA	NA	NA	NA	NA	NA	NA	NA
NA	NA	NA	NA	NA	NA	NA	NA	NA	NA	NA	NA	NA	NA	NA	NA	NA	NA	NA	NA	NA	NA	NA	NA	NA	NA	NA	NA	NA	NA	NA	NA	NA	NA	NA	NA	NA	NA	NA	NA
NA	NA	NA	NA	NA	NA	NA	NA	NA	NA	NA	NA	NA	NA	NA	NA	NA	NA	NA	NA	NA	NA	NA	NA	NA	NA	NA	NA	NA	NA	NA	NA	NA	NA	NA	NA	NA	NA	NA	NA
NA	NA	NA	NA	NA	NA	2.12567774012228	1.40658115007299	NA	1.27907538051088	NA	1.42265155922252	1.26942860022993	NA	NA	NA	1.46183784059224	1.12933728472141	0.984668266911652	NA	0.665128308935303	NA	1.83506195865502	NA	1.77737166635887	1.01780775651823	NA	0.699497025594174	NA	NA	1.08521024431872	0.446473842726069	NA	0.603204038339185	NA	0.740621055419906	NA	0.737178346577468	0.537120318396703	0.744485390080652
NA	NA	NA	NA	NA	NA	NA	NA	NA	NA	NA	NA	NA	NA	NA	NA	NA	NA	NA	NA	NA	NA	NA	NA	NA	NA	NA	NA	NA	NA	NA	NA	NA	NA	NA	NA	NA	NA	NA	NA
0.975918271620555	1.4327806003271	1.88061421152245	1.66229001513605	NA	1.30921817846432	1.54520422793659	0.843585814364271	NA	1.83925163181562	1.68514186694195	1.54355141299678	NA	0.976726024378209	0.730177354195175	1.94643159099147	0.776799569785986	NA	1.26697486767769	NA	NA	NA	1.45594453396652	0.481409882661633	1.31770080486169	1.33835038606126	1.33808586949274	0.825823499982897	1.42825551221019	0.876438432993856	0.886675740322135	1.22793267546159	1.00259985304526	1.04789874347065	NA	1.15926445550826	NA	1.15449901849577	0.554277054055537	0.552491362833545
NA	NA	NA	NA	NA	NA	NA	NA	NA	NA	NA	NA	NA	NA	NA	NA	NA	NA	NA	NA	NA	NA	NA	NA	NA	NA	NA	NA	NA	NA	NA	NA	NA	NA	NA	NA	NA	NA	NA	NA
NA	0.768608268739276	NA	NA	0.716920448046786	NA	0.810977599089368	NA	NA	1.01696974348102	0.698370113419653	1.51076224982116	1.76898745421219	NA	NA	0.587280261196541	NA	NA	NA	NA	NA	NA	NA	2.02401696711716	1.02843914600952	2.14760552744008	0.986819040931426	NA	1.05010394983678	NA	NA	NA	2.05871092944706	NA	NA	0.526278140160414	NA	NA	NA	NA
NA	0.598200612642853	NA	NA	NA	0.801926710510162	NA	NA	NA	NA	NA	NA	NA	0.637529344585245	NA	NA	NA	0.998781276687905	NA	0.255405418672715	NA	0.396788682825187	NA	1.34744771347266	0.343222817858275	NA	NA	NA	0.413696853873103	NA	NA	NA	NA	NA	0.593426136386222	0.417668141603889	NA	NA	0.512068189586191	0.859546618079166
NA	NA	NA	NA	NA	NA	1.64915229765912	NA	NA	NA	NA	1.57721767482005	1.45030750383541	NA	NA	NA	NA	NA	0.980899029870982	NA	NA	0.643838311142976	NA	NA	NA	0.703447944504408	0.705851707205633	0.796177853848254	NA	NA	NA	NA	0.474244659660731	NA	NA	NA	NA	NA	0.360035990203294	0.142998891396361
NA	NA	NA	NA	NA	NA	1.51368816401333	NA	NA	NA	NA	NA	NA	NA	NA	NA	0.414241341382468	NA	NA	0.992659009475725	NA	NA	NA	NA	NA	NA	NA	NA	NA	NA	NA	NA	NA	NA	0.502488347270874	NA	NA	0.431411326129467	NA	0.649129547349388
NA	NA	NA	NA	NA	NA	NA	NA	NA	NA	NA	NA	NA	NA	NA	NA	NA	NA	NA	NA	NA	NA	NA	NA	NA	NA	NA	NA	NA	NA	NA	NA	NA	NA	NA	NA	NA	NA	NA	NA
NA	NA	NA	NA	NA	NA	NA	NA	NA	NA	NA	NA	NA	NA	NA	NA	NA	NA	NA	NA	NA	NA	NA	NA	NA	NA	NA	NA	NA	NA	NA	NA	NA	NA	NA	NA	NA	NA	NA	NA
NA	NA	NA	NA	NA	NA	NA	NA	NA	NA	NA	NA	NA	NA	NA	NA	NA	NA	NA	NA	NA	NA	NA	NA	NA	NA	NA	NA	NA	NA	NA	NA	NA	NA	NA	NA	NA	NA	NA	NA
NA	0.903855764768994	0.833265394905102	0.418837341747465	NA	1.18684651938479	NA	1.43057319643549	1.17261737991704	NA	1.32369572829267	NA	1.29623802001148	1.11797761970582	NA	1.35542752252448	NA	0.960954052232552	NA	0.396970924385769	0.89153097399069	1.53114152742494	1.50017846631702	0.772583268447123	0.849365928288314	0.723625193616633	0.976308390830255	0.562491251211033	0.796265636522245	0.93242137524149	0.507004087995878	0.248902582908046	1.04251842804362	1.0246066962758	1.42805936199167	NA	NA	0.979044028609214	1.3394686810038	0.866372394454536
1.39489970168266	NA	NA	NA	1.4214452690522	1.14626880930038	NA	NA	1.43170874502805	1.01933438661314	1.41694579220867	1.04784678346587	1.35255181706071	1.15216988436229	NA	NA	1.31663605789677	NA	NA	0.97579374362141	1.5197987981411	1.01604083498996	0.976046114776855	0.875185204221989	0.920960245749277	0.751729773689291	0.704350368821979	NA	NA	NA	1.13650015520886	0.77252867215581	0.695606870263452	NA	NA	0.61081543104331	NA	0.737837466227142	NA	1.08445539361793
NA	NA	NA	NA	NA	NA	NA	NA	NA	NA	NA	NA	NA	NA	NA	NA	NA	NA	NA	NA	NA	NA	NA	NA	NA	NA	NA	NA	NA	NA	NA	NA	NA	NA	NA	NA	NA	NA	NA	NA
NA	NA	NA	NA	NA	NA	NA	NA	NA	NA	NA	NA	NA	NA	NA	NA	NA	NA	NA	NA	NA	NA	NA	NA	NA	NA	NA	NA	NA	NA	NA	NA	NA	NA	NA	NA	NA	NA	NA	NA
NA	NA	NA	NA	NA	NA	NA	NA	NA	NA	NA	NA	NA	NA	NA	NA	NA	NA	NA	NA	NA	NA	NA	NA	NA	NA	NA	NA	NA	NA	NA	NA	NA	NA	NA	NA	NA	NA	NA	NA
0.78946946595772	1.03740382586218	NA	NA	0.938107844349269	0.951738061800809	NA	NA	0.589179840874388	NA	0.591865923171101	NA	1.08457786854719	1.29080857832204	1.42705403641672	NA	1.43000077008748	0.93092747791768	NA	1.02012155320752	NA	0.849847676415277	NA	NA	0.600190802884812	NA	0.431586437352247	NA	0.195623223697234	NA	NA	NA	NA	0.512251255585487	NA	0.131815544190745	NA	0.29263190392874	0.396178377012286	NA
NA	NA	NA	NA	NA	NA	NA	NA	NA	NA	NA	NA	NA	NA	NA	NA	NA	NA	NA	NA	NA	NA	NA	NA	NA	NA	NA	NA	NA	NA	NA	NA	NA	NA	NA	NA	NA	NA	NA	NA
NA	NA	NA	NA	NA	NA	NA	NA	NA	NA	NA	NA	NA	NA	NA	NA	NA	NA	NA	NA	NA	NA	NA	NA	NA	NA	NA	NA	NA	NA	NA	NA	NA	NA	NA	NA	NA	NA	NA	NA
NA	1.31480323401476	1.54231956545202	1.07766148005663	1.07219151652144	NA	0.46856337432418	0.170208366333457	NA	NA	NA	0.888096023443527	1.07149667417631	0.876564900053085	0.694623911267459	0.683108911122403	0.782616539892566	0.833725893447099	0.797605636910674	0.842029168761435	0.810823779101782	0.91799014144824	0.850477879037168	0.728401635922032	0.441306153445546	NA	NA	0.640632385379007	NA	NA	NA	NA	0.42579731933021	0.082835301906225	NA	0.150237476048687	NA	NA	0.294800948829649	1.26264230165449
NA	NA	NA	NA	NA	NA	NA	NA	NA	NA	NA	NA	NA	NA	NA	NA	NA	NA	NA	NA	NA	NA	NA	NA	NA	NA	NA	NA	NA	NA	NA	NA	NA	NA	NA	NA	NA	NA	NA	NA
0.430133100857658	NA	NA	NA	NA	0.823642983309639	0.60986512946532	0.259473123030034	NA	NA	0.402035474115645	0.501124930753881	0.387587737955188	1.91483543625483	NA	2.28574985040094	NA	2.33097028229845	NA	NA	0.497694103985928	NA	NA	0.611073657571122	1.44661332394048	0.293192989903461	1.15275017258807	NA	NA	NA	NA	NA	NA	NA	0.592966000751814	0.46661213631726	NA	0.569294540100768	0.484561773717706	0.901163823532391
NA	NA	NA	NA	NA	NA	NA	NA	NA	NA	NA	NA	NA	NA	NA	NA	NA	NA	NA	NA	NA	NA	NA	NA	NA	NA	NA	NA	NA	NA	NA	NA	NA	NA	NA	NA	NA	NA	NA	NA
NA	NA	NA	NA	NA	NA	NA	NA	NA	NA	NA	NA	NA	NA	NA	NA	NA	NA	NA	NA	NA	NA	NA	NA	NA	NA	NA	NA	NA	NA	NA	NA	NA	NA	NA	NA	NA	NA	NA	NA
NA	1.21623943924599	0.996419144436087	NA	1.07043829880189	1.26050063143869	1.58948562210847	NA	NA	1.5937477170034	0.951949804315292	NA	NA	NA	0.89343615801591	0.300163508697201	0.620257783634032	0.862891189538579	NA	0.58936221663309	0.826623022227737	NA	NA	0.235352984077513	NA	NA	0.287557745321511	0.161725697893636	0.294466281485381	NA	NA	0.409113181854328	NA	0.272035273423057	NA	NA	NA	0.205277600395944	0.487239656568999	0.507241314053985
NA	NA	NA	NA	NA	NA	NA	NA	NA	NA	NA	NA	NA	NA	NA	NA	NA	NA	NA	NA	NA	NA	NA	NA	NA	NA	NA	NA	NA	NA	NA	NA	NA	NA	NA	NA	NA	NA	NA	NA
NA	NA	NA	NA	NA	NA	NA	NA	NA	NA	0.872348207516157	NA	NA	0.708534108207656	NA	NA	0.28715558332642	NA	NA	0.71823205436544	NA	0.303425258870136	0.517306872594733	0.603395364480861	NA	NA	NA	NA	NA	0.644510752725508	NA	NA	NA	1.14138177994974	NA	NA	NA	NA	0.82711110203605	NA
1.50912799758482	0.976555218459323	NA	NA	1.07378808481862	NA	0.312425067779334	NA	0.835464744771821	0.99478923064013	1.31257249758131	0.737944176767911	NA	0.224787847427225	0.764457733483195	NA	0.700551425513072	1.08874000027127	0.83994773321691	0.820009961967459	NA	NA	NA	NA	NA	NA	0.276123877367869	0.864150940307173	NA	NA	NA	0.858366609396655	0.640308885441403	NA	NA	0.806248596958221	NA	0.349885134093961	NA	NA
NA	NA	NA	0.477872998628755	0.456865529922785	1.0090026536777	1.33799968496027	0.773567632720974	0.899393924075843	2.33150244509626	0.972445008442376	1.20345694919097	0.774332482809276	1.3310785019449	0.772599742684269	1.43818406392077	0.963243652051513	NA	0.987100418736515	NA	0.426567796119317	0.876634196564108	0.671659537496215	2.4089827848027	2.48914141375678	1.15997845852519	1.5915283755424	0.740917252735632	0.572750619098545	NA	0.264127014179483	0.787707183418575	0.297753284558127	NA	0.373218327027683	0.368374043444998	NA	0.428386495550446	NA	NA
NA	NA	NA	NA	NA	NA	NA	NA	NA	NA	NA	NA	NA	NA	NA	NA	NA	NA	NA	NA	NA	NA	NA	NA	NA	NA	NA	NA	NA	NA	NA	NA	NA	NA	NA	NA	NA	NA	NA	NA
NA	0.787732581535915	0.715249797830637	0.639918685461604	NA	1.20179906007621	1.4877180177422	1.3685332388494	NA	1.17660182859732	NA	1.19854891724357	1.93566729559037	NA	NA	1.04172735382181	1.29466356054035	1.59283786626383	1.00746567048935	NA	0.497230844596051	1.17992885256888	0.636230852465527	NA	NA	NA	NA	NA	0.794473212094657	0.232096693243141	NA	0.6743472568627	0.518562690968494	NA	NA	0.571313787793333	NA	0.390726945317567	1.54544678016516	1.72074650930446
NA	NA	NA	NA	NA	NA	NA	NA	NA	NA	NA	NA	NA	NA	NA	NA	NA	NA	NA	NA	NA	NA	NA	NA	NA	NA	NA	NA	NA	NA	NA	NA	NA	NA	NA	NA	NA	NA	NA	NA
NA	NA	NA	NA	NA	NA	NA	NA	NA	NA	NA	NA	NA	NA	NA	NA	NA	NA	NA	NA	NA	NA	NA	NA	NA	NA	NA	NA	NA	NA	NA	NA	NA	NA	NA	NA	NA	NA	NA	NA
NA	0.841963695573591	1.52185434203718	NA	NA	1.49147079987898	1.35802352727208	2.11369016559494	1.11366879804554	0.774272401198299	1.37704177114559	0.590345852350459	NA	1.04687013450893	0.249597950451492	NA	0.145868090417241	0.384167747734571	0.690312216639085	1.37828577325563	0.871012138905285	0.400482883830077	NA	1.45730761906438	0.449981483882574	NA	0.827041757200782	NA	NA	1.25005084719072	1.26502220698282	1.03759304980826	1.30582066034224	1.30933317337577	0.663475698048173	1.57188658648785	NA	0.38963007284685	0.902286533842857	0.315089911052948
NA	NA	NA	NA	NA	NA	NA	NA	NA	NA	NA	NA	NA	NA	NA	NA	NA	NA	NA	NA	NA	NA	NA	NA	NA	NA	NA	NA	NA	NA	NA	NA	NA	NA	NA	NA	NA	NA	NA	NA
NA	1.25876910415291	1.30302278820752	NA	1.65132478978092	NA	1.27223564157062	NA	NA	NA	1.11267511595601	0.909765829889221	NA	NA	NA	NA	1.39817507128674	1.05142353901714	0.836141869835193	NA	0.904573591011254	NA	0.381698169935039	0.423062575698264	0.342791644813893	NA	1.30180906496183	NA	NA	0.942717090964631	0.828007625704923	0.810343652536171	0.697530964844056	0.616575248500485	0.659479678064048	0.41062543213179	NA	NA	0.465239059807507	NA
NA	NA	NA	NA	NA	NA	NA	NA	NA	NA	NA	NA	NA	NA	NA	NA	NA	NA	NA	NA	NA	NA	NA	NA	NA	NA	NA	NA	NA	NA	NA	NA	NA	NA	NA	NA	NA	NA	NA	NA
1.82089685485211	1.35045959788874	NA	2.0951980139933	NA	NA	NA	NA	NA	NA	1.51778828448004	1.75182118057021	NA	1.17414126809317	1.08528021794799	NA	1.10663160266911	NA	NA	2.07802352283991	NA	0.823318257835791	0.418586639688072	0.588576469661236	NA	NA	0.581035064923554	NA	NA	0.373575410109715	NA	NA	NA	0.703206436429759	0.247725945579836	NA	NA	NA	NA	NA
NA	NA	NA	NA	NA	NA	NA	NA	NA	NA	NA	NA	NA	NA	NA	NA	NA	NA	NA	NA	NA	NA	NA	NA	NA	NA	NA	NA	NA	NA	NA	NA	NA	NA	NA	NA	NA	NA	NA	NA
NA	NA	NA	NA	NA	NA	NA	1.24299725445589	1.2429744173914	NA	NA	0.967398699863921	NA	NA	NA	2.43559032470498	NA	0.853074627548548	NA	0.93025653243168	NA	1.03036711581332	NA	0.946903580639296	NA	1.11411107847082	NA	NA	NA	NA	1.17672174525326	0.395531301544443	NA	0.351452312126131	NA	NA	NA	1.43465404568049	NA	NA
NA	NA	NA	NA	NA	0.42189956509611	0.348319754046272	0.170087450602793	0.616433597609398	1.52085316736709	0.56760016699629	0.921846034765794	0.204550851304531	0.561045262397762	0.737707261162937	0.727203001094394	0.696500062317592	0.865465598755571	0.869769325397252	0.533847221038705	1.33488067068467	NA	1.23472370346751	1.53727216942172	1.54260286485989	0.291334143334947	NA	NA	NA	NA	NA	NA	0.753778618766203	NA	0.152479907885736	NA	NA	NA	NA	NA
NA	1.67711484512161	NA	NA	NA	1.02184920255906	NA	NA	0.812082935752011	NA	NA	NA	1.36106158235784	NA	2.31679804566892	NA	1.63609770585194	1.71027526180095	2.01878822347044	1.66668675988614	1.55320535689187	NA	NA	NA	NA	0.886398227404812	NA	NA	NA	0.30969189653539	NA	NA	NA	0.259103045431312	NA	NA	NA	0.527281876300877	0.593616122642184	0.551085901825288
NA	NA	NA	NA	NA	NA	NA	0.995407535711773	NA	NA	NA	1.33391501220829	NA	1.36471785124765	NA	NA	NA	NA	NA	NA	NA	NA	NA	NA	NA	NA	NA	NA	NA	NA	NA	NA	0.602114756912781	NA	NA	NA	NA	NA	NA	0.742183689435331
0.464286552397434	NA	NA	NA	NA	NA	NA	1.04024895961464	NA	1.11057307424774	0.935450821915428	NA	NA	1.23518298051636	1.13279447774786	1.4468313119685	1.37669553017869	2.14923352864787	NA	NA	1.74041087120268	2.09915186864676	2.0480924332935	1.64475880692334	NA	1.50460564485619	1.18792676024841	1.73860754579734	1.77480461602693	2.15988059496102	1.71307822981473	0.469579160537275	2.15242303720562	2.0289609253694	NA	1.28099935068358	NA	1.70110986737252	2.01131113169867	1.80853968398212
1.65468311048158	1.72105765690181	NA	1.6213496706984	NA	1.26176124315877	1.3584171176283	NA	1.23833886484687	NA	NA	0.990007120544437	NA	1.47035730429896	1.87378107061886	2.31846329410602	NA	NA	0.962696966348293	1.21090242873064	1.55937281586011	1.15984319102558	1.02775379530423	0.993266352444343	NA	0.880566687494586	NA	0.978507344053789	NA	0.780049812175206	1.41829759310939	NA	0.171945927538478	0.232918264365595	0.239004172686789	0.0910831969422123	NA	0.146404145438333	NA	1.32837602988599
NA	NA	NA	NA	NA	NA	NA	NA	NA	NA	NA	NA	NA	NA	NA	NA	NA	NA	NA	NA	NA	NA	NA	NA	NA	NA	NA	NA	NA	NA	NA	NA	NA	NA	NA	NA	NA	NA	NA	NA
NA	NA	NA	NA	NA	NA	NA	NA	NA	NA	NA	NA	NA	NA	NA	NA	NA	NA	NA	NA	NA	NA	NA	NA	NA	NA	NA	NA	NA	NA	NA	NA	NA	NA	NA	NA	NA	NA	NA	NA
NA	NA	NA	NA	NA	NA	NA	NA	NA	NA	NA	NA	NA	NA	NA	NA	NA	NA	NA	NA	NA	NA	NA	NA	NA	NA	NA	NA	NA	NA	NA	NA	NA	NA	NA	NA	NA	NA	NA	NA
NA	NA	NA	NA	NA	NA	NA	NA	NA	NA	NA	NA	NA	NA	NA	NA	NA	NA	NA	NA	NA	NA	NA	NA	NA	NA	NA	NA	NA	NA	NA	NA	NA	NA	NA	NA	NA	NA	NA	NA
0.674873356234495	NA	0.739164052515492	NA	0.753791507517012	NA	NA	NA	1.12765665454707	NA	1.71636851266207	NA	1.36789189592916	1.87955208176973	NA	NA	NA	1.75358170175296	1.4372268989878	1.38242279915664	1.13574619394229	1.1113956592691	0.510382388567476	0.303576795180095	0.627138556436877	NA	0.346037022724473	1.07771311887002	1.7414548538959	NA	0.713218923587307	0.573702031146599	0.602809491578294	0.512727688912683	NA	NA	NA	0.289965903162249	0.540991420331867	NA
NA	NA	NA	1.65032958323382	1.79806318086868	NA	NA	NA	NA	NA	NA	2.50527180895741	2.7235958890534	2.79139196925057	2.60869901002669	2.40452971749903	2.64576365657685	NA	2.53705585780097	2.16920718174104	2.47805614904693	2.06004201431596	2.03513375748892	NA	NA	1.47273490682634	0.380366205185502	NA	NA	2.21797494504868	1.87086191287954	NA	NA	NA	NA	NA	NA	NA	NA	NA
1.16730467515455	NA	1.22051841330489	1.36653555832935	1.28192475002978	0.739901900467782	0.614135420126081	NA	NA	1.1392031322812	0.710878432665668	1.09733857907794	1.20318151295653	0.981644621821548	1.29904926519406	NA	NA	1.40651319674934	NA	0.586101546134087	1.04816493201608	0.680980522471079	0.604090794820321	0.314885807219705	0.122421760459048	0.323806310619393	NA	0.705740655478191	0.421315441012345	NA	0.458182420881768	NA	0.0440179613529606	0.327052422560586	0.156467802686348	NA	NA	NA	0.480887386545224	0.307619744034453
0.690339109293434	NA	NA	NA	0.234218829869962	NA	0.273618425711802	0.846470050015558	NA	0.596230327244109	0.530880675856077	NA	0.604836469471612	0.447477496357467	NA	0.279684242378974	0.921718896111598	NA	NA	NA	NA	0.377319837969548	0.591898027373136	0.43867312585204	0.489258981132397	NA	0.606812235962878	0.506944221642309	0.830729538097448	0.112312698886285	0.183607880687798	0.847328930855632	0.889099396579626	NA	NA	NA	NA	NA	0.177759252770951	0.513900745473232
NA	NA	NA	NA	NA	NA	NA	NA	NA	NA	NA	NA	NA	NA	NA	NA	NA	NA	NA	NA	NA	NA	NA	NA	NA	NA	NA	NA	NA	NA	NA	NA	NA	NA	NA	NA	NA	NA	NA	NA
1.92380073522836	1.65486943016677	1.63430005218442	NA	1.61624504939988	0.936632867686288	1.04156607550923	1.98958137837408	NA	1.18414433365183	1.27334850000979	1.72935616070641	1.88008216470905	1.70789100521595	1.90921589426988	2.09418798785542	1.68048659643874	1.73410062477196	1.35377020514585	NA	1.79512491741749	0.842360246111296	0.878579170476887	NA	NA	0.560286081199356	0.587614234548985	0.8014391574836	0.323138619234711	0.904545714655205	0.259292834963587	0.18762459692407	0.90546109838309	0.115793087779768	0.477996665412865	0.16571966744029	NA	0.672209500135679	0.785334968220615	0.902735234496522
NA	NA	NA	NA	NA	NA	0.26106850507771	0.444678779021241	NA	1.34305178807118	1.51421621688243	NA	NA	1.6546779628978	1.04336071971978	0.710150522780912	0.949031221492689	NA	1.05242286606583	1.65209879392267	NA	NA	1.03830062051888	0.672442330714225	0.179338990420511	0.507938610025001	NA	NA	0.968789181048456	1.3071933138122	1.88388362758287	0.890788723010411	NA	0.952900469935648	NA	1.74399710392641	NA	0.696340394799474	0.866905241616377	0.313639409180686
NA	NA	NA	NA	NA	NA	NA	NA	NA	NA	NA	NA	NA	NA	NA	NA	NA	NA	NA	NA	NA	NA	NA	NA	NA	NA	NA	NA	NA	NA	NA	NA	NA	NA	NA	NA	NA	NA	NA	NA
NA	NA	NA	NA	NA	NA	NA	NA	NA	NA	NA	NA	NA	NA	NA	NA	NA	NA	NA	NA	NA	NA	NA	NA	NA	NA	NA	NA	NA	NA	NA	NA	NA	NA	NA	NA	NA	NA	NA	NA
1.11123888769743	NA	NA	1.02926723238948	1.56270776277779	1.58164843108811	1.25700721903973	1.42617673104253	1.00483082024311	NA	1.36686740625005	NA	NA	1.52930739929112	1.7830519573247	NA	1.68587360250605	1.7949215525202	2.07130786538656	NA	NA	0.994362984508252	1.24490359880341	0.49318708120547	NA	0.923336735560992	0.78300948096277	1.28010012822449	NA	1.04437223240578	0.886315019834257	0.444452867477679	NA	0.458675612692529	NA	NA	NA	1.66756726633362	NA	0.563378379830681
NA	NA	NA	NA	NA	NA	NA	NA	NA	NA	NA	NA	NA	NA	NA	NA	NA	NA	NA	NA	NA	NA	NA	NA	NA	NA	NA	NA	NA	NA	NA	NA	NA	NA	NA	NA	NA	NA	NA	NA
NA	NA	NA	NA	NA	NA	NA	NA	NA	NA	NA	NA	NA	NA	NA	NA	NA	NA	NA	NA	NA	NA	NA	NA	NA	NA	NA	NA	NA	NA	NA	NA	NA	NA	NA	NA	NA	NA	NA	NA
NA	NA	NA	NA	NA	NA	NA	NA	NA	NA	NA	NA	NA	NA	NA	NA	NA	NA	NA	NA	NA	NA	NA	NA	NA	NA	NA	NA	NA	NA	NA	NA	NA	NA	NA	NA	NA	NA	NA	NA
NA	1.836387300067	1.30482968355955	NA	NA	0.7490268401381	NA	1.26718477623054	NA	NA	1.10181892360597	NA	NA	NA	0.881173494867141	0.88258944824182	NA	1.31532343106651	0.766093307060852	NA	1.04872835806114	1.04101921164053	1.53003061951398	1.2339431561728	1.44615303277487	NA	NA	NA	1.15686536747177	NA	NA	1.33266883715762	1.23219375804625	NA	0.815436983935514	0.438549232811472	NA	0.520874795711477	NA	0.881249917377754
NA	NA	NA	NA	NA	NA	NA	NA	NA	NA	NA	NA	NA	NA	NA	NA	NA	NA	NA	NA	NA	NA	NA	NA	NA	NA	NA	NA	NA	NA	NA	NA	NA	NA	NA	NA	NA	NA	NA	NA
0.984655522400413	NA	0.905515272243453	NA	NA	NA	0.772654913082537	NA	0.431058529554542	NA	0.997399611760921	1.11693018280406	NA	0.490600148693388	NA	0.858041734118394	0.792514138214639	0.599814510760697	0.665769190060867	0.407092277421493	0.885539562780565	NA	NA	0.925383348892543	NA	NA	NA	NA	NA	NA	NA	0.354971697538872	0.294436441255875	NA	NA	NA	NA	NA	0.156101172446969	0.477456844512223
NA	NA	NA	NA	NA	NA	NA	NA	NA	NA	NA	NA	NA	NA	NA	NA	NA	NA	NA	NA	NA	NA	NA	NA	NA	NA	NA	NA	NA	NA	NA	NA	NA	NA	NA	NA	NA	NA	NA	NA
NA	NA	NA	NA	NA	NA	NA	NA	NA	NA	NA	NA	NA	NA	NA	NA	NA	NA	NA	NA	NA	NA	NA	NA	NA	NA	NA	NA	NA	NA	NA	NA	NA	NA	NA	NA	NA	NA	NA	NA
NA	NA	NA	NA	NA	0.578409629348201	NA	0.314085321000254	0.444576504503229	NA	NA	1.99504174186507	NA	NA	NA	1.47372465595038	NA	1.67355508013863	NA	NA	0.979726215695202	0.730192277937717	0.687712661604102	0.714603256402596	0.605372883300713	NA	NA	NA	NA	NA	NA	NA	NA	NA	NA	NA	NA	NA	NA	NA
NA	NA	NA	NA	NA	NA	NA	NA	NA	NA	NA	NA	NA	NA	NA	NA	NA	NA	NA	NA	NA	NA	NA	NA	NA	NA	NA	NA	NA	NA	NA	NA	NA	NA	NA	NA	NA	NA	NA	NA
NA	NA	NA	NA	0.655030469666413	0.951547607524368	NA	NA	NA	NA	NA	NA	NA	1.46879664869694	1.66211571181587	NA	0.974687014417029	NA	NA	NA	1.27612274323204	NA	0.40445504016595	NA	NA	2.18149074874324	NA	0.437816784650078	0.513433589375106	0.601295287139702	0.687253535719613	NA	0.558770183816163	0.50708221887314	0.424989411422781	NA	NA	NA	NA	0.827703085693558
NA	NA	NA	NA	NA	NA	NA	NA	NA	NA	NA	NA	NA	NA	NA	NA	NA	NA	NA	NA	NA	NA	NA	NA	NA	NA	NA	NA	NA	NA	NA	NA	NA	NA	NA	NA	NA	NA	NA	NA
1.33572016710047	NA	NA	NA	1.63720470815506	NA	1.80108298380783	1.79929530191635	1.39922087922667	NA	NA	NA	NA	NA	2.0994504996203	1.57800722216304	NA	NA	NA	1.65734380397582	0.937448164847241	0.39039819348679	0.584060312443502	0.604291379080625	0.655346145132706	NA	NA	NA	NA	NA	NA	0.583902177858905	1.49704367623308	NA	NA	0.296045307197805	NA	0.373857918351034	0.73170374782056	NA
NA	1.49542399853441	NA	NA	NA	1.36797970665151	1.13487813975918	1.7826427123208	NA	1.23277697230892	1.47245930667158	NA	NA	1.2723612476795	1.4931069169293	NA	1.2324043467846	1.35186180652314	NA	1.22102964244143	NA	1.01327105385128	0.882618494652903	0.75159887825671	NA	0.589703244423479	0.498817991329976	NA	NA	0.685793311682168	NA	0.363266225505706	0.247294527211536	NA	0.732484231317025	1.05527159440593	NA	0.231232242583471	NA	0.291683776017704
0.588555067903057	NA	NA	NA	NA	NA	NA	NA	NA	NA	NA	NA	NA	NA	NA	NA	0.709958347815594	NA	NA	NA	NA	NA	NA	NA	NA	NA	NA	NA	NA	NA	NA	0.407277970701528	0.387274356302611	0.431612322791825	NA	NA	NA	NA	NA	NA
0.737787896502447	NA	1.352277967828	1.64851742752695	NA	0.934023301931762	1.98648026564097	0.868945097957207	NA	1.46514809355272	NA	NA	NA	1.0587638250248	1.45006271357646	1.58056148046173	1.09081688181659	NA	1.23668876776596	1.26336917104137	2.24950402064585	1.20603003905631	0.518171338297866	NA	0.967480222464782	0.686705165345974	0.537428172868595	0.549386673655696	0.50219888516753	0.846278112674178	NA	NA	0.671470174337604	NA	0.348859371030234	0.502114416514214	NA	0.373217660832524	0.223988160238066	0.364322185195945
NA	NA	NA	NA	NA	NA	NA	NA	NA	NA	NA	NA	NA	NA	NA	NA	NA	NA	NA	NA	NA	NA	NA	NA	NA	NA	NA	NA	NA	NA	NA	NA	NA	NA	NA	NA	NA	NA	NA	NA
1.25424885176178	NA	1.09866690123589	1.3921039464757	NA	0.756565364493607	0.930285627527924	1.21071522628381	1.51304927595037	1.2223718477039	1.36592473850501	1.09678929530662	1.3720765219834	0.64425879603595	1.40795492770417	1.31716373759296	0.666647938181253	1.26616015512688	0.81743053011165	0.68605571845489	0.845179697810378	NA	0.725977218892413	1.17315756622199	1.15718076592204	1.13964836048953	0.904575381419244	0.997794141890677	1.17796235619856	1.54023605165479	0.929704961633734	0.933540128487318	1.02514755019923	1.09715809824514	1.20784360118838	0.305323399438761	NA	0.349384497047786	0.489669935877137	0.489493458685157
NA	3.24024599988112	NA	3.18330021807351	2.86711077949759	2.45661837504368	2.78433676347553	2.33918859949965	2.5580280833411	2.7184550657161	2.85694161847342	2.51179659436691	1.80340665751793	1.96570739281308	2.04888430776888	1.85031574102567	NA	1.96571410315255	1.87558392015812	2.24321969852426	1.82912228338321	0.974684468406563	NA	1.17262742682009	NA	NA	NA	1.31343395984227	NA	0.570780768621337	1.5941463561276	NA	NA	NA	1.41145596909241	NA	NA	1.18248952073827	1.17231101798133	1.05399246058297
1.25148591832349	NA	NA	1.724436194328	NA	NA	1.81326680242033	1.96273702287511	1.8090477648117	NA	NA	NA	NA	1.73565160427681	2.08943318416161	2.15084426901448	1.67452193393181	1.50334068586527	1.50409061654533	1.67562505123379	1.9817735728777	NA	1.16309213903643	1.124744446876	1.13689434929686	0.783564242948854	1.28208331506547	0.932181929065248	0.983012028236522	0.659034445959624	NA	0.872697715914249	NA	0.480608205561488	0.489928804276259	0.501669751566855	NA	0.55097903293962	NA	0.866270795418658
NA	NA	NA	NA	NA	NA	NA	NA	NA	NA	NA	NA	NA	NA	NA	NA	NA	NA	NA	NA	NA	NA	NA	NA	NA	NA	NA	NA	NA	NA	NA	NA	NA	NA	NA	NA	NA	NA	NA	NA
NA	NA	NA	NA	NA	NA	NA	NA	NA	NA	NA	NA	NA	NA	NA	NA	NA	NA	NA	NA	NA	NA	NA	NA	NA	NA	NA	NA	NA	NA	NA	NA	NA	NA	NA	NA	NA	NA	NA	NA
0.639727429440286	NA	0.575214997768092	1.25276472236246	NA	NA	NA	1.35996096070083	1.79184117352293	NA	NA	0.715653423022866	0.973399977184284	0.88275237983286	0.9243447574862	NA	0.742678884693879	1.15323294902522	0.899112159815053	1.05902764864612	1.03531312265282	0.693904334603328	0.598669933550151	0.662437661674254	0.3760469834328	NA	NA	1.46171078871617	NA	0.671278250551169	0.363825199931845	0.936103465425513	0.819832548749864	0.553213039634119	0.340714122257198	0.503777201698845	NA	0.517364428831833	0.138955129966585	0.448182145434068
NA	0.801866830814857	NA	NA	NA	0.527464005904696	0.799140135451376	NA	NA	0.967823131637922	0.740526153286546	0.915482579286105	1.08741123282422	1.14934542226168	NA	NA	1.21799984728202	1.1060110971121	1.04626720181153	NA	0.44984061115319	0.828976928951273	0.396213223373894	0.448760192082241	0.606497298688108	NA	NA	NA	NA	0.730069254913451	NA	NA	0.569438626953541	NA	NA	NA	NA	NA	0.347927338305315	NA
1.06712754612409	0.903558896715146	0.90710777471177	NA	NA	1.54202934275814	NA	1.14652694307667	NA	NA	0.676371445171964	0.963813394143198	NA	0.906460665388282	1.19107122339685	1.31607441220212	1.50332620986535	1.22903526970325	1.13075089057564	NA	1.29971734726548	0.974445473544406	NA	NA	NA	0.710807196398636	0.837278002337466	1.29182932430099	1.02205555427151	NA	NA	1.19308002516057	NA	NA	NA	NA	NA	0.207482332136099	0.991230303726482	NA
0.826369766879562	NA	0.902333576531282	0.852920548312929	NA	NA	1.56228051227354	NA	NA	NA	NA	NA	NA	1.01041988877968	1.31613082788605	0.906240710971966	1.1141556730847	1.27581914079007	NA	NA	0.868739745245079	NA	NA	NA	NA	NA	NA	NA	0.253294991554345	0.322312009619558	NA	0.421976849457153	NA	0.462569866319748	0.539781806482794	0.418993559018773	NA	0.302958602067466	0.340099578434883	0.548254473598376
NA	NA	1.52162125664877	1.55370654780325	NA	NA	NA	1.57454474723465	NA	0.294690768158958	NA	NA	0.615786303734842	NA	1.30671266819867	1.11091371715835	NA	NA	NA	0.667365196676649	1.82475931597375	NA	NA	NA	0.957847942929249	NA	NA	NA	NA	NA	NA	NA	NA	0.747732856461325	NA	NA	NA	0.224146792582372	0.880736630410379	NA
0.51587500181101	NA	NA	NA	NA	1.21741185547121	0.908880349151507	0.883654514969288	NA	1.37439453250345	NA	NA	NA	0.82953978836734	NA	NA	NA	NA	NA	NA	NA	1.36915002446989	0.653178470446381	NA	0.583354774196142	NA	0.348853201891732	NA	0.380621536076109	NA	NA	0.305301849920022	0.143460148784418	0.862594280184587	NA	0.316348750854243	NA	0.282138165088347	0.367995613472706	0.42570685770943
NA	0.858044160447585	NA	NA	1.03269541991163	NA	NA	NA	NA	NA	1.65321277057767	NA	1.49667643509457	1.08423668731914	NA	0.930654378730178	1.29074953978348	NA	NA	NA	NA	1.16244801425198	0.829631564256096	0.558060428275716	NA	1.88172924754136	0.272884075260387	NA	NA	0.168954447173771	NA	0.306610930828003	0.336823412535945	NA	NA	NA	NA	NA	0.567684956512689	NA
1.75926581396239	NA	NA	NA	NA	NA	1.3726005153324	NA	NA	NA	NA	NA	1.41574876597784	NA	1.58551209859763	NA	NA	NA	NA	NA	2.3812713438406	1.67340518456821	NA	NA	NA	NA	NA	NA	0.461709847136534	1.04818227563376	NA	0.235447316644645	0.214470729712979	0.179844939058206	0.298415573195822	0.52672069645669	NA	0.603259259938398	0.315481357429112	NA
NA	0.879730789809329	1.44454892728352	0.541232153677919	NA	0.521385295348906	0.541509493085196	0.520972591922779	0.37378565501536	0.512120298850981	0.692336392663806	0.513107801419532	0.406065264327491	0.436535407878284	0.509058272250337	0.239937279332855	0.326953526418558	NA	NA	NA	0.577642796615427	0.246096778498111	0.370409157069871	0.5261716759727	NA	0.147154917179428	0.205822091103911	0.0554318189028422	0.355755159695479	NA	NA	0.471391299444793	0.378128141808007	0.680216353642292	0.239716470349356	0.56682177553929	NA	0.164148026542535	NA	0.371569131002321
NA	NA	NA	1.60841513927387	1.33361398607323	1.5449522281508	1.41520888398765	1.17084341897057	0.531063115215764	0.841598104259712	0.776850952300669	1.48996200928616	1.45088685044215	1.14335650830581	1.18406994234421	1.41163440123604	1.10937782067695	0.97041467711242	0.969316005147942	0.703730631028465	NA	0.802900453358602	0.615611292957357	0.587471043718341	0.647088980270606	NA	NA	NA	0.829329525437183	NA	NA	NA	0.583393649582096	0.402323160585307	0.163552730735856	0.408160953147278	NA	0.353545558775599	0.391934259329737	NA
NA	0.759385480955018	0.838456666282288	NA	1.14508348978969	0.912460959970011	NA	0.667911132997293	0.99212034630523	NA	0.443165563458688	0.481803786026152	0.223328227772037	0.963004280083643	0.974860603256343	NA	NA	0.509396228129797	NA	0.344934241611669	0.97491163850169	0.446619102650059	NA	NA	0.164804761980134	NA	0.608865926082745	0.355330439972945	1.03540367023301	0.465460943834706	NA	NA	0.368293132818393	1.10476035329223	0.927956468718209	0.196248991107817	NA	0.377032609163132	0.489064970141053	0.370579503898459
NA	NA	NA	NA	NA	1.08222498783875	1.10971979585262	NA	NA	NA	NA	NA	NA	1.50459135992659	1.44946223432375	NA	NA	NA	NA	NA	NA	NA	NA	NA	0.198016360322605	0.356252333361096	NA	0.41907813427775	0.685972637860985	NA	NA	0.285046637051659	0.684758125992503	NA	NA	0.758386131551891	NA	NA	0.407895201056495	0.41448287388545
NA	NA	NA	NA	NA	NA	NA	NA	NA	NA	NA	NA	NA	NA	NA	NA	NA	NA	NA	NA	NA	NA	NA	NA	NA	NA	NA	NA	NA	NA	NA	NA	NA	NA	NA	NA	NA	NA	NA	NA
NA	NA	NA	NA	NA	NA	NA	NA	NA	NA	NA	NA	NA	NA	NA	NA	NA	NA	NA	NA	NA	NA	NA	NA	NA	NA	NA	NA	NA	NA	NA	NA	NA	NA	NA	NA	NA	NA	NA	NA
NA	NA	NA	NA	NA	NA	NA	NA	NA	NA	NA	NA	NA	NA	NA	NA	NA	NA	1.43253045520946	NA	NA	NA	NA	0.667140561958055	NA	NA	1.0741946053179	1.26375109947712	NA	NA	NA	0.907779666881616	0.300348259496042	NA	NA	NA	NA	0.166754404559247	NA	NA
NA	NA	NA	NA	0.619186719253849	NA	1.05152075056678	1.53401528662423	NA	NA	NA	NA	NA	0.838499450908778	1.07599361234299	0.880219286153963	0.828430818359945	NA	NA	NA	NA	0.939907552919294	0.564667738807122	0.561543721110164	0.365638027617049	NA	0.665696526742055	0.410101391723947	0.276050243776003	NA	NA	0.443391354036247	0.649842109250472	0.402822057967596	0.747492574037816	NA	NA	0.867202448999375	NA	NA
NA	NA	NA	NA	NA	NA	NA	NA	NA	NA	NA	NA	NA	NA	NA	NA	NA	NA	NA	NA	NA	NA	NA	NA	NA	NA	NA	NA	NA	NA	NA	NA	NA	NA	NA	NA	NA	NA	NA	NA
NA	1.65457472450101	0.830229419012509	NA	NA	NA	0.960351395744872	0.620828810196952	NA	0.629129731914569	0.342729072443552	NA	NA	0.231072280592994	NA	NA	NA	0.679872544700534	0.651376740868213	0.729679771436167	0.774174558535556	0.85314411192377	0.766365869878736	NA	0.376313993331708	NA	0.609594039449105	NA	0.986671573408287	NA	NA	NA	NA	NA	NA	NA	NA	0.897665047106974	0.536744534668388	NA
NA	NA	NA	NA	NA	NA	NA	NA	NA	NA	NA	NA	NA	NA	NA	NA	NA	NA	NA	NA	NA	NA	NA	NA	NA	NA	NA	NA	NA	NA	NA	NA	NA	NA	NA	NA	NA	NA	NA	NA
NA	NA	NA	NA	NA	NA	NA	NA	NA	NA	NA	1.59676514978191	NA	NA	1.74354021937258	NA	NA	NA	1.17115515111398	NA	0.776294271372427	NA	NA	1.08864425059578	NA	NA	0.965419175110771	1.04340745472657	NA	1.2080305646225	NA	0.755583343651454	0.557747398856584	NA	NA	NA	NA	0.129619973505504	NA	NA
NA	NA	NA	NA	NA	NA	NA	NA	NA	NA	NA	NA	NA	NA	NA	NA	NA	NA	NA	NA	NA	NA	NA	NA	NA	NA	NA	NA	NA	NA	NA	NA	NA	NA	NA	NA	NA	NA	NA	NA
1.7701982509763	NA	2.00547822169649	NA	NA	2.08870062591346	1.82716191298818	2.12229833626651	1.70621804503158	NA	1.97801949503295	NA	NA	NA	NA	1.81920841666611	1.89212826406845	1.72452311049776	1.54340271416737	1.73524675255676	1.76847619420921	1.87078468721489	1.74458292427507	NA	1.72516967895365	NA	NA	1.56238125495477	1.83853228830995	NA	NA	1.32139527832607	NA	NA	NA	0.42174892781828	NA	NA	NA	1.01811523007102
1.52866759415196	NA	0.819838778207623	NA	0.785207212237808	0.613762300527576	0.522399178844067	NA	NA	NA	0.560269225573057	NA	0.687710373733377	NA	0.564886509939982	0.511747330943382	0.513656920752463	0.203205877687702	0.565986231468967	NA	NA	NA	NA	NA	0.769004658470744	0.588565798270029	0.512456311756585	0.749207950755899	NA	0.586546597835824	NA	NA	NA	0.489186914973662	0.789381520555767	0.370632540960899	NA	0.334333735088691	NA	0.478868385081534
NA	NA	NA	NA	NA	1.66158436349236	NA	NA	1.08429321646708	1.26259448193488	1.4281059863062	1.63437016574572	NA	NA	NA	NA	1.01052917661095	0.879400816421847	NA	NA	NA	0.682611229507501	0.275743448762282	0.381539137699471	0.277119105475038	0.472918506516686	1.26087868662074	0.648432327596745	0.678510163969709	NA	NA	NA	0.581800629729738	NA	NA	NA	NA	1.233671804691	0.980189759516675	0.486232902785556
NA	NA	NA	NA	NA	NA	NA	NA	NA	NA	NA	NA	NA	NA	NA	NA	NA	NA	NA	NA	NA	NA	NA	NA	NA	NA	NA	NA	NA	NA	NA	NA	NA	NA	NA	NA	NA	NA	NA	NA
NA	NA	NA	NA	NA	NA	NA	NA	NA	NA	NA	NA	NA	NA	1.44547788002791	NA	1.66621756757173	NA	NA	1.04794710500599	NA	NA	NA	NA	NA	NA	0.831316908147254	NA	NA	NA	NA	NA	0.249481721246559	NA	NA	NA	NA	0.117995886426336	0.651144046059325	0.516677873371272
NA	NA	1.68088336082332	1.5560667629762	1.31412446154676	0.36715735705218	NA	NA	1.44683239427714	0.900720526290324	1.22259717994121	1.04549993819959	NA	1.28518707730524	0.849807100938699	1.62911329368707	0.171813235421664	0.258527599040739	NA	0.674412284741235	0.0628123660113402	NA	NA	NA	NA	NA	NA	NA	0.227242476675887	NA	NA	0.571652694427777	NA	NA	NA	NA	NA	NA	NA	NA
NA	2.07409593563319	0.661926711935565	1.75038066402138	NA	2.65505678396295	2.38918375393509	NA	1.25249372169086	2.05369284204032	1.71303717274705	0.296367147616182	NA	1.84278164562735	0.50767497319457	2.13748311501618	NA	NA	2.42772684230656	1.08583885527142	2.94230401833678	1.22311391426325	0.967473052364604	0.558248146953003	1.87179070672607	0.385432915586337	NA	1.61745726763614	0.652560046883948	1.39778682483939	1.49249201487672	1.1604093116597	NA	1.40710720286245	1.42742798765852	0.427633670577296	NA	NA	0.992321602011082	1.70974965554072
NA	NA	NA	NA	NA	NA	NA	NA	NA	NA	NA	NA	NA	NA	NA	NA	NA	NA	NA	NA	NA	NA	NA	NA	NA	NA	NA	NA	NA	NA	NA	NA	NA	NA	NA	NA	NA	NA	NA	NA
NA	NA	NA	NA	NA	NA	NA	NA	NA	NA	NA	NA	NA	NA	NA	NA	NA	NA	NA	NA	NA	NA	NA	NA	NA	NA	NA	NA	NA	NA	NA	NA	NA	NA	NA	NA	NA	NA	NA	NA
NA	NA	NA	NA	NA	NA	NA	NA	NA	NA	NA	NA	2.03321228134278	NA	NA	NA	NA	1.4320019151117	NA	1.30319649546683	NA	1.8133964861114	1.25248567731644	1.39807798272295	NA	1.25795312149192	1.32701013871443	1.76265665302591	1.12490205127826	1.01413683597678	NA	0.468701277203633	1.00055846073746	0.699366046581636	0.555505692972345	0.0726786481025456	NA	0.367930016530023	0.488643441726639	0.743337119416199
NA	NA	NA	NA	NA	NA	NA	NA	NA	NA	NA	NA	NA	NA	NA	NA	NA	NA	NA	NA	NA	NA	NA	NA	NA	NA	NA	NA	NA	NA	NA	NA	NA	NA	NA	NA	NA	NA	NA	NA
1.38478113764642	0.801455029821087	1.01330764980767	0.610357437997088	0.751159009289155	NA	0.58642929978316	1.49446387207201	1.80870849379334	1.78289575428873	NA	NA	1.39047314679161	1.2853716147624	1.65537582201695	NA	NA	1.57521115123275	NA	1.8701927868172	0.981277350790676	1.1242180925059	1.62809582086222	0.766010890128857	NA	1.73260172127691	2.12059896779351	NA	1.99578967835502	0.362379457740663	NA	0.31153634949079	0.410055705314199	NA	0.546304693688593	1.73497317816615	NA	1.77294266999607	1.45687906736578	NA
NA	NA	NA	NA	NA	NA	NA	NA	NA	NA	NA	NA	NA	NA	NA	NA	NA	NA	NA	NA	NA	NA	NA	NA	NA	NA	NA	NA	NA	NA	NA	NA	NA	NA	NA	NA	NA	NA	NA	NA
0.879220153663299	0.771094256423545	NA	NA	0.852103615596436	0.572168938820224	0.664348171595785	0.538294597335871	0.524923425107909	NA	NA	NA	NA	0.289318202626353	NA	0.400528406317076	0.375284357386107	0.306414325933142	0.208651763763075	0.335912027551898	0.41036046310677	1.52846540819224	1.79983097821167	1.92248870610561	NA	NA	NA	NA	NA	NA	NA	1.27129637797482	1.70104535947994	1.60326326487484	NA	NA	NA	1.01753583555582	1.17807676830324	1.18542715389244
NA	1.88705132407054	1.80018467336598	1.71103395315213	NA	0.804591271227043	NA	0.701927836354976	0.454026647495686	NA	0.998621332561065	1.81083586760132	NA	NA	1.83559842082838	1.04152057284523	NA	1.41591626718574	NA	0.743057631861559	NA	NA	NA	NA	NA	1.63078883285713	1.87818152356026	NA	1.61755814145037	1.68686633186851	1.88362779414736	0.852497756026755	0.936091982215849	NA	2.06892472068926	1.74531061008031	NA	0.332391532010406	NA	NA
0.616890556644863	NA	NA	NA	NA	0.511206012686063	0.376791292280438	NA	NA	0.631148198534393	0.649175586727014	NA	NA	NA	NA	NA	NA	1.12038928930407	0.774605371544982	0.958951681115774	NA	1.65355660903078	NA	0.519910952124683	0.423133119453272	1.45493807064412	NA	NA	0.694007703313771	0.869525168540603	NA	1.03755474783805	1.46507446883301	1.20050589176706	1.22475980713242	NA	NA	NA	0.366701140897517	0.239045393202323
NA	NA	NA	NA	1.60877273946646	0.579504230343708	0.378723588776529	0.517049265933625	0.371742132593689	0.611776205075134	0.777186629796883	0.603584594365369	0.504417786902775	NA	NA	NA	0.418473566834205	NA	0.281430881247827	1.0834026685911	0.427827279434835	0.358726242318742	NA	NA	0.233347109781491	NA	0.370783521912618	0.332438723803765	NA	0.469314009343134	0.658376216406211	0.443438303314537	0.244648266070937	NA	NA	NA	NA	0.414804953659658	0.322048023625539	NA
NA	NA	NA	NA	NA	NA	NA	NA	1.59460909006775	NA	NA	NA	NA	1.40127128307271	NA	NA	1.40541341355031	NA	1.42211743648767	1.26297511364892	NA	NA	NA	NA	0.54289627899251	0.399991376450291	NA	NA	NA	0.731988065546448	0.354457994173746	0.633609890308478	NA	0.485784439134827	NA	0.894527891081827	NA	0.407664239826307	0.366714293572779	0.465463148531643
0.89657004895495	NA	NA	NA	NA	2.3245245756799	1.52920808389915	2.09877137322584	NA	NA	1.92284394663699	2.24416597489096	NA	2.30579170650814	1.51431832540289	1.60674046312428	NA	NA	1.41736775603547	1.89420906601559	NA	1.00056014422409	0.970639160426279	NA	1.59196919253968	NA	1.12425908361416	NA	1.43007368721159	NA	0.745179287160705	0.628571124313854	1.30361397386943	0.933153498048318	0.433553864766933	0.319402502793727	NA	NA	NA	0.989071108881964
NA	NA	0.957952625151179	NA	NA	1.80281863327058	NA	1.95103031032822	1.84918494099767	2.19359363248868	1.69089441920069	NA	NA	1.61457706052371	1.53169961538764	NA	NA	NA	1.6375940851308	1.80577903811265	0.583481072742459	1.61041551602811	1.24060834516846	NA	NA	NA	0.647013517981893	1.83690043170881	1.80613271362662	0.949331449537733	0.787654238351001	1.67979867260191	NA	1.6825416991025	NA	0.575449294085992	NA	NA	NA	1.53683372961074
NA	1.47298828381098	1.32333362432374	NA	NA	0.766850132602558	0.840841628849285	0.562204280631262	0.681294969698324	0.894243473159027	1.00107557427553	0.705255023938952	NA	0.963144300137177	0.892380721412893	1.29766286459585	1.02683316932831	1.22677722454566	NA	0.893789435608403	NA	NA	0.677468790208791	0.439176999917087	1.19573433194114	0.610598769009562	NA	1.1573065375927	1.33006989099931	0.972853849974347	0.784292607197217	0.838310936110054	0.244750998923848	0.787547413592384	0.508819740472745	1.21811287085833	NA	0.190437103040594	1.06013041258072	0.637188906814003
1.80287739971176	1.71317842087449	1.75439541613517	1.36673437677135	1.29720291471591	1.34361172836989	NA	NA	1.67326369445177	NA	1.85230534709168	1.47830878513139	NA	1.37215277696056	NA	1.45860511608024	1.30290962679428	1.28839696744865	1.19858342410837	1.27830952626058	NA	0.514806063475641	0.429673088724848	0.338178898331624	0.298243440014429	0.987037848038521	1.25522923763055	NA	NA	NA	0.302589619873567	0.556936130798856	NA	0.617459197011514	0.433505405750295	0.778534924938025	NA	0.141590433266418	0.497016020568085	1.09158354930796
NA	1.0874793102704	NA	1.00740431431258	0.846055114490048	0.687480527035128	0.158349415969926	0.458743660724592	NA	NA	NA	NA	1.12388107696885	1.03391616495526	0.866340458408486	NA	0.663373964644713	1.05646266374565	NA	NA	0.840892519842776	NA	0.254881184125587	0.106143512049299	0.439146205379617	0.457783458467539	0.860465919421069	NA	0.817771794734827	0.91771407764449	0.677505716105225	0.520263759647671	1.13683039629116	0.337246804875707	0.275019635741306	0.278941249474668	NA	NA	0.524571852383255	0.275225163044141
1.68924529858912	2.21076860183724	NA	NA	NA	1.9638076885246	1.5248667349965	1.61071470206707	1.25188617827789	NA	NA	NA	NA	2.01981156447353	NA	NA	1.73916121681637	1.6510022734391	2.0095480313037	1.81485546142667	NA	NA	NA	NA	1.58763751393578	NA	NA	1.36018378743683	NA	NA	NA	1.10289078448442	1.10358639765534	1.36961306534293	2.00873592504069	0.489145730026157	NA	1.13054054715896	0.603361350532225	1.43461334519675
NA	NA	1.16005651617698	0.98742273485947	NA	1.25842089224172	0.936551470469758	1.24641620316647	NA	1.3698140403539	NA	NA	1.53518748485282	1.08215102695329	1.10823164345311	1.17786205661572	NA	0.727131811510559	0.853352083011759	0.78668992554608	0.80274211390611	0.56657412848609	0.586094442702569	0.566712257577916	1.07447929840165	NA	0.901265663318695	NA	0.660706618382191	0.681387367708746	NA	1.04292837622257	NA	NA	NA	0.420599302466763	NA	0.476770317107106	0.675359663987927	0.911208971411194
NA	NA	NA	NA	NA	1.72074535435713	1.80905571698951	NA	NA	NA	NA	1.6892281299085	NA	1.15096671442529	1.02313760315515	NA	1.02283817409167	NA	NA	1.4135546506139	0.744814213911474	1.16895564353472	0.715527042504359	NA	0.706128744007376	0.487612645011159	0.918214184885616	1.32372755472318	0.751687432886538	0.742726386178261	1.72796513218189	0.638319577149912	0.929502871874114	NA	0.64095605965005	0.560243232200491	NA	0.680452868343368	0.770063984118945	0.457096621366012
NA	NA	NA	NA	NA	NA	NA	NA	NA	NA	NA	NA	NA	NA	NA	NA	NA	NA	NA	NA	NA	NA	NA	NA	NA	NA	NA	NA	NA	NA	NA	NA	NA	NA	NA	NA	NA	NA	NA	NA
1.36376754379005	1.56639437733473	NA	NA	NA	NA	1.45910685255771	1.37150635057456	0.859805180174867	NA	NA	NA	0.810786279903737	NA	1.18739182247593	NA	NA	NA	NA	0.365720074468347	NA	NA	2.06077314437499	NA	NA	NA	NA	NA	2.08082995089168	1.65207385150671	NA	NA	NA	NA	2.0436832265367	NA	NA	2.14497380267369	2.18942241773964	NA
1.11850727913775	NA	1.88080254717065	0.77515354703472	NA	1.50368384001207	NA	1.46746884323768	1.3711377052383	1.92997780884301	1.92779620489665	1.12100134613052	NA	0.834781002475834	0.971621853711483	1.21235089357252	0.693400790078157	1.86868135711242	1.0754435953799	2.0572698539149	NA	NA	0.898478139529578	NA	1.02542122109123	1.11447470953414	1.27542278628999	1.0812382402606	1.14564490511854	1.73981361097	1.74036450469912	1.24807964006812	1.32716034802925	0.788743938726638	0.725323621467236	1.26855076942154	NA	0.472544669593284	0.413051471210333	0.599393278267675
NA	NA	NA	0.375280579380375	NA	NA	0.723529819228385	0.519006312418953	NA	NA	NA	NA	NA	NA	1.05528929572777	NA	1.51538001298322	1.26196628603208	NA	NA	NA	1.19197644825965	1.31764627397042	NA	NA	1.1017592272108	NA	NA	NA	NA	0.3549182653504	NA	NA	NA	NA	NA	NA	NA	0.809049938807275	NA
NA	NA	NA	NA	NA	NA	NA	1.33440787768838	NA	NA	0.892771447836206	NA	NA	NA	NA	NA	0.966856416988267	NA	1.19116754127593	1.51788620911928	NA	NA	NA	NA	NA	NA	NA	1.19265778033699	NA	NA	NA	NA	NA	NA	NA	NA	NA	0.337393418698167	NA	NA
NA	NA	NA	NA	NA	NA	NA	NA	NA	NA	NA	NA	NA	NA	NA	NA	NA	NA	NA	NA	NA	NA	NA	NA	NA	NA	NA	NA	NA	NA	NA	NA	NA	NA	NA	NA	NA	NA	NA	NA
NA	NA	NA	NA	NA	NA	NA	NA	NA	NA	NA	NA	NA	NA	NA	NA	NA	NA	NA	NA	NA	NA	NA	NA	NA	NA	NA	NA	NA	NA	NA	NA	NA	NA	NA	NA	NA	NA	NA	NA
NA	NA	0.570538234599695	NA	0.516906910838878	NA	NA	0.76111572592674	NA	NA	1.16356174967338	NA	1.47547779147818	1.13276475850183	0.96766948355266	NA	0.654415972431166	0.322056330382616	0.175242102404003	0.45609218836966	0.380626286292123	NA	NA	NA	0.565796150694863	NA	0.655016706392744	0.651530332906173	0.588703854222137	0.543956280522391	0.656578595470724	0.0908089855694416	NA	0.311377464958038	0.127268678409136	0.35587850285421	NA	0.180253620951892	0.36265662165934	0.362328361813876
0.974795470563392	NA	2.01901495082218	0.864543123188517	0.934475936927734	NA	NA	0.716672070241488	0.478085578567814	NA	NA	0.905908798225633	1.13342236749545	NA	0.483472671529987	0.498687143452267	NA	0.563552047505415	NA	0.482014546770098	0.65706373296704	NA	NA	1.17256863009531	NA	1.1370042872187	1.29225827911113	1.98688942823101	0.7358361792857	1.0057049108028	0.753869301511453	NA	1.26811938011371	1.68818553228232	0.756104517050436	1.63400175243614	NA	1.37882117982125	1.36592549002413	1.59977574616507
1.1564097186941	2.43238476293777	1.79791508217629	NA	NA	1.73177500100101	2.3744636948324	2.39084162408931	2.30963314238379	NA	NA	NA	NA	1.8983212252027	NA	2.10077363978616	2.05759625287023	1.41595575996734	NA	1.46127581137608	1.26522685025193	1.13891049761717	NA	1.03524253642789	0.530100067861484	0.549732563856866	1.04097658987855	NA	NA	NA	0.235741497415087	NA	0.478534222685129	0.508232727672461	0.491319927614252	0.437829983255996	NA	0.31469375648117	0.561734926207499	NA
NA	NA	NA	NA	NA	1.49279774091097	NA	1.60603800264085	NA	NA	NA	1.33030120280943	NA	NA	1.70889288259986	1.10681059656318	0.87599245826673	NA	NA	NA	0.488686441342988	NA	1.34654235692318	NA	NA	NA	NA	1.32568190896545	1.15885897416066	1.12205195761275	1.08777689686237	NA	NA	NA	NA	NA	NA	0.080169303743122	0.224069821689499	0.444945949274762
NA	NA	NA	NA	NA	NA	0.824145288033171	NA	1.08503807294496	1.64718704381652	1.08626185047068	0.872850805376664	0.76927733749196	0.967283603723629	NA	1.13808323814463	NA	NA	NA	0.866214741952353	0.682859531506291	NA	NA	NA	0.933066620987274	NA	1.09274455295725	0.867711235235095	0.531972286551821	0.274029813552679	0.752551225386227	NA	NA	NA	NA	NA	NA	0.158613507799277	0.295836458030571	0.288933470803917
NA	NA	NA	NA	NA	1.70500202750131	1.03520540139808	NA	1.45788669552056	NA	NA	NA	NA	1.07269969778582	1.35161087721083	NA	1.44606067922222	0.990954867215072	0.992598880689809	NA	0.832019455442986	NA	NA	NA	NA	0.532327873308252	NA	0.32458362688701	NA	NA	NA	0.543330233385289	NA	NA	NA	NA	NA	NA	0.331488944913815	0.62162122083158
NA	NA	NA	NA	NA	1.02372502315308	0.970003069023384	NA	NA	NA	NA	NA	NA	0.389150810377409	NA	NA	NA	NA	NA	1.43630622622762	NA	NA	NA	NA	NA	1.77448304860703	1.41899783939992	1.17264629956809	NA	0.826605676297518	1.90624410673967	NA	NA	NA	NA	NA	NA	NA	NA	NA
1.1440534280029	1.53187622081259	NA	NA	NA	NA	1.09962983267181	1.10017197434803	NA	NA	0.733602768225532	NA	NA	1.15222902743408	NA	0.605131141786961	NA	NA	NA	0.939988402893666	NA	NA	0.547086865943379	0.695046927037806	0.606940300172267	1.60562420974042	NA	NA	NA	NA	NA	0.172113254200613	0.646072324624943	1.22635322829951	0.358048726263214	0.591421270986776	NA	0.615491182032809	0.868846684212202	0.397987168440899
1.49582997299823	0.809382629243564	1.30263621072789	NA	NA	0.786545971666767	0.652200113478353	0.44695810793402	0.701649268277337	0.889705049673641	1.90435352493706	1.06626838478759	1.48433023147611	0.55959960396051	0.540939922174028	0.62427315101073	1.29155477475273	0.902287947504953	0.800255915791593	0.36728332240925	0.501974166436632	0.347904373347558	1.07178319162169	0.693705043563059	0.392108579957572	NA	0.858158884725799	0.920070988974923	NA	1.54265067274649	0.544103697058218	0.448424393555806	1.44107121079553	NA	0.180666821996941	0.775569184835499	NA	0.668415655638485	NA	0.859348730746811
NA	1.37165065166349	1.1769943710474	1.5717284726973	1.06827097814125	NA	1.88681436724472	1.8917990350997	0.656452545937556	NA	1.12921702338586	1.40277572431364	NA	1.71893482175561	NA	1.4985692683987	1.55595747317892	1.44024217815825	1.16862876314453	0.926517214295537	0.867855098315266	1.18108933032193	NA	0.791455980715271	0.851482057138725	NA	0.923367369961259	0.726244825660891	0.56573922111471	0.861660494480547	0.910895423097361	1.21495204037087	NA	0.51017774812721	0.191871607221608	0.667560010061649	NA	0.479505604890278	0.507930888615181	0.781862531627577
1.03940305253273	NA	NA	0.922890500089994	NA	0.706321795797212	0.479476611249643	NA	1.25174058235787	1.57426882817956	1.53032571515217	NA	1.04482797374034	1.05706233002707	NA	NA	NA	NA	NA	NA	1.09950647799555	NA	0.486379771082154	NA	NA	NA	NA	0.581259969187862	0.855991543586775	0.40617742403032	NA	0.316077143034198	0.138673376853831	NA	0.587374723570133	0.623039250758387	NA	NA	0.193887830223025	NA
NA	NA	NA	1.14570947504511	NA	0.782932289219577	NA	0.977933118377176	0.674164616460961	1.44441265967115	NA	1.15876350367328	0.948671624974509	0.679558750582937	1.1045708756981	NA	1.46529283531577	0.805829781812155	NA	NA	1.05726241620026	0.798935161219431	1.16993094994361	0.846523269756004	0.479045738295581	NA	NA	0.507327207219893	1.26930805149687	NA	0.119865128010786	0.944069111412064	0.590243350348131	0.707972731267767	0.539678365242973	NA	NA	NA	0.46881411089604	NA
NA	NA	NA	0.904882557753282	0.599937304471904	0.48473291171815	NA	0.86516077082805	NA	NA	NA	0.951323694532082	0.740080833310998	1.91831075283189	NA	NA	0.598118143520023	0.68814187680913	NA	0.46661121359705	0.902025812967175	0.507121883516366	NA	0.598809315772699	0.612992233242584	1.78560768050116	NA	0.660569388669161	0.629518844413353	0.653646479842783	0.940661709500142	NA	NA	NA	1.61912999699699	0.528599347344529	NA	NA	NA	NA
1.02826862268092	NA	1.45649825045511	1.53227291451718	NA	NA	1.64481182093463	1.40186659825768	NA	1.78847688498833	1.81045840281895	NA	NA	1.82965077601206	NA	NA	1.84892456826383	1.95632349121706	NA	NA	NA	1.52066761999528	1.58028526031534	NA	NA	NA	NA	NA	1.01610505009299	NA	2.19798600523457	2.2272437047307	2.02371733976568	1.99466340391436	NA	1.99863480463018	NA	0.572685197393049	0.846877219578828	1.43455693797467
NA	NA	NA	NA	NA	NA	NA	NA	NA	NA	NA	NA	NA	NA	NA	NA	NA	NA	NA	NA	NA	NA	NA	NA	NA	NA	NA	NA	NA	NA	NA	NA	NA	NA	NA	NA	NA	NA	NA	NA
NA	1.07687737402711	NA	NA	NA	1.12532990038817	1.61836611540149	1.08138942073448	NA	NA	NA	1.24568808064563	NA	1.5290014384364	1.26296976237776	1.38364092378009	NA	1.38361658540911	1.02871246206129	NA	0.864045664609756	NA	0.797774792342579	0.2240304737251	NA	0.755975793022768	0.441649776095746	0.256274687077015	NA	0.939585307405823	0.305890582907554	NA	0.594649400457427	0.445469247325125	0.267063827996515	NA	NA	NA	NA	NA
NA	NA	2.09925166750753	NA	NA	NA	NA	NA	NA	1.77034662420265	NA	NA	NA	1.91848788843947	1.55348576480757	NA	1.44661598634927	1.64650042713895	NA	NA	0.582261518557865	NA	1.8038588554141	0.649012574198679	NA	1.1137387026744	NA	NA	NA	NA	NA	NA	0.391817911484104	0.650528565365775	0.393562951463447	0.521875468318244	NA	NA	0.383912953949296	0.235897893400329
2.05272667516253	NA	1.0595590290775	NA	NA	NA	0.859479415938	NA	NA	NA	1.06895361573195	NA	0.604572398847701	0.46584111677212	NA	NA	0.355662780755692	0.779301776821848	NA	0.665603811391739	NA	NA	NA	0.648445645370236	NA	NA	NA	0.509304572338432	0.655474270002678	NA	NA	NA	NA	0.44962840896528	0.394105300650732	NA	NA	NA	0.572405332355414	NA
NA	NA	NA	NA	NA	NA	NA	NA	NA	NA	NA	NA	NA	NA	NA	NA	NA	NA	NA	NA	NA	NA	NA	NA	NA	NA	NA	NA	NA	NA	NA	NA	NA	NA	NA	NA	NA	NA	NA	NA
NA	NA	NA	NA	NA	NA	NA	NA	NA	NA	NA	NA	NA	NA	NA	NA	NA	NA	NA	NA	NA	NA	NA	NA	NA	NA	NA	NA	NA	NA	NA	NA	NA	NA	NA	NA	NA	NA	NA	NA
1.19250309013174	1.3632046081691	NA	NA	NA	NA	0.953599388310067	0.9162272062131	0.933951656394578	NA	NA	NA	NA	0.884427377826358	0.939866746580428	NA	1.15471839870921	0.540255832744119	NA	0.376242706044653	1.12854456950981	0.894242401135464	NA	1.11539329325558	1.4729462406106	1.90242715757208	1.85305261376769	1.6408256103704	1.43369760415152	NA	NA	1.06561305216964	1.60893742267545	0.739776520158366	1.12716025935186	0.668883822496685	NA	NA	NA	NA
1.2601310876851	2.03531088826992	1.25642977907913	1.16337126926768	NA	NA	NA	1.18706497087868	1.32661605103681	1.11412439885403	1.67016420136136	0.827961464229334	NA	NA	1.04951489567756	NA	0.51226454573051	0.623510431073909	NA	0.807802529375539	1.01094658844948	0.577474992293873	0.572573829821297	NA	NA	NA	NA	0.34048138011333	NA	NA	NA	NA	NA	NA	0.38202504759264	0.412440018845752	NA	0.513248914474566	NA	NA
1.31588059848171	1.31959808981798	NA	1.09951436308072	NA	NA	NA	NA	1.39022575009425	NA	NA	NA	0.91536315381851	0.654079691795795	NA	1.02856348069885	1.28618297776238	NA	NA	1.59634803278464	NA	1.35116832338848	1.03401667741295	NA	0.656873832901697	NA	0.84140432932621	NA	NA	NA	NA	NA	0.161722965985807	NA	0.251144226026522	0.552202611571421	NA	0.305067527497627	0.396383760248922	0.876592528002838
NA	NA	NA	NA	NA	NA	NA	NA	NA	NA	NA	NA	NA	NA	NA	NA	NA	NA	NA	NA	NA	NA	NA	NA	NA	NA	NA	NA	NA	NA	NA	NA	NA	NA	NA	NA	NA	NA	NA	NA
NA	NA	NA	NA	NA	1.20786183232759	1.24291818004408	1.79076242279638	NA	NA	NA	1.09041053272822	1.12269523454901	0.99346234730182	NA	0.897269994293065	NA	0.808474355159863	0.807953891541699	0.829178120855294	0.499761539046337	1.31172146074121	1.37698851623494	0.984649860728553	NA	1.32609008183397	1.0730466099882	0.787042700072333	0.71031605959918	0.868998074896284	NA	0.542443479924098	0.635066324477943	NA	0.611569784581444	0.525127457330495	NA	NA	0.463121757408573	0.478796047492388
NA	NA	NA	2.19429328608803	2.2940598221374	2.97478008826467	2.23908890864359	2.60945295303479	1.96476757015327	2.06634405798703	NA	2.53769531741366	NA	1.97179171418029	1.53273040970801	1.70793805028698	1.5934620435387	2.25735025986035	1.984059118527	1.98913449024676	1.62968734980633	0.813871120401955	1.10920331365734	2.0127281035681	NA	1.25697141329541	NA	1.50070367013574	1.8359935328226	NA	NA	1.45031810513518	1.53231735829452	NA	NA	NA	NA	0.715787019756594	1.28542011101737	0.744990062335964
0.851265120683307	NA	NA	NA	NA	NA	NA	0.944995295236798	NA	0.929168889247818	1.21775715160076	1.07554958219226	1.38049339311223	1.34316455886082	1.17500765885345	1.3060037354494	1.52171924345131	1.57788081317734	NA	NA	0.876999352191135	0.986067481838461	NA	1.08466649527071	NA	NA	0.810477058187087	NA	0.73371963912133	0.76994100773747	0.441285439690939	0.41537357228901	0.598751039215647	0.4275398695151	0.382345970212638	0.363594682800902	NA	0.142621087450733	0.403701219952141	0.657563868815896
1.31602301390275	1.15475111288034	NA	NA	NA	NA	0.964246043914945	1.81583632665785	1.61264270446548	NA	1.2022197632972	1.42691114686921	NA	1.57085036390904	0.967883601152341	NA	1.0213994284325	NA	1.74930456176872	1.50575002278419	2.03890052265067	1.87789002311948	1.80065493237578	1.17439061208115	1.89853131522748	NA	NA	NA	NA	0.428603426123495	1.22219292918134	0.643618752191378	NA	0.929604466694119	0.668647812612262	NA	NA	NA	0.0456154569110336	1.34060604986049
NA	NA	NA	NA	2.05275105102734	NA	2.09550269554296	NA	1.62152585002672	NA	1.42346095751547	1.71618219018339	NA	1.39123450790222	NA	NA	1.75729195653184	2.23750019035552	1.91579312605074	NA	0.826241532680182	2.0257805316017	2.21852738976622	2.00796566879045	NA	NA	2.73524621132874	2.34070688718539	NA	0.440888504273766	2.13169561350709	1.77770428057753	NA	NA	NA	2.74429237748471	NA	0.192110961950332	0.151614161037558	2.47076198515571
NA	NA	NA	NA	NA	NA	NA	NA	NA	NA	NA	NA	NA	NA	NA	NA	NA	NA	NA	NA	NA	NA	NA	NA	NA	NA	NA	NA	NA	NA	NA	NA	NA	NA	NA	NA	NA	NA	NA	NA
NA	NA	NA	NA	NA	NA	NA	NA	NA	NA	NA	NA	NA	NA	NA	NA	NA	NA	NA	NA	NA	NA	NA	NA	NA	NA	NA	NA	NA	NA	NA	NA	NA	NA	NA	NA	NA	NA	NA	NA
NA	NA	0.845857533044202	NA	0.719583628439389	NA	0.687176625589933	0.949919645816832	NA	0.717157615739846	1.37715286191791	NA	1.14659865102848	1.35437890780014	NA	1.27019971341272	0.885775897362019	0.91967545051802	NA	0.209787616062033	0.455344484693268	NA	0.476858766690565	0.296223440736123	0.0990592326262392	0.11199949620451	0.568778248669298	NA	NA	0.444018765683516	NA	0.311328556740561	0.487337269982106	0.296795115722521	0.414712534484809	0.311782461715665	NA	0.113253753690247	0.347109462414228	0.420568768397327
NA	NA	NA	0.701390208996189	NA	1.29040436292893	0.856536204912327	1.20406078411611	NA	NA	1.1720147856071	0.723181055880252	NA	0.703380572810626	NA	0.720685955850383	0.779335146045982	0.903565500069895	0.509954454295778	NA	0.239417667039553	NA	1.71298456797585	NA	0.747723589456615	0.620233308118878	NA	0.638718365591993	0.675272809227812	0.934380474580012	NA	0.530076264097223	0.503899686119586	NA	0.952070659316461	0.263007080784603	NA	0.504754649333606	0.708854827069722	0.413014525606653
NA	1.69774504326056	NA	1.3756497696055	NA	NA	1.43159975891436	NA	1.43967179577499	1.21065030958716	1.14053076470292	0.953105639857193	NA	0.973338753213988	1.04338605904944	1.17770615833137	1.10312096113893	NA	1.44946262008045	1.328017809967	1.06356284568152	0.952087629379403	1.35233096867878	1.33791611430127	1.18620063738726	1.0296251878027	1.09717239543771	1.13151016049208	NA	1.37852891819687	1.04387635342835	1.43342742573855	0.909841215521862	NA	NA	NA	NA	0.4483756414224	1.02544470092674	1.24190444788463
NA	NA	NA	NA	0.46183526690447	NA	1.08131304115524	NA	NA	NA	0.672131990198769	0.474710510822812	NA	NA	NA	NA	NA	NA	NA	0.323535008553464	1.18704154964959	0.835306503901116	0.653866345471719	NA	0.480143132486468	NA	0.378944639999383	0.443119048109322	0.652728533964351	NA	NA	0.718610802772316	0.835556872892609	NA	0.722337116927676	NA	NA	0.532427306504831	0.258785927472591	0.959046854717881
NA	NA	NA	NA	NA	NA	NA	NA	NA	NA	NA	NA	NA	NA	NA	NA	NA	NA	NA	NA	NA	NA	NA	NA	NA	NA	NA	NA	NA	NA	NA	NA	NA	NA	NA	NA	NA	NA	NA	NA
NA	NA	NA	NA	NA	NA	NA	NA	NA	NA	NA	NA	NA	NA	NA	NA	NA	NA	NA	NA	NA	NA	NA	NA	NA	NA	NA	NA	NA	NA	NA	NA	NA	NA	NA	NA	NA	NA	NA	NA
NA	0.723264587504675	1.81939529790331	0.842513774547304	0.919230638989396	1.07925704432781	NA	NA	1.36124107171453	NA	1.49337755335343	1.52926814449834	0.850357837357693	1.08144982542593	NA	NA	1.14650979080764	0.766659865284756	1.06448032601485	1.86200974726273	1.30054410902248	NA	NA	0.819259610445554	0.57612900293427	NA	0.665471492911168	NA	1.19048794904013	0.608353927837908	1.01940791827828	0.715507104416798	NA	NA	1.9672005766691	NA	NA	NA	0.676756191437617	0.686630686281267
1.78990769004181	NA	1.79747308770649	NA	1.36302858078937	NA	NA	2.21733809964977	1.34602241616692	NA	1.14474150175011	NA	NA	0.960479854856656	0.951973602035337	0.881490862034986	0.660163731262192	0.814972061208655	0.964760594569787	NA	NA	NA	1.48075007639705	0.591260074792026	0.361747137804066	NA	0.957266866669001	NA	0.531457524555133	NA	NA	0.502473844514322	NA	NA	0.579552294589325	0.955889246868855	NA	0.812432866463653	0.649898373013817	0.431356366580817
NA	NA	NA	NA	NA	NA	NA	NA	NA	NA	NA	NA	NA	NA	NA	NA	NA	NA	NA	NA	NA	NA	NA	NA	NA	NA	NA	NA	NA	NA	NA	NA	NA	NA	NA	NA	NA	NA	NA	NA
NA	NA	NA	NA	NA	NA	NA	NA	NA	NA	NA	NA	NA	NA	NA	NA	NA	NA	NA	NA	NA	NA	NA	NA	NA	NA	NA	NA	NA	NA	NA	NA	NA	NA	NA	NA	NA	NA	NA	NA
0.523642337825397	0.424261359242839	0.549801634905374	0.638044452988495	0.349702339159355	0.520122339116205	1.12753637437048	NA	0.812716778315959	1.61302628761479	0.608571553469381	1.41590627576123	2.01474133702667	1.36791811790936	1.34028424099855	1.24296674479292	1.11582028326515	1.19144960149178	1.19324712322796	0.48263538772784	NA	NA	0.895128433702425	0.521752968112631	NA	0.917639949547955	1.86549520232809	NA	1.10479475937125	0.817314236612763	0.661260858111005	1.40015076476999	1.09975519459711	0.618032950552204	NA	0.549472956072127	NA	NA	0.897355782638713	1.68106416780124
NA	NA	NA	NA	NA	NA	NA	NA	NA	NA	NA	NA	NA	NA	NA	NA	NA	NA	NA	NA	NA	NA	NA	NA	NA	NA	NA	NA	NA	NA	NA	NA	NA	NA	NA	NA	NA	NA	NA	NA
NA	NA	NA	NA	NA	NA	NA	NA	NA	NA	NA	NA	NA	NA	NA	NA	NA	NA	NA	NA	NA	NA	NA	NA	NA	NA	NA	NA	NA	NA	NA	NA	NA	NA	NA	NA	NA	NA	NA	NA
NA	NA	NA	NA	NA	NA	NA	NA	NA	NA	NA	NA	NA	NA	NA	NA	NA	NA	NA	NA	NA	NA	NA	NA	NA	NA	NA	NA	NA	NA	NA	NA	NA	NA	NA	NA	NA	NA	NA	NA
NA	0.790615561334493	NA	1.07444205059989	NA	0.343788047850843	NA	0.916612371599518	0.566126806882793	NA	1.13243876583804	1.00775499659839	1.06060082640233	NA	NA	0.98686432657303	1.00615409793091	1.18774214999595	1.11011753423336	NA	1.6513271653448	0.839415376498197	NA	0.473074420098801	0.768082067954908	NA	NA	0.660109932431508	0.359917918602294	0.82134473146777	0.597277940451446	0.826467758044308	0.950204435348273	0.920241204322375	0.687840003107658	0.570872039559261	NA	0.26660744115598	NA	0.586951022478326
NA	1.12161401822935	1.08192951752278	0.695117711911415	1.24174415903823	1.09542355220742	0.835705905782947	1.05669533595387	0.973603952047816	1.25541427772711	1.26597167589945	1.14835435623591	NA	NA	NA	1.44937391567755	1.46096937039253	1.34594839295585	1.46473720372178	NA	NA	0.965413708381301	0.85794348654217	NA	0.808352745870826	NA	1.40079922781687	1.24412542278999	1.089836745127	NA	NA	NA	0.504915021770289	NA	0.586051602338681	1.16010028147781	NA	NA	0.346490898947651	0.599996221898545
NA	NA	NA	NA	NA	NA	NA	NA	NA	NA	NA	NA	NA	NA	NA	NA	NA	NA	NA	NA	NA	NA	NA	NA	NA	NA	NA	NA	NA	NA	NA	NA	NA	NA	NA	NA	NA	NA	NA	NA
NA	NA	NA	NA	NA	NA	NA	NA	NA	NA	NA	NA	NA	NA	NA	NA	NA	NA	NA	NA	NA	NA	NA	NA	NA	NA	NA	NA	NA	NA	NA	NA	NA	NA	NA	NA	NA	NA	NA	NA
NA	NA	NA	NA	NA	NA	NA	NA	NA	NA	NA	NA	NA	NA	NA	NA	NA	NA	NA	NA	NA	NA	NA	NA	NA	NA	NA	NA	NA	NA	NA	NA	NA	NA	NA	NA	NA	NA	NA	NA
1.11667317400666	NA	1.093796868664	NA	NA	0.636386062080787	NA	NA	0.687650728349486	NA	NA	0.331049699493095	0.442570081685622	0.177457458748121	0.423187692077574	0.356164537566944	0.233605176502527	NA	0.631347222858433	NA	1.08877942926565	NA	0.459126572126886	0.156399183609255	0.407415892882057	0.613515205149995	0.173019497343382	NA	0.748444441586016	0.306789438149397	0.755683953941064	NA	0.231427410068865	0.390254753169889	NA	0.234534044097376	NA	NA	0.759433880751274	1.20154015338348
NA	NA	NA	NA	NA	NA	NA	NA	NA	NA	NA	NA	NA	NA	NA	NA	NA	NA	NA	NA	NA	NA	NA	NA	NA	NA	NA	NA	NA	NA	NA	NA	NA	NA	NA	NA	NA	NA	NA	NA
1.09687594799104	NA	0.555143574509736	NA	NA	NA	NA	NA	NA	NA	1.32697806170389	NA	NA	NA	NA	NA	NA	NA	NA	NA	1.06029668500967	NA	NA	NA	NA	NA	NA	NA	NA	0.805425008091039	NA	1.24141057016052	0.870710074075853	0.532081842094117	0.61104142296049	0.400660237023834	NA	0.207775520520825	0.379426611807263	NA
NA	NA	NA	NA	NA	NA	NA	NA	NA	NA	NA	NA	NA	NA	NA	NA	NA	NA	NA	NA	NA	NA	NA	NA	NA	NA	NA	NA	NA	NA	NA	NA	NA	NA	NA	NA	NA	NA	NA	NA
1.16137928792432	1.64716088371442	1.38098761274666	NA	NA	0.81523146985117	NA	NA	0.42448489506225	NA	NA	0.64483621000345	NA	0.440360648708981	0.554045459474332	NA	0.298942708626102	NA	NA	NA	1.03783371578677	0.67382095046907	NA	0.459214616893161	NA	0.814449702180589	NA	0.704317571836659	0.568164847733366	NA	NA	1.00592774910002	1.48990030998016	0.679219820409168	0.386771523545097	0.152068141705524	NA	NA	0.715147703522152	NA
NA	NA	0.975069878195421	NA	1.41897753572582	NA	0.880287826915064	1.03133511777812	1.05045118762091	NA	NA	0.69910535979603	NA	0.954690013975174	NA	NA	0.606163813137812	0.656523740838441	0.449698067813905	0.320967538369864	0.170944592205193	0.374337586096912	1.98104428844056	1.69671078805485	1.89030758307271	0.46741264011425	NA	NA	1.75971168241848	1.75799585179299	0.894622570856766	NA	NA	1.49847032344517	0.561565434441798	1.82574206029017	NA	0.562022203813509	1.63891816999807	0.293869331816388
NA	NA	NA	NA	NA	NA	NA	NA	NA	NA	NA	NA	NA	NA	NA	NA	NA	NA	NA	NA	NA	NA	NA	NA	NA	NA	NA	NA	NA	NA	NA	NA	NA	NA	NA	NA	NA	NA	NA	NA
NA	NA	NA	NA	NA	NA	NA	NA	NA	NA	1.43958442383608	NA	NA	NA	1.73765698983375	NA	NA	NA	NA	NA	NA	NA	NA	1.34501337566412	NA	1.46022882261025	1.33441196452725	1.27509306848655	1.11719234445965	0.293786044012809	0.79816422074599	0.402922551295183	0.722673462011558	0.353997191041544	0.701271018491676	0.503979088680303	NA	NA	0.613191690608489	NA
NA	NA	NA	1.45371452985678	NA	NA	NA	NA	NA	NA	1.76200058634033	1.49289511930475	2.1122698295545	1.66177521379937	NA	NA	NA	NA	NA	NA	NA	NA	NA	1.33093268949128	1.31694203825233	NA	NA	NA	0.307979654438147	0.432955070080282	NA	0.272582573332464	0.244527793773494	0.219751144350739	0.38798196270569	0.163037061271633	NA	0.124738339850413	0.428176055783557	NA
NA	1.51414347417836	NA	NA	NA	0.670553045294785	0.34321544420424	0.233229266617239	NA	NA	0.512273151031101	NA	0.710055084773725	0.739617017613111	0.539748012345184	NA	0.856688350923275	0.587965523140843	2.00232256260159	NA	NA	1.21949821697398	NA	NA	0.726905909259521	NA	0.725920453004969	NA	0.31419764172166	NA	0.769123830796182	0.263863398159348	0.533935961911301	NA	0.550128938918094	NA	NA	0.207184843354611	NA	0.586039322552398
NA	1.20988322092288	NA	NA	1.00516544718469	NA	0.949660750149395	NA	NA	NA	NA	NA	NA	NA	2.09444823123411	NA	0.722950626791156	1.51637603717528	NA	0.57216054740614	NA	NA	1.61047434923107	NA	0.994947023342684	NA	NA	NA	0.834210231379384	0.954572946424768	1.05887737673541	NA	NA	1.24453240606395	1.32434848936422	1.51251919848903	NA	NA	1.74040803468882	0.974207719951228
NA	NA	NA	NA	NA	NA	NA	1.20239644364745	NA	NA	1.30772484548516	NA	NA	NA	NA	NA	NA	NA	NA	NA	NA	NA	NA	NA	NA	1.36209462003913	1.13169248210645	NA	NA	NA	0.633858022542476	1.22310290371273	NA	NA	0.615830513589187	NA	NA	NA	0.757229252899934	1.47766907198366
NA	NA	NA	NA	NA	NA	NA	NA	1.334233618929	NA	NA	NA	2.02335719535945	1.43784844607333	NA	NA	NA	2.19787228853568	NA	NA	1.96755130336937	NA	1.03907425509258	NA	NA	1.21896352133393	0.856594201818626	1.30142085927926	NA	2.14565384876389	2.19215908615154	2.12715038546951	1.80668812693379	1.69155793252751	1.68297649215914	1.77035041070378	NA	2.36054740057792	1.68882244988543	NA
0.802674322293827	0.572288272526209	0.826413494604237	NA	1.15150523125097	1.34806577784007	0.900915530680401	1.61941095661875	0.806330355248368	0.981556214115651	1.30566196672741	0.624470120339515	0.821310246463639	0.755597932527176	0.960896800273245	1.1926265013032	0.609368399549626	0.32810091429747	0.453491482699665	0.45363583159652	0.423043038437258	0.938618802998576	0.471143591306728	1.16016601978611	NA	NA	1.45563202331016	NA	0.747557889945634	0.555580550110865	1.27636533956724	0.411867434506608	0.614196986063034	0.685888214830272	NA	NA	NA	0.996300082699268	1.01481855471906	1.18829318769671
NA	NA	1.08692312787615	NA	NA	0.901169466175065	NA	NA	0.877760857034509	1.04469982555731	NA	0.652763448260233	0.912381945636818	1.33932711819156	0.939575721245543	0.954358480198312	0.928464371712004	1.57513575265904	1.51194591689273	1.29769228414575	1.30552899873317	1.21510111662482	0.979147458513442	1.20082649502492	1.27493817178744	1.29974914355411	NA	1.80265419367404	1.78698582760811	NA	1.11464216273841	0.749595876983864	0.817934246132139	0.183668596244492	0.516381449275484	0.37657538136586	NA	0.3688250706911	1.00092526966931	NA
NA	NA	NA	NA	NA	NA	NA	NA	NA	NA	NA	NA	NA	NA	NA	NA	NA	NA	NA	NA	NA	NA	NA	NA	NA	NA	NA	NA	NA	NA	NA	NA	NA	NA	NA	NA	NA	NA	NA	NA
NA	NA	NA	NA	NA	NA	NA	NA	NA	NA	NA	NA	NA	NA	NA	NA	NA	NA	NA	NA	NA	NA	NA	NA	NA	NA	NA	NA	NA	NA	NA	NA	NA	NA	NA	NA	NA	NA	NA	NA
NA	NA	NA	NA	NA	NA	NA	NA	NA	NA	NA	NA	NA	NA	NA	NA	NA	NA	NA	NA	NA	NA	NA	NA	NA	NA	NA	NA	NA	NA	NA	NA	NA	NA	NA	NA	NA	NA	NA	NA
NA	NA	NA	NA	NA	NA	NA	NA	NA	NA	NA	NA	NA	NA	NA	NA	NA	NA	NA	NA	NA	NA	NA	NA	NA	NA	NA	NA	NA	NA	NA	NA	NA	NA	NA	NA	NA	NA	NA	NA
NA	NA	NA	NA	1.13790424056535	NA	NA	1.24082617344717	0.953379874853752	0.829627226642079	NA	NA	NA	0.80831916654136	0.909503394330683	NA	NA	NA	NA	NA	0.756072649385963	NA	NA	1.30778747954853	1.26311055020954	NA	NA	0.68451267549743	1.32822403712014	NA	1.87285912500256	0.483340022664344	0.640440808114633	0.998802983575224	0.838036243421791	1.17992288736867	NA	1.53755440728163	0.693843967533401	0.656680701026336
NA	NA	1.43268026007636	NA	NA	NA	NA	NA	NA	NA	NA	2.18005196316738	NA	NA	NA	NA	NA	NA	NA	1.5636159362312	1.28017204866986	1.50981187247756	1.55501764063467	0.887425333217535	NA	0.959158916162604	NA	0.550351361251363	NA	NA	0.65849014935129	0.871562050469984	0.64960964728715	0.723343007335799	0.622226286861902	0.677670975052205	NA	1.01831010628733	0.935120056752729	0.816838373477218
NA	NA	NA	NA	NA	NA	NA	NA	NA	NA	NA	NA	NA	NA	NA	NA	NA	NA	NA	NA	NA	NA	NA	NA	NA	NA	NA	NA	NA	NA	NA	NA	NA	NA	NA	NA	NA	NA	NA	NA
NA	NA	NA	NA	NA	NA	NA	NA	NA	NA	NA	NA	NA	NA	NA	NA	NA	NA	NA	NA	NA	NA	NA	NA	NA	NA	NA	NA	NA	NA	NA	NA	NA	NA	NA	NA	NA	NA	NA	NA
NA	NA	NA	NA	NA	NA	NA	NA	NA	NA	NA	NA	NA	NA	NA	NA	NA	NA	NA	NA	NA	NA	NA	NA	NA	NA	NA	NA	NA	NA	NA	NA	NA	NA	NA	NA	NA	NA	NA	NA
2.14919011769398	NA	2.47487767349973	NA	2.82372049675962	2.7042387852262	3.14839364570205	NA	2.96511094889584	NA	NA	1.60820981755207	3.09415795096831	0.668635871101259	2.14904487131703	2.29966891887299	2.17844959757494	0.467378616042415	2.56713482679951	2.23290142243442	2.31393314468333	0.625798809080622	0.368188304817437	0.596247654184943	0.375884160582242	1.00811615764317	0.754742270364083	0.835862146941877	0.695467953848146	0.712765820841563	0.968669576079351	0.524039566900686	0.491178814079432	NA	1.0612071055383	0.58302014574339	NA	0.2076141891044	2.58220806604307	0.739811558001039
NA	NA	1.71728785043741	1.40435217310985	NA	NA	NA	NA	NA	NA	NA	NA	NA	0.837692528193746	0.874701481546625	0.624953599718023	NA	NA	NA	NA	1.62008024117319	NA	NA	NA	NA	NA	NA	2.05973168925234	1.44892649189595	NA	0.473377287896789	NA	1.88138311609028	NA	NA	NA	NA	0.316618893889851	NA	NA
0.408594988702188	NA	NA	0.951047158521868	2.00662169661325	1.80469206173242	1.4787428596824	1.97292733063812	2.09029709029659	1.95766656342991	1.18818704214955	2.01313875376991	NA	0.828857469962721	1.90871403275083	NA	2.05332705514007	2.08897484184214	NA	NA	NA	1.58226311068787	1.02507703881699	NA	0.154643471565458	0.555551517315186	0.379847126497821	0.118566829859652	NA	NA	0.582614584089182	NA	0.60051263982661	NA	0.698996315288096	0.581439696575318	NA	0.712163066330299	NA	NA
NA	NA	NA	NA	NA	NA	NA	NA	NA	NA	NA	NA	NA	NA	NA	NA	NA	NA	0.992765836154291	0.756284937930421	0.730603438982529	NA	NA	NA	NA	NA	1.50978599542757	NA	NA	1.43004909511071	NA	0.891509626174593	0.691673100395423	0.438004097975117	NA	NA	NA	0.296842982066577	0.29608735530525	0.248622780347637
NA	NA	NA	NA	NA	0.84886814096955	NA	NA	1.72856942493036	NA	0.340342965845747	NA	NA	NA	0.568331668992422	NA	NA	1.40221790540207	NA	NA	NA	0.641057092225086	0.71008151274399	0.223601303425892	NA	NA	NA	NA	NA	NA	0.382633715850635	NA	NA	0.315528230617274	0.298158835282571	NA	NA	NA	0.54745743644603	NA
NA	NA	NA	NA	0.495581646690243	NA	NA	NA	1.87419794356283	0.319042469477468	NA	0.270195321939536	1.48034221160708	NA	NA	NA	0.399028643649098	0.916991242139854	NA	0.236007972754004	0.237907528041314	NA	NA	NA	NA	NA	NA	NA	NA	NA	NA	NA	NA	NA	NA	NA	NA	NA	0.372829997278415	NA
NA	NA	NA	NA	NA	NA	NA	NA	NA	NA	NA	NA	NA	NA	NA	NA	NA	NA	NA	NA	NA	NA	NA	NA	NA	NA	NA	NA	NA	NA	NA	NA	NA	NA	NA	NA	NA	NA	NA	NA
NA	NA	0.582803239354588	NA	NA	1.26739958248352	NA	NA	NA	NA	NA	NA	NA	1.14325635574911	1.48280012174882	1.24699675758626	1.29712106625251	NA	NA	NA	0.906473414749705	0.603101678955341	0.536423399920674	0.581609869438644	NA	0.542854371556642	0.597229956055969	1.36530441139892	0.385896376245734	NA	NA	NA	NA	1.61975925761058	NA	0.463919927804276	NA	0.988289105358291	0.710242091319205	0.416699490458739
NA	NA	NA	NA	NA	NA	NA	NA	NA	NA	NA	NA	NA	NA	NA	NA	NA	NA	NA	NA	NA	NA	NA	NA	NA	NA	NA	NA	NA	NA	NA	NA	NA	NA	NA	NA	NA	NA	NA	NA
NA	NA	1.54250203223205	1.12495056344614	1.18559183231846	0.531528182579368	0.757295847653304	NA	1.07830911623548	1.00939345985419	0.567484958817943	0.695146190121571	0.815159672931548	0.869264226206911	0.739651214329105	NA	0.844102045196987	NA	0.613470213520014	0.834061178906212	0.743420918313659	0.974503339232272	NA	0.853864366000721	NA	0.476273781829908	NA	0.369544356903002	0.356683774045204	0.694343928586185	0.303328535508971	0.846777794551536	0.488834511317374	0.318464052933093	0.349164543393722	0.25098363035291	NA	0.266039103549716	0.550324467786116	0.430777961413994
NA	NA	NA	NA	NA	NA	NA	NA	NA	NA	NA	NA	NA	NA	NA	NA	NA	NA	NA	NA	NA	NA	NA	NA	NA	NA	NA	NA	NA	NA	NA	NA	NA	NA	NA	NA	NA	NA	NA	NA
NA	NA	NA	NA	NA	NA	NA	NA	NA	NA	NA	NA	NA	NA	NA	NA	0.878029594482315	1.04913418044685	NA	NA	0.892029188204641	NA	NA	NA	NA	NA	NA	NA	NA	NA	NA	0.634858496387632	NA	NA	0.857105961888926	0.232193303969285	NA	NA	0.27032616627367	0.568504406813452
2.13583848876523	2.05735691809704	2.01178894943358	2.01525338121129	1.52663143321346	1.72695520180661	1.09488445855393	1.29860286950833	1.30313245607307	NA	1.74677867363906	1.55103324324731	1.59526087166331	1.98894328076088	1.62916957537164	NA	2.22008526095891	2.03789770241973	NA	1.04626696284767	NA	1.01076103096946	1.42928358149328	1.26867870785105	1.03527300921819	NA	1.11494019997248	0.769104098857181	0.789077269645475	NA	0.729297344227575	0.646564311048403	0.461841553343267	0.106080292042487	NA	0.326421077324608	NA	NA	NA	0.221134274114943
NA	NA	NA	NA	NA	NA	NA	NA	NA	NA	NA	NA	NA	NA	NA	NA	NA	NA	NA	NA	NA	NA	NA	NA	NA	NA	NA	NA	NA	NA	NA	NA	NA	NA	NA	NA	NA	NA	NA	NA
NA	0.591009919991211	NA	NA	0.451983891160303	NA	NA	NA	1.0450499699708	NA	0.711696790066026	NA	NA	NA	NA	0.419586085871171	NA	NA	0.737390302882542	NA	NA	0.51411131750278	NA	0.273334070055028	0.529476487680541	NA	0.620536924241833	NA	NA	NA	NA	2.0077864050858	NA	NA	NA	NA	NA	NA	0.369208397780618	0.76930256870815
1.44541222719342	0.985637982721359	0.784769210968742	0.742330288897757	0.752030638258475	0.788126708414266	NA	1.19306891999736	NA	1.42985006168664	NA	1.02323600193824	0.845269473940714	0.364342730058756	NA	NA	0.936496190228641	0.794354353165442	0.702164226927097	NA	1.25922084374822	0.981391112194883	0.986634135849653	1.12575738156612	0.808497562107888	NA	0.657512641729339	0.613152036452238	0.382654512877521	0.471447805199803	0.555672635056387	NA	0.412948958913158	0.702885536553575	0.50148019415932	1.30571072103471	NA	NA	0.738667212696191	0.660452085331296
NA	NA	NA	NA	NA	NA	NA	NA	NA	NA	NA	NA	NA	NA	NA	NA	NA	NA	NA	NA	NA	NA	NA	NA	NA	NA	NA	NA	NA	NA	NA	NA	NA	NA	NA	NA	NA	NA	NA	NA
NA	NA	NA	NA	NA	NA	NA	NA	NA	NA	NA	NA	NA	NA	NA	NA	NA	NA	NA	NA	NA	NA	NA	NA	NA	NA	NA	NA	NA	NA	NA	NA	NA	NA	NA	NA	NA	NA	NA	NA
2.13965091974245	NA	1.65123028586994	1.43307578978031	NA	1.20792148405898	1.15998709544732	1.04759797112782	NA	NA	0.575413206744423	1.13889929122323	1.98826270698042	1.60465615029624	NA	NA	1.28667876959158	NA	1.54093348836239	NA	1.02229566493988	0.937777916285588	0.720916579980534	NA	0.832962178953504	NA	1.00954161962727	NA	NA	1.67438082883745	NA	0.501516814309785	NA	NA	0.631284108369005	NA	NA	0.498098063606832	NA	NA
0.641161956692668	0.776128011978857	NA	0.565566914291132	0.277504063647442	0.908368661918006	0.577782711061699	NA	NA	NA	NA	0.394605600596125	NA	NA	0.745082965337862	1.0262153867071	0.435565507066513	0.502058462451268	0.894039757234548	NA	NA	NA	0.563336468934713	0.485543310446988	NA	NA	NA	0.745837769968829	0.652236575897529	NA	NA	0.521034660510078	0.557786297889902	NA	0.329881283976888	NA	NA	0.339302696454682	0.728259849001336	0.801729596745164
NA	NA	NA	1.00288069697579	NA	1.04722817981906	NA	1.29674902087422	1.78965123056789	NA	1.3047660445619	1.91718626255128	NA	1.5259986760997	NA	NA	1.4418755216845	1.21343399744696	NA	NA	0.944083148900268	NA	1.42164703269471	NA	2.30121908668716	2.3164512374273	NA	NA	NA	NA	NA	1.01186473538814	NA	0.435547419386826	0.43452575917563	NA	NA	NA	0.742379245410952	NA
NA	NA	NA	NA	NA	NA	NA	NA	NA	NA	NA	NA	NA	NA	NA	NA	NA	NA	NA	NA	NA	NA	NA	NA	NA	NA	NA	NA	NA	NA	NA	NA	NA	NA	NA	NA	NA	NA	NA	NA
NA	NA	NA	NA	NA	NA	NA	NA	NA	NA	NA	NA	NA	1.40471039308894	0.837865476052286	1.56034832818255	0.943929397153659	1.02392617567402	NA	1.02798618550071	1.04195237718274	NA	0.984399998906386	NA	0.922999927077648	0.599820733930645	0.683434696879604	1.06114287882379	NA	1.85553655917588	0.649291723897253	0.577418342374624	0.466975775034005	1.63926160387737	1.54140415479442	0.176002174823416	NA	NA	0.494978998742792	1.66467824072263
NA	NA	NA	NA	NA	1.1683300450885	NA	NA	0.590637345285189	NA	1.2445952983213	0.798128105555318	NA	0.538949271235833	NA	0.617261251421729	0.575996450439951	1.12181407185011	NA	0.579845168146758	NA	0.451613304055156	NA	0.271390117751644	1.08509925947784	NA	NA	NA	NA	NA	NA	0.279903597461459	NA	0.375595743732742	0.650544351724036	NA	NA	1.65219470125414	NA	NA
NA	NA	NA	NA	NA	NA	NA	NA	NA	NA	NA	NA	NA	NA	NA	NA	NA	NA	NA	NA	NA	NA	NA	NA	NA	NA	NA	NA	NA	NA	NA	NA	NA	NA	NA	NA	NA	NA	NA	NA
NA	NA	1.62013889707477	1.54676716512478	NA	NA	0.70717515811333	1.14418947691899	NA	2.00052491400631	NA	0.776770108066827	NA	NA	0.668693576894316	0.778716111647028	1.18592789825948	NA	NA	1.33362140987053	1.22625878311294	0.851563217434365	0.342014840171873	1.4966614415347	0.124489519688489	1.26365196241326	0.401655017112487	0.421582764197402	1.91640542468153	1.42455403151078	1.64480546344549	1.18656861964247	0.99372575045406	0.607858648795043	NA	0.986185710313522	NA	0.28346060893943	0.32425317647748	0.558980287292172
NA	NA	NA	0.378437230531433	0.193412590970189	NA	NA	NA	NA	NA	0.908173348541018	NA	1.32013259227427	NA	NA	NA	1.75155636048656	NA	1.47456590035031	1.03181279043445	1.12108927085652	1.24058442209591	NA	0.747335617932529	NA	1.43048940673503	NA	2.07733086299227	NA	NA	NA	NA	0.585806242128985	0.387226651787504	NA	NA	NA	0.210232512982641	0.436549483262047	0.741348265337337
1.394339504159	NA	NA	NA	1.28118836153918	1.09976601298642	0.975456167594582	NA	1.18915433137586	1.25466252249716	NA	2.92502651994333	NA	1.02787916950028	1.02392343485236	NA	1.0073784685653	1.074651142801	1.29711020755729	NA	1.57768161280402	1.39633899350588	1.37173229841893	NA	1.60761071960757	1.24827895516652	NA	NA	1.9668356546876	NA	NA	0.704988093122511	0.89175320863674	NA	NA	NA	NA	NA	0.878206784372874	0.558561076193698
NA	NA	NA	NA	NA	NA	NA	NA	NA	NA	NA	NA	NA	NA	NA	NA	NA	NA	NA	NA	NA	NA	NA	NA	NA	NA	NA	NA	NA	NA	NA	NA	NA	NA	NA	NA	NA	NA	NA	NA
1.54623700320933	1.05228583681288	1.36620767120268	1.48716435915567	NA	NA	NA	2.15393637703409	NA	1.46910911296525	NA	NA	0.190557352288335	NA	NA	NA	NA	1.6848877132054	NA	NA	NA	NA	NA	NA	1.88010437696187	NA	0.302923913290064	2.20644711193304	2.79018561823131	NA	0.386892733429814	0.208468143083194	0.352865105307177	2.7987970986664	0.599620357433266	2.47447384910808	NA	0.529453825834951	1.72132626835428	2.19689893889969
NA	1.21760429050941	1.28262177340628	1.4657586598417	1.27409855711599	NA	NA	1.04986012154909	0.879329259949786	NA	0.774170035015177	NA	NA	NA	0.731143180172717	NA	0.503424784656723	0.431883799800937	NA	NA	NA	NA	NA	NA	0.527169662466137	0.554428802510847	0.546822014996247	0.371770031235473	NA	0.703009270501831	NA	0.418680135264288	1.45547556265292	0.411100497383385	0.327486364167412	0.249299878070136	NA	0.208549044047591	0.244022374352569	0.499500390502393
NA	NA	NA	NA	NA	NA	NA	NA	NA	NA	NA	NA	NA	NA	NA	NA	NA	NA	NA	NA	NA	NA	NA	NA	NA	NA	NA	NA	NA	NA	NA	NA	NA	NA	NA	NA	NA	NA	NA	NA
1.2720634587563	NA	NA	NA	0.961184066089937	NA	NA	0.808484532692893	0.874431330108446	NA	NA	0.376124779049135	0.581268271855318	0.542161434693739	NA	NA	0.660232505828812	0.369169323750069	0.303129133190257	NA	NA	NA	NA	1.08868193983179	1.02483033446186	NA	0.349118089445255	0.582455829769447	NA	NA	NA	0.363866037713866	0.598319439628362	0.636045425663433	0.314770038440856	NA	NA	NA	NA	NA
NA	NA	NA	NA	NA	NA	NA	NA	NA	NA	NA	NA	NA	NA	NA	NA	NA	NA	NA	NA	NA	NA	NA	NA	NA	NA	NA	NA	NA	NA	NA	NA	NA	NA	NA	NA	NA	NA	NA	NA
NA	NA	NA	NA	NA	NA	NA	NA	NA	NA	NA	NA	NA	NA	NA	NA	NA	NA	NA	NA	NA	NA	NA	NA	NA	NA	NA	NA	NA	NA	NA	NA	NA	NA	NA	NA	NA	NA	NA	NA
NA	1.08087254863843	NA	1.27484692862794	NA	NA	1.21896248459934	0.822090446120339	NA	0.665849128231847	NA	NA	NA	NA	0.839116165184131	1.07049291517613	0.996073419844718	1.30712457229933	0.933465954093038	NA	NA	0.755450993129915	NA	1.03061263393401	NA	0.99449941942093	NA	0.751114231206184	NA	NA	NA	NA	NA	NA	NA	0.411574285607067	NA	0.703504697924595	0.938468204769358	NA
1.21654274026006	1.34196973026911	NA	NA	1.10387447598899	1.80663485311563	1.47030024238585	1.92296547624445	NA	1.61100827600067	2.21852444585857	1.17292562741795	2.01998148963074	NA	1.24904464565442	NA	1.19747558963373	1.55014921229938	1.49399227996791	1.33025064246456	0.928581967152066	1.25954904557008	1.18630275476495	1.32521960433147	NA	NA	1.59900190873942	1.40629615240669	1.30911089505014	NA	1.57136578455867	1.03640768878878	NA	1.2827672269736	1.16268658083485	0.99090903384149	NA	NA	1.00375521659368	1.53573492280403
NA	NA	NA	NA	NA	NA	NA	NA	NA	NA	NA	NA	NA	NA	NA	NA	NA	NA	NA	NA	NA	NA	NA	NA	NA	NA	NA	NA	NA	NA	NA	NA	NA	NA	NA	NA	NA	NA	NA	NA
1.58479469129303	1.42555569664176	NA	NA	1.62471558903712	1.19133435759481	1.01332854229435	1.16345710682853	0.83331084633956	0.625359182930539	NA	0.749470905869515	0.631711876768907	1.10871382258418	1.68051669080191	1.57224435123505	1.62958661618604	NA	NA	NA	NA	1.13603165080661	0.720666495585185	0.819814672502026	NA	0.847680720575998	NA	0.816899925362582	0.672526725368647	NA	0.239326588808706	0.251228215436268	0.273676549065603	NA	0.447006026966631	0.372483681674346	NA	0.16433613868652	0.224079401066008	0.421552185777142
NA	NA	NA	NA	NA	NA	NA	NA	NA	NA	NA	NA	NA	NA	NA	NA	NA	NA	NA	NA	NA	NA	NA	NA	NA	NA	NA	NA	NA	NA	NA	NA	NA	NA	NA	NA	NA	NA	NA	NA
NA	0.883207881130705	0.833563830184314	0.705139162285164	NA	1.16268837676007	0.776502305758039	1.00693545565536	0.73356216137352	1.45923805178319	1.39958880361325	1.72576087040493	1.34493249161488	0.804270995240713	0.815823170159159	0.610979322885435	NA	0.647396006350639	0.813659823867626	0.911634205960168	1.54773285184741	1.27206377600369	1.01412436395793	NA	NA	NA	NA	1.26092545424823	NA	0.438583562520261	NA	NA	NA	0.267747327193507	0.364665598473539	NA	NA	NA	0.20147216302297	NA
NA	NA	NA	NA	NA	NA	NA	NA	NA	NA	NA	NA	NA	NA	NA	NA	NA	NA	NA	NA	NA	NA	NA	NA	NA	NA	NA	NA	NA	NA	NA	NA	NA	NA	NA	NA	NA	NA	NA	NA
NA	NA	NA	NA	NA	NA	NA	NA	NA	NA	NA	NA	NA	NA	NA	NA	NA	NA	NA	NA	NA	NA	NA	NA	NA	NA	NA	NA	NA	NA	NA	NA	NA	NA	NA	NA	NA	NA	NA	NA
NA	NA	NA	NA	NA	NA	NA	NA	NA	NA	NA	NA	NA	NA	NA	NA	NA	NA	NA	NA	NA	NA	NA	NA	NA	NA	NA	NA	NA	NA	NA	NA	NA	NA	NA	NA	NA	NA	NA	NA
0.729149969070554	NA	0.810762363418114	NA	NA	NA	1.20557932747656	NA	1.10593356271509	1.11393103316494	0.71594114885857	1.62731352360257	1.65153300224171	0.797305543994038	1.19928530538904	1.1753606666266	0.997138591495372	1.40451348020831	NA	0.544809076064612	1.88104204879869	1.0004133680305	0.530620241651817	0.69124089444882	0.764857307615279	0.704561196176279	1.2446795377883	0.910152342483346	0.685841110246817	NA	1.19238798860037	1.24229671327432	NA	0.644338740284283	0.828779475274996	1.02913857804101	NA	0.99929298608568	0.933459100719213	0.900872899838758
NA	NA	1.1985207711721	1.20533766513655	NA	1.57730910408744	NA	2.18214125414318	NA	NA	NA	NA	NA	NA	NA	NA	1.80039184727458	1.57447542470506	1.24834043774432	NA	1.87310429316562	NA	0.434170855878793	0.208153859204918	0.402036453655293	NA	NA	1.26689593980193	NA	0.859239920316182	NA	NA	0.796358417560076	0.36204755575496	0.569372844233327	0.550611333823566	NA	NA	0.620753539873087	0.590196764612207
1.3511456907212	1.34424898770998	1.33622129876429	NA	NA	0.747465761790941	NA	0.695030747457578	NA	NA	0.595552172177548	NA	NA	NA	NA	NA	NA	1.12453259427729	NA	NA	0.221362778581735	0.39345214093721	0.558655142191068	NA	0.948853369727826	0.712718513899783	0.662849657541288	0.899520360670378	1.14442307728465	NA	NA	0.971064728040164	1.0249142929427	NA	NA	NA	NA	NA	NA	NA
NA	NA	NA	NA	NA	NA	NA	NA	NA	NA	NA	NA	NA	NA	NA	NA	NA	NA	NA	NA	NA	NA	NA	NA	NA	NA	NA	NA	NA	NA	NA	NA	NA	NA	NA	NA	NA	NA	NA	NA
NA	NA	NA	NA	NA	0.873703383986021	0.859107604692791	NA	1.43693652560072	0.834894067933202	NA	NA	NA	0.602129453064572	1.13212448032632	NA	0.678494440976967	0.822577519034143	NA	1.14611299107223	NA	NA	0.973818954939424	NA	1.2397641361721	NA	1.29545572856925	1.4976919608015	NA	NA	NA	NA	NA	1.10530891521213	1.13305597108745	1.5223866611909	NA	NA	1.43571832638021	0.832146897484895
NA	NA	NA	NA	NA	NA	NA	NA	NA	NA	NA	NA	NA	NA	NA	NA	NA	NA	NA	NA	NA	NA	NA	NA	NA	NA	NA	NA	NA	NA	NA	NA	NA	NA	NA	NA	NA	NA	NA	NA
0.914587088014967	0.509446624802625	0.81844850541551	0.858622837427796	1.05995650589051	0.505202439497285	0.57314493214275	0.995202229087547	0.765781247859786	NA	1.29380927247072	0.573474131875536	0.659892806769475	0.803536067954445	NA	0.816913113514138	0.585422284732502	NA	0.50839174308914	0.586911578143099	1.65489773176742	1.09288998489938	0.64141312464195	0.702336157171077	0.726412736172139	0.711855767037831	0.474556778825147	0.359523533770259	0.5216450151461	0.334519372037975	NA	0.631350137017464	0.633096605498328	0.430468013742423	0.326506664572626	1.2104764269897	NA	0.127160875171387	0.464951641765877	0.4413850228339
NA	NA	1.0879042402724	0.977492536699295	0.988573933040643	0.681192795184345	0.908508196229563	0.752354329690325	0.975936311857549	0.577086521102714	0.932644855797825	1.01206105971822	0.613205746733353	NA	NA	0.292385223846606	0.357419731267892	0.123919822039526	NA	1.01219685071947	1.03130862697903	0.766102280026117	0.441890957676169	0.379554253444638	0.488932348831278	2.18310020228763	0.605108090579589	0.492276496773213	1.15145626565756	0.688060451574636	0.264786397784012	0.154805693632272	NA	0.334585514307537	NA	0.772227538484681	NA	0.538998912390387	0.313296592261014	0.533603026646881
NA	NA	NA	NA	NA	NA	NA	NA	NA	NA	0.715140348260806	0.850998619508588	NA	1.09250139926144	NA	NA	NA	NA	NA	NA	NA	NA	NA	NA	0.686500502104068	NA	NA	NA	NA	NA	0.413668572152092	0.325806786125315	NA	NA	NA	NA	NA	NA	NA	NA
NA	NA	NA	NA	NA	NA	NA	NA	NA	NA	NA	NA	NA	NA	NA	NA	NA	NA	NA	NA	NA	NA	NA	NA	NA	NA	NA	NA	NA	NA	NA	NA	NA	NA	NA	NA	NA	NA	NA	NA
1.15689897396726	1.04118077029912	1.00268790944293	NA	0.576646669418315	0.853096981812829	0.789455520519513	0.700123058501639	0.856731160010237	1.41399618605008	0.633306305213338	0.726372234027403	NA	0.611032344065792	NA	NA	0.578168656572537	0.487583509877934	0.205735169643338	1.31519759457265	1.04610691011426	0.429185316648528	0.290744250501545	0.393408501873641	0.379419884093569	0.219808027766232	0.592161916256922	0.388625065646857	0.33864973867088	0.662640991786379	0.537705127128785	0.607041155129013	0.346405476880448	1.20153156436974	0.963163686628966	0.837117253229433	NA	0.458015347314817	1.09640852723236	0.994342136692275
NA	NA	NA	NA	NA	NA	NA	NA	NA	NA	NA	NA	NA	NA	NA	NA	NA	NA	NA	NA	NA	NA	NA	NA	NA	NA	NA	NA	NA	NA	NA	NA	NA	NA	NA	NA	NA	NA	NA	NA
0.551546327462127	NA	NA	0.432839576828251	0.637147403264779	0.570621991294694	0.771375761063643	1.44871636878429	NA	NA	NA	1.2937717932071	NA	NA	NA	1.42645063504431	1.56421637195158	NA	NA	0.334909052329271	NA	NA	0.535541106231583	NA	NA	NA	NA	NA	1.62624587104701	1.65633148639317	NA	NA	NA	1.04090374634986	1.7335990326562	NA	NA	1.0869794073092	0.558781163758412	1.17292431108808
1.76066504125253	1.21692084985605	NA	NA	NA	NA	1.40641124103689	1.64162193025524	NA	NA	1.13339600482407	NA	NA	0.851962853705401	1.21067007346635	NA	1.07571008354371	1.31553493970068	NA	1.26687762095245	1.36714912899837	NA	NA	0.465480674750629	NA	NA	NA	NA	NA	NA	NA	NA	NA	NA	NA	NA	NA	NA	NA	0.516814554703604
NA	NA	1.85003229736157	NA	1.74015855042419	2.11536581321537	0.828846898236636	2.26963744913638	1.95279030060198	0.4768666552869	2.43508002910949	0.860071150397492	2.2265492709704	2.05404062105239	2.29761167231654	NA	1.22252926532595	1.67417137706213	NA	1.32732234240592	1.6512062650986	2.36754204076812	0.369054198294407	2.82367158319261	2.78375745806847	NA	NA	NA	NA	NA	NA	NA	NA	NA	NA	2.37464490135877	NA	NA	0.654071819262386	0.708186751999636
NA	1.7913819605935	NA	1.89181705732657	NA	NA	1.59092160490522	1.31770188212593	1.17472147783982	NA	NA	NA	NA	1.22227074804222	1.35719948329366	NA	1.48841668488479	1.51084205693134	NA	NA	NA	1.5512526521757	1.65531845338492	2.52761417819183	NA	NA	NA	NA	NA	NA	NA	NA	0.869351121420488	NA	NA	NA	NA	0.36407936210447	NA	NA
NA	0.527790856627643	NA	NA	NA	0.220558970834983	0.447361481616033	NA	0.13802174603469	NA	NA	0.227173420989738	0.378517802439653	NA	0.673864404954666	0.770083025758444	1.1633352817562	0.676721879129951	0.342656696750106	0.650636245715214	NA	NA	NA	NA	NA	NA	NA	NA	1.11745107204909	NA	NA	NA	NA	NA	NA	NA	NA	NA	NA	NA
NA	1.33069071690613	1.31193799332077	NA	NA	NA	NA	NA	NA	NA	NA	NA	NA	NA	NA	NA	NA	NA	NA	NA	NA	0.805198006032452	0.47999555970147	NA	0.640990296901246	NA	NA	NA	1.29376117193204	NA	NA	NA	NA	NA	2.63584217181402	NA	NA	NA	NA	NA
NA	0.594825435821238	NA	0.625201752472169	0.879045886225576	NA	0.962858370627265	1.29550970769706	0.994623383282642	NA	NA	1.09326494401869	1.2141316404486	1.1937766887253	1.45856732192573	1.42785401556354	1.31755776430997	1.45410438683208	0.982231257870797	NA	2.06079873065883	1.17702779637417	0.970814657664873	0.781056366675181	0.983471631050196	0.773601535464206	0.990043168406686	1.42275572324978	1.14315434948555	0.925639254996585	NA	0.693741024618242	0.551495132902363	0.378783286571504	0.322286480533663	0.328020273948262	NA	0.524321963729979	0.31543744214059	0.605135175569254
1.22889512336792	NA	NA	NA	NA	NA	1.32057646305327	1.32994061466563	1.64850460096621	NA	1.09219015367951	1.53584647555806	NA	1.50792859763571	NA	1.28441921481152	1.07249383421152	0.868517866822286	NA	1.42050300528913	2.13465889489384	1.25442656038454	1.07647597767192	NA	1.07942039415357	NA	0.613060023026323	0.393532907694158	0.580599355841834	NA	NA	1.09150362752428	NA	1.09843705678333	1.41519964051727	0.813853015175469	NA	1.02536247923168	0.725059716181881	1.10588433065622
NA	0.398149278122976	0.530840515146595	1.16714052798332	0.400746853026192	0.917795545566817	0.936743644767826	1.18625046135641	1.61894185321796	0.431295929131975	1.39646683390436	1.03310185927527	1.11644088181019	1.55332529047724	1.82314872206914	1.67720834428212	NA	1.52283155014498	1.34745988218236	NA	1.02747690161153	0.921346749719006	0.116699871517289	1.00016873581339	0.250451386861602	0.510462704106417	NA	0.45986383645535	0.566327028163754	0.673407409320687	1.11666548087412	0.456554773578477	0.594790986826954	1.20580397927768	NA	0.502130173059525	NA	0.837679625427419	0.63249184598442	NA
NA	2.6117092820706	NA	2.37666610255086	1.87892927259998	2.0407184155025	2.90091238021285	2.26526538841019	2.22650405687465	2.38699099410235	2.10393231478241	1.68941035567913	1.98283861448949	2.20211282942249	1.53810008895804	NA	2.17635551403465	2.4190038315587	1.93369061356257	NA	NA	2.42663884552121	2.07186600818737	1.46564610174468	2.02145761600673	NA	0.752274459366038	0.242404313786116	1.36755899175799	2.30670620300251	0.188859447387537	NA	0.847118339972725	2.38726462012133	2.4780299707889	0.642731306444802	NA	NA	2.31008093459696	2.17762278209714
NA	NA	NA	NA	NA	NA	NA	NA	NA	NA	NA	NA	NA	NA	NA	NA	NA	NA	NA	NA	NA	NA	NA	NA	NA	NA	NA	NA	NA	NA	NA	NA	NA	NA	NA	NA	NA	NA	NA	NA
NA	0.898439899231079	1.08589901710212	0.718605711112853	NA	0.448550458224802	0.461427149826411	0.342922217641684	0.613490352410425	0.885758473670988	0.796600627763773	0.764340226790052	1.26701543068624	NA	0.643169925898989	0.637897384273267	NA	0.352944659411085	0.550307512861786	0.339298587332163	0.96051857672631	0.561176522083179	0.650660776956061	0.899690490207572	0.792329934717329	1.01062530265514	0.421151906377096	0.946889018631363	0.269653514918832	NA	NA	1.38230462060906	NA	NA	NA	0.693469096335634	NA	0.701601651127111	0.263740115751598	0.282198254188677
NA	NA	1.07819949747176	1.09214455578014	NA	0.957875254646299	1.12263111764132	0.761588064966016	NA	1.46992349563706	1.45556715523158	NA	1.19035628481772	0.710982511802663	0.885189987988544	0.814246289183385	1.30488544708773	1.08885632028025	0.598243063030262	0.909747840660952	0.938933717754762	0.78643236967279	1.24992705685609	NA	0.630654903811746	0.489363838096328	NA	0.474919933833557	0.304464492409707	NA	NA	0.469970710741333	0.556049581615184	0.54713050214095	0.347398016335171	NA	NA	0.253977847200757	0.347109935018388	0.447833734078694
NA	0.838565708754802	NA	NA	NA	0.350115614022698	NA	NA	1.43578673917377	NA	NA	NA	NA	NA	0.698384677112226	NA	0.594632604382025	0.654131321332547	0.484549935139226	0.838664659950696	0.731852013086737	0.829345689489287	NA	0.639671274701234	0.557850119603948	0.690996674977733	0.516586029950191	0.751936057657049	NA	0.280920977125566	0.483857433008596	1.92363190791777	0.744816436369513	0.355328181078585	2.15801217045162	NA	NA	2.34761203745701	0.286830617072359	1.0040945760149
NA	NA	NA	NA	NA	NA	NA	NA	NA	NA	NA	NA	NA	NA	NA	NA	NA	NA	NA	NA	NA	NA	NA	NA	NA	NA	NA	NA	NA	NA	NA	NA	NA	NA	NA	NA	NA	NA	NA	NA
1.29052768252922	1.58410641420799	NA	NA	NA	0.566617612099457	NA	NA	NA	NA	NA	NA	NA	1.31873954360219	NA	NA	1.03875158657446	NA	NA	1.06128658159673	NA	NA	0.580859517995707	0.805620795444243	NA	NA	0.476982965394436	NA	NA	NA	NA	NA	NA	0.476170936237912	NA	0.263831164965501	NA	NA	NA	0.550432222764916
1.60907619424476	1.43628220381075	NA	1.40100770666801	1.79314281796113	NA	NA	1.87863059435842	1.90823675924733	2.40607009807735	2.24765007826827	2.16820547016367	2.69855049055024	2.35352301013812	2.07662284494083	2.4022112450227	1.9547945038101	2.33980368448105	NA	2.23116433204395	NA	1.86408513617341	1.71082109147761	1.62023856492963	NA	NA	1.10315604103663	0.516487836304267	0.900988161601958	0.555662928496771	0.374763179367748	0.729975919256474	0.557098079705013	0.248437424091224	0.615278360763025	0.40261799544721	NA	0.492874967564948	1.04710813610311	0.697217520789647
NA	1.86105025677935	1.39885326891105	NA	1.55507685886101	1.87477484656931	NA	1.39111330875947	1.3674483445028	1.54741170129696	NA	1.67344615125188	NA	1.23611494950551	NA	NA	0.866839235916014	NA	NA	NA	0.653889747396916	NA	0.629291527797758	NA	0.68302831532712	NA	NA	0.477094458495826	0.529763061042543	0.498818154422449	NA	NA	NA	0.397676862055765	NA	NA	NA	0.328942736653671	0.282114016176317	0.480523167226837
NA	0.249291274308178	0.396764829852037	NA	1.54593982042049	1.39608171274553	0.622940702569892	NA	1.08775836298334	0.342706592488552	NA	0.849938578721289	0.589826299375493	0.189720232064436	0.463525669794758	0.417686379849129	0.678829519145543	0.995838447940727	0.295682732253836	0.204047270058119	0.652122160540861	0.865509522854369	NA	0.500993915653023	0.798493251382205	0.477642826152875	0.646655843895787	0.665476885826377	0.493171203765333	NA	0.709807796297632	NA	0.949243102553749	NA	0.524966466405815	NA	NA	0.328591174617648	NA	1.00761222407272
NA	NA	NA	NA	NA	NA	NA	NA	NA	NA	NA	NA	NA	NA	NA	NA	NA	NA	NA	NA	NA	NA	NA	NA	NA	NA	NA	NA	NA	NA	NA	NA	NA	NA	NA	NA	NA	NA	NA	NA
0.929951615442687	0.97457621326119	1.00251940234133	NA	NA	1.05039495833616	0.737202792870953	1.29261940340795	NA	NA	NA	0.65046829185254	NA	NA	1.17816366899537	NA	1.99077618364824	NA	0.720546825640149	0.618042888777909	0.864699005526114	1.17249651663901	0.487911661775899	0.723574803374648	0.750011367277908	NA	1.41997359473648	0.467942543190929	1.09491816146791	NA	1.28976176754434	NA	0.42130891812405	0.633935077654231	NA	0.368686204820203	NA	0.76385611432375	0.805469812447879	0.983916984210914
NA	0.986865341771985	0.785555747001802	0.615629387753552	0.527834489927084	1.47454647459078	1.01939463500406	1.04720888167343	0.947336050590026	0.446431802757302	1.0431425815119	0.318929170780344	0.849530170502746	0.679754539159443	0.471655355460202	0.754389201974991	NA	0.487148847510444	0.748018170879427	0.433922745088393	0.513899793599744	0.478899148245445	0.636843438264404	0.530260205280714	0.648707795679138	0.422186151371504	1.36870043251191	1.52312498731318	1.3392466891633	1.31444025107303	NA	0.894506373161825	0.978872725694261	0.444812299921253	1.02447932672262	NA	NA	1.01464392955691	0.912602063202343	0.500437962108288
0.329924035227933	0.878831185399598	0.876067582790586	0.962572786805712	0.636701400267283	0.727098149603437	1.6053113079375	1.46172337549047	0.697515353184483	0.79906342619561	NA	0.729579228318152	1.46468476641162	1.0032461063544	0.975506395213681	NA	1.09261830239646	1.19499820991845	0.974513810897097	0.871737770034173	1.75335763149678	0.613555453837629	NA	1.38868418031459	0.747129598215508	0.54496234442756	0.544737081826091	0.878619224797388	1.70725389962206	NA	0.583504594695665	0.851282463762477	0.648840683594189	NA	0.332786364631807	0.528587811191542	NA	NA	0.306345214524604	NA
0.438608053173735	0.325088550619944	0.431615169783956	NA	NA	NA	NA	0.610694204892139	0.750237495767068	NA	1.53002556550827	1.47827247168917	NA	1.46380028410432	NA	NA	1.44408002380623	NA	NA	NA	NA	NA	0.499145492989127	NA	0.302391252810097	0.305809739959975	NA	NA	NA	0.870576517647535	NA	NA	NA	0.547210257660575	0.824966221699386	0.402965838668626	NA	0.294301156052625	0.532328963059409	0.471023378561332
1.71821873057764	NA	1.48372685414317	1.60346629103085	1.72811483481347	NA	NA	1.0745066118715	1.38540674275962	NA	NA	NA	NA	NA	NA	NA	0.962070992108142	1.06993087616562	NA	NA	1.43303254815945	1.71908245737704	1.49127207012937	1.16821543843628	1.34387101690626	1.40664718988281	NA	0.846658923695628	0.624787781078295	NA	NA	0.706773949079778	0.421385618330988	NA	NA	0.471407272757668	NA	0.251131790167028	0.275039772013989	NA
NA	NA	NA	NA	NA	NA	1.03575961490664	0.831850426142164	0.806898603233184	NA	0.633007390563228	NA	NA	NA	0.643937683261245	NA	0.725327958602801	NA	NA	0.688664417045561	0.543589194232012	0.614335783350004	NA	0.814938434634348	NA	NA	NA	0.871739739659589	0.923650080318071	1.04914558635588	NA	0.617140750129541	0.945519228617658	NA	0.926314644920405	0.80759625411514	NA	0.77437662637071	NA	NA
NA	NA	NA	NA	NA	NA	NA	NA	NA	NA	NA	NA	NA	NA	NA	NA	NA	NA	NA	NA	NA	NA	NA	NA	NA	NA	NA	NA	NA	NA	NA	NA	NA	NA	NA	NA	NA	NA	NA	NA
NA	NA	NA	NA	NA	NA	NA	NA	1.24118568167751	1.26900608958437	NA	1.58967213288675	NA	1.44648492972875	1.53606010986655	1.94737336140775	1.69540213873616	NA	NA	1.06369295831378	NA	NA	0.981324355624162	0.98599493794182	0.499380880685143	NA	0.395688937212728	0.542611477025373	1.31603190360694	1.20318910824273	NA	1.32978409256228	NA	1.14887311209515	0.829573855897935	0.418102502195395	NA	NA	0.594595978798667	NA
NA	NA	1.00927530731626	NA	NA	NA	1.11602336141653	NA	2.2152717017674	NA	NA	0.979059518225481	NA	1.43021564657765	1.18951968524398	NA	NA	NA	NA	NA	0.824639120162209	1.40593533991469	0.870911921915681	NA	1.28282678094907	NA	NA	NA	0.966523722819969	NA	NA	NA	NA	NA	NA	0.439116779870082	NA	0.531330387554485	0.586962028904835	0.80878203436732
NA	NA	1.13180583940394	NA	1.21923813686441	NA	0.750155780015458	1.03827447051058	0.842466496077025	NA	1.54799139812303	NA	NA	NA	1.37106886368262	1.00677823109821	NA	0.924015354347245	NA	NA	NA	NA	NA	NA	NA	NA	NA	NA	0.175112064821937	NA	NA	1.05298415542573	NA	NA	NA	0.358026417475605	NA	NA	NA	NA
1.02425126680856	NA	NA	NA	NA	1.90509784188742	1.44464712127599	NA	NA	NA	NA	0.355401337654673	NA	1.01161200268076	NA	NA	1.98009460584131	NA	0.776282923592293	0.895153859230608	1.04690081263366	NA	NA	0.509551037844512	NA	NA	NA	0.545560653149683	1.44189915244104	NA	NA	NA	1.02778264711612	NA	NA	0.383721952433342	NA	0.584808892261111	0.676803754797136	0.934191940906185
NA	NA	NA	NA	NA	NA	NA	NA	NA	NA	NA	NA	NA	NA	NA	NA	NA	NA	NA	NA	NA	NA	NA	NA	NA	NA	NA	NA	NA	NA	NA	NA	NA	NA	NA	NA	NA	NA	NA	NA
NA	NA	NA	NA	NA	NA	NA	NA	NA	NA	NA	NA	NA	NA	NA	NA	NA	NA	NA	NA	NA	NA	NA	NA	NA	NA	NA	NA	NA	NA	NA	NA	NA	NA	NA	NA	NA	NA	NA	NA
NA	1.55431458047575	1.60780478365506	1.55631250899721	1.67092539066468	NA	NA	1.14226074436134	1.26519732944947	NA	1.18570871331916	0.97138047162892	NA	NA	NA	NA	1.38245007815963	1.13172380479124	NA	1.50928460282292	1.71523176740096	1.75056083850368	1.42587206062434	1.16865731451289	1.24005798550674	1.32633802804689	NA	0.800982075992512	0.983463676008588	NA	NA	NA	0.495022270187799	NA	NA	0.536139843863103	NA	0.552065195931871	0.242318263593103	NA
NA	0.757351872391083	NA	0.753247392214901	NA	0.654662171001737	1.49393528301603	0.865957708983198	0.747285509885333	0.850711958776237	1.04038650584899	NA	NA	0.587792173990027	0.399164164484105	0.169318434467685	0.402124301112626	0.178786297303518	NA	0.323261928469818	1.30438030309411	0.993474291968597	1.18043862489723	NA	1.01043066196898	0.73356365714662	NA	NA	NA	NA	NA	0.599305696639037	0.902817047076525	NA	NA	0.197738997067387	NA	0.478717264973519	0.280825686677351	1.33901758179778
NA	NA	NA	NA	NA	NA	NA	NA	NA	NA	0.543740146726985	0.878525166264934	NA	1.6698581418309	1.51323838093793	1.08088730596705	NA	1.12527599732947	0.467160024804799	2.76116394065551	0.503398503791658	NA	0.565966832373459	NA	0.443016174179578	0.499619595276922	NA	0.546091164467704	NA	0.261287201859772	0.511232661997572	0.852476515604543	0.180729701360072	0.164610472129611	0.382290297178467	0.39088710498602	NA	0.882190510570257	0.580971643829527	0.786760502585357
NA	NA	0.923807644988564	NA	0.582257383944341	1.2311862195417	1.49228170179715	NA	NA	1.2582907227083	0.685297281807265	0.935531630368933	NA	1.03101984453612	NA	1.10831888111097	NA	NA	NA	NA	0.623694578536611	1.09866668406648	0.746080221186045	NA	0.665667107519939	NA	0.614938172304451	0.39070245992831	NA	NA	NA	0.448953564768969	0.401398520140289	0.37725465532825	0.534912824341627	0.178131867842294	NA	0.118884014210654	0.268150787020429	0.680089626108794
NA	NA	1.30896247732278	1.30771264300591	1.09164587979755	NA	0.673171215130915	1.00061120847037	0.722338700129973	0.743424991131706	NA	NA	0.615025954702216	0.46838427498317	0.565341272475094	NA	0.495355114083847	NA	0.545376497078182	0.568743283909184	1.19076146938291	0.305644292764266	0.44438074641299	NA	NA	NA	NA	NA	NA	NA	NA	0.232246758125433	NA	0.418152121987613	NA	1.32727547292446	NA	NA	0.4278243064696	0.321284692377718
NA	NA	NA	0.529040711532396	0.666535681018041	0.777070023949712	1.55355679535209	1.06299931633894	NA	1.87083632736861	0.9977369112685	NA	NA	0.40203462961198	NA	0.791694695889978	0.625399110029847	0.647377515956403	1.36059581259956	NA	NA	NA	0.41060097280607	NA	NA	0.952105837332838	0.809360866743345	NA	NA	1.01969650815918	NA	0.665603815507676	NA	0.221575288515223	NA	NA	NA	NA	0.717274961049286	0.43343337690839
NA	NA	NA	NA	NA	NA	NA	NA	NA	NA	NA	NA	NA	NA	NA	NA	NA	NA	NA	NA	NA	NA	NA	NA	NA	NA	NA	NA	NA	NA	NA	NA	NA	NA	NA	NA	NA	NA	NA	NA
NA	NA	NA	NA	NA	NA	0.673063140138627	NA	NA	NA	NA	NA	NA	NA	NA	NA	1.17752867565988	0.82911126947225	0.68188134639635	NA	NA	NA	NA	NA	NA	NA	NA	NA	NA	NA	NA	NA	NA	NA	NA	NA	NA	NA	0.801663660669383	0.584143305208608
NA	NA	NA	1.15213456106606	NA	1.58049666661409	NA	NA	1.21606410273709	1.77402073262228	NA	NA	2.59966501946533	1.96707519354504	2.50707792863569	1.97557539755086	NA	2.01567268807578	NA	2.54799835715852	1.04479306496654	2.41654557351007	2.67530343983045	NA	1.03489038448988	2.49624856536991	NA	2.3855143986744	NA	0.79339171061872	NA	NA	NA	NA	2.03365469470106	NA	NA	NA	0.706576734351374	2.1424492738547
NA	NA	NA	NA	NA	NA	NA	NA	NA	NA	NA	NA	NA	NA	NA	NA	NA	NA	NA	NA	NA	NA	NA	NA	NA	NA	NA	NA	NA	NA	NA	NA	NA	NA	NA	NA	NA	NA	NA	NA
NA	NA	0.437697583772	NA	1.11887247749456	NA	NA	1.02791049060332	1.51685259561289	NA	NA	NA	NA	1.26333311883312	1.81766111509657	NA	1.10579732608562	0.862133338012274	NA	NA	0.805668778943951	NA	NA	NA	0.257468528199122	NA	1.91833248632671	NA	0.701836370047191	NA	NA	0.214869219402928	0.217491961576687	0.601184441177186	0.606840958425234	NA	NA	0.439532891371053	0.284140885938692	NA
1.65767944430639	NA	0.780647161856466	0.876718281092694	0.824061326579548	1.02648855463001	NA	NA	1.50890322111887	0.430936203024119	NA	0.610187370805473	NA	NA	NA	NA	0.732788273485234	NA	NA	0.622970983753691	0.715449579827245	0.955662526785203	0.938127902092383	NA	NA	0.805655569180169	1.08743091748207	NA	NA	0.605447058377112	NA	0.514902054083708	NA	0.2905629980752	0.821927050589724	NA	NA	NA	0.421543050881838	1.29036665128494
1.05258272706136	0.751374890238338	NA	NA	NA	1.2047630298464	1.03641201863095	NA	NA	NA	0.68445743699499	1.12233792362056	NA	1.54722024682401	NA	NA	1.23280390835245	NA	0.834025846697835	NA	NA	0.82616792455201	NA	NA	0.647218120968649	NA	NA	0.760935198300303	0.447037034186031	NA	0.705372787515232	0.432063932253119	NA	NA	NA	NA	NA	NA	1.01773269129617	1.16495528231566
NA	NA	NA	NA	1.38379858976548	NA	1.27976016449667	1.42396757853528	1.61927375604687	2.03389080791737	NA	1.16034083077107	NA	NA	NA	NA	1.40999228595602	1.06999351370363	1.12720822095569	NA	1.89895595354613	1.42118905250819	1.72394536125914	NA	0.762845912015709	NA	NA	1.72613042630675	1.21637177402857	NA	NA	0.659860211676812	NA	1.7459989508828	NA	0.744304951623104	NA	0.393620617203924	0.714869158336262	0.370427295895231
NA	NA	NA	NA	NA	NA	NA	NA	NA	NA	NA	NA	NA	NA	NA	NA	NA	NA	NA	NA	NA	NA	NA	NA	NA	NA	NA	NA	NA	NA	NA	NA	NA	NA	NA	NA	NA	NA	NA	NA
NA	NA	NA	NA	NA	NA	NA	NA	NA	NA	NA	NA	NA	NA	NA	NA	NA	NA	NA	NA	NA	NA	NA	NA	NA	NA	NA	NA	NA	NA	NA	NA	NA	NA	NA	NA	NA	NA	NA	NA
NA	NA	NA	NA	NA	NA	NA	NA	NA	NA	NA	NA	NA	NA	NA	NA	NA	NA	NA	NA	NA	NA	NA	NA	NA	NA	NA	NA	NA	NA	NA	NA	NA	NA	NA	NA	NA	NA	NA	NA
1.23421831698405	NA	2.40195135461408	NA	NA	NA	NA	NA	NA	NA	NA	NA	NA	0.746832591360327	NA	NA	NA	NA	NA	NA	NA	0.908284763174725	NA	NA	1.80096241327409	NA	NA	0.16117338341089	0.961912571287544	0.483991342741219	0.715693459259743	NA	NA	0.51541780517591	0.323296817464699	0.182261236821214	NA	0.522329960248961	0.487187094055445	NA
NA	NA	NA	NA	1.77496156000759	1.36751948478264	1.05558293949706	NA	1.13510313394566	NA	1.81895393037445	NA	1.62183907022741	1.52241874500787	1.44455166184146	1.20913535606473	1.50870495554056	1.50628383362894	NA	1.08087164354693	1.09187450318738	0.363098908696805	0.870943858680477	NA	NA	NA	NA	0.861040831921313	NA	0.735497037035007	0.498381153324352	0.290527542184452	0.910272029151098	NA	0.528803259816092	0.391436994306927	NA	NA	0.16762592824303	0.712870466425749
NA	NA	2.59487861169525	NA	2.55700969367307	2.28390338994487	NA	NA	NA	2.4294091722974	2.26730576853227	NA	NA	1.53390337327205	1.40422088641306	NA	NA	NA	NA	1.99892764242286	2.05658289296331	0.838463975464342	1.27867722881415	NA	1.22594909663341	NA	NA	1.49151303767285	NA	NA	NA	NA	NA	NA	0.0528508891803029	0.335575655075636	NA	0.461955237953747	0.842054904504322	NA
0.335606327650362	NA	NA	0.524248694376271	0.415204422368674	0.144779813453604	0.182849151992786	0.572223648157429	NA	0.975151783335469	1.8545695231934	NA	0.667516518265543	0.493639805332538	0.664970263255121	NA	0.715763307832873	0.494486160001501	NA	0.701798690585305	NA	0.579037004454217	NA	0.214679177777722	0.331639914612792	0.54931000278172	NA	0.478153810249185	NA	NA	1.4951930361075	0.812937438347496	NA	0.518611510347857	0.102409282130859	NA	NA	0.0454176397821505	0.458750607804877	0.841119404690081
NA	NA	2.0109346288762	2.05260122740655	2.47310538050866	NA	NA	NA	1.56588567083079	NA	1.85421121125635	1.636895468116	NA	NA	NA	NA	2.07597047331945	NA	1.35591847458952	NA	NA	1.23735092050742	1.22406597935445	NA	0.7506455348591	1.18982392788254	NA	0.52059080259946	1.33677435343598	0.570523901294599	0.673599576278907	NA	1.28624383846186	0.614318617555948	0.69743656710597	NA	NA	0.16818649677583	NA	0.376155664144052
1.36429304771814	NA	NA	NA	NA	1.21491183981101	NA	NA	1.22699760612202	NA	1.12621938230976	NA	1.13549966559805	1.35137057956243	0.940156256125404	0.852769162981311	0.784537632500511	NA	1.38440298194086	1.25197763887519	1.53160480279513	1.65479221410956	NA	1.25742890626093	0.76948239671343	1.05604225936065	0.198665303621555	NA	NA	0.40251343721239	NA	NA	NA	NA	NA	NA	NA	NA	0.207196645933341	0.185617994089676
NA	NA	NA	NA	NA	NA	NA	NA	NA	NA	NA	NA	NA	NA	NA	NA	NA	NA	NA	NA	NA	NA	NA	NA	NA	NA	NA	NA	NA	NA	NA	NA	NA	NA	NA	NA	NA	NA	NA	NA
NA	NA	NA	NA	NA	NA	NA	NA	NA	NA	NA	NA	NA	NA	NA	NA	NA	NA	NA	NA	NA	NA	NA	NA	NA	NA	NA	NA	NA	NA	NA	NA	NA	NA	NA	NA	NA	NA	NA	NA
NA	NA	0.650229803900153	NA	NA	NA	0.641828467240509	NA	0.62178859593675	NA	0.502019736025482	0.325540475138441	NA	0.382105575428632	0.884743718880064	0.744345399640246	0.59032282913616	0.306447483246406	NA	0.598131225968916	NA	NA	0.795479573638207	0.0406351959349701	0.86775729755934	0.886946193214368	NA	0.783939690582219	0.794119735023739	0.866413697063032	NA	0.854515355315005	0.240699157457119	0.831748528906102	NA	NA	NA	1.12938228298642	1.06955913090852	1.01961220301646
0.420110017025684	0.643884009040922	NA	NA	NA	0.914423402921333	1.21315085504497	1.23141503659491	NA	0.866797566710671	NA	0.887507195630244	NA	NA	NA	NA	1.21960781774546	1.38393803701382	0.876743781785022	1.05492280901269	NA	NA	NA	0.645976700392951	0.70711261567672	NA	NA	0.887838895033207	0.927400851752479	NA	NA	0.459603979950547	0.807670848388767	NA	0.291223101511075	0.0867319595463814	NA	NA	NA	1.0766341273616
NA	NA	NA	NA	NA	NA	NA	NA	NA	NA	NA	NA	NA	NA	NA	NA	NA	NA	NA	NA	NA	NA	NA	NA	NA	NA	NA	NA	NA	NA	NA	NA	NA	NA	NA	NA	NA	NA	NA	NA
NA	NA	NA	NA	NA	NA	NA	NA	NA	NA	NA	NA	NA	NA	NA	NA	NA	NA	NA	NA	NA	NA	NA	NA	NA	NA	NA	NA	NA	NA	NA	NA	NA	NA	NA	NA	NA	NA	NA	NA
NA	NA	NA	NA	NA	NA	NA	NA	NA	NA	NA	NA	NA	NA	NA	NA	NA	NA	NA	NA	NA	NA	NA	NA	NA	NA	NA	NA	NA	NA	NA	NA	NA	NA	NA	NA	NA	NA	NA	NA
NA	NA	NA	NA	NA	NA	NA	NA	NA	NA	NA	NA	NA	NA	NA	NA	NA	NA	NA	NA	NA	NA	NA	NA	NA	NA	NA	NA	NA	NA	NA	NA	NA	NA	NA	NA	NA	NA	NA	NA
NA	NA	NA	NA	NA	NA	NA	NA	NA	NA	NA	NA	NA	NA	NA	NA	NA	NA	NA	NA	NA	NA	NA	NA	NA	NA	NA	NA	NA	NA	NA	NA	NA	NA	NA	NA	NA	NA	NA	NA
NA	NA	NA	NA	NA	NA	NA	NA	NA	NA	NA	NA	NA	NA	NA	NA	NA	NA	NA	NA	NA	NA	NA	NA	NA	NA	NA	NA	NA	NA	NA	NA	NA	NA	NA	NA	NA	NA	NA	NA
NA	NA	NA	NA	NA	NA	NA	NA	NA	NA	NA	NA	NA	NA	NA	NA	NA	NA	NA	NA	NA	NA	NA	NA	NA	NA	NA	NA	NA	NA	NA	NA	NA	NA	NA	NA	NA	NA	NA	NA
0.665930670507176	0.913363263563741	0.832822515625993	NA	0.637612101005982	0.659000793882581	NA	0.781655489511345	0.316065130124222	0.563772967081354	0.924914402419008	1.2175167025963	NA	NA	1.05702907700234	1.29111928195039	NA	0.890901896826808	NA	0.550796598923542	NA	0.771633364388383	NA	NA	NA	NA	NA	NA	0.778695928912407	NA	NA	NA	0.603879976275313	NA	NA	NA	NA	0.599021024637575	NA	NA
NA	NA	1.02632843369321	NA	1.26023596792429	NA	1.26927689457316	1.5210601690319	1.50369284345893	1.53279257221608	1.39813671532471	1.63869838486667	NA	1.50917357871944	2.16786714724812	1.26172882923231	1.40839282305641	1.27082182610429	NA	1.97474868601559	1.34601884030223	0.991432175269126	1.37442804785314	0.906813439743341	0.976096109178166	NA	0.572706044342918	NA	NA	NA	NA	NA	0.423656092713108	0.259989575058038	NA	NA	NA	0.463931244079723	NA	NA
NA	NA	NA	NA	2.20656767493529	1.51089626055109	2.03204042086304	NA	1.0987009645461	0.950018241910099	NA	NA	NA	0.885288429120336	1.18241768434793	NA	NA	NA	0.728278103336574	0.916602777147852	NA	NA	NA	NA	NA	NA	NA	0.868654943748982	1.12655546527522	NA	1.08570526172376	NA	1.90221120982287	NA	NA	NA	NA	NA	NA	NA
NA	NA	NA	NA	NA	NA	NA	NA	NA	NA	NA	NA	NA	NA	NA	NA	NA	NA	NA	NA	NA	NA	NA	NA	NA	NA	NA	NA	NA	NA	NA	NA	NA	NA	NA	NA	NA	NA	NA	NA
NA	NA	NA	NA	NA	NA	NA	NA	NA	NA	NA	NA	NA	NA	NA	NA	NA	NA	NA	NA	NA	NA	NA	NA	NA	NA	NA	NA	NA	NA	NA	NA	NA	NA	NA	NA	NA	NA	NA	NA
NA	0.860612208788218	1.60366661162408	NA	NA	0.384606477238073	0.415261890502289	0.840674851928912	0.853795745160831	2.00792237988516	0.832315168051655	1.82905585748046	1.05843434510422	0.764464550527304	0.946497349183702	0.611876950007898	0.693845208737214	1.17869620819677	0.973060471481286	NA	0.488282007230646	0.854223882842499	0.765784968257811	NA	1.15881406851098	1.21960581326211	NA	0.566209499912395	0.554401139530776	NA	0.401579172813418	0.804759978600948	1.15353066585024	0.954137674703851	1.17853503472379	0.618517153274581	NA	NA	NA	0.473664654793499
NA	1.47640722255699	1.5792439391746	NA	0.972379795511908	1.24981969474355	NA	0.960481507844254	0.82948931841783	1.07100444441323	1.01134946143147	0.767562308517264	NA	1.48651155158296	1.68620916616349	NA	NA	NA	NA	NA	1.43555902245745	0.542813012999195	0.982596630194236	NA	NA	NA	NA	0.212013049162442	NA	NA	NA	NA	NA	NA	0.200833945961305	NA	NA	NA	0.895256719657725	NA
NA	NA	NA	NA	NA	NA	NA	NA	NA	NA	NA	NA	NA	NA	NA	NA	NA	NA	NA	NA	NA	NA	NA	NA	NA	NA	NA	NA	NA	NA	NA	NA	NA	NA	NA	NA	NA	NA	NA	NA
NA	NA	NA	NA	NA	NA	NA	NA	NA	NA	NA	NA	NA	NA	NA	NA	NA	NA	NA	NA	NA	NA	NA	NA	NA	NA	NA	NA	NA	NA	NA	NA	NA	NA	NA	NA	NA	NA	NA	NA
1.55591666598907	0.732918334400906	NA	0.727473395192509	NA	NA	1.21092783474633	NA	NA	NA	1.35736563878316	0.632681422937748	0.442172036367578	0.613890778591851	0.48874953318214	NA	0.695488650932575	0.673769660278763	0.469022861811779	1.36752456665468	0.231033872261107	NA	0.130896022146506	NA	NA	0.230331013108637	0.464787149362461	0.546147307451598	0.458906885747913	0.64642180997274	0.304866916416784	NA	0.367101425208986	0.853037657838837	0.409846462219807	0.19371114767516	NA	0.379612792626621	0.196446798979836	0.482614616034056
NA	0.406671664633626	0.512388844851077	0.326208534185354	0.338568698829876	0.542900914020451	0.849687034813156	0.937452697123241	0.955785236342758	0.58314257443964	0.337465728626464	NA	NA	NA	1.25870266044316	NA	1.68606843291832	NA	0.66935460598193	0.71324830194629	0.632119176710363	0.83700822067502	0.997280519433069	0.265767294993575	NA	NA	1.16600106134059	0.540026339139144	0.703007501137828	1.35750028284197	NA	NA	0.935721581730347	1.68949338508475	1.54768768871621	0.792554395536598	NA	0.338504622317799	0.501633848777001	NA
1.11650139247697	1.02650466261733	NA	NA	1.31957883314028	NA	0.838153321922345	NA	1.04203454042547	0.694911240927842	0.755897937980156	0.694312494868886	1.25159467452581	0.546993245531513	0.911695384147877	0.720159210014588	0.847343240409496	0.956442618606046	0.833281815345752	0.790793428487794	0.88637855126004	0.341191643359335	0.201711803476489	0.248380944211673	0.607585943997703	1.10778900457685	1.31279126980999	0.855106070366923	0.988258265516153	NA	0.66736371664348	0.728833792223556	0.46579077063229	0.491625941636853	0.264035632003029	0.39806611965263	NA	0.251399317478256	0.492857348072555	0.140703343771977
NA	0.455472215560651	1.50217779363401	0.604424549782513	NA	1.10440016513267	0.470318832461604	1.59886970130647	1.36516836246336	1.85499573932883	1.69020697546585	1.72142188484852	NA	NA	1.883588545559	NA	2.00272539329578	1.16062845261763	NA	1.63076231782246	1.46687945464543	1.37988078278418	NA	NA	NA	NA	NA	0.595744446444446	NA	NA	NA	0.430279607164818	NA	NA	0.558676658137836	0.45040851522204	NA	1.51771291769039	NA	NA
NA	NA	NA	NA	NA	NA	NA	NA	NA	NA	NA	NA	NA	NA	NA	NA	NA	NA	NA	NA	NA	NA	NA	NA	NA	NA	NA	NA	NA	NA	NA	NA	NA	NA	NA	NA	NA	NA	NA	NA
NA	NA	NA	NA	NA	NA	NA	NA	NA	NA	NA	NA	NA	NA	NA	NA	NA	NA	NA	NA	NA	NA	NA	NA	NA	NA	NA	NA	NA	NA	NA	NA	NA	NA	NA	NA	NA	NA	NA	NA
1.30697483009446	NA	1.67721045223616	NA	NA	1.02867630156079	1.22891813558781	1.04246394447634	1.11440653855861	1.59321004530658	1.44083672207225	NA	1.49617646241183	1.64957382719818	1.79670693904662	1.87055419748779	1.83077538181393	1.4832965270849	NA	NA	1.13979059159804	0.429110036618676	2.12827931112377	0.489104028041205	0.166723131852784	0.473145623271186	NA	NA	0.629069405861098	0.638662090891514	NA	NA	0.766386687610671	NA	0.262636308906249	NA	NA	NA	0.356342443935794	NA
NA	NA	NA	NA	1.34434763605872	NA	NA	0.814234630036659	NA	NA	1.74918517043619	NA	1.64308379385473	1.30580083530457	1.67894200622777	NA	0.989617655631655	NA	NA	NA	1.76464426475323	NA	NA	NA	0.997167068205735	NA	1.46201846556108	0.51460755396639	0.943314403573758	1.76867633243837	1.52042065763707	NA	0.582857667765183	0.742606684535903	0.680223402770119	0.488509645346061	NA	0.424667551151625	NA	1.67334884309664
NA	NA	NA	1.36652686800859	1.44611197108153	1.09324220635976	0.739902484039245	1.1843214505537	1.52727846859481	1.22951537444856	NA	0.938039756685314	NA	NA	NA	NA	NA	NA	0.898631659788334	1.22545396407403	1.32525585024358	1.04604327513318	0.789478425452614	0.803910893980074	NA	NA	0.899597334788312	0.555100740419672	0.728935681262366	0.823779962729957	NA	0.824340538918396	0.647600679260229	NA	0.711588647488242	NA	NA	1.56344576954444	0.736432431706087	NA
1.54096136261832	NA	1.50869291139341	NA	NA	0.984995337909093	1.36144530977841	0.979215020696746	0.954499255693919	NA	0.933537701371382	NA	NA	0.831088977956341	0.893505593994336	NA	0.453582161780375	0.756058493234804	1.4273803397695	0.544492911192301	1.90957366759734	NA	0.788084513430011	NA	NA	0.595865052187066	0.749708651239565	0.594406111550435	1.46129547489589	0.991831780957248	1.00618765334097	0.878705565514195	NA	NA	0.246588040618452	NA	NA	NA	1.43217617760881	NA
NA	NA	NA	NA	0.346959694656816	0.654262780335355	NA	NA	NA	0.922086698542453	1.26679158368619	1.17832778746546	0.882602483623932	1.00461176153775	1.09326806888337	NA	0.445174461184487	0.555123152447449	NA	0.350560477148279	1.36896480115579	1.65163962540925	0.255239075066786	0.332016848476735	0.507918842575577	NA	0.698245849557684	0.745480983256772	0.699144022337895	0.314601340393097	0.433426938815273	0.392471045390968	1.30763122208732	0.327196914154379	0.610278404882397	0.548748707846668	NA	0.420118222550877	0.4093913456729	0.265566851495037
NA	NA	NA	NA	NA	NA	NA	NA	NA	NA	NA	NA	NA	NA	NA	NA	NA	NA	NA	NA	NA	NA	NA	NA	NA	NA	NA	NA	NA	NA	NA	NA	NA	NA	NA	NA	NA	NA	NA	NA
1.1742654069294	1.67866879422135	1.68832859000088	NA	1.40811023239301	0.849228393755233	1.63204802185268	1.1221620507873	1.10215817786932	1.76270875249622	1.40273278455558	1.20220689722313	NA	0.742859456358951	NA	0.683928805098201	1.31055985362429	1.10307384179934	1.07778563094067	1.05898438906347	1.07201027927369	0.727827455592687	0.362104996131378	0.392799176464597	0.438713678526575	0.384626361290049	0.361551975867955	0.376043671719844	0.190559196997078	0.542607208810984	0.776908500535382	0.771662097415973	0.571187931103217	0.602738604864782	0.29969313184783	NA	NA	2.02272879334211	0.342668930796576	0.401806994153786
1.33865654429371	1.03090916481165	NA	NA	NA	NA	0.848664119625007	NA	NA	0.893345671475925	1.14208046258375	1.60529993673419	NA	1.2370987979878	NA	NA	0.724152984021779	0.799718073333989	0.871212896404349	0.945738095619335	0.689354576710782	0.892865408177329	0.712544570954411	0.772859883724788	0.452847841640504	NA	0.627839968910929	0.771765992568086	0.497222141686497	0.660120939183868	1.49895258819818	0.805499950255676	0.369642569715827	1.64991216349212	NA	1.70274694769086	NA	0.0786814755107097	NA	0.475868817497008
1.72718961130371	1.26373239261362	1.33717317654325	NA	NA	NA	NA	1.4760566479953	NA	NA	NA	NA	2.25221346217002	NA	NA	NA	NA	1.93066590453261	NA	1.59229513972595	NA	NA	NA	0.975105886788104	NA	0.84336344415112	NA	NA	1.39598671953451	NA	NA	NA	1.26567564890834	NA	NA	1.16911954328927	NA	1.3595897512334	NA	0.335228366027034
0.921550991924422	1.07704783817715	1.10999186004363	NA	NA	0.559563208116348	0.370092650979964	0.706427630103335	0.432123136255301	0.316126812235078	0.341497849867629	0.379213183260049	NA	0.42379503049889	1.57757140785851	0.311340753771029	0.760172976394472	NA	0.790915185565681	0.25552020740003	0.502551082491783	0.998555835254555	1.04578650848864	0.964764992466445	0.93901645353966	NA	0.536405633828473	NA	NA	0.586898020571122	0.758238452344304	0.785495154210687	1.10200566612688	1.03236779561176	0.674468319115032	NA	NA	0.934317808151424	0.624600531348087	1.4277554829291
NA	NA	NA	NA	NA	NA	NA	NA	NA	NA	NA	NA	NA	NA	NA	NA	NA	NA	NA	NA	NA	NA	NA	NA	NA	NA	NA	NA	NA	NA	NA	NA	NA	NA	NA	NA	NA	NA	NA	NA
NA	NA	0.436212601883299	0.652831403972008	0.325417310808405	0.63300165395672	NA	NA	NA	NA	NA	NA	NA	NA	1.06418512920987	NA	0.393878584268591	0.581042433432249	NA	NA	0.508884401730558	0.0443352165715722	0.265572136292327	NA	0.421251258264212	0.261693397117141	NA	NA	0.525770761432753	0.809366621821432	0.514382264995406	NA	0.226102567275429	0.422831679649353	0.508272866543982	0.374210373301964	NA	NA	0.333258666504254	0.917655419918178
NA	NA	NA	NA	NA	NA	NA	NA	NA	NA	NA	NA	NA	NA	NA	NA	NA	NA	NA	NA	NA	NA	NA	NA	NA	NA	NA	NA	NA	NA	NA	NA	NA	NA	NA	NA	NA	NA	NA	NA
NA	NA	NA	NA	NA	NA	NA	0.645143545314515	NA	0.749018388187489	NA	NA	NA	0.843087637904315	0.501855266010765	0.836570479258654	0.909615000604972	0.528404192244813	0.773855683962596	0.526245899411085	NA	1.34550998449453	0.362616330959911	0.161591189438813	NA	0.735901410676003	0.562535924965503	1.036108615849	0.579863847834649	0.371998449134601	0.604793091956473	0.514561571776502	0.48522299151665	0.366952584093486	NA	1.2696948188543	NA	0.8908504006352	0.37080643306805	0.468481096052358
2.07220646342902	1.94223889213831	2.23061272940798	2.17847199769355	2.31126377413859	2.10125722586615	2.43095173926669	2.44254787169069	2.37054359696532	2.33681176979732	NA	1.8970552604136	1.77496164726905	1.70122133952498	1.69169720764744	NA	2.07468785293917	NA	2.27164175424429	2.36491389868812	2.33759208681077	NA	1.96532168005884	1.95760575553159	NA	1.82760115732951	1.89548633309223	NA	1.88116049644278	1.54646763659583	NA	1.76923749711449	NA	2.31454588877654	NA	NA	NA	1.54034004109476	1.2012304880673	NA
NA	0.944440881805113	1.00125317173028	1.37709271945947	NA	NA	1.16646508170152	0.593539734835684	0.80348740503995	1.19464261534929	1.10996590110041	0.541259798335617	NA	NA	0.722578215767192	NA	0.727200429629387	0.701446467645529	NA	0.721518538456444	NA	0.732258072178254	1.01334337061253	0.584353283183094	0.68707481868279	NA	0.449780773562578	NA	NA	NA	NA	0.569268261983703	0.777943162280179	0.649354552915097	NA	NA	NA	NA	NA	0.54442393528439
0.671177551620285	NA	0.845208377251889	0.933644143508937	NA	0.968196493441506	0.909851920076399	1.08611976674611	NA	NA	NA	NA	0.508804145793855	0.613519285333579	0.577584644356328	0.384787363509533	0.552296784629603	0.44871119641113	NA	NA	1.24711127604505	0.435006922950067	0.260115938610732	0.655286425434535	NA	0.0919210454967399	NA	0.433525703936794	0.11909236980674	0.234931277571886	0.304725836633617	0.438119882365372	NA	1.47458443639993	0.543139740087581	0.921220195832316	NA	0.394586330852808	0.570214176104477	0.836159620916077
0.558755607699682	0.454137981901268	0.507626452497744	0.458299379917404	NA	NA	NA	0.985311797924348	1.03574817173422	NA	NA	NA	NA	NA	1.42098111439788	1.37824958669048	NA	0.775148248451757	NA	NA	1.25707764340837	0.430605704147617	0.617953290861543	NA	NA	0.650177934167921	NA	0.501275011434406	0.497422569074822	0.717588496447231	0.667364489703047	NA	0.576504146755286	0.49808075603308	0.931810088495057	0.735396194558423	NA	0.557878578956271	0.997034464848903	0.626996964078924
NA	NA	NA	NA	NA	NA	NA	NA	NA	NA	NA	NA	NA	NA	NA	NA	NA	NA	NA	NA	NA	NA	NA	NA	NA	NA	NA	NA	NA	NA	NA	NA	NA	NA	NA	NA	NA	NA	NA	NA
NA	NA	NA	NA	NA	NA	NA	NA	NA	NA	NA	NA	NA	NA	NA	NA	NA	NA	NA	NA	NA	NA	NA	NA	NA	NA	NA	NA	NA	NA	NA	NA	NA	NA	NA	NA	NA	NA	NA	NA
0.867528129316797	1.05773229031436	1.54812264710782	0.876964939505372	1.01870733739716	0.242073113410357	NA	0.835921497748712	0.384755669108429	0.735770668145688	NA	0.906536312389237	0.798939904568946	1.41305153534719	1.16973170319241	1.42402168629737	1.2737482478758	NA	0.467148141252216	0.731334180022711	1.51210100954167	0.961096309922476	0.33933890089436	0.841062876259542	0.941764900092039	0.385564384767828	NA	0.986665227063614	0.521512682777829	0.717426664797125	0.39083433255635	0.938970254646958	0.426844926585083	0.362625672259368	NA	0.331194642509903	NA	0.616338977164111	0.357057257424994	0.364660717611109
1.03865146989822	1.63946708976219	1.50096716685657	1.16390074220427	1.24837385838478	1.48799470226711	NA	1.50400016780805	NA	0.865939225902247	1.57451522394224	0.508865125023744	1.27102193835563	0.460404331660939	0.626030337576325	NA	1.31962082594637	0.932199608589241	1.72261227925699	0.690890917012155	0.33239155566356	NA	0.292711891827384	0.359375894074719	0.231371802735271	0.382303978161228	0.387976444508079	0.277200116321724	0.36791700227744	0.183254165347001	0.871892343308135	1.12413270108695	1.19238954760953	1.34560863997829	NA	1.83642024183396	NA	NA	0.971268184112685	0.678082305186142
NA	NA	0.754624962730234	NA	NA	NA	NA	1.07016594215845	NA	NA	NA	1.21678490223671	1.14630440851194	NA	0.2703086932648	NA	0.470093291658239	0.677091009357931	0.648613742323056	0.504960596772802	0.487218810193828	1.00911947263931	0.934406150828092	0.953054169100348	0.69724916977881	NA	NA	NA	1.01901188699836	NA	1.18522037185003	NA	0.785619839251678	0.627732089821258	0.68488839981766	0.189679079043558	NA	0.32980153342949	NA	0.64533011964238
NA	NA	NA	NA	NA	NA	NA	NA	NA	NA	NA	NA	NA	NA	NA	NA	NA	NA	NA	NA	NA	NA	NA	NA	NA	NA	NA	NA	NA	NA	NA	NA	NA	NA	NA	NA	NA	NA	NA	NA
NA	NA	NA	NA	NA	NA	NA	2.63739502246216	2.34755703808829	2.21851532446387	NA	1.94948679142524	2.09438268039295	NA	1.8955242423665	NA	2.06116155632692	NA	NA	NA	2.92266087750689	2.44910529065079	NA	1.57164305111356	1.72815718889906	NA	2.09528229604357	NA	NA	2.11077072766143	2.06734398978478	1.77836981943705	1.88568457180233	2.03162085752206	1.86564824297468	NA	NA	1.97991094975358	2.14567456881756	0.650462294106278
NA	NA	1.11854046417947	NA	NA	NA	NA	0.957405232759035	NA	NA	NA	0.212210207103444	NA	NA	NA	NA	0.610821309310039	NA	NA	0.467049406179682	NA	0.330911409544913	NA	0.636527316649581	NA	NA	NA	0.40439613801466	0.594784429790857	NA	0.536143925825711	0.57778775519484	NA	NA	0.385808447490107	0.336309635651411	NA	NA	NA	0.441562334595695
NA	1.85703056048646	NA	NA	1.18104489872142	1.00052354533306	1.07433119157459	0.391075796323244	0.955627771698626	0.764858131344547	0.687903745037964	0.31465368408876	0.705920817927084	0.675503766494666	NA	0.799324814097551	1.17338885809032	0.665944739874146	1.43824713120323	0.332034862219757	0.799101706104278	0.627479302526472	0.751340059776468	0.465496395773877	0.176555590167508	0.42791404206509	0.249979073981864	0.298111113451619	NA	NA	NA	NA	1.71517021285929	1.86068238040844	NA	0.453088088506367	NA	0.591680375038561	0.432529604302355	1.75387566264567
2.03277582172757	0.520895717847161	NA	NA	0.448100869317233	0.77723422916154	1.07433296263129	1.0222502582542	NA	1.04029658916857	1.29053411243499	0.968904207441998	1.61379430317966	NA	1.36856867568839	1.16852263315737	NA	NA	NA	0.396337690958365	0.839968341345381	0.470846957503618	0.550187480275714	0.328852141358944	0.598531194055697	0.394380127842094	0.44160205360489	0.52582244865505	0.118140856948249	0.161889166153693	0.215568707224316	0.257885474537712	0.412723317135399	0.269984317172516	0.297302892604023	0.597098725499068	NA	0.251699416529039	0.421986668395595	0.386305081400547
2.2780547958615	1.658322714865	1.94914255384772	NA	2.03741736347796	NA	NA	NA	2.29154719732015	NA	2.12458978327833	NA	NA	NA	NA	NA	1.65796165295139	1.96951391122522	2.35054049954868	NA	1.79762240268365	1.81877641531375	2.11432092531873	1.81147221139469	1.9424177696748	0.584294996392679	1.43029120155876	1.82865848420789	1.79485119843988	NA	NA	1.39873449045423	1.47396522587908	NA	1.76007072059572	0.260672708434987	NA	0.327902255829469	0.500764157438303	0.748340263944274
NA	0.468233930052812	0.563581363977175	0.372129291690367	0.302016021056526	1.05533701770408	0.729874502143376	0.504569694337098	NA	1.05596242525492	NA	NA	1.10036394433973	1.00907777985211	1.01901283356116	NA	NA	NA	0.847396047095212	NA	0.713434563129883	NA	0.983913082331514	1.34372977544671	0.606283358887512	1.22605999110987	0.829046962004865	NA	1.71777511111551	0.815859256699082	0.79658339744963	0.906933597691544	NA	NA	0.542784588387074	1.02142244253493	NA	0.639282737893984	1.22764471172888	1.47471676189079
NA	NA	NA	NA	NA	NA	1.2930032518612	1.41802590828235	1.28424874111705	NA	1.35922896536159	1.18899401360828	NA	1.2949672841524	1.20464975853601	1.17248163727621	1.16974308024981	1.34113666018845	1.33056597228024	0.696017583438212	0.792263844128422	0.502535756707369	0.630762834932893	0.757421612166537	0.724396175622562	NA	NA	0.408478803495699	0.526627142840529	NA	NA	NA	0.778797521649711	0.249554530770232	NA	NA	NA	NA	0.201130288664835	0.709208373001303
1.65057984009609	1.99407845905891	2.04365666089517	1.8148134468357	NA	1.41962371825899	NA	NA	1.10491159711705	NA	NA	NA	1.40633250449098	1.38674362930612	NA	1.29294469592079	1.61943681041109	NA	NA	0.638833484123897	0.995211563978797	0.993549864893102	0.732347172206773	NA	0.789802273496103	NA	0.419682807122612	NA	0.450807043281357	0.816569707404933	0.634937077551951	NA	NA	0.2207905716925	0.368841077443836	NA	NA	0.716954506849448	NA	0.825649909660172
NA	0.700287001551934	NA	NA	NA	0.629614945527978	0.945326453665645	0.745503423994116	NA	NA	0.650686962674561	0.677078492055021	NA	0.824855028374875	0.875301253813833	1.19951587146669	0.651382567282096	0.676114217111037	NA	0.892246168500627	0.569069943230976	0.826440830440695	0.540862777739237	0.368915470181839	NA	0.162399299649945	0.125838884801003	0.455413153475266	0.383057867538176	NA	0.220625738578867	0.395236883897057	0.799989988815355	0.561632189942803	0.324806436729452	0.541872278155455	NA	NA	0.554772113564115	0.489509519477614
0.907773917806905	NA	NA	NA	NA	NA	NA	NA	NA	NA	NA	NA	NA	NA	NA	NA	NA	NA	NA	NA	NA	1.16239519865525	NA	NA	NA	NA	NA	NA	NA	NA	0.338426232337594	NA	NA	0.400233847246017	0.500007632934891	0.405623929903146	NA	0.464879332300978	0.317633283087312	NA
NA	0.528367217175242	NA	0.630008316107823	0.353052737950745	NA	NA	1.16691822668211	NA	0.730644017986743	0.541138968406918	1.03604439672865	NA	NA	0.507585983565685	NA	NA	NA	NA	NA	0.553018680854655	0.717006042189613	0.443046977266035	0.49993056627677	0.584351680365051	0.669065281141743	NA	NA	0.365967810221069	0.796501490192953	NA	0.784913512746613	0.688544420341985	0.397170269941308	NA	NA	NA	NA	0.644823769990622	1.33963812346964
NA	NA	NA	NA	0.815282072891789	0.462865709805713	NA	0.522714317931064	0.631668194485009	0.562850518151533	0.824886280000811	NA	NA	NA	NA	NA	NA	NA	NA	0.474332662035858	NA	NA	0.616290752696131	NA	NA	0.638160726115961	0.532682865820988	0.255676195386197	1.19649343125723	NA	NA	0.468712480565355	0.98671864507082	NA	NA	0.398118705319172	NA	0.666109542354197	0.435922484904429	0.373184957037407
NA	1.87927447975386	2.19829118928721	NA	NA	NA	NA	NA	NA	2.23520236676224	NA	NA	2.35552659457017	NA	2.25144140832919	NA	2.2082219952884	2.20818883529538	2.00053205949415	NA	1.50153129671287	0.698183453003345	0.271624703594567	0.836950863909364	NA	0.977520736242189	0.988727778491677	1.08972675517462	1.19050024129743	NA	NA	1.19314203012715	NA	0.768608700281616	0.509948973560298	1.47945770377767	NA	0.849202449102722	1.19550934569121	0.449596012360458
NA	NA	NA	NA	NA	NA	NA	NA	NA	NA	NA	NA	NA	NA	NA	NA	NA	NA	NA	NA	NA	NA	NA	NA	NA	NA	NA	NA	NA	NA	NA	NA	NA	NA	NA	NA	NA	NA	NA	NA
NA	NA	NA	NA	NA	NA	NA	NA	NA	NA	NA	NA	NA	NA	NA	NA	NA	NA	NA	NA	NA	NA	NA	NA	NA	NA	NA	NA	NA	NA	NA	NA	NA	NA	NA	NA	NA	NA	NA	NA
NA	1.8326194941011	1.48700375500593	NA	0.802606876125566	1.74742880144486	NA	1.04099272107113	1.1561045275992	2.03744305527541	1.28609145480262	1.67783066198954	1.88296027544547	NA	1.71704362538191	NA	1.49838816042816	NA	NA	NA	1.51450027941555	1.77320789203668	NA	1.7322947525122	1.03893465233262	NA	1.50868686196944	0.67927987379534	0.630784909622934	0.549936485603758	0.713006821458202	0.86794908858431	0.799068459392715	0.372423755054423	0.522907991979531	0.723282579500154	NA	0.158510770082204	0.516152570951999	0.473083057716351
NA	NA	0.617819621845619	NA	NA	NA	NA	0.81917996122464	0.799215645668164	NA	NA	NA	NA	1.40455425787269	NA	NA	NA	NA	0.9811390573697	NA	NA	0.276345218369485	0.289276319472434	NA	NA	NA	NA	NA	NA	0.474294704397361	NA	0.618004346115969	0.544836258016777	1.05158265908047	NA	NA	NA	0.422671665331676	1.54198488735694	0.40757700199649
NA	NA	NA	NA	NA	NA	NA	NA	NA	NA	NA	NA	NA	NA	NA	NA	NA	NA	NA	NA	NA	NA	NA	NA	NA	NA	NA	NA	NA	NA	NA	NA	NA	NA	NA	NA	NA	NA	NA	NA
1.05039747700194	NA	NA	NA	NA	NA	NA	NA	NA	0.188290530139452	NA	NA	0.322365424413421	1.50119882808524	0.188713486767768	0.464273991057859	NA	0.575125397048155	NA	0.503503363258106	NA	NA	NA	NA	NA	NA	NA	0.847473089731742	NA	NA	NA	NA	NA	NA	NA	NA	NA	NA	1.12109268257252	NA
NA	NA	NA	NA	NA	2.43124309724485	2.23788814685275	2.31480534116151	2.64592381276396	NA	NA	NA	NA	2.10064858371313	2.14657729336683	NA	2.60406298906881	2.17002975667925	2.9646653607911	NA	NA	NA	2.37715183172121	1.90459756604427	1.64210475700927	2.22772027678041	1.66770589493487	1.38659137528073	1.72645269091567	1.53481506289579	NA	1.68230853885155	NA	1.50944564497389	NA	1.46809655478113	NA	1.35603381190949	1.36291955558369	NA
NA	NA	NA	NA	NA	1.2397120283283	NA	NA	1.70519048304245	NA	2.060947311054	NA	NA	NA	NA	NA	1.32330802729934	1.65425323756096	NA	NA	1.22525417539129	1.14237011282575	NA	0.817915960536378	0.544506107108528	NA	0.538342616511294	1.08589565021098	1.01440162101374	0.967601877846474	0.632893315339279	NA	NA	1.17441830244664	1.49310077214987	0.367728834711056	NA	NA	0.701166823049343	0.413257778170311
NA	NA	0.934392827770083	NA	NA	NA	NA	NA	NA	NA	NA	NA	NA	1.00222378118559	1.91768344939755	1.85662211766514	NA	NA	NA	NA	NA	0.252232768381393	0.749043071328254	0.305132058639384	0.546652478551818	0.629702995119032	0.759597562888925	NA	NA	NA	NA	1.01741785487077	0.35949328914848	0.924100972577605	0.91829646974524	0.590959613621678	NA	0.476463952305548	0.945131492486691	0.888323714772745
NA	NA	NA	NA	NA	NA	0.861781731083213	1.18738926987329	1.14717416045053	NA	NA	NA	NA	0.267385176629044	0.227112556341927	NA	NA	0.553885532380565	NA	0.263179404841036	0.519942830505367	NA	NA	NA	NA	NA	NA	0.664460201887052	1.28845184019795	NA	NA	NA	NA	NA	NA	2.00352338866353	NA	1.72934383021655	NA	NA
NA	NA	NA	NA	NA	NA	NA	NA	NA	NA	NA	NA	NA	NA	NA	NA	NA	NA	NA	NA	NA	NA	NA	NA	NA	NA	NA	NA	NA	NA	NA	NA	NA	NA	NA	NA	NA	NA	NA	NA
NA	NA	NA	NA	2.23316838865548	1.50661900899287	NA	NA	0.976268303610065	0.942306453998595	0.757615985049801	0.99045305827858	NA	NA	0.449767019386209	1.07535347326562	0.367902856370244	0.834813629950586	0.687230132273973	0.652488816852608	0.841709969287242	0.828982637777218	0.969376245292411	1.11557576891708	NA	0.79951314157689	2.41177244849322	0.668248371341211	NA	NA	2.41657889382573	2.46977526037932	0.644147348610023	NA	0.657102510269731	NA	NA	0.666001455062109	NA	0.898453578101945
NA	0.987474690147461	1.4185629304212	1.28537077317397	1.01660540717471	1.62251065946257	1.83735831942618	NA	2.32445980072808	NA	NA	2.24150320272868	NA	1.78935043739336	1.80122523900229	NA	NA	1.38642681656693	NA	1.43194668255348	NA	1.40767983735338	NA	0.734652160414013	NA	0.591575404983546	NA	0.699525351772302	0.715031399059171	0.732319132961599	NA	0.349025764445402	NA	NA	NA	0.890747058897789	NA	0.332283699011866	0.459754506587874	NA
NA	NA	NA	NA	NA	NA	NA	NA	NA	NA	NA	NA	NA	NA	NA	NA	NA	NA	NA	NA	NA	NA	NA	NA	NA	NA	NA	NA	NA	NA	NA	NA	NA	NA	NA	NA	NA	NA	NA	NA
1.30195077042977	NA	NA	NA	NA	NA	NA	NA	1.15136587885258	NA	0.864285595171489	NA	0.701340851153578	0.749066907590648	NA	NA	NA	NA	NA	NA	NA	NA	NA	NA	NA	NA	NA	1.03352955881881	NA	0.610104051245005	0.726466074205785	NA	0.628709328552959	NA	NA	NA	NA	0.505106743766286	NA	0.833352546409829
NA	NA	NA	NA	NA	NA	NA	NA	NA	NA	NA	NA	NA	NA	NA	NA	NA	NA	NA	NA	NA	NA	NA	NA	NA	NA	NA	NA	NA	NA	NA	NA	NA	NA	NA	NA	NA	NA	NA	NA
NA	NA	NA	NA	NA	NA	NA	NA	NA	NA	NA	NA	NA	NA	NA	NA	NA	NA	NA	NA	NA	NA	NA	NA	NA	NA	NA	NA	NA	NA	NA	NA	NA	NA	NA	NA	NA	NA	NA	NA
NA	NA	NA	NA	NA	NA	NA	NA	NA	NA	NA	NA	NA	NA	NA	NA	NA	NA	NA	NA	NA	NA	NA	NA	NA	NA	NA	NA	NA	NA	NA	NA	NA	NA	NA	NA	NA	NA	NA	NA
NA	NA	NA	NA	NA	NA	NA	NA	NA	NA	NA	NA	NA	NA	NA	NA	NA	NA	NA	NA	NA	NA	NA	NA	NA	NA	NA	NA	NA	NA	NA	NA	NA	NA	NA	NA	NA	NA	NA	NA
NA	NA	NA	NA	NA	NA	NA	NA	NA	NA	NA	NA	NA	NA	NA	NA	NA	NA	NA	NA	NA	NA	NA	NA	NA	NA	NA	NA	NA	NA	NA	NA	NA	NA	NA	NA	NA	NA	NA	NA
NA	NA	NA	NA	NA	NA	NA	NA	NA	NA	NA	NA	NA	NA	NA	NA	NA	NA	NA	NA	NA	NA	NA	NA	NA	NA	NA	NA	NA	NA	NA	NA	NA	NA	NA	NA	NA	NA	NA	NA
NA	NA	NA	2.20344163011757	2.04255417648523	2.58368321331559	NA	2.21844216615342	NA	NA	NA	NA	NA	NA	NA	2.17486843374377	2.17494919833859	1.72921363216542	NA	2.64240606888635	NA	NA	1.75353376466796	NA	NA	NA	NA	NA	0.486219178394397	NA	1.19831959751505	NA	NA	NA	NA	NA	NA	NA	NA	NA
NA	NA	NA	NA	NA	NA	NA	NA	NA	NA	NA	NA	NA	NA	NA	NA	NA	NA	NA	NA	NA	NA	NA	NA	NA	NA	NA	NA	NA	NA	NA	NA	NA	NA	NA	NA	NA	NA	NA	NA
NA	NA	NA	NA	NA	NA	NA	NA	NA	NA	NA	NA	NA	NA	NA	NA	NA	NA	NA	NA	NA	NA	NA	NA	NA	NA	NA	NA	NA	NA	NA	NA	NA	NA	NA	NA	NA	NA	NA	NA
NA	NA	0.900865961749403	NA	NA	1.03291947846324	NA	NA	1.63976149951704	NA	NA	NA	NA	NA	NA	NA	1.20560402786198	1.39012241767309	NA	NA	1.21584065463574	1.46715507415778	NA	0.541250331111558	NA	NA	0.264158675531392	0.52730878800641	0.630936276358459	0.471263603026453	0.413231276376385	NA	NA	0.615207898833152	1.52602817860642	0.363699109580989	NA	NA	0.71972169797665	0.384915398217888
NA	NA	2.53429764668377	NA	NA	NA	NA	NA	2.37088292187894	NA	2.19234063159993	NA	NA	NA	2.09757313243905	NA	1.69902879217252	1.72388255504663	1.74230885098663	NA	NA	0.300367814207471	NA	0.588991649073189	1.32287587460437	0.692707216798564	NA	NA	0.754409161201831	NA	NA	NA	NA	NA	NA	0.358994997426907	NA	NA	0.756261583338991	0.689390137456204
NA	NA	NA	NA	NA	NA	0.638750200733936	0.924324683021355	0.718211534738805	0.333610852883519	NA	NA	NA	0.514174335969715	0.435442226275007	NA	NA	0.867977756678494	NA	0.486094775530971	0.320485917811419	NA	1.32447456023247	NA	NA	NA	2.23926275017925	NA	1.43133924970495	NA	NA	NA	NA	NA	NA	NA	NA	2.12064374231191	1.64341618036381	1.97189053179383
NA	NA	1.2841733817203	1.36882950172282	0.812485566143661	1.07290170611927	1.19849517818176	1.6117336134098	NA	0.487136690947412	0.796368141823769	NA	NA	1.06914040313449	NA	NA	0.747489664530387	1.40597914137103	0.793086648959542	NA	NA	NA	1.28122877323024	NA	NA	NA	NA	1.22220012800471	1.03745505519797	NA	0.815358266103336	NA	NA	NA	NA	NA	NA	0.601326058196537	0.662278372318773	NA
NA	NA	0.991464310242211	1.27325899280495	0.542865479137207	0.944842153666721	0.59226143366353	NA	1.1616056422307	0.741016693449573	0.712493638633107	0.587728916254514	NA	NA	NA	NA	0.917795330960459	0.937310202505947	0.929319377168058	0.771169462037083	NA	1.26776070435952	NA	NA	NA	NA	NA	0.788259499722569	NA	NA	NA	1.08636234291956	NA	NA	1.08691378342546	0.476056747751683	NA	0.330414975413882	0.234160159864793	0.393514054884739
NA	NA	NA	NA	NA	NA	NA	NA	NA	NA	NA	NA	NA	NA	NA	NA	NA	NA	NA	NA	NA	NA	NA	NA	NA	NA	NA	NA	NA	NA	NA	NA	NA	NA	NA	NA	NA	NA	NA	NA
NA	NA	NA	NA	NA	NA	NA	NA	NA	NA	NA	NA	NA	NA	NA	NA	NA	NA	NA	NA	NA	NA	NA	NA	NA	NA	NA	NA	NA	NA	NA	NA	NA	NA	NA	NA	NA	NA	NA	NA
2.06305977966974	NA	NA	1.92619645731572	1.84879895554403	NA	1.48060918210805	NA	1.65601795321532	NA	NA	1.11662619543417	1.52481306772817	0.839418106710486	NA	1.08377423764912	NA	1.04657891082571	NA	0.491280135454449	1.91379100872418	NA	1.5431349185987	NA	NA	NA	1.32966450897439	NA	NA	NA	NA	1.26018692384202	NA	NA	NA	0.391590276625869	NA	0.532658739358896	NA	1.20293645259663
NA	NA	NA	NA	NA	NA	NA	NA	NA	NA	NA	NA	NA	NA	NA	NA	NA	NA	NA	NA	NA	NA	NA	NA	NA	NA	NA	NA	NA	NA	NA	NA	NA	NA	NA	NA	NA	NA	NA	NA
NA	1.75061161717304	NA	NA	1.47237382299677	1.37698743816088	NA	2.3255222524579	NA	NA	NA	1.09759027565866	NA	NA	1.16791241026625	NA	NA	1.58985810507445	2.25273080289527	1.21569071886317	1.66462539280028	NA	1.64340460195261	NA	NA	NA	NA	1.29242521172929	NA	1.07768096460562	NA	0.975856562801956	NA	NA	NA	0.376896502560693	NA	NA	0.323965674578152	0.522737950730191
NA	NA	2.20871510719078	NA	1.85633899555065	NA	1.08311776392213	0.858479535175576	0.731202764606991	NA	NA	0.937754374042173	0.595294613932005	0.864975065961632	1.28546761813694	NA	1.00522877466323	NA	NA	1.194613477079	1.65008131428625	0.822799177952204	0.681926384322869	1.04825298907953	1.21821090808815	1.38621561013883	0.708761114205978	0.654198074126511	0.749029281463494	NA	0.544802093910764	0.562043430304913	0.515790621541022	NA	0.440104152020188	0.405971313144719	NA	0.226091728910791	1.07071148342164	NA
NA	NA	NA	NA	NA	NA	NA	NA	NA	NA	NA	NA	NA	NA	NA	NA	NA	NA	NA	NA	NA	NA	NA	NA	NA	NA	NA	NA	NA	NA	NA	NA	NA	NA	NA	NA	NA	NA	NA	NA
NA	NA	NA	NA	NA	NA	NA	NA	NA	NA	NA	NA	NA	NA	NA	NA	NA	NA	NA	NA	NA	NA	NA	NA	NA	NA	NA	NA	NA	NA	NA	NA	NA	NA	NA	NA	NA	NA	NA	NA
NA	NA	NA	NA	NA	NA	NA	NA	NA	NA	NA	NA	NA	NA	NA	NA	NA	NA	NA	NA	NA	NA	NA	NA	NA	NA	NA	NA	NA	NA	NA	NA	NA	NA	NA	NA	NA	NA	NA	NA
1.7111304410696	1.08664439262911	1.16593834728939	NA	NA	1.09680388491862	1.98174830018446	1.93648487273094	1.74117754730599	NA	0.823548640666423	1.3102956779241	NA	0.743936105127268	0.817021504839574	1.38653567785774	1.21150178761284	1.93743186155463	1.75452936528186	1.84629810436857	1.19004095268583	0.280783794783362	NA	0.769285691838966	1.05722540028558	NA	NA	0.225957719375023	0.461478184541587	0.0810435631345348	NA	0.662520574343183	0.68035463740823	0.405653701831378	0.239300847509465	0.304320688025971	NA	NA	0.283232616020286	0.471671744186302
NA	NA	NA	NA	NA	NA	NA	NA	NA	NA	NA	NA	NA	NA	NA	NA	NA	NA	NA	NA	NA	NA	NA	NA	NA	NA	NA	NA	NA	NA	NA	NA	NA	NA	NA	NA	NA	NA	NA	NA
0.687610059956972	1.10575148297865	0.902404533065665	NA	0.630179149362169	NA	0.574745065059375	0.501610506472032	1.24257197811028	1.12624239632111	0.948011671663764	1.17579293441842	1.00389064089662	1.32948576012681	1.51171622328905	1.19572556059989	1.51678847914129	1.14268774177243	NA	0.82281235814971	NA	NA	0.449842666577362	0.625279424009508	0.511733739925794	1.08560464649864	0.50820197026974	0.486086145449709	0.247655214996483	0.406556873066521	NA	0.179763225850962	NA	0.662481654162934	NA	0.630489713615809	NA	0.594573686471139	0.593967775301151	NA
NA	NA	NA	NA	0.81012958012048	NA	0.880754799760679	0.624681275331202	0.55278417646902	0.653602161696355	0.888283799449388	NA	0.793417149086129	0.613637261066849	NA	NA	0.696853198362423	0.812257541397573	0.669702107452101	0.765722737450799	0.934780446599169	NA	0.736351086477884	0.556025076821642	0.609794603927129	NA	NA	0.667169526232593	NA	NA	NA	NA	0.634494110292718	0.294737777098209	0.475331694846929	NA	NA	0.309057443246703	0.39732987481107	0.305612138765795
NA	1.12567460852113	1.1854667412567	1.42921597296008	1.33021611687837	1.0476882682712	0.890838252220935	1.0865020641124	1.53117088767735	1.73911096955253	1.51484902606245	1.71301715465701	1.41595656606371	1.74865189728149	1.66516932857299	NA	1.5417434825174	NA	1.65823309835598	1.31200112181871	NA	NA	0.503756756530594	0.532650770081047	0.423047904720506	0.139657237374312	0.258149998292484	0.267035820463538	0.568781730149676	0.463043907289874	0.44866566524312	0.771833087585071	0.406574600787079	0.560725596539445	1.02743660734606	0.521137570507878	NA	NA	0.452366166738667	0.269839502697789
0.825381822187187	NA	NA	NA	NA	0.727826327736	NA	0.425291071711205	NA	NA	NA	NA	NA	NA	1.24345568456638	NA	1.33211150596837	NA	NA	0.836687144209183	1.37700543559965	NA	1.13918556170874	NA	NA	NA	NA	NA	NA	NA	NA	NA	NA	NA	NA	0.422271471794912	NA	0.347370377099352	NA	0.434573202722455
NA	0.462077442140683	NA	NA	NA	0.723748308783551	1.05912719584155	NA	NA	NA	NA	0.92428472337256	NA	NA	NA	NA	0.578677244299613	0.685444825080148	NA	NA	NA	0.914569274608064	0.576599452069888	0.808512208899807	0.725585855778599	1.15420311164027	NA	0.744778415684676	0.506429709938431	0.553159239175471	NA	NA	0.388530140511489	0.311554400365912	0.533940798970331	NA	NA	0.37845031783873	NA	0.806905194203957
NA	NA	NA	NA	NA	0.544858603785145	0.452289573109987	0.46078334398915	0.612839385819965	NA	0.332019628771255	NA	NA	NA	1.20915118537269	NA	NA	1.34067020632594	1.20193187168741	0.843639156335702	1.3588775964576	0.22226992998137	0.313165178158129	0.222574204955464	0.444678971427708	NA	0.362289179560417	NA	0.643749626392189	0.350991687407158	NA	0.312136148619794	NA	NA	0.580922265493028	0.451833504230084	NA	0.35916354163343	0.537870781950968	0.961087337956351
1.1077184355991	NA	NA	NA	0.953115812190072	0.66772837616593	NA	1.8960510585803	1.07303818162757	NA	0.604905998090776	0.97053776948253	NA	1.68239104398588	1.30491799028744	1.45881496829618	NA	1.17612287389778	NA	0.725172163399475	0.935208705135674	NA	NA	0.665018777678193	0.280780426086077	NA	NA	NA	0.356773520681314	0.916936443492537	0.401059226020356	0.470657690692294	0.355525238156014	0.636872600352782	NA	1.03850953869295	NA	0.434700419444103	0.751829212655999	0.890682326306971
NA	NA	NA	NA	NA	NA	NA	NA	NA	NA	NA	NA	NA	NA	NA	NA	NA	NA	NA	NA	NA	NA	NA	NA	NA	NA	NA	NA	NA	NA	NA	NA	NA	NA	NA	NA	NA	NA	NA	NA
0.546468344678999	0.614858892211194	0.781526858885005	NA	0.684477257470124	0.476657736509014	0.525085414268447	0.544866002426701	0.823082580865619	1.13363412687704	0.714737416208388	0.978131293992574	1.16647576365875	1.33653090140095	0.860340326391924	1.09990414926722	1.04298852546258	0.565640596579099	0.542156653190635	0.38129980450846	0.338808166870745	0.586903015561983	NA	NA	NA	NA	0.685649616296406	0.608817028658325	0.377973926272721	0.314471864316081	NA	0.388989573439155	0.690816035755582	0.731277930771464	0.754482696833184	NA	NA	0.492599579133117	0.534027360477071	NA
0.53972996446032	1.24033561202178	NA	NA	1.04571418012067	NA	1.33361076838541	1.32055322899919	NA	NA	0.787642889381375	1.62895407307135	NA	1.45213408000577	0.976873987009773	NA	0.836582526113337	NA	1.2626483039507	1.0515907602424	1.33112405419806	0.95772270140602	NA	NA	NA	NA	NA	NA	1.32190583211571	1.10270170527603	NA	0.440585361902504	NA	NA	NA	0.218564756234987	NA	0.486513534016239	0.412324797510833	1.55556263455843
1.86477351747831	NA	2.14978018577552	2.14060090872178	1.97955066567734	1.83308545919991	NA	1.96223487829535	1.91619781085334	NA	NA	2.14908336067979	NA	1.48943341932092	NA	NA	1.4323370014279	NA	NA	NA	1.36234391135802	1.20347362512274	0.637688179996586	NA	NA	NA	NA	0.803927033606643	NA	0.300730149393903	0.545571742013407	0.406777017673656	NA	NA	0.119825937757973	NA	NA	NA	NA	0.875994983666713
1.28987549182855	1.3169175981538	1.50550026093897	NA	NA	1.08950922317211	NA	1.05626814617757	1.37353728932496	NA	1.53983368731795	NA	NA	1.19685603645221	NA	1.21657910532521	0.992303979544583	0.734422626097584	1.09948284123758	1.02061820496784	NA	NA	NA	NA	NA	NA	NA	NA	1.11674353567882	NA	NA	0.947918301257786	0.668589921570476	0.152143927466198	0.725165477447649	0.40541773743198	NA	NA	0.2764192773021	NA
NA	1.23842530776944	1.12896521236709	NA	0.939214728772743	0.946493426133925	0.762168018767054	0.611938104232162	NA	0.571814245569411	0.778612600271724	0.897841162664129	NA	0.804036814648786	0.703696533312991	0.877561940438737	0.845268440771666	0.643852212071417	0.66806407123412	1.33644301420617	1.16487331352092	1.38260505111565	0.96677847469449	0.769345947301547	0.853238276947976	0.825404203359026	0.533394727477359	0.977294562514928	0.714019420996622	0.432464332505095	NA	NA	0.236812139228586	0.298795376465885	0.377152828314058	0.399319904747457	NA	0.269011453849315	0.438093062401862	0.43209156594028
1.66170892399902	1.40479688796288	NA	NA	NA	0.816159808706724	NA	0.960462730771145	NA	NA	NA	NA	NA	1.06121333142571	0.828723991442238	NA	NA	NA	0.80827752123001	NA	NA	0.920948328164188	NA	NA	NA	NA	NA	NA	NA	NA	NA	NA	NA	NA	1.23152201679034	NA	NA	NA	0.735887825672881	NA
NA	1.40638204595859	NA	0.45235468016304	1.68425397981615	1.1617777841513	NA	0.781955229813699	0.413990708589801	1.34347918428422	1.70169133418751	1.04646677300998	0.132844880870973	1.92963821801523	1.28868411554076	2.80622133886343	1.77296408685797	0.0924371893519419	NA	0.713109388157964	0.31746319872101	0.245610155472904	0.494039732501546	0.669590448914128	0.826026024385024	0.928734929020512	0.775203025586697	1.00828240207964	0.739841883941108	0.276714684575239	0.21356788221866	0.500146897884182	0.229710764893645	0.434578854141613	0.407764780581584	0.845592605143641	NA	1.45678023653201	0.994539994104442	1.82318164326919
NA	NA	NA	NA	NA	NA	NA	NA	NA	NA	NA	NA	NA	NA	NA	NA	NA	NA	NA	NA	NA	NA	NA	NA	NA	NA	NA	NA	NA	NA	NA	NA	NA	NA	NA	NA	NA	NA	NA	NA
1.25675691495499	1.38006996607602	0.649791288900842	NA	NA	1.01341045437658	0.836673386943702	1.21028390725718	0.917333545317678	NA	1.37601804595231	0.716695256340489	NA	0.625977107254696	0.723281418703433	0.233233290786529	0.419928919358771	0.565911119030892	0.409496989399451	0.511958953799841	0.241898676436394	0.357700369914558	0.205553908160478	0.319941051440529	NA	0.517217808823799	0.411095308547019	NA	NA	0.711700081374458	NA	0.804048286239909	NA	0.735512714127982	NA	NA	NA	0.534463359221385	0.551824487430437	0.721428428662789
NA	NA	1.16752674385049	NA	0.824405084396226	0.631346513691393	NA	0.484523600250164	0.635235183634649	NA	0.562459196847358	NA	0.445835717067548	0.468527181736325	0.490265389835868	0.289725689587013	0.60822927663091	0.229692734667657	0.19715224017627	0.294243388611283	0.714377483952048	0.559435161109708	0.328778659648354	0.721770019388367	NA	NA	NA	0.849907249530304	NA	0.659310457357307	0.200004635889572	1.02423260632033	NA	0.237575117590668	0.137923148577734	NA	NA	NA	0.493478861837069	0.545821863261678
NA	1.82476746186019	1.98661010296394	2.1435916139257	NA	NA	1.77479573986522	1.62134256270856	1.72096224820853	1.56279798384143	1.97269782959308	1.7796865997895	NA	1.58564455182129	1.8455021030299	1.72283354759947	1.98762886921854	1.97588679648857	1.43437479918857	1.67113672091972	0.830362142411907	0.655738486944851	NA	0.635775462535981	0.615655505929139	0.430664915351486	1.97670797245873	1.01875571652934	0.506143480217592	NA	NA	0.16184936881415	0.35105551069581	0.145235108130223	0.415818974782024	0.319286433331238	NA	0.111597232339446	0.543088321784294	0.501998534325144
NA	1.53081615437874	NA	NA	1.37901321610332	0.951214122473227	1.22398048702722	NA	0.69790833669768	0.869277240518442	0.78742119150283	1.0874929126306	0.83043388301741	NA	1.15843250262972	1.70185272445945	1.60664294685633	NA	1.39682661449001	0.862019793867674	NA	0.509750021897564	0.663285734368371	1.03303722756931	0.715088960552562	NA	NA	0.533766462081989	1.50345294265434	NA	NA	0.912088968455677	1.14908459229125	NA	NA	NA	NA	NA	0.542306810454296	0.710388669001093
1.62826100572064	NA	NA	NA	1.18253411165149	0.996998593176571	1.10923239446574	0.970740929957212	NA	NA	NA	1.43490370909793	NA	0.823807548975622	NA	1.09115098591612	1.04124156120057	0.998353553589098	NA	1.125935108121	0.652755229294307	NA	0.576621404681951	0.681991682978324	0.675463505862624	NA	0.38943643132424	0.943359499192227	0.618377229738287	0.850878002635093	NA	0.463096592381886	0.462543837905591	0.504993977356468	0.361671730867569	NA	NA	NA	0.427003277533104	0.579129259682726
NA	NA	0.881272291547539	NA	0.28724883618334	0.860859782876349	NA	1.61692127487752	1.10183611545594	NA	NA	NA	NA	NA	NA	NA	NA	NA	NA	1.45080871426017	NA	1.09998328152404	0.534235913349219	1.08034996676956	1.33344247574774	0.847788965249716	0.922527835493659	1.28601987778276	NA	1.37677643460956	0.606649877510158	0.613222683052216	1.42555641734279	1.21769277861099	NA	0.270555103631559	NA	NA	0.433528737984316	NA
0.934233248144535	1.22829587502997	0.927408447130177	0.835381622055056	NA	0.408937072189439	0.954607639655569	1.20596609335357	1.18918571686631	0.536379193845884	1.40903189868622	NA	NA	NA	NA	NA	NA	NA	NA	NA	1.58877738604625	0.614474737303682	0.494253998316801	NA	0.583994468476002	NA	0.8289400687247	1.2092298300289	0.652979977635277	0.831092748968173	0.771435175299425	NA	0.629619134163418	0.60542764235173	NA	NA	NA	NA	0.142896267328071	NA
2.14931408125025	NA	NA	NA	1.83555346834487	1.81356209603462	1.61842190253482	NA	NA	1.65387132727527	NA	1.75821569228725	NA	NA	NA	NA	NA	NA	NA	1.34403942665897	1.65973082200777	1.13966482420089	NA	1.44176296676412	1.1235977074954	NA	1.49477978063845	1.42434578736723	1.60036508980283	0.864633224644173	NA	0.986853432754582	0.756227123925512	1.60136401261569	0.549098753589116	1.32147612255141	NA	NA	0.615926729017806	1.58222735424199
2.16140498696692	2.59965783597029	NA	2.49243852558446	2.02066744238951	2.69265959169737	2.7059633606187	2.40329780322829	2.15328818368687	3.00856722994155	2.00747465390013	2.05711381498366	NA	2.14396236143848	1.91832834775003	1.80217646349696	NA	1.81870839405288	1.41232666688403	1.61730275390952	1.82399796060663	1.10680471873935	0.920178507383614	NA	NA	1.35773533881366	NA	1.40787321146	NA	NA	NA	NA	NA	1.10772751948893	NA	NA	NA	0.869735070147617	0.569682726411453	NA
NA	0.536408856589437	0.356272719556998	NA	NA	0.571891814236002	0.667639164328903	0.779766803427343	0.78028603580455	0.23523307238888	0.900512039057098	0.512123450391289	0.679742865224807	0.387611899680373	0.300965281651051	NA	0.241346170965275	1.75923428733386	1.04581332972399	0.675462629745482	1.40414580995546	0.953126026510403	0.239857835852519	0.270230585898073	0.225821662841605	NA	NA	0.292945066178069	0.353375138306302	0.192756331941217	0.118556451425714	0.380333408412568	0.370602283724464	1.06032474913259	0.810471332368834	1.14256038445361	NA	0.300574903153113	0.426909239227206	0.829279375678739
NA	NA	1.39726310720467	1.22902977331473	0.872219746221878	0.809659230409053	0.625987403686639	1.21286770495386	0.911852163830261	1.75264683300077	0.644886606306387	0.542791816901755	0.450461407085174	0.54012404900666	0.574069912294074	0.751202780935772	0.743023701898628	0.909677803548407	0.693096239955788	0.72451106317219	0.528640277907225	0.456301780924499	0.242385041579615	0.395564918967752	0.426754539451928	0.235700213962878	0.389647596057792	1.11501106996016	1.07477270463775	0.695577566016418	0.202686551421763	0.862312460749591	NA	NA	0.348257750238298	0.333045208532621	NA	0.214355245541096	0.139551373512161	0.292023798609541
NA	NA	NA	NA	NA	NA	NA	NA	NA	NA	NA	NA	NA	NA	NA	NA	NA	NA	NA	NA	NA	NA	NA	NA	NA	NA	NA	NA	NA	NA	NA	NA	NA	NA	NA	NA	NA	NA	NA	NA
NA	NA	NA	NA	NA	NA	NA	NA	NA	NA	NA	NA	NA	NA	NA	NA	NA	NA	NA	NA	NA	NA	NA	NA	NA	NA	NA	NA	NA	NA	NA	NA	NA	NA	NA	NA	NA	NA	NA	NA
NA	NA	NA	NA	NA	NA	NA	NA	NA	NA	NA	NA	NA	NA	NA	NA	NA	NA	1.17470432165899	1.51769733502116	NA	NA	NA	1.5967970729342	NA	NA	NA	NA	NA	NA	NA	NA	0.505818652764607	NA	NA	0.286644057381297	NA	0.523723076628359	0.684476494395996	0.692247841828424
NA	NA	0.616349892174702	NA	NA	NA	0.476144672960472	NA	1.09323899430121	1.24189546423827	0.333109800733038	0.994982269618069	NA	NA	0.60850278276922	0.791701893389367	1.36579004991697	1.65483213421048	NA	0.506286547336195	NA	1.28336720245748	NA	1.34011150787396	NA	1.6465096037938	1.6210683873779	1.7237460361083	NA	NA	NA	NA	NA	NA	NA	NA	NA	0.233065735041512	0.790626682339837	NA
NA	NA	NA	NA	NA	NA	NA	NA	NA	NA	NA	NA	NA	NA	NA	NA	NA	NA	NA	NA	NA	NA	NA	NA	NA	NA	NA	NA	NA	NA	NA	NA	NA	NA	NA	NA	NA	NA	NA	NA
NA	NA	2.00093934065376	1.84591704858394	NA	1.22378021063936	1.40070255532445	0.969515941824696	0.380051768602103	NA	1.20472239596528	NA	1.53810849869212	NA	1.60855282512314	0.567191486775973	1.28541977410211	1.60531604839698	1.57609953266583	1.26735002036475	1.47698450855091	NA	1.72772705019637	NA	NA	NA	0.949110472538416	0.63245626282282	0.684239156636534	0.825764037544466	0.939423274258744	1.13667273794558	0.604618577467263	0.865728360008812	1.09006615415181	1.04164562404918	NA	NA	0.403738034115515	0.441480477677496
NA	NA	NA	NA	NA	NA	NA	NA	NA	NA	NA	NA	NA	NA	NA	NA	NA	NA	NA	NA	NA	NA	NA	NA	NA	NA	NA	NA	NA	NA	NA	NA	NA	NA	NA	NA	NA	NA	NA	NA
1.69435904166047	1.36652256499075	NA	1.58770390110693	NA	NA	1.63101506496654	1.55257098251103	NA	NA	2.22993206643119	NA	NA	1.88863046543583	1.56807605626343	2.65355411271818	NA	NA	NA	NA	1.85582682359865	1.71286491723187	0.199538849423671	0.955004083160126	NA	NA	1.21593780175502	1.19759939633983	NA	NA	0.563937845198894	1.00750515732444	NA	NA	1.21363205767046	NA	NA	NA	1.18853494788803	0.87612214314305
NA	NA	NA	NA	NA	NA	NA	NA	NA	NA	NA	NA	NA	NA	NA	NA	NA	NA	NA	NA	NA	NA	NA	NA	NA	NA	NA	NA	NA	NA	NA	NA	NA	NA	NA	NA	NA	NA	NA	NA
NA	NA	NA	NA	NA	NA	NA	NA	NA	NA	NA	NA	NA	NA	NA	NA	NA	NA	NA	NA	NA	NA	NA	NA	NA	NA	NA	NA	NA	NA	NA	NA	NA	NA	NA	NA	NA	NA	NA	NA
NA	NA	1.90928022746829	NA	0.617834063148002	NA	0.383209923367003	0.289940008699197	0.300396172223168	0.444574199055881	0.463693032034339	0.93464863826789	NA	0.919020341730678	1.22360610232171	0.841264811204164	NA	NA	0.868347601610849	0.542481767186522	0.103494871659959	NA	NA	0.723979028679844	NA	NA	0.630770201829422	NA	0.76128225827692	NA	NA	0.823758671897902	0.866326846955359	0.255018866235819	0.251694705744054	0.763242173885053	NA	0.637653330170364	NA	NA
NA	NA	NA	NA	2.07862725263845	1.2500216154928	NA	1.58114810228794	1.69385308216473	1.78494168485307	1.28128349955457	NA	NA	NA	1.36939777601549	NA	NA	0.943887036044863	1.91193089131027	0.741171725508321	NA	0.963012287597523	NA	0.918791233442422	2.00648543301618	NA	NA	1.33891898721197	1.02313915213928	NA	NA	0.890159601814101	0.311117483607063	0.521549009440493	NA	1.03308431634272	NA	0.1663459931851	0.510799176163029	1.00319963058198
0.626378474206117	0.842110903563199	0.59155545940529	NA	0.544181814000244	NA	1.37910807894983	1.16058598296607	NA	1.66845375033745	NA	0.818864197133414	NA	NA	1.43606491435739	0.652753747338753	1.07578143864944	1.2929842459456	NA	0.66978909122107	1.10257516872974	1.23012281269397	0.909219918806988	0.97315619293408	0.862794481590125	0.670666396578131	0.618332420820097	1.20801420451625	NA	0.602576075387259	0.582298009336549	1.20469033515652	0.602882258796149	0.575070056925151	0.327961798747985	0.651980396155608	NA	NA	0.314403626031028	0.366343683387878
NA	NA	NA	NA	NA	NA	NA	NA	NA	NA	NA	NA	NA	NA	NA	NA	NA	NA	NA	NA	NA	NA	NA	NA	NA	NA	NA	NA	NA	NA	NA	NA	NA	NA	NA	NA	NA	NA	NA	NA
NA	NA	NA	2.07036603255314	NA	1.2909577609154	NA	1.55621957063088	NA	NA	NA	1.08700461742744	NA	0.785367234181469	1.23856663228598	NA	1.76483591288656	1.38270022129449	NA	NA	NA	NA	0.976278162538163	0.953690789117278	NA	NA	NA	NA	NA	NA	0.532166462081496	0.719897005483402	NA	0.772774133627873	0.533161815739264	NA	NA	0.407338348299985	0.366791523182448	0.836880750318044
1.69578736231381	1.70417418279958	1.69451753992357	1.36034886130918	1.9007454673168	NA	2.07806177512739	2.03141134289413	2.01208849449414	1.83604034578077	1.61439492403701	2.2352142454327	NA	1.6941358255368	1.61912694685571	NA	1.53612233181134	1.61165616056908	1.93410734696965	1.83021456022094	NA	1.94074599418866	2.0082034878511	1.34727614089553	0.675749773151487	NA	1.76982200939108	1.69982054890212	1.15056430043623	1.43293661769899	NA	1.77314202766721	1.06154451705765	NA	1.41465566491276	1.43849951725816	NA	0.896605460736063	1.12477007734375	0.890867355390748
1.25746423315642	0.995820245971353	1.41117666879393	1.26040462257319	NA	0.995841495122724	1.41256466226512	1.02164793878607	1.03033641906341	NA	1.35750272747317	NA	1.72958051527378	1.4282836002121	NA	NA	1.29321624320391	1.04274328528494	0.90096573872494	NA	0.887641930749835	1.04144534566742	0.658953974609858	NA	0.370016814944203	0.680980637686875	0.267372832704936	NA	0.730833459991643	0.896983861254866	0.812086943364792	0.671362395996934	0.568813068905551	NA	0.486929530541028	NA	NA	0.134232284240769	1.60901431156378	0.700094600437734
NA	NA	NA	NA	NA	NA	NA	NA	NA	NA	NA	NA	NA	NA	NA	NA	NA	NA	NA	NA	NA	NA	NA	NA	NA	NA	NA	NA	NA	NA	NA	NA	NA	NA	NA	NA	NA	NA	NA	NA
NA	NA	NA	NA	NA	NA	NA	NA	NA	NA	NA	NA	NA	NA	NA	NA	NA	NA	NA	NA	NA	NA	NA	NA	NA	NA	NA	NA	NA	NA	NA	NA	NA	NA	NA	NA	NA	NA	NA	NA
1.13580881768896	1.26280884775421	1.07326306443584	1.13581431616294	NA	NA	0.949787648150154	1.0570682694406	1.01236094377065	1.22131175297766	NA	1.16788756821913	1.15193698816829	0.911075995774016	NA	NA	1.23172628028633	1.06599309403452	NA	0.693495518988129	2.15930984292136	NA	NA	NA	NA	NA	NA	NA	NA	NA	NA	NA	NA	NA	NA	NA	NA	NA	NA	NA
NA	NA	1.62332554242176	NA	NA	1.71534105264749	NA	NA	1.65829741440565	NA	NA	1.57907370065699	1.26001889177239	NA	1.37611498232901	1.57177931765792	NA	NA	1.29640496210241	NA	1.58339383910096	1.22682047208644	NA	1.0446238902799	NA	0.914246375420566	NA	1.37870088035876	1.32628424224842	1.33603254627146	NA	NA	NA	NA	1.9101348187647	1.78374994456945	NA	1.30389058179366	1.5365273448865	1.07454239433514
NA	1.02227432844716	0.833285236951466	NA	0.60283803017787	0.72214040490206	NA	0.809280718423154	0.830682638019471	0.911506094969332	NA	0.705690562614009	NA	0.906265585912261	1.13738371655116	0.657039511685527	NA	0.62154410190626	NA	0.628917484144015	0.315379457196451	1.7268824064435	NA	NA	0.465511131410699	0.678589500829255	0.804960869153955	0.489480866444883	0.494058739168951	0.603281207454859	0.337425556585371	0.714347677202064	0.872718919603871	0.352114455908678	0.507403017048793	0.238733583806636	NA	NA	0.729283431049426	0.356024127039924
NA	NA	NA	NA	NA	NA	0.809748384663451	NA	NA	NA	NA	NA	NA	NA	NA	NA	NA	NA	NA	NA	NA	0.625382789107442	0.334804077042883	NA	0.30381244335464	0.357995583406075	1.1589477831043	NA	0.581355901041375	0.547628850758181	0.31066409000182	0.405372771424828	NA	0.480883891359152	0.483685783075478	0.525854507881542	NA	0.442622547711534	0.0939237258592345	0.310778480856867
NA	NA	NA	NA	NA	NA	NA	NA	NA	NA	NA	NA	NA	NA	NA	NA	NA	NA	NA	NA	NA	NA	NA	NA	NA	NA	NA	NA	NA	NA	NA	NA	NA	NA	NA	NA	NA	NA	NA	NA
NA	NA	NA	NA	NA	NA	NA	NA	1.7481005841152	NA	NA	NA	NA	1.92769962864851	NA	2.13293442229543	NA	2.21091240812267	NA	NA	1.34005655827797	0.96702086264222	1.08632770555152	0.750277455662762	0.952673307164867	0.730570422396787	NA	0.921194643890268	0.801380462625248	1.17012143912646	0.452610557164841	0.732344168987884	NA	NA	0.305343504359988	0.0898022472769193	NA	0.510327185237483	0.216865186014413	NA
NA	NA	NA	NA	NA	NA	NA	NA	NA	NA	NA	NA	NA	NA	NA	NA	NA	NA	NA	NA	NA	NA	NA	NA	NA	NA	NA	NA	NA	NA	NA	NA	NA	NA	NA	NA	NA	NA	NA	NA
NA	NA	NA	NA	NA	NA	NA	NA	NA	NA	NA	NA	NA	NA	NA	NA	NA	NA	NA	NA	NA	NA	NA	NA	NA	NA	NA	NA	NA	NA	NA	NA	NA	NA	NA	NA	NA	NA	NA	NA
NA	NA	NA	NA	NA	NA	NA	NA	NA	NA	NA	NA	NA	NA	NA	NA	NA	NA	NA	NA	NA	NA	NA	NA	NA	NA	NA	NA	NA	NA	NA	NA	NA	NA	NA	NA	NA	NA	NA	NA
NA	NA	NA	NA	0.768154899602168	1.39132990896005	NA	NA	NA	0.858493777161251	0.895067838031605	NA	NA	0.226064568879176	0.621428051847697	NA	0.854123635918197	0.392212414361558	0.701267369658759	NA	NA	NA	0.246318124158743	NA	NA	NA	1.35242196927636	1.62178551123233	0.976850698606634	0.494797353660078	NA	NA	1.31643013620376	1.38926454221265	1.55756805526528	NA	NA	NA	1.12475541022944	NA
NA	NA	NA	NA	NA	NA	NA	NA	NA	NA	NA	NA	NA	NA	NA	NA	NA	NA	NA	NA	NA	NA	1.21887720255356	NA	1.71842433189351	1.38344762815726	NA	NA	1.09841180507389	0.888540873330312	NA	NA	NA	0.450973772789495	0.244926030905532	0.41537857817448	NA	NA	NA	NA
NA	1.45948691873781	1.59275522903236	NA	1.26229879789846	NA	NA	1.42659826651558	NA	NA	NA	NA	0.22534382008319	0.22676104506065	NA	0.516478155521147	0.253315023842164	NA	NA	0.58333773612824	0.722968995335429	0.413590385777458	NA	NA	0.405757891248543	0.434424142649946	NA	0.588950958389773	NA	NA	NA	0.749455519406186	0.720468626749196	NA	0.659787543497204	0.41350679684896	NA	0.192735492391258	NA	NA
1.52795593766305	NA	1.44236679624625	NA	1.40967566407076	NA	1.59622781881134	1.35702595678257	NA	1.06801997867885	NA	NA	NA	NA	1.85704437874474	1.43792210242825	1.6932361200676	NA	NA	NA	NA	NA	0.157216610055787	NA	0.899021697971814	NA	NA	NA	0.275280704931813	0.392440817656863	NA	0.469621468853142	NA	NA	NA	0.18453897664967	NA	0.135848768099861	NA	NA
NA	NA	NA	NA	NA	NA	NA	NA	NA	NA	NA	NA	NA	1.4918188033645	1.3690711769392	NA	1.06750415240576	NA	NA	NA	NA	1.42156577946622	NA	NA	NA	NA	NA	NA	NA	NA	NA	0.615799957668013	0.517962516204773	NA	0.491447642346628	NA	NA	0.805305228834209	0.551934301650862	NA
NA	NA	NA	NA	NA	NA	NA	NA	NA	NA	NA	NA	NA	NA	NA	NA	NA	NA	NA	NA	NA	NA	NA	NA	NA	NA	NA	NA	NA	NA	NA	NA	NA	NA	NA	NA	NA	NA	NA	NA
NA	1.0447936273974	NA	1.83573675792825	0.99868974410687	0.795903857645121	0.733853657915278	0.616712783150062	1.37350416033762	0.962897136037531	1.01899982991871	0.937661568908768	NA	1.55504199489173	1.1515718890292	NA	0.725169410090724	1.41148701879136	0.840774386908231	NA	0.890560071534165	0.694302456557018	0.199588805885901	0.42452732453844	0.104693755395082	0.716389695566995	NA	0.767916043043296	0.577866302564095	0.914509097060238	0.720676721143287	0.328285703275553	1.16185660376111	1.38669398624316	0.721520445696807	0.772645689385566	NA	1.61504291937871	0.604663395485555	1.02912430296984
NA	NA	0.848454028369557	NA	NA	NA	NA	0.425711791687727	NA	0.35569366575355	NA	NA	NA	NA	0.39243739474351	NA	NA	0.270234041853194	NA	0.27740904677795	NA	0.456352407391268	NA	NA	NA	NA	NA	0.196492025732568	NA	0.832252788142734	1.51606443256544	0.455922475788665	0.697597301425463	0.706602005450879	NA	0.410393491424592	NA	0.525527977678993	0.207101542569324	0.883037581613019
NA	NA	NA	NA	NA	NA	NA	NA	NA	NA	NA	NA	NA	NA	NA	NA	NA	NA	NA	NA	NA	NA	NA	NA	NA	NA	NA	NA	NA	NA	NA	NA	NA	NA	NA	NA	NA	NA	NA	NA
NA	NA	0.671175013580288	NA	NA	NA	NA	1.08153184704616	NA	NA	NA	NA	0.712205722921065	0.815120035521257	0.999180365444869	NA	NA	0.727100931287439	0.450355145355097	NA	1.01265814390849	NA	0.603166125071592	NA	1.44256352890833	0.481427298671582	0.397419226915817	NA	NA	0.370111471173908	0.509923949405285	0.41583491496755	0.332954401702594	0.178473270501008	0.371841089949352	0.280575944664467	NA	0.263935534143992	0.475574309720261	0.106990465175208
NA	NA	NA	NA	NA	NA	NA	NA	NA	NA	NA	NA	NA	NA	NA	NA	NA	NA	NA	NA	NA	NA	NA	NA	NA	NA	NA	NA	NA	NA	NA	NA	NA	NA	NA	NA	NA	NA	NA	NA
NA	NA	NA	NA	NA	NA	1.96655343270716	NA	NA	NA	NA	NA	NA	NA	NA	NA	NA	NA	NA	1.71046058361811	NA	1.27926791274612	0.84094931692214	NA	1.5749440811438	NA	1.30158545839796	0.621213766466788	1.08558055504087	NA	NA	NA	NA	0.638014457907697	NA	0.306324127365558	NA	1.03207745676467	0.409195759759042	1.83946845995391
NA	NA	0.741441410564455	NA	NA	0.73162039824268	0.72549500422954	0.606753197432951	0.307565175279886	NA	0.730951407479219	0.397051304593142	NA	0.644075698740336	0.411861848925522	0.464910005052829	0.310598874230372	NA	NA	0.447364932799458	NA	NA	0.13051099624391	0.379060119284466	0.701085441714668	0.623006084031158	NA	1.06531632837815	0.648675274466614	0.557219487085015	0.648544939868698	0.305317262933572	0.396281968595547	0.410826134674626	NA	NA	NA	0.693414599192966	0.50908406477542	0.794512922722643
NA	NA	NA	NA	NA	NA	NA	NA	NA	NA	NA	NA	NA	NA	NA	NA	NA	NA	NA	NA	NA	NA	NA	NA	NA	NA	NA	NA	NA	NA	NA	NA	NA	NA	NA	NA	NA	NA	NA	NA
NA	NA	NA	NA	NA	NA	NA	NA	NA	NA	NA	NA	NA	NA	NA	NA	NA	NA	NA	NA	NA	NA	NA	NA	NA	NA	NA	NA	NA	NA	NA	NA	NA	NA	NA	NA	NA	NA	NA	NA
NA	NA	2.21320501164131	NA	NA	NA	NA	NA	NA	NA	NA	NA	NA	NA	NA	NA	NA	NA	NA	NA	NA	NA	NA	NA	NA	NA	NA	NA	0.93983156711788	1.00784054147848	1.00031198841158	0.674139231381331	0.307710132610438	0.453446981176015	0.501603995665425	0.268943647516469	NA	0.0734819171983926	0.244845603738498	NA
NA	NA	1.20287677944908	1.98266596860672	NA	1.97837191395737	1.75164663478595	NA	1.93745353549888	NA	NA	NA	NA	1.99350611501706	1.93361178410595	NA	NA	1.69962721199796	1.83425884889617	1.49589287552081	1.15220981406998	0.611122343558622	0.665066260917155	0.824201382125831	1.65949135268196	NA	NA	0.564706740813553	0.561162904281707	0.543923005050654	0.457795899870482	0.942266063637263	0.775409164972517	1.19575175123012	0.796088462352342	NA	NA	1.22201842251447	1.15945836235941	0.947111559413682
0.331384121958607	1.35949966580354	NA	NA	NA	NA	0.526088484039861	0.513907329222592	0.69844426376358	1.29293447230966	NA	0.86638918379149	0.735476914228905	0.903406270123744	0.950764184390043	1.34177243216426	0.933963219000394	1.12854092606689	1.02246093525494	0.893243675932977	0.904237273288402	0.577829040045701	0.939572452765129	NA	0.95408452916912	0.905457093356782	0.933891935906296	0.648965104799923	0.633822936491917	NA	NA	0.322306626919213	NA	1.89196738934479	0.317228096571476	0.285320770593948	NA	0.181675820276637	0.123481384693333	0.420271091474836
NA	NA	NA	0.617538535558167	1.07551077057109	NA	1.82845609185146	0.762296150650922	1.84474010437194	1.38343073012233	1.42845359094676	1.1091429081626	1.14918610621674	0.641113368010849	1.02998313638078	1.79858894603408	1.33454236294699	1.34042806420981	1.66126892636438	NA	1.64028421248386	NA	NA	1.49366580580459	1.46084629434863	NA	0.836931984704696	NA	NA	NA	NA	0.490873264546879	0.377173484446707	0.290100234230224	NA	0.374216061891976	NA	0.887083938426404	0.523184716894606	0.462146008316556
1.76237336250714	1.06582145481624	1.15045823341878	1.58980562443229	0.936716783086082	0.540350888424594	0.69212211393376	0.330797999350165	0.501402314172843	0.83732029341953	0.678727870062059	1.56599305979469	0.611143504240146	0.700704545814243	0.786837492962814	0.550490279821167	0.641234291053759	0.641468010528294	1.08366112355945	0.378094036337319	0.847982091548127	0.644073299253155	0.87191471203173	0.640504341076182	0.761070965207341	0.506390732334552	0.86414816129779	0.665425889720238	0.980971049513403	NA	NA	1.41944342993858	0.653221673602174	0.838663101793078	0.541740673984244	0.696542625855375	NA	NA	0.872761103455496	0.575647602372953
NA	0.670564593847461	NA	NA	0.755731960307147	NA	0.617434233684621	NA	NA	1.01927865835149	NA	NA	NA	1.28057420807617	NA	NA	1.07300812404875	1.37501874410941	NA	NA	NA	NA	0.451830570291737	0.302946470526283	NA	0.628828100897419	NA	NA	0.487158652866732	0.661778626381015	0.876415042129872	0.915798904091719	0.306716861929835	NA	NA	0.448084517833108	NA	0.449189513236567	0.52891174690429	0.619216237423738
1.53093200107672	1.25598133121509	NA	NA	NA	1.65645372753261	NA	NA	NA	1.15615194588042	NA	1.04641083728874	NA	1.13530610774429	1.26796041753802	NA	1.06306958899621	0.928561650128054	NA	NA	NA	0.363934650653662	NA	0.322395039781016	0.392616397946194	NA	NA	0.658691366619977	NA	0.865895111762191	NA	1.21732901924497	0.919963906857456	NA	NA	NA	NA	0.518055815597084	0.432413749554721	NA
NA	NA	0.624524064380904	0.601008267896233	0.623230252380179	1.06789962217619	1.16951468791926	1.10013805389068	0.816176310524425	1.46615242612895	NA	1.82123780220812	NA	0.809636923637628	0.637953717553099	0.724484637945605	0.458668046872069	NA	1.05683607967244	NA	0.903840567424461	0.766958356401611	0.57592628372236	0.718423449092956	0.533454304222453	0.879389176377624	0.578636262644668	0.638523857830402	0.760344712074607	0.476215020098825	0.609578021924223	0.459388791171741	0.49710082744741	NA	0.236095503725596	NA	NA	0.589350404272683	0.506464692778063	0.689444691047778
0.725476226959767	NA	1.0398787077528	NA	0.230182652200712	NA	0.694274719316134	0.913147625190774	0.531891901350327	0.630341895606541	0.547975440452669	0.706666886620378	1.13777589227837	0.531307531656554	0.697446764040007	0.366357051859409	0.626740462325564	1.00667623669786	0.652456456324984	0.402265970558949	0.684393848077529	0.258142015432284	0.661258869468114	0.921426241796269	NA	0.653748063771683	1.25711787918579	NA	1.08556176964957	0.68251518692483	NA	NA	0.489945732295179	0.342283010324442	0.353632441227226	0.349582194763732	NA	0.426693927961528	0.453980136154503	0.218627265770812
NA	0.968022062598786	NA	NA	NA	NA	NA	0.983291220699728	0.816510089918534	NA	1.46737568522028	1.02564736950301	NA	NA	1.53977949563456	NA	NA	1.24134481458605	NA	0.853714823421975	1.3079947624118	0.811097716281502	NA	NA	1.07640793686899	NA	NA	NA	NA	NA	NA	1.47351574124572	NA	NA	1.76033448369797	1.33191742858265	NA	NA	1.23920823926932	1.55573259249946
1.33379225344499	0.920881492415596	NA	1.47034379925868	0.99434294857555	0.657049750742433	0.868393654742493	0.434800704177143	0.589325974761568	0.60948246815544	0.286520274647301	NA	0.621532371995763	0.385736985918724	NA	NA	0.883935489165183	0.588368686236614	1.18305340260292	0.567524877146548	0.800907182158041	NA	0.412620781583157	NA	NA	NA	NA	0.63856596107822	0.651007384887715	NA	NA	1.2535001039635	1.06794763861808	0.807000739629337	0.573795122655975	NA	NA	0.871359774646566	NA	0.187242503745122
0.513314818732996	NA	NA	1.20042367597101	0.73254472056933	NA	0.796167044195046	0.485427094443257	0.529756770078972	0.501244888418893	0.791659021961789	1.40883012029481	NA	0.0644246860053528	NA	NA	NA	0.748382503890157	NA	NA	NA	1.00513679973772	0.570958342602206	0.264549588034401	0.276683741400398	NA	NA	0.540541247334578	0.249940167586919	0.805141617148586	NA	0.359795319015281	0.496562124490859	0.473444045575812	NA	NA	NA	NA	NA	0.624309213218328
NA	0.838941004596867	NA	NA	1.02621417005772	NA	1.03744278915446	0.776140751553392	NA	1.03856205266871	NA	NA	NA	NA	NA	NA	1.28067507778031	1.5791749866218	NA	NA	NA	NA	0.478682030218171	0.578190282908252	NA	0.758627039080324	NA	NA	0.643548266398798	0.930424676314536	0.766597262421795	NA	0.486639220530273	NA	NA	0.608805248240585	NA	0.581449514425727	0.731025623114921	NA
NA	NA	NA	NA	NA	NA	NA	NA	NA	NA	NA	NA	NA	NA	NA	NA	NA	NA	NA	NA	NA	NA	NA	NA	NA	NA	NA	NA	NA	NA	NA	NA	NA	NA	NA	NA	NA	NA	NA	NA
0.884158743882091	NA	0.758008535323529	NA	NA	NA	NA	NA	NA	NA	1.61609705872781	NA	NA	1.23034629006384	2.03580478169976	NA	1.31652357953549	1.26147309010079	NA	NA	0.718796715496467	NA	NA	0.615986606929646	0.492155591709941	NA	NA	NA	NA	NA	NA	0.847970484549382	0.564105626244801	0.264460622220168	0.518995041780829	NA	NA	0.28590954813104	0.646923945138865	1.88157660422307
1.56374199457771	1.25083689567272	1.17192081847687	NA	NA	0.562413073277826	2.12935152603123	1.04015510853591	0.516984723163785	1.15793036670725	1.68180878484038	NA	NA	1.01772626495286	NA	0.880821221499801	0.64789569358869	NA	0.730804258213259	0.503989102249523	0.726072217425813	0.739359318376393	0.905073262953039	NA	0.879608376926111	NA	NA	NA	0.423426208272359	NA	0.271533079245544	0.336126657373889	NA	NA	0.676833498094012	0.803030261161327	NA	NA	0.702771480001968	0.558154731129632
NA	0.992959274551043	0.98637161289266	NA	NA	NA	1.15547300953643	1.68853585454484	1.79316853115922	NA	1.65450604801188	1.05525124891512	NA	0.915695142189242	1.33271750035907	1.36428582196531	1.34148315071235	0.970816848799977	NA	1.30872641536951	1.25321184641443	0.991454979583168	1.05155211904042	NA	1.59622363480411	NA	2.32023185644746	NA	1.09344958715636	NA	NA	1.13647258351592	NA	NA	NA	NA	NA	0.567106776085776	0.837767869260828	NA
NA	NA	1.41316277370749	NA	1.43777350451577	NA	0.170691736067628	1.63247745603328	NA	NA	1.77499013663112	NA	NA	NA	NA	1.57152185802626	NA	NA	1.06193879456384	1.22842553773074	1.17460138223978	0.838659876493485	NA	0.351100518421658	0.877221624389333	NA	NA	2.11597891986322	0.704540414034269	0.711277888765974	0.793247910956835	0.461666613913013	0.767409464985469	0.637989866195329	0.148009844940419	NA	NA	0.340905447841565	0.43014694131133	0.636095391124825
1.4615233932711	0.491521286930735	0.816131231846341	0.789396005826872	0.694173065416461	1.51668382954392	1.4000744343138	1.0582954371265	1.09395068936698	0.978949628962318	1.07315833214442	1.30887265983421	0.988658938848451	0.79010087690397	1.08868509278876	1.41589847324358	0.428552609937143	0.569199540773461	0.446856513922827	0.567373567252084	1.29174018695441	NA	0.826985196709886	0.734284143051321	0.839762054128232	0.813766926128638	0.955027150779234	1.04070832149342	0.383631437770272	NA	1.39221808662497	1.84193298729595	1.70446098238473	1.70338711781031	1.94801563611481	NA	NA	1.67013210789489	1.4482283610712	1.57014809601259
NA	NA	NA	NA	NA	NA	NA	NA	NA	NA	NA	NA	NA	NA	NA	NA	NA	NA	NA	NA	NA	NA	NA	NA	NA	NA	NA	NA	NA	NA	NA	NA	NA	NA	NA	NA	NA	NA	NA	NA
NA	NA	NA	NA	NA	NA	1.54421328910724	NA	NA	0.959236828377017	NA	NA	NA	NA	0.945767802220744	NA	NA	1.28344368502469	1.69680546005258	NA	NA	NA	NA	NA	NA	NA	0.448459586791452	NA	NA	NA	NA	1.37084280488661	0.645355044900543	NA	0.397300539359899	NA	NA	NA	NA	NA
2.44732871376431	NA	NA	NA	2.03075412218035	2.29483931696113	1.94733216607965	2.18040838198263	2.4113288635459	1.88552076547048	1.96220623845897	1.88919558133479	2.02013933985345	2.13390822912725	2.14496367871962	1.83498772884978	1.83622359339846	2.1663963216062	2.02493705448708	2.09787203631006	2.48033157825979	2.09938306915145	2.17534558363468	2.40623055622227	1.99102511169861	2.37495260002272	1.45530475371668	2.36413942938975	2.07550521874876	2.09413625351028	2.17865009876892	2.12803972223273	0.485063081186608	0.485203013333729	NA	NA	NA	NA	0.364382813169214	2.57423863820293
NA	0.947247165520011	1.12824467115682	NA	1.73537805191114	0.664720374751167	0.900249920478857	1.19835741947309	NA	NA	NA	1.30853479978627	0.968866289535132	1.12024344012156	NA	NA	0.930285316334561	NA	NA	1.02822018874551	1.11325895987377	1.4343005048081	0.644193071919325	1.24185408961919	0.640616613612905	NA	NA	NA	0.456838355572861	0.279147793282409	0.578950098357943	0.435874747608089	0.404974090572129	0.742004232512808	0.437166859317749	0.357779776137275	NA	0.227281627461896	NA	0.323803184712479
NA	NA	NA	NA	NA	NA	NA	NA	NA	NA	NA	NA	NA	NA	NA	NA	NA	NA	NA	NA	NA	NA	NA	NA	NA	NA	NA	NA	NA	NA	NA	NA	NA	0.0950608604577782	0.0501145225510693	0.119752933863584	NA	0.0540054877991102	0.220890439442845	0.220706164527992
NA	NA	1.31378893135831	NA	1.04078968916231	1.24608859824084	1.32983105903016	1.69330821889779	1.98303075799719	2.95589093884103	2.38233421020518	2.01310354317487	1.62115938978059	1.42850085617672	1.30832972427525	1.61533605763432	1.58236920394123	1.91692543137965	NA	1.88876011797814	2.16170499332938	1.63052761439976	1.14898104197742	1.05671388153414	1.58448025842736	1.65304334333976	NA	NA	1.10890311667347	1.14184265306858	0.378154303065974	0.326498795999868	0.601494769675447	NA	0.519089702440203	NA	NA	0.715430810102627	0.934424028123571	NA
NA	NA	NA	NA	2.06337214026359	2.33210985339599	NA	2.13187694364759	1.91548075514129	NA	NA	NA	NA	1.64659840131507	2.24312862987512	NA	NA	NA	2.0392364337973	NA	1.74095659624954	NA	1.33133936413187	1.52714461463207	0.560381141628464	1.26638798360487	NA	NA	0.689143015230182	0.600752030988172	0.875074681557611	NA	NA	0.459617404145467	0.400128503910116	NA	NA	0.235322818428038	0.324346899705188	0.87834838989407
NA	NA	NA	NA	NA	NA	NA	NA	NA	NA	NA	NA	NA	NA	NA	NA	NA	NA	NA	NA	NA	NA	NA	NA	NA	NA	NA	NA	NA	NA	NA	NA	NA	NA	NA	NA	NA	NA	NA	NA
NA	NA	NA	NA	NA	NA	NA	NA	NA	NA	NA	NA	NA	NA	NA	NA	NA	NA	NA	NA	NA	NA	NA	NA	NA	NA	NA	NA	NA	NA	NA	NA	NA	NA	NA	NA	NA	NA	NA	NA
NA	0.600794668988391	0.781775327480157	NA	NA	NA	1.29303680998563	0.867830403191694	0.880878128201899	0.634991433725858	1.12683027252121	0.488823812565283	0.569219190354626	0.75226802536761	NA	0.884450072862195	0.862891917529114	1.00269566380511	0.902407320862174	0.830440530599819	NA	0.933233401051145	0.629300155455477	0.178855170626165	0.625334765826902	NA	0.892662716638034	NA	0.602402326072651	0.537646099268854	NA	NA	NA	NA	NA	NA	NA	0.540283997697596	NA	1.33331810748337
NA	0.603309046041166	1.20962384948115	NA	NA	0.564241748787708	0.380390570551532	0.405660608694338	0.551103565955889	NA	NA	NA	0.677206656258761	NA	NA	0.914541149922351	1.25000936870844	0.894267679854591	0.441259157456937	NA	0.979567728670619	0.299229202661561	NA	0.529438682635423	0.401780837036821	0.658898419839333	0.486789949823406	NA	0.200251009509871	0.249173948555981	0.631122022515402	0.516440707099966	NA	0.56183494196697	0.286645162875685	NA	NA	0.233744812609681	NA	0.528226618654113
NA	0.895524487399491	0.898720957018772	NA	1.00625955998491	1.0989703519791	0.993480368100251	0.942795034878278	1.17587925130288	0.786074467813575	1.05406623335461	NA	NA	1.46490192972735	0.839875401602046	NA	1.50764050288171	1.27694424239148	1.89174133096854	NA	0.925026062076185	NA	0.585271749819223	1.07958981881764	0.906071960034752	NA	NA	NA	0.929644145978966	NA	1.28924608627759	1.66152978081589	NA	NA	1.03792593332884	0.589435254748118	NA	0.546621198259869	0.606030901546637	0.362382142399394
0.600184193989141	0.364083615958173	1.05078215221484	0.666786114049036	0.866086318666713	NA	1.04516745552699	0.976355866817561	0.707710792438081	NA	NA	NA	0.896857764400295	0.863903823944273	NA	NA	1.18156164393799	1.29671548428227	NA	1.11703224218729	NA	1.0135534813668	0.701310026869834	0.477231024382757	0.36705066688567	NA	NA	0.328682531619251	NA	0.484678348486534	NA	NA	NA	0.565183544624727	0.297460990366813	NA	NA	0.411102931819277	0.178009457259545	0.72205742063589
NA	NA	NA	NA	NA	NA	NA	NA	NA	NA	NA	NA	NA	NA	NA	NA	NA	NA	NA	NA	1.68905061635944	0.77222854392271	0.805234407430609	0.148165936697481	NA	0.283992019598036	1.46261993428572	0.312736186856018	0.450314042315317	NA	0.610424359323616	0.415303965737004	NA	0.913091614619605	0.70672031681997	0.558552000992377	NA	0.218072227299478	NA	NA
NA	NA	NA	NA	NA	NA	NA	NA	NA	NA	NA	NA	NA	NA	NA	NA	NA	NA	NA	NA	NA	NA	NA	NA	NA	NA	NA	NA	NA	NA	NA	NA	NA	NA	NA	NA	NA	NA	NA	NA
NA	NA	NA	NA	NA	NA	NA	NA	NA	NA	NA	NA	NA	NA	NA	NA	NA	NA	NA	NA	NA	NA	NA	NA	NA	NA	NA	NA	NA	NA	NA	NA	NA	NA	NA	NA	NA	NA	NA	NA
NA	1.20086550224705	NA	NA	0.590565778530501	1.37100616404719	1.76915515178298	1.6149665133329	1.55066865776807	1.28215524321649	1.57385198989357	NA	0.874532434171981	0.963825372016861	0.497677174637063	NA	0.671454524734414	0.72365516157779	1.22303794961237	1.31167180928456	1.53293181671723	NA	0.478432807883632	0.494176058932868	NA	NA	0.099477312422838	NA	NA	0.523779216987485	0.551723179409991	NA	0.465170247827578	0.958229701797917	NA	NA	NA	NA	0.164779084925927	0.44561842650751
NA	NA	NA	NA	NA	NA	NA	NA	NA	NA	NA	NA	NA	NA	NA	NA	NA	NA	NA	NA	NA	NA	NA	NA	NA	NA	NA	NA	NA	NA	NA	NA	NA	NA	NA	NA	NA	NA	NA	NA
NA	NA	NA	NA	NA	NA	NA	NA	NA	NA	NA	NA	NA	NA	NA	NA	NA	NA	NA	NA	NA	NA	NA	NA	NA	NA	NA	NA	NA	NA	NA	NA	NA	NA	NA	NA	NA	NA	NA	NA
NA	NA	NA	NA	NA	NA	0.270525919049068	0.486666610438796	NA	1.27765467240603	0.271340161755749	NA	NA	NA	0.454578410716579	NA	NA	NA	0.258471224255148	NA	0.584072411106266	0.708102219030443	0.703767920688864	0.654653685863189	NA	NA	NA	NA	NA	NA	NA	NA	NA	NA	NA	0.0689619936680055	NA	0.267042818512407	0.652229441570637	0.770587731565151
1.12571023392484	0.636901121268941	0.364817644073648	0.691366158880993	0.663558650428762	0.600551213809736	0.541606791965803	0.668390935905179	NA	NA	0.847501334664171	NA	NA	1.33708967141636	NA	NA	NA	NA	0.499327746924152	0.610629365990563	NA	0.587633944769555	0.617443689607797	0.849155897743345	NA	NA	0.981374513627671	NA	0.96156396426932	0.302972915716951	NA	0.493630817773252	NA	0.239967075645994	0.538145925367731	0.383329360456383	NA	0.216976215854651	0.332645292942506	0.484485751041177
3.57944964052651	3.45160995313308	NA	2.85447036983421	NA	NA	NA	2.55559390723857	2.6746998589359	0.787467707253504	3.03017564660325	NA	NA	3.1571842879478	2.90021701316703	NA	NA	NA	NA	NA	NA	2.01768735119079	NA	NA	2.08188483548375	2.13611367831042	NA	1.19220805700658	0.38870514477293	1.34696924253401	NA	1.68938880933249	0.236919325231561	0.449545660741019	1.64940740556841	1.69453528510527	NA	1.37577747250138	1.04083485473957	1.66797930236194
0.966317723335437	1.12340473243719	NA	NA	1.0222574824853	0.967389987044736	0.546697055949023	1.76598001254626	0.441863955809982	0.371822626541881	0.391350017378612	0.285440594090466	0.32878260827485	0.173113656665274	0.577822563877319	0.670388448422838	NA	0.63971176211274	NA	0.692624588768454	1.14127805138464	0.461175619197273	0.352654359727218	1.73768682452273	NA	NA	NA	0.294118933525098	0.522372864484318	NA	NA	0.311581609600325	0.221781752603914	NA	0.437441122397749	0.436471808122459	NA	NA	0.511378410794612	NA
NA	NA	NA	NA	NA	NA	NA	NA	NA	NA	NA	NA	NA	NA	NA	NA	NA	NA	NA	NA	NA	NA	NA	NA	NA	NA	NA	NA	NA	NA	NA	NA	NA	NA	NA	NA	NA	NA	NA	NA
NA	NA	NA	NA	NA	NA	NA	NA	NA	NA	NA	NA	NA	NA	NA	NA	NA	NA	NA	NA	NA	NA	NA	NA	NA	NA	NA	NA	NA	NA	NA	NA	NA	NA	NA	NA	NA	NA	NA	NA
NA	NA	NA	NA	NA	NA	NA	NA	NA	NA	NA	NA	NA	NA	NA	NA	NA	NA	NA	NA	NA	NA	NA	NA	NA	NA	NA	NA	NA	NA	NA	NA	NA	NA	NA	NA	NA	NA	NA	NA
1.42631947757511	1.36093675109138	NA	NA	NA	1.1664583427615	1.19512863726054	NA	1.56246293474527	1.53726867143873	1.18768214679777	0.733897398570845	0.689425237674192	0.869849983099552	0.820664988210078	NA	0.856561859697479	0.771900168149777	0.509327033532699	0.664791940801565	0.665672450380985	0.634393160865121	1.42110024489413	1.19998288329693	1.46559922668504	NA	1.06737291709266	0.777562281758518	NA	0.707119690836409	0.735556193162338	0.537480313666942	0.708900638767901	0.598206837361549	NA	0.633037595194358	NA	0.282180218354044	0.398160276994036	NA
NA	NA	NA	NA	NA	NA	NA	NA	NA	NA	NA	NA	NA	NA	NA	NA	NA	NA	NA	NA	NA	NA	NA	NA	NA	NA	NA	NA	NA	NA	NA	NA	NA	NA	NA	NA	NA	NA	NA	NA
NA	NA	NA	NA	NA	NA	NA	NA	NA	NA	NA	NA	NA	NA	NA	NA	NA	NA	NA	NA	NA	NA	NA	NA	NA	NA	NA	NA	NA	NA	NA	NA	NA	NA	NA	NA	NA	NA	NA	NA
NA	NA	NA	NA	NA	NA	NA	NA	NA	NA	NA	NA	NA	NA	NA	NA	NA	NA	NA	NA	NA	NA	NA	NA	NA	NA	NA	NA	NA	NA	NA	NA	NA	NA	NA	NA	NA	NA	NA	NA
NA	NA	NA	NA	NA	NA	NA	NA	NA	NA	NA	NA	NA	NA	NA	NA	NA	NA	NA	NA	NA	NA	NA	NA	NA	NA	NA	NA	NA	NA	NA	NA	NA	NA	NA	NA	NA	NA	NA	NA
0.986896249693759	NA	0.461293682054548	NA	0.742929312130533	0.59009330111494	NA	0.474826457399324	0.197542488159075	0.454070027544481	0.714525203092591	0.664850998485252	1.51477487183193	0.479931575780655	0.687378240505012	NA	0.530257094756948	0.371536929766027	NA	0.228225405643681	NA	0.234280864278259	0.7713724042621	NA	0.623249026704722	NA	NA	NA	0.70370572094042	0.41570604432663	0.367313836236122	0.657763057069112	0.18359806986276	0.263880423807263	NA	0.264934077008179	NA	0.355540611775368	0.327647886449735	0.0912543341334052
1.3750335151335	1.72669188828224	0.792574065808458	NA	0.866251295761	1.11026869149588	0.961774069923402	1.19620778820751	NA	0.966613590785764	1.03462734013729	NA	1.20528358639055	1.33966168950898	0.809878431171779	NA	1.26363827269315	1.43065618448039	0.759775013436803	NA	0.613376778913438	NA	0.48376738395739	0.594645109611174	0.682458113205268	NA	NA	NA	NA	0.315348226865443	0.352560572981963	0.443324731777637	0.502177415275991	0.775649535789525	1.27517814614291	1.32985683045962	NA	0.498347431891252	0.609670352631545	0.588047148163922
NA	NA	NA	NA	NA	NA	NA	NA	NA	NA	NA	NA	NA	NA	NA	NA	NA	NA	NA	NA	NA	NA	NA	NA	NA	NA	NA	NA	NA	NA	NA	NA	NA	NA	NA	NA	NA	NA	NA	NA
NA	NA	NA	1.26501941144836	0.634620834706207	NA	1.89207416666116	1.62218643900508	NA	NA	2.16283619976559	NA	NA	NA	2.59175129433557	NA	NA	2.65204911947886	NA	2.31236657091362	NA	NA	NA	NA	NA	NA	NA	0.258387038520553	NA	0.62354645445566	NA	0.186737478790306	NA	NA	NA	NA	NA	NA	NA	0.459731984596908
NA	NA	NA	NA	NA	NA	NA	NA	NA	NA	NA	NA	NA	NA	NA	NA	NA	NA	NA	NA	NA	NA	NA	NA	NA	NA	NA	NA	NA	NA	NA	NA	NA	NA	NA	NA	NA	NA	NA	NA
0.507458995640759	0.954855848296321	NA	0.803366178804571	NA	1.12520857485651	1.05639184525054	NA	NA	NA	NA	NA	1.20604787250672	1.08447345873846	1.26198953093352	1.70011470013945	0.701088043980393	0.78424699524923	0.400009769769529	0.670103324098005	0.562639158364634	0.567638439944463	0.805309208398031	1.21018702117575	1.17179692789569	0.966889868019795	0.788538142663533	NA	1.34362922008058	1.03369861617712	0.779740139857019	1.1203139779809	0.787165616076741	0.637068778520871	NA	0.351665334612596	NA	0.342647837094842	0.139673036117503	0.1006730078733
0.426226487374363	NA	NA	NA	0.438456130203896	0.214063356775967	0.551853051846803	0.669784193646421	0.4485030773307	NA	NA	0.601718323159493	1.38560899479245	0.28778408103127	1.02549347800961	NA	0.489338196101661	0.351453223851532	NA	NA	1.3025076690248	0.478036981805903	0.373567422734943	0.528850082092486	NA	1.02534027694315	1.28567650393179	0.448521971367643	NA	NA	NA	NA	NA	NA	NA	NA	NA	NA	0.327581150744189	0.747954994620507
NA	NA	NA	NA	NA	NA	NA	NA	NA	NA	NA	NA	NA	NA	NA	NA	NA	NA	NA	NA	NA	NA	NA	NA	NA	NA	NA	NA	NA	NA	NA	NA	NA	NA	NA	NA	NA	NA	NA	NA
1.92674196233709	0.831865728038172	0.562894909940238	0.980196122388968	1.00834764142886	0.66556277710359	0.861120540531084	1.79464180314248	NA	0.869674596146487	1.38313488166368	NA	1.35132830570474	1.66885684019367	1.03721457634867	NA	NA	NA	NA	1.00635145497711	0.899318623124816	1.28003810548162	0.96307168424891	0.841205600988255	0.867260783012533	NA	NA	1.0450241305782	0.746929289807349	1.62303334660455	1.37624091136312	1.15894287697054	0.766146601822407	0.613159094247773	1.86704620564348	0.462736860013012	NA	0.549522088025427	0.119115888212923	2.11703134695354
NA	NA	NA	NA	NA	NA	NA	NA	NA	NA	NA	NA	NA	NA	NA	NA	NA	NA	NA	NA	NA	NA	NA	NA	NA	NA	NA	NA	NA	NA	NA	NA	NA	NA	NA	NA	NA	NA	NA	NA
1.53523140645132	1.65358053455181	NA	1.51596668819512	1.22561640705877	1.87964488698865	NA	NA	NA	1.86536950357302	NA	1.35579208205618	NA	1.70528476060624	1.35013735269808	1.5638708868412	1.56299914592145	1.47759608646014	1.08830745688364	1.79913304697451	NA	1.90681505174232	1.55988369574336	1.48065476361676	1.35675876095709	1.35793586960736	NA	1.63971435548941	1.2920398672798	1.26341518899269	1.05968438636869	0.961612450709668	0.915077033099024	1.25252865746179	1.37514314094222	0.999415597857278	NA	0.999295227700172	0.934074031281245	1.01767225120432
NA	1.64266150503915	1.63323330966659	1.91434766217275	1.34031809718252	NA	NA	NA	1.42111508283626	NA	NA	1.19597465407556	2.01956071818041	NA	NA	1.76348193686099	1.47749399081522	1.52530276070695	1.38940209405491	1.2204141452511	1.17987314580651	1.18019148036708	0.977781928225676	0.837259351093966	0.898876174194623	0.791041533785874	1.12519690638083	0.94005010755245	0.857901612516442	0.782404167708856	0.458668866738543	0.63434001939544	0.552687397401475	1.41611236811334	0.531147413270098	0.40034071099683	NA	0.149537358129056	0.31083163882929	0.0670902667316543
NA	NA	NA	NA	NA	NA	NA	NA	NA	NA	NA	NA	NA	NA	NA	NA	NA	NA	NA	NA	NA	NA	NA	NA	NA	NA	NA	NA	NA	NA	NA	NA	NA	NA	NA	NA	NA	NA	NA	NA
NA	1.14846627342812	0.196647691913678	0.114810816717581	NA	0.925111751834145	1.06054141469155	NA	0.732509501588913	0.96936180995554	0.897167405491361	NA	0.682094355342392	0.299980493198928	0.735704080698624	0.671075492341196	0.575656012779045	0.334151504040907	NA	0.398435693179604	0.497768529024514	0.769318041376965	0.630927862299351	0.508295565254501	0.466458843045734	0.489145480961658	0.311125707353642	0.484760340192352	0.66977567443089	0.263527682110513	NA	0.62908801303079	0.701944415626325	0.639301186518275	0.850663145678204	0.621555474390366	NA	0.259119928528492	0.410381016771985	0.160975061131205
NA	NA	NA	NA	NA	NA	NA	NA	NA	NA	NA	NA	NA	NA	NA	NA	NA	NA	NA	NA	NA	NA	NA	NA	NA	NA	NA	NA	NA	NA	NA	NA	NA	NA	NA	NA	NA	NA	NA	NA
0.317449117395108	1.77738903209277	1.50418126616868	0.503718477604698	0.745659038804124	NA	NA	0.9689469826022	NA	NA	0.551936397404175	0.891319525063085	1.82836463735146	NA	0.785883569938834	0.578593269359128	NA	0.326840117989236	0.657850739503783	0.651669248158024	0.31467810369119	0.38953590637485	0.486166510047087	0.59266942944265	0.609679001903382	NA	1.21184248973957	0.34413881125322	0.600432854466751	1.47216002338632	1.32046525498885	0.36941610147403	0.670825003287044	0.74472679314235	0.576915843160619	1.50803597419386	NA	0.459239583773913	0.913202684061319	0.337886427982615
1.36001523175729	0.491994277737535	0.792964791601953	0.838820739374197	NA	1.37084953726468	1.06314216713133	0.658131715590246	NA	NA	1.02791224404233	1.155782973946	1.20544721090348	NA	0.762509085941114	0.80721790545554	1.33642223389859	1.23649508986762	0.957047382792931	1.197533648647	0.872437447017133	0.479798841422298	1.55513933333566	0.283331736428785	NA	NA	0.19382433649437	0.219987818447625	0.306944645367275	0.474702469505127	NA	0.871088981313925	1.52545969441982	NA	1.10601444179874	0.404495213833078	NA	NA	0.417406297351585	NA
NA	NA	NA	NA	NA	NA	NA	NA	NA	NA	NA	NA	NA	NA	NA	NA	NA	NA	NA	NA	NA	NA	NA	NA	NA	NA	NA	NA	NA	NA	NA	NA	NA	NA	NA	NA	NA	NA	NA	NA
NA	1.43389197866446	NA	NA	1.13199856434011	0.431939013459608	0.581192571023181	NA	0.247177396035875	NA	0.948967902267103	0.945775831691274	NA	0.932461929054877	0.968384677502678	NA	NA	NA	0.598136734006746	0.537852109269864	0.49997879651839	NA	0.782405858476733	NA	NA	NA	1.08414310123726	1.11491174740736	NA	1.28096673613798	NA	0.428930791697623	1.25486125548263	0.60684552152669	0.438566377775178	0.524369938990979	NA	1.13949686663634	0.555147026514968	0.544840472367947
NA	NA	NA	NA	NA	NA	NA	NA	NA	NA	NA	NA	NA	NA	NA	NA	NA	NA	NA	NA	NA	NA	NA	NA	NA	NA	NA	NA	NA	NA	NA	NA	NA	NA	NA	NA	NA	NA	NA	NA
NA	NA	NA	NA	NA	NA	NA	NA	NA	NA	NA	NA	NA	NA	NA	NA	NA	NA	NA	NA	NA	NA	NA	NA	NA	NA	NA	NA	NA	NA	NA	NA	NA	NA	NA	NA	NA	NA	NA	NA
NA	NA	NA	NA	NA	NA	NA	NA	NA	NA	NA	NA	NA	NA	NA	NA	NA	NA	NA	NA	NA	NA	NA	NA	NA	NA	NA	NA	NA	NA	NA	0.507773891043678	0.676498562723693	0.28385791693791	0.27347352031819	0.339094655526392	NA	0.886173055926099	1.15124056544876	0.898202906666572
0.934894008692682	1.15725354125724	NA	NA	0.598982693487422	0.382156730548749	NA	0.573031751418408	0.28790462967706	0.527643453301035	0.874983811226237	0.586361420554725	0.349524536654559	NA	0.337084168065415	NA	0.625611210262852	NA	0.24600619489568	0.313286483085373	1.41301047801365	0.713778164128166	1.01532360746748	0.502335524367838	0.370371024928682	0.434542717779874	0.65121711279096	0.384645880806284	0.662548751699982	0.680035552999078	NA	0.774113056185966	0.441208324278781	0.318194213548443	0.400526348301961	1.3353160071378	NA	0.515457998039032	0.374556752643959	0.525541287435894
0.855320733826542	0.953067194515042	0.901612707023679	NA	NA	0.827741625678794	0.768704056822979	NA	1.27925186424323	NA	1.03399013807789	0.728422485956961	NA	0.7449254574547	2.23828478956786	NA	NA	NA	0.772813575097131	0.985242489374884	1.04809981514463	0.860580531535561	NA	NA	0.512033562213135	1.61372452267336	0.796206014230934	NA	0.442453105735345	NA	NA	0.619653469241652	0.761786834157689	0.843563328148578	0.489046884474083	1.19297172803332	NA	NA	0.228187431255578	NA
NA	2.05031786532342	2.20120286991877	2.30141598281931	NA	1.40850312662858	1.14785975654898	1.64709179442729	NA	1.58541569728302	0.85745584381183	2.52948954710324	NA	2.79815683883383	2.03150386454306	NA	1.65939276567651	1.45396839135342	NA	1.45445537579736	1.09627356950059	NA	1.92521004216189	1.42781959771052	1.59008562059322	0.992103651680742	NA	NA	NA	0.918794066237122	1.49442954074668	1.10291850806857	1.34266490684052	1.12023665123373	1.43003684306848	NA	NA	1.43989279236872	0.932084028704365	NA
NA	1.56816913056983	NA	NA	1.72319195820323	1.48330904849907	0.60227190112777	1.17966487621793	1.10924418077758	NA	1.21901599871216	1.17061339187032	NA	1.46210510783189	NA	1.11680248986843	NA	0.942644896806825	NA	1.09031445626312	NA	1.80490417585353	1.77414583465064	NA	1.93367111516582	3.02319865634946	2.45970882302102	1.48189707488835	NA	2.39331552465274	2.39183685871341	2.80006968769805	2.90902706695557	NA	3.12664608931823	NA	NA	NA	2.65285705612703	2.3140355931524
1.87363196609041	NA	2.91698942170923	NA	NA	NA	NA	0.368910756024945	1.26369300739221	1.54576265418357	NA	0.720610623265598	0.436340245805256	0.696974567273422	0.368279122875125	0.236394300447323	1.10359693255625	NA	NA	0.948979594465762	0.972811521907811	1.77932200855165	0.877101424954426	0.788323983518364	1.038129064143	0.545941170317576	NA	1.67980347161241	1.64980452721419	NA	0.589988360583516	NA	NA	NA	2.33475880703386	NA	NA	NA	NA	NA
1.91899999384143	2.22131014817261	1.68925823953474	1.55856322554713	1.69056360964262	2.10414561577899	NA	NA	1.60876307365807	1.62048822668578	NA	1.47233861899931	1.63039120407638	1.51512005750266	1.84221816086601	1.57577764549931	1.42780362621527	NA	1.51006508714508	NA	1.50943758015444	1.06921424358239	0.670051884080804	1.27817350548799	NA	NA	0.756091225286056	0.339861669404082	0.798750364801821	0.896761395945363	NA	1.5099116548137	1.44535038232381	NA	0.179403088485323	NA	NA	NA	0.755318351182634	1.09463691090663
NA	NA	NA	2.2312567961821	NA	1.54020592308384	NA	NA	NA	NA	NA	NA	2.22499338327289	1.53877397924397	NA	NA	NA	NA	NA	NA	NA	NA	NA	NA	2.08841104590576	NA	NA	NA	NA	NA	NA	NA	NA	2.29473544977962	NA	NA	NA	NA	NA	NA
NA	NA	NA	NA	NA	NA	NA	NA	NA	NA	NA	NA	NA	NA	NA	NA	NA	NA	NA	NA	NA	1.31134899781922	NA	NA	NA	NA	NA	NA	NA	1.09435479770828	1.08913382101815	0.416328118426201	NA	NA	0.155036808726454	0.221428076935414	NA	NA	0.256369362649106	0.9127951173347
NA	NA	NA	1.40200857109892	1.56483436186059	NA	1.95318639418628	NA	1.34402083214802	1.25193949968161	1.39957081705116	1.82314325316157	NA	1.28598881357119	1.3651568052359	1.29913867911182	NA	1.33821545263694	1.21467095683308	1.00825337199564	1.58780679761024	1.85659992062897	1.75369420742669	1.7565088004551	1.15332915519377	1.2086735396243	NA	NA	NA	0.725500840759097	1.02073015639236	0.739181573721078	0.456135727223138	0.344229904692463	NA	0.176326134385589	NA	0.138706294199371	0.432069270127387	NA
NA	2.1966505031033	0.726925932249779	NA	NA	1.42088350720229	1.8295684159494	2.06687686136077	NA	NA	1.65912340965975	NA	NA	NA	1.437469458167	NA	1.46890039384446	1.81073031412632	NA	NA	NA	2.18664092682611	NA	NA	2.02142508238647	NA	NA	2.73023594757116	2.42270176917217	2.26793661547369	1.35640905050922	NA	0.518407920833499	0.689225416990073	0.938589189203814	0.358232591075124	NA	0.586912868617209	NA	0.873847634814151
NA	NA	NA	NA	NA	NA	NA	NA	NA	NA	NA	NA	NA	NA	NA	NA	NA	NA	NA	NA	NA	NA	NA	NA	NA	NA	NA	NA	NA	NA	NA	NA	NA	NA	NA	NA	NA	NA	NA	NA
NA	NA	NA	NA	NA	NA	NA	NA	NA	NA	NA	NA	NA	NA	NA	NA	NA	NA	NA	NA	NA	NA	NA	NA	NA	NA	NA	NA	NA	NA	NA	NA	NA	NA	NA	NA	NA	NA	NA	NA
NA	NA	NA	1.28260531172211	NA	NA	NA	NA	NA	NA	NA	NA	NA	NA	NA	NA	NA	NA	NA	NA	NA	NA	1.30383245930654	1.70055149929103	1.2016882392022	1.07269144130274	1.25791681237741	0.78575473025047	1.05488046615799	1.03531634578495	0.993515747143083	0.896892311615262	0.828843204040547	NA	0.29222858347614	0.325906875997499	NA	0.24909299832306	0.273486188196258	0.660954260258409
0.839698372319594	0.698597382508004	0.926414911685413	0.769228079280919	0.807315468748076	0.645533026722922	0.568610282638185	0.943454269747532	0.886310985494255	0.758916176755168	0.914705183638014	0.833227260479874	1.1633097946286	0.922232263720492	1.07382301014624	0.934419600203344	1.07526009127567	1.00117883096901	1.00210616013521	0.870529912078188	0.815427720422886	NA	0.422327233366591	0.791676703965232	0.713422886828157	0.928726651980924	0.705702653016546	0.610263508492371	1.40040973109441	1.33479219783216	0.821350894784834	0.772852211321944	0.350448659725471	0.310719718149544	NA	0.929770084351089	NA	0.668884600762944	0.367797462834463	0.460305745625091
NA	NA	NA	NA	NA	NA	2.85436032595645	2.73136083448324	NA	NA	NA	NA	NA	NA	NA	NA	NA	NA	NA	NA	NA	1.77921446733146	NA	1.49163950512111	1.36627513405442	1.27760077499151	NA	1.86451948707676	2.30579666525754	1.42120571535325	NA	1.72948474068715	1.96394948583196	1.85142544801985	1.57238235047197	1.75873635776371	NA	1.40178027186587	1.86970941329364	1.69876047419979
NA	NA	NA	NA	NA	NA	NA	NA	NA	NA	NA	NA	NA	NA	NA	NA	NA	NA	NA	NA	NA	NA	NA	NA	NA	NA	NA	NA	NA	NA	NA	NA	NA	NA	NA	NA	NA	NA	NA	NA
1.1016436034859	NA	1.33886430136404	1.41826504756198	NA	1.27575249638224	NA	1.21675351864076	1.02153548317127	1.0229335915462	1.38882358909753	1.16540758194239	1.53623725629942	1.77567164721659	1.56038553495952	1.88656261238837	NA	1.60927080269213	1.32035286869557	1.3875679563168	NA	1.69886308239791	NA	1.5997927079752	NA	1.21356935750822	0.521596522336992	NA	0.346602625825997	NA	NA	0.540872520697962	NA	NA	0.931045372403389	NA	NA	0.283045764035653	NA	NA
NA	1.23331223896572	1.18220377260417	0.928490299217722	1.05378917707563	0.950328985848736	1.62814493005063	1.08280219864203	1.39657455696141	0.704643761091452	1.72913979817839	1.00130463142533	1.19830116843103	0.936705015414673	0.879643581682736	1.10487641183253	1.08015691676309	1.39052436539179	1.38709162878404	0.717944965125395	0.774018565604457	0.480340093168896	0.388032770753814	2.05415460614415	0.636518265184386	0.681724976518946	NA	NA	0.650927274685935	0.306518921219632	NA	0.427225113610952	0.338145830823888	NA	0.497577907016317	0.292232097100344	NA	NA	NA	0.427875251495241
NA	NA	NA	1.81299051703849	NA	1.93724028090552	NA	2.13915486867902	1.70889316870183	1.7277974690946	1.97338952529217	0.711926398246855	NA	0.427046859266744	0.314506810813357	NA	0.578661285243503	0.629125403608537	NA	NA	1.20212618564838	NA	0.70045581335479	NA	NA	NA	NA	NA	NA	NA	0.780368350037348	0.291274376257697	NA	NA	NA	0.701188392359037	NA	0.890736049601108	0.66823519568958	NA
NA	1.94979309980214	NA	1.96645855188807	1.90413531818015	NA	NA	1.90546290653349	2.00859100718641	NA	NA	NA	1.48373099986377	2.46113906265494	1.75997714239635	1.68494237289157	1.3590047604971	NA	1.68819595882013	1.7833608781529	1.53988934256798	NA	1.38506516027572	1.24699687164559	0.836148847835347	2.07559452146661	NA	1.04585594037524	NA	1.17549697406772	0.415013902094563	0.920465961215993	0.126260368502074	1.01102067838414	0.430056486915376	NA	NA	NA	1.32662743591371	1.07652090884277
1.15150585289694	1.15916891052976	1.04878373212882	NA	NA	NA	0.76584369033512	NA	NA	NA	0.468031914438578	NA	0.501535857470502	0.393889064328447	NA	NA	NA	NA	0.615962832306713	0.845702018759368	0.918159266066817	0.657164291068598	0.387651225713539	0.473726391836397	0.440003228572455	0.428739125859629	NA	0.642396845179406	0.947177736632067	0.901073190631835	0.592233802443685	NA	0.737492677740047	1.85096074879227	0.457238352361349	NA	NA	NA	0.769648138226343	0.761674122759282
1.34025003705248	NA	NA	NA	1.12312259999452	0.547531078170057	0.82087424973589	1.31436363926285	1.13490070582197	1.47393055764521	NA	1.04023410063057	NA	1.3683093702731	0.924539883732392	NA	0.822368363540044	0.99290026092941	1.29808588638233	1.3969126578674	NA	0.724593453043349	0.671049786876894	0.623527624829031	0.593930866335801	NA	0.51428830730609	0.643289355930426	0.691011759091991	NA	NA	0.527000877772765	NA	0.456349759467572	0.404786141486374	0.853634167400026	NA	0.947485157944555	0.25574432118339	NA
NA	NA	0.673703670838156	0.605504963270674	0.549147159708872	0.679426237633011	1.15603873482767	1.00554953475147	0.98176782515872	0.87124341737677	0.923021890071778	0.97989307741541	0.680307250548216	0.778967523325941	0.832688828271906	NA	0.684403210652359	0.612108781596887	0.931571520487428	0.8688283172287	1.27227193745269	0.729418251222399	1.28740669371158	1.01346515098416	0.951359897106433	0.908394475358459	0.918476877400828	0.732161864112973	1.42420925321599	0.711625759551561	NA	1.23053658571623	0.286814311768286	0.732267158776676	0.793418099356196	0.417369563914012	NA	0.783021230132539	0.749551070798734	NA
NA	NA	1.49286184095467	NA	1.267573308321	NA	0.81324812552884	1.50999067902175	NA	1.04527967288663	1.7868172768857	0.988454202580207	NA	1.41854797415231	2.19929128666397	1.29168933300598	NA	1.21542491995074	1.54522882735506	0.881454359145274	1.493907794078	0.922865229401407	0.91910690217953	NA	1.06632071219144	0.589174961886516	0.987652403479587	NA	0.332374362192	0.816461822855549	NA	0.524082555688364	0.462751192199336	0.574730712265319	0.524576033552836	0.220565628845463	NA	0.210686566830681	0.326602595282449	0.386722739140574
1.75916629379192	1.66522130817312	1.37698733929856	NA	1.1324332591355	1.29345238672119	NA	0.89062949113986	1.05082876924905	1.05838099616232	0.595133238478828	0.925596294793738	0.788157599134322	0.609131767381991	1.41849859599768	1.01125094573252	0.314219332595234	0.414119216134684	0.448623026768333	0.83636361005133	0.27603037109826	0.404734378836524	0.493629224528778	0.0796367511425812	0.488278939928469	0.611242196104476	0.660029874759803	0.511204473726858	0.664721731639897	0.740731948621336	0.412826040873569	0.593142590524976	0.40535529375428	0.358354000751251	0.265189420242948	0.298030478317265	NA	0.241623611915788	0.630089913176379	0.442348761198584
NA	1.14415632291973	NA	NA	NA	0.404294538721168	0.893772253534743	0.949177252885513	0.518535800439003	0.970572408309608	0.583330675937281	0.994381743142581	1.30945963932197	NA	1.72168741920271	NA	1.07430297502948	0.894352975592819	NA	0.656583841085938	0.379198217086253	0.796921118326926	NA	1.06820944259544	1.33987804203706	2.29148151883771	1.25646176816212	1.12548067410611	1.1644019034475	0.894402462046957	NA	0.819678296789846	2.35809464622679	NA	0.74617166571851	NA	NA	0.12748539828746	0.243071644338294	0.635625935878534
NA	NA	NA	NA	0.96072339560317	0.739041040482451	1.22471145501835	NA	NA	NA	NA	1.04819485254158	1.16758032197407	NA	NA	1.39397144678868	1.70657922221019	1.33292895383354	NA	0.963453391174092	1.4544054711791	0.653317225257987	0.60788714530542	0.796436558944515	0.726772887893405	0.852119677402402	0.981111081495024	1.0690469862516	1.25113572538556	NA	0.643522321215623	0.800277329109788	0.447170896009968	0.953440166326294	0.845881630765949	0.780860942505878	NA	0.42663852279916	0.335222541835239	0.390311591713808
0.975271984703805	NA	0.682872006043641	NA	NA	1.15207690359313	1.29089138020905	1.22851978908437	1.33478913011974	1.08837759730645	1.49055222111185	1.21945604120133	0.778679619132927	NA	NA	NA	NA	1.47772038250106	NA	NA	0.53526349975115	0.373785580297684	NA	0.281457447551981	0.708061475142406	NA	NA	1.00411661638598	0.457426130755003	NA	NA	0.646269092180174	0.657740706848448	0.391239973905292	NA	0.410955538956273	NA	0.291819262499043	0.154185459160884	0.457091329523445
NA	NA	NA	NA	NA	NA	NA	NA	NA	NA	NA	NA	NA	NA	NA	NA	NA	NA	NA	NA	NA	NA	NA	NA	NA	NA	NA	NA	NA	NA	NA	NA	NA	NA	NA	NA	NA	NA	NA	NA
NA	NA	NA	NA	NA	1.34025322766307	NA	NA	NA	1.14109877708129	1.46523234907603	NA	NA	0.884892539244896	NA	NA	NA	NA	NA	NA	NA	0.924670971821281	0.562342535698505	NA	0.683074633968738	NA	NA	1.71204097293027	NA	1.08385846158859	NA	1.21387968063525	0.696331209932841	0.910547808866833	0.300528745273191	0.457954149401937	NA	0.475404040523456	0.52064670247918	0.621891762944235
NA	1.8753424304511	NA	NA	1.74759854449971	1.34840784827503	1.91779928917553	1.35852238720193	NA	NA	1.14994516494612	1.26947251309641	NA	1.50579208838364	NA	NA	1.82245788342187	2.26019621360116	1.91034418956496	NA	NA	0.820208104259287	NA	NA	1.25176982855575	0.875633503157975	NA	0.613575161060365	0.604771287416297	NA	NA	NA	NA	NA	NA	NA	NA	0.388358627989593	0.519958415330827	0.447315304428622
0.911795730455719	0.793174036089905	NA	NA	NA	0.572901403283403	0.609805194187542	NA	1.46314593978019	NA	0.601546957121651	1.76767869085921	NA	NA	1.15195155269859	NA	0.953710411646587	0.537338379025457	0.35632036649817	0.476717626149273	NA	0.405363150422005	0.819941862990773	0.585252160149284	NA	0.827291712819642	NA	1.51623538679495	1.15794024442759	0.568500854805061	NA	0.996695858592168	0.548543695863899	1.16649255187285	0.873482748010897	1.80383089178506	NA	1.33191064113012	1.22630147949407	0.600345369393666
NA	0.529436165879589	NA	NA	0.10727691383189	NA	0.50864126656033	0.326777327103209	0.391626516767361	NA	0.154657985102166	0.407596890608692	0.433489032999078	0.431020077173297	NA	0.865830064383544	0.684074433246901	0.845260571894658	1.09480649798814	NA	NA	0.439149334121807	0.614960298942802	0.56901310031229	0.342439980968714	0.604726877875117	0.51824633933683	0.48460249549218	NA	NA	NA	1.20238108432334	NA	NA	NA	NA	NA	NA	NA	NA
NA	NA	NA	NA	NA	NA	NA	0.555125043700232	0.818594906087615	NA	NA	NA	NA	NA	1.21444870635244	NA	1.26839502003098	0.739221663067871	NA	0.805364509543188	0.384080010696486	NA	0.608760334732955	NA	0.468284857774974	NA	0.690567543508783	NA	0.833581168439159	NA	NA	NA	NA	0.46480639854759	0.299758817377283	0.63289689863803	NA	0.434545245567263	NA	0.68288566036383
NA	NA	NA	NA	NA	NA	NA	NA	NA	NA	NA	NA	NA	NA	NA	NA	NA	NA	NA	NA	NA	0.302170362716155	NA	NA	1.70075496065894	0.459542943966592	NA	NA	0.381005143473771	0.619819618547132	NA	NA	NA	NA	NA	NA	NA	0.789162022051217	0.456194680126572	0.938914546716422
0.44367269032972	0.579296238088851	0.597645102153373	0.410167512470688	0.463727423672028	NA	NA	0.361974261889768	NA	0.33666989048539	0.355846597404912	0.533546917707818	0.227024393360857	0.60984289627391	0.598868918974578	NA	0.211224347298454	0.442507300631828	0.353584309650451	0.456979486551074	0.809409535105155	0.531438597016256	0.769045699285839	0.900486507068632	1.02330698538366	NA	NA	NA	0.902678438987941	0.676714032809108	0.746988707684057	0.353852581542528	0.659977783360533	0.882290204772264	NA	1.20305449207844	NA	0.303462363154425	NA	0.341559113483244
NA	NA	NA	NA	NA	NA	NA	NA	NA	NA	NA	NA	NA	NA	NA	NA	NA	NA	NA	NA	NA	NA	NA	NA	NA	NA	NA	NA	NA	NA	NA	NA	NA	NA	NA	NA	NA	NA	NA	NA
NA	1.20448217578729	0.515698540974912	NA	0.662772718034951	NA	NA	NA	0.603272963518984	NA	NA	NA	NA	NA	0.76364319397714	NA	0.890043144973839	NA	NA	NA	NA	0.768280092625351	NA	NA	0.8007613204093	NA	NA	NA	NA	1.06686926573799	NA	NA	NA	1.37338830010664	1.16068588868644	NA	NA	NA	1.69577421957503	1.8430552341466
NA	NA	NA	NA	NA	NA	NA	NA	NA	NA	NA	NA	NA	NA	NA	NA	NA	NA	NA	NA	NA	NA	NA	NA	NA	NA	NA	NA	NA	0.781128423061745	0.199937963925835	0.330048341612236	0.284389755422325	0.0276365146441422	0.160704594587295	0.184376944016393	NA	0.0710824828334109	0.0753486503321515	0.291619664165875
NA	NA	NA	0.625675087256424	NA	1.00062350112378	1.23754390259255	NA	0.772673302158017	NA	NA	1.12673899892973	NA	NA	NA	NA	0.701093167787655	0.681645133524313	0.463800321279528	1.00075479896292	1.51900516280247	0.942135818289015	NA	1.05520116834554	0.936751693672326	NA	1.23887320209152	1.04163389238489	1.25397331752717	0.900583167517053	NA	0.330292203122924	0.443814276545771	NA	NA	0.186071739490872	NA	0.221951454145257	NA	1.94888340462568
1.13658534001675	NA	NA	0.669539577276808	NA	NA	NA	1.4476358853409	0.966757909094379	1.1542735731559	NA	NA	NA	NA	0.745100738433068	NA	0.47944545486733	NA	NA	0.594813409387999	0.763499198995861	0.48258663817363	0.286333117508734	0.584486548562005	0.328655779624614	0.410862413982205	1.03458931901685	0.670189432250751	0.39356364155849	0.974880971647812	0.672777665819637	0.41432390772142	NA	0.421404749190038	0.704621397332349	0.617927370581419	NA	0.177430384803758	0.35390766210989	0.446461946950087
NA	1.18593671075632	NA	NA	0.320591284074763	NA	NA	NA	NA	NA	NA	0.671757620793291	NA	0.552041108179538	NA	NA	NA	NA	NA	0.728357471898487	0.849190757464484	NA	NA	NA	NA	NA	0.469618708718742	0.800715930622011	0.407249565744915	NA	0.755365402964428	NA	0.394130873781569	NA	NA	NA	NA	NA	0.514990275528826	NA
NA	NA	NA	NA	NA	NA	NA	NA	NA	NA	NA	NA	NA	NA	NA	NA	NA	NA	NA	2.13805595269428	NA	2.22143461026036	2.13474313909097	1.72901803978275	1.68984047015633	1.92778195586139	1.67730624558022	1.57627994543542	NA	1.25156161984575	1.23137249997413	NA	0.94303684315891	0.772579258480949	0.596161097349619	0.949629216605212	NA	0.441619383585641	0.249823020200084	0.476348653855943
NA	NA	NA	NA	NA	NA	NA	NA	NA	NA	NA	NA	NA	NA	NA	NA	NA	NA	NA	NA	NA	NA	NA	NA	NA	NA	NA	NA	NA	NA	NA	NA	NA	NA	NA	NA	NA	NA	NA	NA
NA	NA	NA	NA	NA	NA	NA	NA	NA	NA	NA	NA	NA	NA	NA	NA	NA	NA	NA	NA	NA	NA	NA	NA	NA	NA	NA	NA	NA	NA	NA	NA	NA	NA	NA	NA	NA	NA	NA	NA
NA	NA	NA	NA	NA	NA	NA	NA	NA	NA	NA	NA	NA	NA	NA	NA	NA	NA	NA	NA	NA	NA	NA	NA	NA	NA	NA	NA	NA	NA	NA	NA	NA	NA	NA	NA	NA	NA	NA	NA
NA	NA	NA	NA	NA	NA	NA	NA	NA	NA	NA	NA	NA	NA	NA	NA	NA	NA	NA	NA	NA	NA	NA	NA	NA	NA	NA	NA	NA	NA	NA	NA	NA	NA	NA	NA	NA	NA	NA	NA
NA	NA	NA	NA	NA	NA	NA	NA	NA	NA	NA	NA	NA	NA	NA	NA	NA	NA	NA	NA	NA	NA	NA	NA	NA	NA	NA	NA	NA	NA	NA	NA	NA	NA	NA	NA	NA	NA	NA	NA
NA	NA	NA	NA	NA	NA	NA	NA	NA	NA	NA	NA	NA	NA	NA	NA	NA	NA	NA	NA	NA	NA	NA	NA	NA	NA	NA	NA	NA	NA	NA	NA	NA	NA	NA	NA	NA	NA	NA	NA
NA	NA	NA	NA	NA	2.31893558765402	2.19709679649767	NA	1.78684654749995	NA	1.99614092491801	NA	NA	NA	0.784288469189624	NA	1.29198820149606	1.2332506633388	1.3809622624449	1.49947383283988	NA	1.51148659710378	1.52959147710377	1.88081635918203	NA	NA	NA	NA	0.69159513290661	0.949271466182653	1.12415745339145	0.950221104708537	0.825355503776711	0.637829218037942	0.398579936203869	NA	NA	0.219336669823535	0.306677341136492	NA
1.46368281595151	NA	0.928620375098043	NA	0.7257125989872	0.845012374763534	1.38456129677864	1.36553015684032	1.14210615273864	0.973571656561356	NA	1.17204718681569	NA	0.657135182014118	NA	NA	0.671117986056064	0.49070061591555	0.574234581447018	0.715854847087592	1.06277187045879	0.945363639025208	0.441415152608514	0.286838476071641	0.432303653273132	0.311871916847849	NA	0.535944458859578	NA	NA	NA	NA	0.445229283408326	NA	0.137822012073843	0.337795180430219	NA	0.488292634598746	0.883920208398729	0.566371359909731
NA	1.15637073165893	NA	1.31412717818502	0.771233676453825	0.721001401219947	NA	0.415856445106897	0.487207354732589	0.718132559439955	0.978810549982774	0.813367630933801	NA	NA	0.793994185478019	1.10832837841178	0.689010087964922	1.08304909513218	NA	0.914221187846398	1.16797512648537	0.949367398428042	0.422432977868653	0.265370281744375	NA	NA	NA	0.25091797935456	1.4412508563211	0.377217134363184	0.291547514407344	NA	NA	0.480424075392242	0.53394634905886	0.509917538413483	NA	NA	0.526330418512097	0.669395404717928
NA	NA	NA	NA	NA	NA	NA	NA	NA	NA	NA	NA	NA	NA	NA	NA	NA	NA	NA	NA	NA	NA	NA	NA	NA	NA	NA	NA	NA	NA	NA	NA	NA	NA	NA	NA	NA	NA	NA	NA
NA	NA	NA	NA	NA	0.582103166856569	0.689073890886689	NA	0.324852679481392	0.656128343370045	0.797283357533832	NA	NA	1.00711326064568	0.907188557219465	NA	0.895575860680476	0.936531744544997	NA	NA	1.34934198354288	1.23855352279576	0.777761067440682	1.45824678665629	NA	NA	1.08838380119366	0.985235325025805	0.686058823253167	0.154431666471818	NA	0.442787305748872	NA	NA	0.330846636546196	NA	NA	NA	0.242780630775859	NA
NA	NA	NA	NA	NA	NA	NA	1.63462422890862	1.73302660919005	1.84113713938733	1.9213093104384	1.88777199419414	NA	NA	1.90625961459842	NA	NA	NA	NA	1.66680516791521	NA	NA	1.11564182059546	1.36512561995191	1.39772996152834	NA	NA	NA	1.20123029098127	0.918775715952929	1.01409086862572	1.0867645357896	0.78865720208599	0.410296137225031	0.365267612409525	0.558341143764588	NA	0.544912029632123	NA	0.354144499095682
0.849065280060383	0.90621085005029	0.796334331734654	0.664271426145844	0.669732140434882	0.360633923322772	0.827571795272298	0.620054111664513	0.77703443547172	1.0557176901289	1.1804152537945	0.494806069891833	0.477725992027026	0.647340761338191	NA	0.247925313326561	0.645092960548008	0.525553327633809	NA	0.561954110228082	0.323304309404151	0.37795942773513	0.181967077062821	NA	0.585896578816998	0.58293936196663	NA	0.554018413613509	0.76252644862809	0.649070459604238	NA	0.641418637147281	NA	0.456868474480959	0.66160847888868	0.558195531882332	NA	0.326128461389762	0.483107149628251	0.562330848711882
0.716601518367559	0.425085570380399	NA	1.23761577378944	NA	0.764138324818758	NA	NA	NA	1.22570422547255	1.55067595193085	1.9623041205851	NA	NA	NA	NA	2.19941399360762	1.93171402018215	NA	NA	2.10463213943365	NA	NA	NA	NA	NA	NA	NA	NA	NA	0.450961827867931	NA	NA	NA	0.570317230425942	0.483362912804117	NA	2.58317468255427	NA	NA
1.47517574439951	NA	1.39495076285536	NA	NA	NA	1.3981400767916	NA	1.49982353500159	NA	NA	NA	NA	0.96480914440219	NA	1.49714973316399	NA	1.17593029901475	1.12577947400233	0.720660409518191	0.932622048859344	0.561155855633297	0.176391766723826	0.438527482415027	0.286733880382297	0.653207592775984	0.344145001508841	NA	0.739611366894809	0.650866360757322	0.536098788773661	0.586891462943831	0.567655333626908	0.794476365390678	0.432253731076484	1.79710567497837	NA	0.317491790954977	0.510908688850831	0.343081471000361
NA	NA	NA	NA	NA	NA	2.1143274343414	2.0728477299074	NA	NA	NA	NA	NA	NA	1.93047686076228	NA	NA	2.11154972928057	1.39742500981309	2.00586587989422	NA	1.47641960717348	0.975509410844304	1.06895955198061	1.03988165984477	1.21287727854659	0.961007605344808	0.740129914743244	0.808163348305444	0.602009512547457	0.834465669222315	0.786544909590172	0.61844611685176	0.628879070308297	0.451454739989368	0.456333666117557	NA	0.379077397638264	0.362388831165483	0.161101446297079
1.09758811122068	1.01024884978363	0.9434613653372	0.655409177475417	1.14381796233347	0.962801644324256	0.892605376455528	NA	NA	0.810301770615868	NA	NA	NA	NA	1.13742440785791	NA	1.15743082416537	NA	NA	NA	0.951697887499095	0.81611303447638	0.66945346127593	0.67187055762214	0.860100980717934	0.816311644511413	0.928734840127453	0.704238144984582	1.35252004657803	NA	NA	0.756525263909451	0.590652135830155	NA	0.289764310703515	0.607433244993763	NA	0.344293593062883	0.888119122391287	1.7676711906425
NA	NA	NA	0.854772317792793	0.53233889448372	1.62749278645691	0.784194160787512	NA	NA	NA	0.3772832529184	0.292716167430532	0.828880350912293	0.944086442389157	1.11006016821834	0.884536284067844	NA	0.854005493498759	NA	NA	NA	NA	NA	0.730939503868858	0.481626237307944	NA	NA	NA	0.956753512001665	NA	NA	0.896034069190573	NA	0.516178079983363	NA	0.421261153241697	NA	0.252067447398609	0.69246746848891	0.574474242295582
NA	NA	1.82883015057232	NA	2.11387738575969	2.03555432199091	NA	2.2615528886809	2.16837534741532	2.27068144302254	2.42330140974899	2.39331259720025	1.96323535700158	1.92552438146663	NA	2.02186111728684	2.21500398868912	NA	NA	NA	NA	1.23050640720375	NA	NA	NA	NA	NA	1.06944630212731	NA	NA	NA	NA	NA	NA	0.971994449307105	1.204518757964	NA	NA	0.533494189645327	0.439306732857197
0.612038400724361	0.385293188800284	0.429491753721641	0.753861615266863	0.526987184362193	NA	1.69998924403507	0.634295849176737	0.766030773936739	0.58846827690642	NA	NA	0.540326747945553	0.682552886306683	0.735215726571172	NA	0.555523515777547	0.252410650777017	NA	0.415517760119205	NA	0.398938575496372	NA	0.753868655023766	0.885730796158861	1.4468039499575	0.510041476848932	0.295073270359136	0.666376238083583	0.634266863339736	0.347208882005593	NA	NA	0.377926586734505	0.594792384896153	NA	NA	NA	0.509880518990125	0.432657959818136
NA	NA	NA	NA	NA	NA	NA	NA	NA	NA	NA	NA	NA	NA	NA	NA	NA	NA	NA	NA	NA	NA	NA	NA	NA	NA	NA	NA	NA	NA	NA	NA	NA	NA	NA	NA	NA	NA	NA	NA
NA	NA	NA	NA	NA	NA	NA	NA	NA	NA	NA	NA	NA	NA	NA	NA	NA	NA	NA	NA	NA	NA	NA	NA	NA	NA	NA	NA	NA	NA	NA	NA	NA	NA	NA	NA	NA	NA	NA	NA
NA	NA	NA	NA	NA	NA	NA	NA	NA	NA	NA	NA	NA	NA	NA	NA	NA	NA	NA	NA	NA	NA	NA	NA	NA	NA	NA	NA	NA	NA	NA	NA	NA	NA	NA	NA	NA	NA	NA	NA
NA	NA	NA	NA	NA	NA	NA	NA	NA	NA	NA	NA	NA	NA	NA	NA	NA	NA	NA	NA	NA	NA	NA	NA	NA	NA	NA	NA	NA	NA	NA	NA	NA	NA	NA	NA	NA	NA	NA	NA
0.710720525040143	0.999252036668803	0.755104081770856	0.8405332646499	1.1009125014465	1.43348454736709	1.70418990179715	NA	1.55687225375385	0.865323956730734	0.995860099096145	NA	NA	1.71751670306219	1.08041915762782	1.22850657560609	1.23101337654391	NA	1.15392762150667	0.939681224727111	0.663141192375911	0.274851888997337	0.595958970545426	0.51407481713138	0.846066532802669	NA	1.267244449675	NA	0.890435455854821	NA	0.78975580797432	NA	NA	0.180160215393151	1.59204547211433	NA	NA	NA	0.203911133049714	0.34721551957506
NA	NA	NA	NA	NA	NA	NA	NA	NA	NA	NA	NA	NA	NA	NA	NA	NA	NA	NA	NA	NA	NA	NA	NA	NA	NA	NA	NA	NA	NA	NA	NA	NA	NA	NA	NA	NA	NA	NA	NA
NA	2.35747050797558	NA	1.08270572999266	0.756770865586908	NA	1.16624491721508	1.15817248535552	0.82336763518813	0.768576563254021	NA	1.13182071302286	NA	1.42581219414707	1.33285681554088	NA	1.29426128789892	NA	1.03452225660012	NA	NA	NA	0.543724597936478	NA	0.906293588397274	NA	0.397177155748263	NA	1.32810921899245	1.07099323025924	NA	0.414263588185594	0.474891673282239	0.365874940516005	0.661838866236797	NA	NA	0.298662955130053	NA	1.09309146832353
1.27588052680745	NA	NA	NA	0.83880003730575	1.6746183234282	NA	1.24446091025794	1.10848829386519	1.62553866681139	NA	1.73249820366327	1.80524597604619	1.81711638100558	NA	NA	NA	NA	NA	1.97458755140446	NA	1.27374755669449	0.536248763151442	NA	NA	NA	0.439239055764753	NA	0.380534968556352	0.741837492586399	0.672945889211966	NA	0.563032047160133	0.0517983878507408	0.316983892972583	0.534126214491158	NA	0.230399698692027	0.317454270314713	0.497861967318885
1.16653750194852	NA	0.946139293473609	1.28088350880192	NA	0.621855247862735	NA	0.698826811462698	0.35580354209533	0.412646632682548	0.603972617468196	NA	NA	1.11259789650259	1.27026134825791	NA	0.511901591699973	0.597959484162339	0.660097880135123	0.211535770324362	0.466679658647328	0.79054157716967	0.86519190793374	0.643931406995738	NA	NA	0.678786268549359	1.09055638613442	1.05482453319593	1.14374759847837	1.15498230094867	1.08997040660823	1.30068133732785	0.950100700021139	0.717669874498967	NA	NA	0.897403941801663	0.906614525393534	NA
NA	1.89041669545349	NA	NA	NA	NA	NA	NA	NA	NA	NA	NA	NA	NA	1.5177246868884	1.75440888154791	1.65800097515833	NA	1.44176856991498	0.891982532273157	NA	NA	NA	1.31979309163536	1.69689535481193	1.00703092636597	1.27667111028882	1.44078790593217	1.16163765596594	1.24550233370849	1.50565057487526	1.23605748774277	1.00181770079153	1.01852062009671	1.22767902031333	0.686447866975471	NA	0.323597226642044	0.914842007819771	NA
1.26947177844389	NA	NA	NA	NA	NA	NA	1.41607800049801	1.00075567709775	1.05290197002486	NA	NA	NA	NA	1.00412694396486	NA	NA	0.870766559568421	0.73371120955342	NA	NA	1.32152366282745	NA	NA	NA	0.265727069749145	0.51773109129988	NA	NA	NA	NA	NA	0.390262878936971	0.123779221818746	NA	NA	NA	0.747349186420637	NA	1.06338751925776
NA	NA	NA	NA	NA	NA	NA	NA	NA	NA	NA	NA	NA	NA	NA	NA	NA	NA	NA	NA	NA	NA	NA	NA	NA	NA	NA	NA	NA	NA	NA	NA	NA	NA	NA	NA	NA	NA	NA	NA
NA	0.772967166295434	NA	0.622291299696339	0.623826558764549	1.27830399559705	NA	NA	1.0450478377176	NA	NA	2.06672893932071	2.30652989702908	2.58100686899951	2.20972605294696	NA	2.35231591695004	2.35785426658486	NA	1.63097494100867	1.33461552866337	0.941332815960308	0.609014578751864	NA	0.511115767329671	0.577446397885302	0.335610857416362	NA	0.758627468351165	0.913780061169839	NA	0.501169329263618	0.717436343329948	0.243067897709396	0.728248211285204	0.65959966547278	NA	0.206264657159746	0.59387670964051	0.427844997951298
NA	NA	NA	NA	NA	NA	NA	NA	NA	NA	NA	NA	NA	NA	NA	NA	NA	NA	NA	NA	NA	NA	NA	NA	NA	NA	NA	NA	NA	NA	NA	NA	NA	NA	NA	NA	NA	NA	NA	NA
NA	0.876732599376821	0.31015476900341	0.0977835059248357	0.324070247341052	0.492631623334449	0.409495785990821	1.52682845572731	0.869269809288301	NA	0.764400874331037	0.870558420942704	0.578917862845993	NA	0.514666064573635	NA	0.94210782319316	0.648458242918947	0.650878522132796	0.850825805439113	0.779055521061804	0.766885973448946	0.70922470103576	0.990450088380339	0.419663491304976	NA	0.788003522290577	0.360491115536974	0.759930950058524	0.279682309841875	0.45131054864995	0.414675094650901	0.653020208399525	0.449973173881591	0.268377478714373	0.353939780721484	NA	0.728956289743823	0.25557551589306	0.691110694692192
NA	NA	NA	0.838903247212898	NA	NA	0.742957345506403	0.647963982731101	0.503724894249951	NA	NA	NA	NA	0.652049254671837	NA	0.758820045733916	NA	1.14025305161098	0.584758855942603	NA	0.62508357304908	NA	0.061805675744915	0.513320868458017	0.509667672876365	NA	NA	NA	NA	NA	0.313837808679388	0.951431090092552	0.324338175106253	0.579229115577299	0.681095151180999	NA	NA	NA	0.999199127956968	0.644132690310924
NA	1.60377613892511	1.57095151909068	1.3216406766797	1.54450777064051	1.14663788456552	1.09070231159733	0.983715754321799	0.579940176974191	0.890250466632829	NA	1.45277328051006	1.05530541573246	1.29135683248821	0.850948972066907	1.0044431045094	0.82865122726881	0.756131427398884	1.67991639577052	NA	0.439634111464798	0.984000872860621	0.976199879162317	1.54358698089016	NA	1.25591943903669	1.08934325642159	1.38390340454544	NA	0.487380701259607	NA	0.982924631813052	1.02229223042312	NA	1.79769508561769	0.423420897312325	NA	0.837461750488989	0.88847441588845	0.47666449539118
0.863682773367239	NA	0.710791073011322	NA	NA	NA	NA	NA	NA	0.865653610765686	NA	1.12475629464919	NA	1.32791995476109	1.18885606118099	1.53105658171041	1.5497397684683	0.193852854783326	1.30168604268058	0.468814596387713	1.9540665164455	0.157438674004277	0.994801594211745	2.59321158143413	2.57672260128852	2.54562641865639	0.579737217470972	NA	0.436367030889037	NA	NA	2.33435990694387	NA	NA	0.402487299614035	0.183902334838987	NA	0.49787988166359	2.00959521521751	1.91742730462305
1.33059750292499	NA	1.50384085460083	NA	1.02396473926182	NA	0.770620071393296	0.970443372930877	NA	NA	1.25726295679635	0.997666492761381	0.897863070366442	0.989654970544006	1.15303724749175	NA	1.11056671412276	0.954440461742461	NA	0.6710906564235	0.253746183058369	0.266684610816952	0.813428069694522	0.537787794065296	0.500739678363076	0.971571154525074	1.02803993339823	NA	1.15786217425275	0.190268641527379	0.708011174106137	0.639796573341627	0.523887117309356	NA	1.50311140719192	1.30689564358811	NA	1.22306587521462	0.572141966945591	0.58833218948834
NA	NA	NA	NA	NA	NA	NA	NA	NA	NA	NA	NA	NA	NA	NA	NA	NA	NA	NA	NA	NA	NA	NA	NA	NA	NA	NA	NA	NA	NA	NA	NA	NA	NA	NA	NA	NA	NA	NA	NA
NA	0.238298022194507	0.264948295766402	NA	NA	0.641490789758333	1.15784153593129	NA	1.15384069608071	NA	0.775021155226645	0.664416432333261	0.489876382216741	NA	0.902132282168228	NA	1.12155738128006	NA	0.997501941215113	0.655121095357797	1.13523042190963	0.653394308238498	NA	NA	0.665731586386927	0.701622426313751	0.481593561070531	NA	0.289542516118233	NA	NA	NA	0.399924857936265	0.213453246492488	0.318434741491155	0.453678193372664	NA	NA	0.801549311736144	NA
NA	NA	1.24861540553207	NA	0.864580358843964	0.335672384559597	NA	0.0381042870776805	NA	0.296663152214542	0.74756573411749	NA	NA	NA	1.40385011718517	1.54581153018825	NA	0.692395398495536	NA	1.12150161385562	0.829143048391382	0.599839358280812	0.558988889298326	NA	0.635368994208835	0.539291860738701	2.09692587445036	0.518188311601366	0.622123832997295	0.599552052389675	0.340572643169002	0.387707953929191	0.20545387564297	1.45845809552903	NA	0.358809647471984	NA	NA	0.307545536942012	NA
0.813574952585814	NA	0.455170222407418	NA	0.453068260348665	0.699935967395058	0.492121921707576	0.440809334290169	0.332057386002852	0.562670603690874	1.01135507981673	0.811342872783201	NA	0.931213433746012	NA	0.566332998064274	0.710733219512555	0.268382826903393	NA	0.718638346266086	0.666094165974074	NA	0.323023848071715	NA	0.704776536522313	NA	NA	0.709991031928658	0.67045315316221	0.362183018586583	NA	0.740989056954541	0.644649160608005	0.137633952991134	0.207709401629846	0.185553596041913	NA	NA	0.287404558790931	0.634147808315889
NA	NA	NA	NA	NA	NA	NA	NA	NA	NA	NA	NA	NA	NA	NA	NA	NA	NA	NA	NA	NA	NA	NA	NA	NA	NA	NA	NA	NA	NA	NA	NA	NA	NA	NA	NA	NA	NA	NA	NA
2.44204765861741	1.91214717118393	1.06526886746201	2.78815802590809	NA	0.735876332741925	NA	NA	0.465384443763053	1.34083082002453	0.509137333963159	1.07931070800917	NA	NA	0.67214860121519	NA	NA	1.04753684475579	NA	0.464555609335979	0.329265816638442	NA	1.35891740479495	NA	0.972850440558724	NA	NA	0.835561276760516	NA	1.0065528020111	NA	NA	0.837824195972006	0.777054902757005	0.912582582125965	0.729378145237955	NA	3.07958019256755	1.1481367177876	2.80583692891559
NA	NA	NA	NA	NA	NA	NA	NA	NA	NA	NA	NA	NA	NA	NA	NA	NA	NA	NA	NA	NA	NA	NA	NA	NA	NA	NA	NA	NA	NA	NA	NA	NA	NA	NA	NA	NA	NA	NA	NA
0.595910607707316	0.23588201274935	0.479434958467496	0.0888109375355678	0.489511123921306	1.598978558745	1.70913831120534	1.05472746119954	1.86004252333802	0.931699712730361	NA	NA	1.34236940934584	1.58243900984732	1.49533807495636	1.63862509336998	NA	1.34456451497586	1.22378395214271	1.20419807295977	1.02744180152936	0.622800227591111	0.829926642223247	0.463718949675358	0.998655824712636	1.17947269172384	NA	NA	NA	NA	0.644397713335907	1.23940928718359	0.592883303676445	1.24924260666173	NA	0.507338634278582	NA	NA	0.393377081001554	NA
NA	NA	NA	NA	0.583185195701157	0.483601198703638	1.03083438102752	0.559596947807216	NA	1.29434366375122	1.36119499732652	1.13345559423606	1.42415426886613	0.190114502467686	1.31710955258354	0.119808001415588	0.497826320959786	0.324092439327314	NA	0.471300279139681	NA	NA	NA	NA	NA	NA	NA	NA	NA	NA	NA	NA	0.713694977570807	NA	NA	NA	NA	NA	NA	NA
NA	NA	NA	NA	NA	NA	NA	NA	NA	NA	NA	NA	NA	NA	NA	NA	NA	NA	NA	NA	NA	NA	NA	NA	NA	NA	NA	NA	NA	NA	NA	NA	NA	NA	NA	NA	NA	NA	NA	NA
0.469069280635934	0.417642598246751	NA	NA	0.78541735768621	NA	NA	NA	0.846079777761158	NA	NA	1.56950065052002	NA	1.26863003585	1.12393125762607	NA	1.06110670575714	0.901673127413109	0.854229979711286	0.620405446551107	1.13193222212626	0.795259102544764	NA	1.12691237908651	0.730322663851868	0.854569847476864	0.396885534318099	NA	NA	NA	0.453085574161702	0.570678428726167	0.30779886839449	NA	0.216343771109444	0.245642064085805	NA	1.77707980811925	NA	NA
NA	0.531292272776874	NA	NA	NA	NA	0.72941736232094	NA	0.462936826055271	NA	NA	NA	0.17445140993171	0.554890166381498	0.330375353784768	NA	NA	0.37873598363889	0.592678479636836	0.643072270616931	1.62390770693818	1.98969793227272	0.824248207949445	0.812574494481223	0.600683086459858	0.823098305057769	0.409372196972145	0.4805995237994	1.23016773923649	0.896485008915391	NA	0.732728536643161	0.665018729095045	0.354905221046607	NA	NA	NA	0.483526470308869	NA	0.747936087087271
NA	NA	NA	NA	NA	NA	NA	NA	NA	NA	NA	NA	NA	NA	NA	NA	NA	NA	NA	NA	NA	NA	NA	0.658716319128342	2.3454485161596	NA	NA	0.435074069708556	NA	NA	NA	0.117102341435157	0.308726751949069	0.414764070273423	0.390458165986438	NA	NA	0.863700851051405	NA	NA
1.34917375920968	0.989889259599507	1.72192936800877	NA	NA	0.981813218267998	1.57305680109783	1.114859323896	1.20015261865641	1.65799077067098	1.62865997420689	1.33314984029934	1.63451888476553	1.6988185596329	1.67576561869349	1.15975213585034	1.96636053927758	2.37316578366164	1.89766850160464	1.58190102842837	1.28876771592155	1.51461091581648	NA	NA	1.32284212356249	1.29445702006221	NA	0.762581391658236	0.835009847813212	1.10339076059929	NA	0.699693110642428	0.311541388623506	0.573879391315832	NA	NA	NA	1.25719196998052	0.278584688759457	NA
NA	NA	0.427450709556394	1.08639835805173	1.22323202131283	0.954531924354043	0.552537917804337	0.639503960157827	NA	0.667148411594743	0.616080394190782	0.988437834061566	NA	0.931277367791068	0.98634546521063	1.08020480695844	NA	0.924710444855522	NA	0.503352261806328	0.56797134939188	0.591746644622895	NA	NA	NA	0.253663049887525	NA	1.9367740491911	0.301879611511271	0.312377751456692	NA	0.616092093371542	0.474902421286817	0.760860329938256	0.651056709812797	0.239914417970126	NA	0.411400220799288	0.217608532450169	0.621024580331497
NA	NA	0.85273683674064	0.840489583681879	NA	0.794635051938571	0.903810520675159	0.875895963453291	0.760590433434946	NA	0.685728608066326	NA	1.02264461771289	1.00830474616625	NA	0.942488628433655	NA	0.912508563740915	NA	1.30018398493077	NA	NA	NA	NA	NA	NA	NA	0.923393300319391	0.357715794407329	NA	NA	NA	NA	NA	0.588498897570743	0.635866599747944	NA	0.825694534925374	1.07765274767739	NA
NA	NA	NA	NA	NA	NA	NA	NA	NA	NA	NA	NA	NA	NA	NA	NA	NA	NA	NA	NA	NA	NA	NA	NA	NA	NA	NA	NA	NA	NA	NA	NA	NA	NA	NA	NA	NA	NA	NA	NA
1.80540235619784	NA	NA	NA	NA	NA	NA	NA	0.774362534696221	NA	1.11698837947583	NA	NA	0.937906800372254	1.11215610121426	NA	0.750396318458799	0.922488630988001	1.0434589555485	NA	1.0676399369218	1.6110310454946	0.761895056826496	1.0196694334395	NA	1.23494413921279	1.19495731424947	1.02162376100548	1.88865930148779	0.895673201906863	0.373780357486222	0.1994044123529	0.968575689861803	0.639883807498342	0.499565322984818	0.300216635897445	NA	NA	0.562665428375711	NA
NA	NA	NA	NA	NA	NA	NA	NA	NA	NA	NA	NA	NA	NA	NA	NA	NA	NA	NA	NA	NA	NA	NA	NA	NA	NA	NA	NA	NA	NA	NA	NA	NA	NA	NA	NA	NA	NA	NA	NA
0.876479481266872	NA	NA	NA	1.45758553162561	0.834744400988864	NA	1.01447690755301	NA	NA	0.907321793985942	1.59368265366657	NA	1.71153753839224	NA	NA	0.871628553676441	NA	NA	NA	0.622192928581362	NA	NA	NA	0.243801635309861	NA	0.473640662239195	0.282710345399503	NA	NA	NA	NA	NA	0.840253876788429	0.630970959504529	0.539055074010961	NA	NA	NA	NA
NA	1.24776255648621	1.45752748001209	NA	1.63231933577686	1.99424350318545	NA	2.03964174575174	1.75935466055287	NA	NA	2.30028222593681	NA	2.03051007551778	1.78860327700821	NA	2.03858025793176	1.94311263982079	NA	1.35750101784144	1.23665076405692	NA	NA	1.65378447462241	1.10788220957986	NA	0.801333518665536	0.844349609264334	0.652622934378604	0.588440621783956	NA	0.810612091549617	0.68633059394167	NA	0.35710003098944	NA	NA	NA	0.174645709450222	0.432111753266724
0.781664395984301	0.894841147712431	NA	1.10556296883096	NA	NA	1.07083055788329	NA	NA	NA	NA	NA	NA	0.992980230247595	NA	NA	NA	1.52068046048166	0.844004169295649	NA	0.489192515371995	0.800772771915496	NA	NA	1.40409161981761	NA	NA	NA	NA	0.918883132045547	0.276478435437163	NA	NA	NA	NA	NA	NA	0.529078907416103	0.3434985996714	0.247892872188859
NA	NA	2.19953761137274	NA	2.05765096017953	1.33994770377031	1.52279514028033	NA	1.4898815144544	1.39615824673794	NA	NA	1.09865938105355	1.0428451228409	1.0313142210568	NA	1.20961744242148	1.43969348431302	1.31700756093119	NA	0.822956193364356	0.706370016342213	0.336481456362931	0.285542576944387	0.321592429939175	1.76732943198213	0.605626225911375	1.83160448791366	NA	0.790685961153175	1.82471023105058	0.438540314370943	1.45034400271371	0.70809182323731	0.228482224099326	0.223781171470701	NA	0.461358996928691	0.474863495713866	0.456818265398813
1.62160999017096	1.17101850836559	NA	1.16032089050513	1.18438047882757	1.26490803481784	1.35672582229996	1.16488347026596	1.52132344918834	NA	NA	2.00657561499875	NA	1.73212751017586	1.95088487238817	NA	2.3480036134665	NA	NA	1.79324509305767	2.00655763270504	NA	0.541302971628945	0.368890929802554	0.611435208397653	0.323611144545313	1.27629902599777	0.396819310703638	0.735746312956738	0.619178326049071	0.48718339099628	0.585361790057474	0.546168849945203	0.763051070227251	NA	NA	NA	NA	0.518112866331102	0.752955078222512
1.82803206157193	NA	NA	NA	2.13956943322029	2.15979560066806	1.7036876093574	1.95098219637145	0.754378338311381	1.56605926730054	NA	NA	0.843311476038987	NA	1.08980150245038	1.06751246416315	1.07524462852269	NA	1.38639164292019	1.30158944785074	NA	NA	1.25502828719146	0.889507886558813	NA	0.69849621642488	0.521414694968868	0.851465091993186	1.03157190965694	0.815385343531841	0.906931596611293	0.888696272044617	NA	NA	0.323277001997992	NA	NA	NA	0.653354223592945	NA
NA	NA	1.56553796712476	0.744171038480525	0.736040625264659	0.517334086567537	0.786842910393223	0.715014134053692	0.837275232110115	NA	1.30742173949483	NA	1.05791221077531	1.02472449104904	1.02507770191324	NA	1.08779698050701	1.29757123631323	NA	1.28297099650571	1.18162657905801	NA	0.922997605058069	0.59698096162913	0.466028854638025	NA	NA	0.862241588745966	NA	1.86170812864148	0.482608176528958	0.552559251961202	0.460858058532671	0.892180361949925	1.54579143640049	0.504953567594403	NA	0.762716039652819	0.881171712642928	0.633820132693114
1.61478359675652	0.946439780729347	NA	1.17228540174895	1.23273842022597	1.27967134024063	NA	1.59491145266744	1.69707512238924	NA	1.43629215769411	1.68368133026995	NA	1.46988899046025	2.15916822658999	NA	1.57485790390604	0.696184480172087	1.28286171440728	1.16913180228513	1.17880363749847	0.998777576676007	1.16925099449633	NA	NA	NA	0.696855254384383	0.807530135500336	0.951620179988285	0.711589312305637	NA	NA	1.3890324191108	0.195032780635282	0.442283192067295	1.28733992385744	NA	0.98416864038527	0.635768595672998	0.467061560643845
NA	NA	NA	NA	NA	NA	NA	NA	NA	NA	NA	NA	NA	NA	NA	NA	NA	NA	NA	NA	NA	NA	NA	NA	NA	NA	NA	NA	NA	NA	NA	NA	NA	NA	NA	NA	NA	NA	NA	NA
1.32404460464243	1.42063883980628	1.79849225080305	NA	1.49437922759343	1.28752494808566	1.04565864578346	0.828979823539036	1.40509348210477	1.36835711358391	1.63934136441378	1.35819682582014	1.55583930977988	1.84319022185416	NA	1.19183137627193	1.54052478005312	1.24575116809984	0.963425993694528	0.833143960640293	1.34138192213478	0.683606510151573	NA	0.879927337708182	0.588046996791687	1.02957242519982	1.30553776786366	NA	0.729730545093188	1.09146809511321	0.764277907869915	1.06793373035187	1.09536797500508	1.07465110589779	NA	0.789079054730321	NA	0.183262003039864	0.349974565384256	0.756671716191347
1.10527169658465	0.402599932783502	NA	NA	0.374720165702315	0.471808311596828	0.797855021937692	0.812042649755769	0.467150066420177	NA	0.600979533730482	NA	1.02030315859012	0.590370439091733	0.783231524510814	NA	0.838335440920089	0.940217702813948	NA	NA	0.106710101027319	NA	NA	0.305819465158307	0.488066045620187	NA	0.767003776524747	NA	0.790689386759435	NA	NA	0.993831920747461	0.546801074582756	0.385579520561328	NA	0.64073713014999	NA	0.534352337061505	0.637661248295183	0.829988007316315
NA	NA	NA	NA	NA	NA	2.17598744179052	NA	1.26533400744651	1.18666229841588	NA	1.45762277813934	1.54546802916931	1.32688313947597	1.08409054619217	NA	NA	1.99281971607655	NA	1.45935832151821	2.38020111223375	1.30502699612145	0.784060882068399	0.631634934642781	1.20866668905691	0.619504764374675	NA	0.705438411218797	0.881314783483676	0.270583431980727	NA	0.297933222482099	0.264570782339137	0.580611166655702	0.599470006285756	NA	NA	0.178343688208981	0.331202346334075	1.15842150985603
NA	NA	NA	NA	NA	1.56908043254176	1.24806938387892	NA	1.45690658840667	1.99439444354708	NA	1.60827993774813	1.575193839133	1.46455585096794	1.49166282723376	NA	1.39266376319482	NA	NA	1.63064400221612	1.07193020431691	0.193897940617077	0.7093194648747	0.720702107632056	0.94433529820709	0.663299125456353	0.909770813231735	0.88926721626604	NA	NA	NA	0.651554444517985	NA	NA	NA	0.540967037503557	NA	NA	0.624371902847116	1.19954358858301
NA	NA	NA	NA	NA	NA	NA	NA	NA	NA	NA	NA	NA	NA	NA	NA	NA	NA	NA	NA	NA	NA	NA	NA	NA	NA	NA	NA	NA	NA	NA	NA	NA	NA	NA	NA	NA	NA	NA	NA
NA	NA	NA	NA	NA	NA	NA	NA	NA	NA	NA	NA	NA	NA	NA	NA	NA	NA	NA	NA	NA	NA	NA	NA	NA	NA	NA	NA	NA	NA	NA	NA	NA	NA	NA	NA	NA	NA	NA	NA
1.75300028936518	0.628896508053625	0.699518580172643	NA	1.23808510178586	1.79515229442895	NA	1.06763877168812	1.39144950074826	NA	1.4686558195729	1.41292412766099	1.04136711672742	0.939806370384949	1.26562345845755	NA	1.11560297739985	0.607687833145474	0.375344243488929	1.33922868804528	1.39287195797692	1.27757441955647	0.885014225102763	0.59967365684795	0.715740260445318	0.724224276595401	NA	NA	0.724375312987708	0.436723650751587	1.41232104336227	0.180656284547069	0.457932067669386	1.04704496489758	0.756288870404053	0.363408942071397	NA	NA	0.580665536052685	NA
NA	1.18957732075243	NA	NA	NA	NA	NA	1.25930951911178	1.36412390903322	NA	NA	NA	NA	NA	NA	1.42967683770779	NA	1.54912133375795	NA	0.920325065107333	NA	NA	NA	NA	0.834391422155255	0.446968158743107	1.31658380615891	NA	1.17081442141932	0.572614201426156	0.397925274899289	0.67791501784648	0.523261023990881	1.49144053663873	0.675881838677633	0.400524549737745	NA	0.261029319950478	0.708843533406948	NA
NA	NA	NA	NA	NA	NA	NA	NA	NA	NA	NA	NA	NA	NA	NA	NA	NA	NA	NA	NA	NA	NA	NA	NA	NA	NA	NA	NA	NA	NA	NA	NA	NA	NA	NA	NA	NA	NA	NA	NA
1.47440768868241	NA	1.90888842669867	1.81887985672356	1.65843121332154	0.997746307100154	1.32602288296422	1.82204736991565	1.38892018296404	1.37243539035288	1.25524088654578	NA	0.644454676729045	0.744578990885739	1.19838050003754	0.833063320184808	1.18500595054161	NA	NA	NA	1.19699061177558	0.630058978016411	0.574589478154188	0.47248473364767	0.520032206198927	0.85912134760759	0.819988013017392	0.759781314132336	NA	0.768132699097589	0.440162337431362	0.714647161869709	0.546764068236189	0.952978685147912	0.690831167344735	NA	NA	0.818348994573912	0.836904942644709	2.2323352561361
0.902991913272543	0.313931421168128	0.190307401602974	NA	NA	1.20549173720495	1.03415747192464	0.736031747278471	NA	0.825216711673675	0.644288591443544	1.35142227089804	1.4451077173579	1.57557279088077	1.81969940493237	0.50307783617716	1.87634972227161	1.69847401754659	NA	1.64721161289897	1.1095133097487	1.51322186575807	0.675243037134641	1.51913216960268	0.690922197005485	NA	0.614474205711097	0.332773398495899	0.166197961012591	1.864712587838	0.22614234195174	0.879951440946104	1.92792684675109	1.32497857460231	0.73227797498578	1.5527237725335	NA	0.815587138755865	NA	2.00234322216226
NA	1.66196406365276	NA	NA	1.39428633992583	1.84679242577046	NA	2.46643455381166	2.51732039124339	NA	2.42583966089152	2.43483702672692	2.67228377972143	3.33930685908627	2.53591062211209	NA	2.73515153525152	NA	2.55631717095874	2.60574915376976	2.46561637967223	1.88076899030728	2.67314604991011	2.03230001530253	NA	2.01524312607372	1.83993164014928	NA	NA	1.6819275962979	1.48269832425247	NA	1.53356688438345	NA	1.55220537116259	1.00558339153229	NA	NA	NA	2.04924502852174
0.683049869712414	NA	0.623800103687376	0.745943789108989	NA	0.258549768028166	NA	0.845962730064168	NA	NA	0.673948966724543	0.866255014760274	0.641100557346846	0.546100923244726	0.332120142961913	0.369803885771182	NA	0.909953371441539	NA	0.44444039189314	0.570397330863761	0.657052398042658	0.971871608169325	1.1284853319827	0.832363564942879	0.530161591272544	0.944341921070579	0.380858500323804	0.963664544235421	0.377731717899682	NA	NA	0.639751516301189	0.763627023862722	1.27967197068202	NA	NA	NA	0.720592274951217	NA
NA	NA	0.253266314313924	0.461523083850615	NA	NA	0.892092263750844	0.538858556930633	0.918551570041532	1.02899476712728	NA	0.963074306515451	NA	NA	NA	NA	0.657185506825764	0.241572436172781	0.546740891601476	0.285193429584432	0.322331623370788	1.06523434853725	0.881072974326113	0.876106599282604	0.602049736070504	0.841094427969752	1.14718611142417	0.83921850476594	0.723261916969886	0.408192002588637	NA	NA	NA	0.147553622699391	0.364215364543661	0.25887708623375	NA	NA	0.717875462319533	1.14699920260389
NA	NA	NA	NA	NA	NA	NA	NA	NA	NA	NA	NA	NA	NA	NA	NA	NA	NA	NA	NA	NA	NA	NA	NA	NA	NA	NA	NA	NA	NA	NA	NA	NA	NA	NA	NA	NA	NA	NA	NA
NA	NA	NA	1.95162253651644	NA	2.46901857631855	NA	2.49670031178587	2.44354130027598	1.72116147963836	2.16756626540178	2.38540397849532	NA	1.95947100647704	2.53472067998362	2.78843585384404	NA	2.64855928886957	NA	2.48608803812691	1.68423977569984	2.10669020539008	NA	1.62707567970355	1.75607268281658	NA	NA	1.35300378531011	0.595572724567125	1.26187302356549	NA	NA	2.11231466896974	0.875788677393948	0.385988286790938	0.0521301522711684	NA	0.494546392543299	0.790277717291586	0.857820832139213
NA	NA	NA	NA	NA	0.979300305019705	1.1532992033821	0.623690820398891	0.816186083122543	0.720340724150027	1.24082161270285	0.930055144665235	NA	0.930183636726111	1.13851782933715	NA	1.40368357989097	0.885658451740963	NA	0.564957463832407	1.32411583552091	1.53995908519324	0.851657787797096	1.09613851310998	NA	1.07639572092324	NA	NA	1.66396218198239	0.830182446770194	NA	NA	0.949968647738321	0.928346121704286	0.750713425845405	NA	NA	1.15613020330213	1.36790802144664	1.2766244726265
1.98422253674274	NA	NA	NA	NA	1.39139508307706	NA	NA	NA	NA	NA	NA	NA	1.664519366757	NA	NA	NA	NA	1.5162578534726	1.29592201645628	1.3038596497964	2.14537372377406	NA	NA	NA	NA	0.690434834739534	0.86477768464499	NA	1.38732742591038	NA	1.48924490688235	NA	NA	0.57096860155111	0.504150925119849	NA	NA	0.867152641767288	NA
NA	0.64558760972218	1.20854062046183	NA	1.60850057142157	1.26074318611925	1.12618975609277	1.49829387476789	NA	1.53454018476643	NA	1.25803373073338	NA	0.886860540443324	NA	NA	NA	0.528360739400857	0.679943376137095	1.32674801785975	NA	2.06059903031994	1.40863038499264	1.39464749592771	NA	NA	1.32775156231818	2.10388194233143	1.85500655156472	1.31403140169985	0.920476467742368	0.929235146449608	0.771593518968334	1.21474355389489	0.852219290081474	NA	NA	0.454487541612004	1.22683235074347	1.17990531323155
NA	1.32881626390191	0.499985802764848	0.940406079451431	0.419754815442453	0.504480105744851	0.405116635024866	0.23211658953956	0.0965640749654723	NA	0.229699253520218	0.767581491345215	NA	0.632856928722229	0.788603165988262	NA	0.771950956832907	1.50841098578029	NA	0.768204011836587	NA	NA	0.383229088210417	0.741531714330782	0.70810125117122	NA	NA	0.788107008715618	NA	NA	1.22642861688702	NA	NA	NA	1.56125524011152	NA	NA	NA	1.54080935442469	1.01004831436418
NA	NA	NA	NA	NA	NA	NA	NA	NA	NA	NA	NA	NA	NA	NA	NA	NA	NA	NA	NA	NA	NA	NA	NA	NA	NA	NA	NA	NA	NA	NA	NA	NA	NA	NA	NA	NA	NA	NA	NA
1.15928484232241	0.917664887836338	NA	1.10132442234272	NA	0.632448508620168	0.775932176195028	0.636906823579036	NA	0.446994270018795	0.457674841742411	0.513893475454922	0.501355745096805	0.612869089797991	0.726805288765172	0.804635103542185	0.92752919138262	0.654994156617978	0.795347280670772	0.742233605113812	0.603145547813063	0.567782574327071	1.04867009504477	0.947821388318724	NA	1.27611044348009	1.00469336158621	0.533636120126968	1.33552146916411	1.24804313672495	0.479231729295836	0.271550131823949	0.174911901396023	0.836347516326529	0.433049657359536	0.184200351600334	NA	0.845790630901357	0.468308193534249	0.529005781859565
NA	NA	NA	NA	NA	NA	NA	NA	NA	NA	NA	NA	NA	NA	NA	NA	NA	NA	NA	NA	NA	NA	NA	NA	NA	NA	NA	NA	NA	NA	NA	NA	NA	NA	NA	NA	NA	NA	NA	NA
NA	0.954683777839984	0.897443896010299	NA	0.51836319404709	0.179438341443944	NA	NA	NA	0.669812808343172	0.632818657675364	0.914001139496584	0.971766769882795	NA	NA	0.823117064372023	1.04960549725249	NA	NA	NA	0.211676115409795	NA	0.52676641321778	NA	NA	NA	0.536667571933743	0.981883151468136	0.555983968402161	0.696095190292187	NA	0.511911390172079	1.54439393743873	NA	NA	0.252114655901157	NA	NA	0.742035687994875	NA
NA	NA	NA	NA	NA	NA	NA	NA	NA	NA	NA	NA	NA	NA	NA	NA	NA	NA	NA	NA	NA	NA	NA	NA	NA	NA	NA	NA	NA	NA	NA	NA	NA	NA	NA	NA	NA	NA	NA	NA
NA	NA	NA	NA	NA	NA	NA	NA	NA	NA	NA	NA	NA	NA	NA	NA	NA	NA	NA	NA	NA	NA	NA	NA	NA	NA	NA	NA	NA	NA	NA	NA	NA	NA	NA	NA	NA	NA	NA	NA
NA	NA	1.67170763174943	NA	NA	0.7048607970179	0.614325612601492	1.05558854054744	NA	0.199509725233464	1.03155787596375	0.479585440747701	0.468847461544671	0.686829986009073	0.810790131007776	1.32088200501915	0.213328378862353	0.319541815562002	0.351762222670518	1.43304776041502	1.26605519508007	1.08252409740804	NA	0.314123812650906	0.229581462782542	0.223532084609127	0.226916399703481	0.278733709183402	0.36622221883444	0.519324688437052	0.169413507461763	0.410509768833558	0.172611598405405	0.446436547822841	NA	0.516555232469783	NA	NA	0.981256203395735	0.750019737430372
NA	NA	NA	NA	NA	NA	NA	NA	NA	NA	NA	NA	NA	NA	NA	NA	NA	NA	NA	NA	NA	NA	NA	NA	NA	NA	NA	NA	NA	NA	NA	NA	NA	NA	NA	NA	NA	NA	NA	NA
NA	NA	NA	NA	NA	2.50037485614168	NA	2.34157429849133	1.9155407900376	2.13579687234158	NA	1.75864544593782	NA	NA	1.66524993128274	1.495460482639	1.81487894462842	1.73068577264446	NA	NA	3.07675294783737	2.29843580293705	1.24983337077767	1.4090422851521	NA	1.34453037185439	1.21875560258541	1.01903745848185	1.91231532920078	0.541248531913612	0.419854281274996	0.401192255650332	NA	2.08031757170781	0.68233789280088	NA	NA	0.51497792838068	0.824495131534156	0.847961592287024
0.611252093725624	0.61282926611915	1.63843675632813	1.06895013049567	0.394040966960286	NA	0.850236296168508	0.640297559891099	0.961605013854803	NA	1.48559378051189	0.894194754086843	NA	1.17870518013747	NA	1.21372983063528	1.3386537872809	0.784284506092316	NA	1.28239855765934	1.76089075842876	1.36429990527606	0.828031613467089	0.964890065666595	NA	1.26345384072943	1.00741562178183	NA	1.28989152502074	0.840045980894509	NA	NA	0.657225553726843	1.04544702756959	0.363167797931392	1.33003420581312	NA	0.602573030683023	0.541244649565244	0.603971965384842
NA	0.90194739478598	NA	NA	NA	NA	0.671058182248171	0.725513471683925	NA	NA	NA	0.566263040271399	0.417903182067015	0.630066108764428	NA	NA	0.296639201568419	0.418350451744355	0.249874529757527	0.363935224600137	0.120676206839346	0.339990639115904	0.266778489034701	0.679411086060372	0.898338331757141	0.392321164489479	0.273361100886079	0.427000142024909	NA	1.66040588556997	NA	0.55078993130737	NA	1.3784524817117	NA	NA	NA	0.533761181749616	NA	0.591308092684729
NA	NA	NA	NA	NA	NA	NA	NA	NA	NA	NA	NA	NA	NA	NA	NA	NA	NA	NA	NA	NA	NA	NA	NA	NA	NA	NA	NA	NA	NA	NA	NA	NA	NA	NA	NA	NA	NA	NA	NA
2.72667156688302	NA	NA	NA	1.74084257241064	NA	1.75563589459103	1.43764583639811	NA	NA	1.57013097686091	NA	1.08216138711593	NA	NA	NA	0.407933556711358	0.400947860307841	1.14751836784741	NA	NA	NA	1.0151697997259	2.92415723492375	NA	NA	0.654587983233578	2.00253013583484	0.864827400861474	1.3689833540344	NA	1.24321079531367	NA	0.776353192874587	NA	0.819534613381048	NA	0.171515761087075	1.01027634749328	NA
NA	NA	2.30065043857865	NA	2.00458894390259	NA	NA	NA	0.953115491362763	NA	NA	0.969389305943691	NA	0.595106509441623	1.47122970897107	NA	0.800007709545804	0.882865268206684	NA	0.544713895244465	0.741174620264642	0.75623407018013	0.525997992291924	0.635893538136598	0.353112064203258	0.569896817856409	0.398157872236742	0.40787408697398	0.231346996110932	0.166351553517212	NA	0.331346398864274	0.556209845367608	0.463723190493388	0.276358738568213	0.600027836505142	NA	0.628348420122501	0.902706423399637	NA
NA	NA	1.47144724434255	NA	NA	1.39330495997109	NA	1.18815619311067	1.22997413168564	NA	NA	1.07260150097663	NA	1.10355759247127	0.919189877150046	NA	NA	0.742094524858744	0.816404159898807	0.585964639518884	0.753575895870078	0.494785986432881	0.514433246141793	NA	0.6629113364838	1.13781262557956	NA	NA	0.997660863927433	0.567866680145346	NA	NA	0.535969999167179	NA	0.27919436432013	0.321037186867844	NA	NA	0.316863200283481	0.713246852660825
NA	1.98914567055097	2.6961184516592	1.73738930141479	2.09347552113022	1.72878658622825	1.32348956005427	NA	1.41267140309811	NA	NA	1.90639417856565	1.02141829783083	1.34385298746614	1.24412805646146	NA	1.01791048018638	1.08222942889072	NA	1.22583459035038	0.98011788360722	0.746099756595267	1.15280164454724	2.0991687473175	1.07207436952286	1.23172252583927	1.02029180709933	0.83033683013093	NA	1.09643330129178	NA	0.340776215359839	NA	0.397776700108944	NA	NA	NA	0.402730525251452	0.601696616843861	0.766962447142076
NA	0.548858491230442	NA	NA	NA	NA	NA	0.209209008619239	NA	NA	0.50162210117869	0.59837136033443	NA	1.16640481768111	NA	NA	1.7062569819717	0.820853088442226	NA	NA	0.252254716800963	NA	NA	NA	NA	NA	NA	NA	0.472956677606506	1.09673448417112	0.714012595303895	0.422105285836627	NA	NA	NA	0.532434199897805	NA	0.848850493809248	0.181401737945855	NA
1.08658106607358	0.527404943399836	0.265418842973462	0.252659461417458	0.469805466403702	0.648198845358569	1.00146317307085	1.38485824627841	0.490257211554774	0.718636740312475	1.28568912331286	1.11733663887903	0.744152771725942	NA	1.25786199847158	1.03645822749489	1.18626899834984	1.51827438485837	NA	1.28412844176782	1.21309838108204	0.835565108649195	0.358197094876422	1.7760839346475	1.20118968437659	0.460442761147822	0.450176946953375	1.9081822672821	1.13281479517288	1.9153555948039	0.346502000214852	1.41994480798511	1.66793356528895	1.5319018610165	2.0221782731493	0.439177335604821	NA	NA	2.00604168830034	0.538186424907799
NA	0.9300193530869	NA	0.864703154063014	0.413712553911303	0.619726212309245	0.966713561903738	0.949427520124212	NA	NA	0.526561515618936	0.24017423482323	0.904235430398771	1.34009231880113	NA	NA	1.58678075231816	1.1716325797451	0.530449207811613	0.904945078373953	0.466530484602207	0.11947697091059	0.313461291042006	0.227900602889833	0.680148985704602	NA	0.636701083755873	NA	0.722646382755512	0.854068879774048	NA	0.488868194437204	0.616079626977049	0.526782365631724	NA	0.562744864936487	NA	0.699602189857501	0.77590531550181	0.705954305637226
NA	NA	1.22251891989977	NA	2.05031867144326	2.25092084947257	0.228920333810741	1.69126991325436	NA	NA	NA	NA	1.49694525440221	1.98783060292601	1.16119654203792	1.80552942071955	1.3100418266387	NA	NA	NA	NA	2.08485215880695	NA	1.52720148979829	1.41489760318063	NA	1.62418451302199	1.51924039221151	1.33741251089565	1.95036643483968	1.12571721105312	NA	NA	NA	0.0901346059996853	0.531941754028443	NA	1.03088404022347	0.818237396222288	0.947777583256377
NA	1.34353334448427	1.32464646274248	NA	1.23021341404825	NA	1.19522154274861	1.09779902185606	NA	0.644492197162418	0.696688020185708	NA	NA	NA	1.0702174585415	1.17934936176041	0.91670978653357	0.844230278345122	NA	1.06945424041375	0.68314705503341	NA	0.42856499662874	0.479511009781124	0.81120795896783	0.516952003435259	0.256856643897149	0.47535644628017	0.309540851205629	0.242052420206893	0.495025881862631	NA	0.140704567277114	0.677945706100982	0.287165338201262	0.368645372669153	NA	NA	0.680813989266172	0.237667280764788
1.12993174337584	NA	1.0584308832777	1.21998272635533	1.25145833903397	1.07117689966915	0.781098805237692	0.805746342417092	1.0663132331223	0.711732440843646	1.15471291648149	0.452843752766216	1.17143212930791	0.668454543832399	0.86460885719082	1.44272903952597	0.660036786859769	0.943636379000679	0.878798872744154	0.369254698986323	0.880586755753905	0.362030383678762	NA	0.641308434600443	0.641507489785267	1.29335688794772	NA	1.6942421484566	NA	NA	NA	1.00564552162466	NA	0.659040327094187	0.133144070332182	NA	NA	0.397945556146545	0.187444835711016	0.899318024670998
NA	NA	NA	NA	NA	NA	NA	NA	NA	NA	NA	NA	NA	NA	NA	NA	NA	NA	NA	NA	NA	NA	NA	NA	NA	NA	NA	NA	NA	NA	NA	NA	NA	NA	NA	NA	NA	NA	NA	NA
NA	NA	NA	NA	NA	NA	NA	NA	NA	NA	NA	NA	NA	NA	NA	NA	NA	NA	NA	NA	NA	NA	NA	NA	NA	NA	NA	NA	NA	NA	NA	NA	NA	NA	NA	NA	NA	NA	NA	NA
NA	NA	NA	NA	NA	NA	NA	NA	NA	NA	NA	NA	NA	NA	NA	NA	NA	NA	NA	NA	NA	NA	NA	NA	NA	NA	NA	NA	NA	NA	NA	NA	NA	NA	NA	NA	NA	NA	NA	NA
NA	NA	1.23375847306409	NA	NA	NA	1.77765748826655	NA	NA	NA	NA	NA	NA	1.43737415977515	NA	NA	NA	1.32335630159655	NA	NA	NA	NA	NA	NA	NA	1.17134925341972	NA	0.607825928896304	0.560926501510852	0.394245016453862	0.555436371948016	0.384246400098977	0.572292774688133	NA	NA	0.271549504029388	NA	2.56840925726105	NA	1.50114348409867
1.00046926439258	0.660249020602182	0.540722975692432	0.938190665597993	NA	0.856084168190896	NA	0.843702220006004	1.06659140640604	NA	0.824340918713534	NA	NA	NA	NA	NA	NA	NA	NA	0.664665562333907	0.238204626489786	0.0668877133218127	0.458967213349082	0.593807886845194	0.855395902376962	NA	0.691731150131539	0.466366820543147	NA	1.12098419188966	1.58081455564095	NA	0.398461960490606	1.21148461368136	1.257903888584	NA	NA	NA	1.12557075428976	0.773533495782422
NA	NA	NA	1.22912663398908	1.34262216516117	NA	2.08202527748447	1.78196997198636	NA	NA	NA	NA	NA	NA	1.43722074149281	1.09188432323775	1.68352244048388	2.11716150253057	1.76189265706936	NA	NA	1.20664284273078	NA	1.4212243086842	1.34701281755963	1.24832002005845	NA	NA	NA	2.09516401499677	1.7591403084035	1.66682292805519	1.23246569125974	0.490213294050091	1.21518373073912	0.671870405978605	NA	NA	NA	0.747378359387882
1.27992266493625	NA	NA	NA	NA	NA	NA	NA	NA	NA	NA	NA	NA	NA	NA	NA	NA	NA	NA	NA	NA	NA	NA	1.57058758243651	NA	NA	0.54631080487923	NA	1.49180411329262	0.602429285070582	NA	NA	0.296893285788942	NA	NA	NA	NA	NA	1.42116005103242	1.38796351056002
NA	NA	1.08888992535271	NA	1.41788294026004	0.821363982981162	NA	1.09055504628578	NA	0.78349879917315	0.707949138323624	NA	NA	NA	0.976426029214644	1.15997933633902	0.839634564189352	NA	NA	0.939407055439949	0.318414722215271	NA	NA	NA	NA	NA	NA	0.284874014411765	0.215995340559792	0.286056561829301	0.642029754991556	NA	0.231797161315805	NA	NA	0.734200184132886	NA	NA	0.128220230953386	0.26637220817779
NA	NA	NA	NA	NA	NA	NA	NA	1.65428227801659	0.872795827677694	NA	NA	NA	NA	NA	1.1203416699667	0.556441661886606	NA	0.484397186820635	NA	NA	NA	NA	1.2812739540859	NA	NA	NA	NA	NA	NA	NA	NA	NA	0.309690057020812	NA	NA	NA	NA	NA	NA
NA	NA	1.0731215700049	0.715127967042219	NA	0.699085254658552	NA	1.07132398819963	NA	NA	1.18561691711581	NA	0.647970851138943	NA	NA	NA	NA	NA	NA	0.340798515674083	0.257009555413407	0.512789780597158	1.16925062349302	NA	0.621464981397739	NA	NA	0.600190935843731	NA	NA	NA	NA	NA	NA	0.829106738777337	NA	NA	NA	0.680748386840637	0.593957879330091
NA	NA	NA	NA	NA	2.29355276330976	2.14671054203009	1.90951074798418	NA	NA	NA	NA	NA	NA	NA	NA	NA	NA	NA	NA	1.54821266733777	NA	NA	1.15824092551679	2.07048092933001	NA	0.817903579506522	1.59409604165134	1.40931766710533	NA	NA	NA	0.592548827112326	NA	NA	NA	NA	1.82795275253904	0.630786010708775	0.651333139203857
NA	NA	NA	NA	NA	NA	NA	NA	NA	NA	NA	NA	NA	NA	NA	NA	NA	NA	NA	NA	NA	NA	NA	NA	NA	NA	NA	NA	NA	NA	NA	NA	NA	NA	NA	NA	NA	NA	NA	NA
0.769471443363885	NA	1.11891855996642	NA	NA	1.65323060018488	1.02537063733037	NA	1.67092993646973	NA	NA	NA	NA	NA	NA	NA	NA	1.43290936783973	NA	NA	1.83500177912194	1.30632567731665	1.6237571361145	NA	0.651586538461031	NA	NA	NA	0.354573663354355	NA	0.293010635627485	NA	0.371047081324199	0.571340588848075	0.635742219158103	0.950225108672581	NA	0.134425769952355	NA	NA
NA	NA	NA	NA	NA	1.01918925999436	0.700378898249493	NA	0.691142574622618	NA	NA	0.563292395999268	NA	NA	0.704445850640673	NA	NA	NA	NA	0.606784562254597	0.61745775522502	NA	NA	NA	0.923476532335485	NA	1.57404962508914	NA	1.34196083157271	1.7496610537579	1.30995169256129	1.39334077545756	NA	1.79119306576536	NA	1.69114731433581	NA	1.11950555394259	1.43413889541415	NA
NA	NA	1.99801230043016	NA	NA	NA	NA	0.873842981096267	0.728924409759214	NA	0.732469233125687	NA	NA	1.2747791873414	1.52311633946412	0.73431985072975	NA	0.620977793577135	0.748267087860274	1.0417903327074	0.702188105751999	1.20199963490629	1.15738348168638	NA	NA	0.863057083698844	1.37557610855019	NA	NA	NA	0.615689398486879	0.514956213950676	0.906290753993266	0.764016489002043	NA	0.333404399946579	NA	0.489134714201693	0.783865521824834	0.445966780882499
NA	NA	NA	NA	NA	NA	NA	NA	NA	NA	NA	NA	NA	NA	NA	NA	NA	NA	NA	NA	NA	NA	NA	NA	NA	NA	NA	NA	NA	NA	NA	NA	NA	NA	NA	NA	NA	NA	NA	NA
NA	NA	NA	NA	NA	NA	NA	NA	NA	NA	NA	NA	NA	NA	NA	NA	NA	NA	NA	NA	NA	NA	NA	NA	NA	NA	NA	NA	NA	NA	NA	NA	NA	NA	NA	NA	NA	NA	NA	NA
NA	0.342567033712011	0.967332801819251	0.728989546571514	1.63324606459241	1.15691467471192	1.04667461878003	1.23431646268488	0.931533338606265	0.971736778470668	1.22469962647874	1.28124611057445	0.652932695980536	0.382347986765798	0.840966439391077	NA	NA	0.329053209409193	0.71365060986933	0.446915219335239	0.281882739495729	0.880130597968276	0.857220702993537	0.62185685018038	0.731919029154788	0.719305108061548	0.677085001283062	NA	NA	0.233576116835784	NA	0.320338860362198	NA	1.00298681025261	0.729683585304353	0.709251579724112	NA	0.709737117027711	0.618714109455715	0.791187179449301
NA	NA	NA	NA	NA	NA	NA	NA	NA	NA	NA	NA	NA	NA	NA	NA	NA	NA	NA	NA	NA	NA	NA	NA	NA	NA	NA	NA	NA	NA	NA	NA	NA	NA	NA	NA	NA	NA	NA	NA
NA	NA	NA	NA	NA	NA	0.418077532234405	NA	NA	NA	0.791311953715515	NA	NA	NA	0.638096487135571	NA	NA	NA	NA	NA	0.42343196454285	0.0408131696273929	0.442268200975454	NA	0.641131112792048	NA	NA	0.415267368897499	NA	0.741450556062772	NA	NA	NA	NA	0.38270887844421	NA	NA	0.612851653536784	NA	NA
NA	NA	1.8914224361607	NA	1.45074236614759	NA	0.597314381720459	0.276613092296218	0.311039346978374	NA	0.954921458005016	0.756745391500632	0.711223768412658	0.379140808730767	0.395326872828659	NA	0.448365884318189	NA	NA	0.793883856029368	1.32988432889291	1.20579108411432	0.612074844461788	1.22602184053816	0.798346189811085	NA	NA	0.495853662628969	0.768657356326368	NA	NA	0.714772683599423	NA	0.78198290166401	0.305596301958589	NA	NA	0.286165208473512	NA	NA
NA	NA	NA	NA	NA	NA	NA	NA	NA	NA	NA	NA	NA	NA	NA	NA	NA	NA	NA	NA	NA	NA	NA	NA	NA	NA	NA	NA	NA	NA	NA	NA	NA	NA	NA	NA	NA	NA	NA	NA
NA	NA	NA	NA	NA	NA	NA	0.944161090659854	0.984900686717249	NA	NA	NA	NA	1.71970623105394	NA	1.56370899585635	1.14499607438585	1.22576722365407	0.913070479676639	NA	NA	0.577365369063075	0.237227615317249	NA	0.77009366988019	NA	0.792345718817035	0.569239074332158	NA	NA	NA	NA	1.01704183665703	NA	0.389259179597755	0.521040822017021	NA	0.744533544654239	1.05329529149605	1.20753993641696
NA	NA	0.773959587647474	NA	0.799707813642885	NA	0.938861064948793	NA	0.574518147848475	NA	NA	0.479297840935705	NA	0.544677974987387	0.766502579917311	NA	NA	0.736724586934365	NA	0.246116285374344	NA	0.704202631897176	0.724418982151462	0.628690174503457	NA	0.364100948206555	NA	0.723999054629501	NA	1.25419465055988	0.991041627380376	1.07919955213437	NA	0.448984420313762	NA	0.471899825640751	NA	0.679539401984472	0.518031539335704	0.337171692045903
NA	NA	NA	NA	NA	NA	NA	0.837776754451094	NA	NA	NA	1.92384313254752	NA	NA	NA	NA	NA	NA	NA	NA	NA	NA	0.468706895531041	NA	NA	NA	NA	0.734136878441336	NA	NA	NA	NA	NA	NA	NA	NA	NA	NA	0.322256037839596	NA
NA	NA	NA	0.436996619607896	NA	0.794769527252504	1.10533558635234	1.18784432104532	0.957024949428644	1.1786976239663	1.53042419571581	1.1319253300346	NA	1.10756819022925	NA	NA	1.12796845100289	1.38059791267744	0.906090430233262	1.12020858835288	1.26168640505734	0.31685998393025	0.489235184213294	0.535133468902878	0.394515449103473	NA	NA	0.271523641094201	0.302559751824227	NA	0.395328405812184	NA	0.630829260434876	0.598057742916756	0.632417845439975	0.312215862614887	NA	0.242793545981616	0.271137384888268	NA
1.42343754490538	1.37731200214773	1.268828694629	1.45154848152925	1.00596147352585	1.47656551086277	1.49292175745093	NA	1.52981722323763	0.945258708445295	1.09030736545208	1.3295175389831	NA	1.09096763390582	NA	1.03566655388006	1.09399508308357	1.26893278869417	NA	NA	NA	NA	NA	NA	0.900683390996207	NA	0.463566703984298	0.40926184674874	NA	NA	NA	0.425424956104124	0.196377543869249	0.417482372240873	0.674171867525976	0.832069325614228	NA	NA	NA	NA
NA	1.41438233154544	NA	NA	NA	NA	NA	NA	1.57386001805716	NA	NA	NA	NA	1.51841460345962	1.57380508057139	1.55839616030874	1.59461332158526	1.38276185418823	1.23654559128916	0.761668968699277	1.33103783955286	NA	NA	NA	0.837589501614999	1.18548899666346	NA	0.932802592803138	0.626639272584706	0.512476812194963	0.528923985909782	0.775350375687874	0.804046203924038	0.756919253953514	1.0648057053601	1.24656878479796	NA	0.852784715438367	0.940237194314909	0.663289794524514
0.979395994801398	0.924353699226378	0.456184324272831	NA	0.761540557456301	NA	0.864332969930712	0.903389330605487	0.251943766473188	NA	NA	NA	NA	0.735076194209278	NA	NA	0.694991491081993	0.478284722865241	NA	NA	0.906693418032448	0.342852759109286	0.55970995407616	0.0920730399163605	NA	1.58658018180585	1.18508236740244	0.969365147825514	NA	NA	NA	NA	NA	0.411856827485933	0.481343625536201	0.754928839253061	NA	NA	NA	NA
NA	NA	NA	NA	NA	NA	NA	NA	NA	NA	NA	NA	NA	NA	NA	NA	NA	NA	NA	NA	NA	NA	NA	NA	NA	NA	NA	NA	NA	NA	NA	NA	NA	NA	NA	NA	NA	NA	NA	NA
NA	NA	NA	NA	NA	NA	NA	NA	NA	NA	NA	NA	NA	NA	NA	NA	NA	NA	NA	NA	NA	NA	NA	NA	NA	NA	NA	NA	NA	NA	NA	NA	NA	NA	NA	NA	NA	NA	NA	NA
1.39011071325739	NA	NA	NA	NA	NA	NA	NA	NA	NA	NA	1.26086716250682	NA	1.57791190860663	NA	1.70404889188075	1.70834200681574	1.16082584076996	1.44173419924792	1.53835695126576	1.31439555843574	NA	1.66329234033237	NA	1.07246547896007	NA	NA	1.36650119386081	0.996095260069949	1.08991630487919	NA	0.816908879294959	0.812736658687673	0.463547181097694	0.380137007772099	0.214149212263565	NA	0.16725018668244	0.371414336610929	NA
0.795588664931637	0.288827905608677	NA	0.724001067358982	0.0961800234347927	0.395670135020065	0.42378580384625	0.337420434823757	NA	NA	0.495226051506525	NA	NA	NA	0.856737666587041	NA	1.16378943041249	0.964915956661038	0.689001798987955	0.573627439860215	NA	0.777139735162024	0.950879105750814	0.470537462016027	1.1045827996707	1.82926637500313	0.240560904726025	0.223041620037897	0.107209186447679	NA	0.255353840203903	0.104954211237899	0.204714828702732	0.342534090536448	0.240602804072884	0.110964240802684	NA	NA	0.272098885650037	0.20611154011833
NA	NA	NA	NA	NA	NA	NA	NA	NA	NA	NA	NA	NA	NA	NA	NA	NA	NA	NA	NA	NA	NA	NA	NA	NA	NA	NA	NA	NA	NA	NA	NA	NA	NA	NA	NA	NA	NA	NA	NA
NA	NA	NA	0.810935317030112	NA	NA	NA	0.547687189628843	NA	NA	NA	NA	0.849929526126754	0.934685977899604	NA	NA	0.83031823317433	0.558306995404767	0.168874105477124	0.219177384149466	NA	NA	NA	NA	NA	0.225436666770134	NA	0.336352240967169	NA	0.153652580828246	1.36922809330015	NA	NA	0.306072597495694	NA	0.573270231809007	NA	0.428644028757692	0.283969037077794	1.05532860185975
1.59534453605756	1.85642998226544	1.13885110767129	1.68915304895866	1.37301604249231	NA	NA	1.49609103507205	1.20126336889947	NA	NA	0.828601755411422	NA	0.937809739642049	NA	NA	NA	NA	NA	NA	NA	NA	NA	NA	0.807507752696742	0.918020811150188	NA	NA	NA	0.618247481627985	NA	NA	0.433481623139259	0.703717950133725	NA	NA	NA	NA	NA	0.81967225614758
NA	0.894515655880172	NA	0.876214843011145	1.14637510101243	1.4312717113857	1.41799449745538	NA	0.861056811617128	1.2909683102184	1.31799597861221	0.98290970589217	NA	1.04313976670826	1.13795009445851	NA	1.14872537814367	NA	1.48161386410337	0.427756068213017	0.604546036241115	NA	0.727071004587559	NA	NA	NA	NA	NA	NA	NA	NA	NA	NA	NA	NA	0.670671793239752	NA	0.525994288228041	0.636454010537033	0.333678755611128
NA	1.64105071152682	NA	NA	1.75115859831295	NA	1.37696644713303	NA	NA	NA	NA	0.530702441512573	1.01994300960673	1.44950380368416	1.45537271381506	NA	1.6466872826458	1.99123169406131	NA	1.61319901834134	0.993049655848118	0.861321111096306	NA	NA	0.532795417102346	0.708734540964582	0.784481086989926	0.946572594628199	NA	NA	NA	NA	0.379909181305289	0.757516243520732	NA	NA	NA	0.234250625918095	0.211731542853496	0.295854330763059
0.899474352779062	NA	NA	1.13846098110016	0.655753744717342	0.297008499796467	NA	NA	0.413891995326512	0.181841815170332	0.300874287282348	NA	NA	0.830604687556966	0.406096514627318	0.452345157731037	0.19149364117625	0.512037522288626	NA	0.318204689463418	1.48712107226164	0.973734883386888	NA	0.492725608202311	NA	NA	NA	NA	0.990634913134306	NA	NA	0.286828186839622	NA	NA	0.219694802275435	0.57283738093661	NA	NA	1.5287368352224	0.393166992398092
NA	2.12819248453903	NA	NA	NA	NA	NA	NA	1.90403167441991	NA	1.19467798808018	NA	1.82197196545734	NA	NA	1.78588454054235	NA	NA	1.23865292354351	NA	NA	0.989211902609737	NA	NA	NA	NA	NA	0.750885690128365	0.685283698461776	NA	0.644729819738175	NA	0.349569310701847	0.275501942741542	0.18999916965327	0.452449218605794	NA	0.435415987246096	0.383318731330676	0.76384319817055
NA	NA	NA	NA	0.796705078281476	NA	1.04963387683843	NA	1.39909728988033	1.93983940790672	NA	NA	NA	1.44377514241659	1.09692503474197	NA	0.926914076252582	NA	NA	NA	NA	NA	NA	NA	0.960035573165681	NA	0.842873667237624	0.66078303182941	0.69621741048354	NA	0.696224379087887	0.463443726646645	NA	NA	0.280987937884645	NA	NA	NA	NA	0.279073031365093
NA	NA	NA	NA	NA	1.52591791390979	1.79286967541982	NA	1.67162038447999	1.5553274074898	1.49697008252056	NA	1.39856000076745	NA	1.58140883556681	1.26715392805956	NA	NA	NA	NA	NA	0.914298113099806	1.04521863325021	NA	NA	0.813940274857597	NA	NA	NA	NA	NA	NA	0.503062420597319	NA	NA	0.706458264974414	NA	NA	NA	0.479352703313064
NA	NA	NA	NA	1.65518437603127	1.17637105355181	1.60263483896268	0.97090136494188	1.20828257237574	NA	1.53692873715952	NA	NA	1.84818812284899	NA	NA	NA	NA	NA	NA	NA	1.01166437183268	NA	NA	0.920051876667295	NA	NA	1.15099110755261	NA	0.7293753362057	0.844484556208149	NA	0.516141711596282	0.394272527308416	0.545712217537305	0.462424760521739	NA	0.483608491188753	0.583676789878753	NA
1.26849642700131	1.34180361684729	1.32875059206974	NA	NA	NA	0.934715343035101	0.797435057002804	0.762640248970814	0.567911685267353	0.577614312768943	0.537816697912079	NA	0.707871350000575	0.925548035173788	1.07235556663026	NA	1.14529235378214	NA	0.902757247345975	NA	0.708264675274143	NA	NA	NA	NA	0.709505116250647	1.47814627542173	0.739633047370851	1.63963480472824	NA	0.819115914153159	1.11271584481226	NA	NA	0.570762801803885	NA	0.467190137335536	0.408156689380671	NA
NA	NA	NA	NA	NA	NA	NA	NA	NA	NA	NA	NA	NA	NA	NA	NA	NA	NA	NA	NA	NA	NA	NA	NA	NA	NA	NA	NA	NA	NA	NA	NA	NA	NA	NA	NA	NA	NA	NA	NA
NA	NA	NA	NA	NA	NA	NA	1.1593719756611	NA	NA	NA	NA	NA	NA	NA	NA	NA	NA	NA	NA	0.98311458104422	0.797495390882983	NA	0.521550561632423	0.524127808374925	NA	NA	0.901518093198549	0.400380061943937	1.41308398995122	NA	NA	1.1045772056293	0.753592637754554	NA	NA	NA	0.56169182703513	1.24259875346794	NA
NA	NA	NA	NA	NA	NA	NA	NA	NA	NA	NA	NA	NA	NA	NA	NA	NA	NA	NA	NA	NA	NA	NA	NA	NA	NA	NA	NA	NA	NA	NA	NA	NA	NA	NA	NA	NA	NA	NA	NA
0.925384580569397	NA	NA	NA	0.961130776155824	NA	0.851671422085442	0.850543050399415	1.30119688019574	0.907669630206765	NA	NA	NA	NA	1.27190919067725	NA	1.09927188942093	1.13463749070094	NA	1.60602934482632	NA	1.03503864363636	0.99846535867466	0.502223951495989	NA	NA	0.40558796974267	NA	0.971687086301659	NA	0.671882153480538	0.683150600116579	NA	0.492073156298646	NA	0.731806327406765	NA	NA	0.466793037148206	0.424978992887215
NA	NA	NA	NA	NA	1.05255765712686	1.39205802061258	1.21007181648568	1.22768313786003	1.29299327883798	1.30075567806178	NA	NA	NA	1.58561246772019	1.6999588367192	2.4562794205188	1.36556819432099	2.07707938206418	NA	NA	NA	1.35345751892857	1.28608096198486	NA	0.675276608334624	NA	0.427878275632265	0.810167922221653	1.23092976532461	0.996583365149048	0.426510327520247	2.32099837952046	NA	0.428195950981473	0.220568338948087	NA	2.34213358108804	0.321545754589278	1.058172652506
NA	NA	NA	NA	NA	NA	NA	NA	NA	NA	NA	NA	NA	NA	NA	NA	NA	NA	NA	NA	NA	NA	NA	NA	NA	NA	NA	NA	NA	NA	NA	NA	NA	NA	NA	NA	NA	NA	NA	NA
NA	NA	NA	NA	NA	NA	NA	NA	NA	NA	NA	NA	NA	NA	NA	NA	NA	NA	NA	NA	NA	NA	NA	NA	NA	NA	NA	NA	NA	NA	NA	NA	NA	NA	NA	NA	NA	NA	NA	NA
1.60439795248092	1.05274033643627	NA	NA	NA	0.826695561755357	NA	1.34438166881922	NA	1.17296922215073	1.38869965134372	NA	NA	NA	NA	NA	1.07220265157926	0.887040448093017	0.949206697662857	0.978237979483259	1.25332301317417	0.728789621767707	0.241285422095565	NA	0.790269793925246	NA	0.408895329947858	0.957815512300408	0.74626677845361	0.277691890495189	0.316455539995661	0.556421523779253	0.155814051301567	NA	0.33735492733566	0.0514949320429173	NA	0.52394216474907	0.360166430378187	0.571147256772356
NA	NA	NA	NA	NA	NA	NA	NA	NA	NA	NA	NA	NA	NA	NA	NA	NA	NA	NA	NA	NA	NA	NA	NA	NA	NA	NA	NA	NA	NA	NA	NA	NA	NA	NA	NA	NA	NA	NA	NA
NA	NA	NA	NA	NA	NA	NA	NA	NA	NA	NA	NA	NA	NA	NA	NA	NA	NA	NA	NA	NA	NA	NA	NA	NA	NA	NA	NA	NA	NA	NA	NA	NA	NA	NA	NA	NA	NA	NA	NA
NA	0.154816763975506	0.0682449877534472	NA	NA	1.05521294258143	0.873878500743366	0.896819991675341	0.775913212854629	NA	NA	1.26921567934611	0.884612809049313	0.945634326435766	1.02920545930894	0.956741432681402	1.21761416504496	1.23428590547695	1.40380628005856	0.604933288904117	1.0819133000191	NA	0.674656152971736	NA	1.1409824989749	0.575523869674967	NA	NA	NA	NA	NA	0.980447361942532	NA	0.79092569601515	0.422440448170488	NA	NA	0.358923927358007	NA	0.540284429090712
NA	NA	NA	1.0724029607456	1.20938428720155	1.36398572597477	1.37139955821592	1.53333351709648	NA	2.16439712495318	2.45180162245431	2.43743865726371	2.28964525800775	2.35476900346596	NA	NA	1.91409743331065	1.85968840165172	1.36230295706054	2.3817526999109	2.47692384386569	1.46913349542846	1.12637329201808	0.851799730288848	NA	NA	NA	0.870794099684772	NA	1.0237146550228	0.815084351166552	1.07314771398839	NA	0.976723470254431	1.0341074706059	0.56062246782912	NA	0.908928549106433	0.777063068261867	NA
1.60229133221293	1.99019254255071	NA	NA	NA	1.75624140981712	0.663358175913323	1.04135643688255	0.707194215334652	NA	1.81085495261839	0.993157539726219	NA	1.23756231843878	NA	0.842577537406375	NA	NA	1.68391118181005	0.820325492623537	NA	NA	NA	NA	1.28170771862778	NA	1.09588753685332	0.580918373483335	0.738691688569156	0.902202848454848	NA	0.884609590740954	0.995882847218465	0.724767699701394	NA	NA	NA	NA	0.326231337153834	0.455287252653982
NA	NA	NA	NA	2.62243447857801	NA	NA	NA	NA	1.23623187786411	NA	NA	2.48814643102248	2.54079132541373	NA	2.58235384607234	NA	NA	NA	NA	2.63274184211091	2.78531381769053	1.97837175654723	2.12874219158825	NA	2.38932019101509	NA	NA	1.99459075171446	NA	NA	2.22401773591632	NA	NA	1.88438223911286	NA	NA	1.44472259754884	1.56318801068749	1.44842766545574
NA	NA	NA	NA	NA	NA	NA	NA	NA	NA	NA	NA	NA	NA	NA	NA	NA	NA	NA	NA	NA	NA	NA	NA	NA	NA	NA	NA	NA	NA	NA	NA	NA	NA	NA	NA	NA	NA	NA	NA
NA	NA	NA	NA	NA	NA	NA	NA	NA	NA	NA	NA	NA	1.98329149266866	NA	NA	2.06885440077454	NA	NA	NA	NA	1.00666688048224	0.457434642158033	NA	0.682940992518285	0.72300122664385	0.352416601416588	NA	0.368897084139977	0.524246874697927	NA	0.682837975978192	0.827612546862955	NA	NA	NA	NA	0.54677822401481	0.67285095012217	0.572644860943204
1.64849996345408	1.12376044705139	1.47250848943843	1.50889079041456	NA	NA	0.652161319323445	0.654242833014905	NA	0.802030310390829	NA	0.840933019892425	1.12293040182952	NA	1.29634132397151	NA	NA	1.43613130833726	NA	0.321820730617759	NA	0.165127997389439	1.06739289717818	0.680828689925477	NA	0.852321095986004	NA	1.43398442890612	1.17663819706206	0.705181334704445	1.07158821186468	0.967076110663099	0.647729312813499	0.354689288405853	0.664696716273637	NA	NA	0.134289062489848	NA	0.365478930290556
NA	NA	NA	NA	NA	NA	NA	NA	NA	NA	NA	NA	NA	NA	NA	NA	NA	NA	NA	NA	NA	NA	NA	NA	NA	NA	NA	NA	NA	NA	NA	NA	NA	NA	NA	NA	NA	NA	NA	NA
NA	NA	NA	NA	NA	NA	NA	NA	NA	NA	NA	NA	NA	NA	NA	NA	NA	NA	NA	NA	NA	NA	NA	NA	NA	NA	NA	NA	NA	NA	NA	NA	NA	NA	NA	NA	NA	NA	NA	NA
NA	NA	NA	NA	NA	NA	NA	0.772096850529755	NA	NA	NA	NA	NA	NA	0.432671784302098	NA	0.429511615647759	0.212486437875059	0.517827107248386	NA	NA	NA	0.623434560499508	NA	NA	NA	NA	0.867691771793636	1.26127920017751	0.672736067253958	NA	0.639195523932454	0.160735745430307	NA	1.321389125614	NA	NA	0.858563044987243	0.636198947568709	NA
NA	NA	NA	1.6517054853083	NA	2.07968355958438	1.79237111026032	NA	1.80790326194987	1.24626213588049	1.74389694878564	NA	1.27029288787836	1.11559687717667	1.33876519973459	1.47362075714379	NA	NA	1.92542001053459	1.61761513591176	1.81685246234425	1.99945325932121	0.451660139907355	1.14097986484569	1.2098676544914	1.07969837650752	NA	1.03210573429112	0.741890805661837	NA	1.08482439678107	0.758711956268374	2.26767799704387	2.2789950555204	NA	0.827690279912975	NA	1.71144378710826	NA	NA
NA	NA	NA	NA	NA	NA	NA	NA	NA	NA	NA	NA	NA	NA	NA	NA	NA	NA	NA	NA	NA	NA	NA	NA	NA	NA	NA	NA	NA	NA	NA	NA	NA	NA	NA	NA	NA	NA	NA	NA
NA	1.3439059660093	NA	NA	NA	NA	0.420997228030751	NA	1.04555802926147	NA	1.11195538237907	1.00227844330514	NA	1.26438213025043	NA	NA	1.13810087708864	1.02489677850886	0.952464405821104	NA	NA	0.698367852325812	1.02181677080874	0.628027604668357	NA	NA	0.805067975766585	1.48536535724517	0.120954237544243	NA	0.601994832343422	0.375277328808937	1.34433227376858	NA	NA	NA	NA	NA	NA	NA
NA	NA	NA	NA	NA	NA	NA	NA	NA	NA	NA	NA	NA	NA	NA	NA	NA	NA	NA	NA	NA	NA	NA	NA	NA	NA	NA	NA	NA	NA	NA	NA	NA	NA	NA	NA	NA	NA	NA	NA
0.738877152543257	1.23114957010199	NA	0.902724239714157	NA	NA	1.02194918718596	0.99459578476107	NA	1.06031920370837	0.521286930772297	0.816365571646755	1.00793246523473	1.17403328548287	0.908110095119242	NA	1.02395081552334	1.14387224806884	NA	0.8366786495156	0.526434412201975	0.114101211100297	0.413656213005324	0.473837362924946	0.50834400584577	0.972490437872101	0.635132421162786	0.811702987982926	0.284100151438369	NA	NA	NA	0.582324944347834	0.844897380770564	0.118086650632012	0.463198299383834	NA	1.06087458751063	0.573902797188589	NA
NA	NA	0.816448661885706	NA	1.55339017425387	0.469170109549683	NA	0.398646087385074	1.1844843576308	NA	1.74057671698312	NA	NA	NA	1.13172999935213	NA	NA	1.60874597573134	NA	NA	1.10435119454384	0.279859896122757	NA	NA	NA	1.86405334777182	0.614755036757778	0.438296876974872	0.68095231923137	0.52384609897835	0.780095111298217	0.285912361513303	NA	0.298232403145703	NA	NA	NA	NA	0.946831548923813	NA
NA	2.35461069278947	NA	NA	NA	NA	NA	1.89371522832924	1.67774089609097	NA	NA	1.25623161618909	1.34297569872446	0.899420332869221	0.720029467116473	0.810980269218618	1.18447354073092	NA	1.33676872234711	2.18951150863988	1.62091286423231	0.703676774025676	0.500263552527369	2.30260699126904	1.13242929308645	NA	0.689827933105758	0.870669776492913	NA	0.732458596779241	1.18744191551938	0.674805314847081	0.733437114135436	0.639036219978771	0.131561249004246	NA	NA	0.310532247755278	0.507517483309182	NA
0.928229944309035	NA	0.5819222444957	0.720757712669609	1.11541800774327	1.3579488519115	NA	1.35777146816026	NA	NA	0.369255243551873	0.9592010911305	NA	1.43805553359605	1.7388883389506	NA	NA	1.45312261916492	1.02292966417955	0.908985372254599	NA	NA	NA	NA	2.00147803012505	1.4208791267779	NA	NA	1.424015044703	1.62761764242113	1.22442209099094	0.702413263915046	NA	0.651820992922781	1.11900892527648	0.36793035677006	NA	0.244330283913351	0.602273086604849	1.69859303678205
1.03913399439129	NA	NA	NA	0.705979563409505	1.64224841016851	0.958881908578315	0.780680806762277	NA	NA	1.08172491922367	NA	0.943468568083381	NA	0.726851172839566	0.544836868963532	0.66938473133455	0.764227273686084	0.728225653620125	0.643818567505737	NA	NA	1.093947275047	0.526446715885023	0.377584109265896	0.412678751777661	0.387201087564895	NA	NA	NA	0.916074212637779	0.596597023164879	1.76604840333605	NA	0.808005375810886	0.779775814282279	NA	1.9281467663185	0.89931357162174	1.55379706608272
NA	NA	NA	NA	NA	NA	NA	NA	NA	NA	NA	NA	NA	NA	NA	NA	NA	NA	NA	NA	NA	NA	NA	NA	NA	NA	NA	NA	NA	NA	NA	NA	NA	NA	NA	NA	NA	NA	NA	NA
2.05969013884157	NA	NA	NA	NA	NA	NA	NA	1.98086744961793	2.07427211603922	1.98631587693684	NA	NA	NA	NA	NA	1.82329926237735	1.65465500677748	1.47007420685702	1.19671825621047	1.28850607553625	2.30156735999828	2.28908694973991	NA	NA	NA	NA	NA	NA	2.18176670093455	2.09662628932565	NA	NA	NA	NA	2.05558986328787	NA	NA	NA	NA
NA	NA	NA	1.54548069203877	NA	NA	NA	1.34082381873201	NA	1.2963736711791	NA	1.02986273563305	NA	NA	NA	NA	0.795617517832549	0.926892425129869	NA	NA	0.595319915477423	NA	0.541355661987817	0.497488898849975	NA	NA	NA	NA	NA	NA	0.567608427970414	NA	NA	NA	0.357483224517426	0.264317912006641	NA	NA	0.959837105108379	NA
NA	NA	NA	NA	NA	NA	NA	NA	NA	NA	NA	NA	NA	NA	NA	NA	NA	NA	NA	NA	NA	NA	NA	NA	NA	NA	NA	NA	NA	NA	NA	NA	NA	NA	NA	NA	NA	NA	NA	NA
NA	1.40877970801157	1.20456170600709	1.79992230442389	NA	1.31661917460694	NA	NA	0.839430352696771	0.781650761144261	1.15893270550497	NA	NA	1.11857192670678	NA	1.72206945669453	1.80055383233523	1.8160445536475	1.65211529402401	1.19274243319377	1.71787420206537	1.37845156588921	0.707122434691421	0.708345742133083	0.789524740059459	NA	0.966163562805048	0.597485691005015	0.681725664705153	0.712095435576852	NA	1.31382012950899	1.0934609449688	NA	0.9091349192376	0.504012331210723	NA	0.428919434479936	0.591517330495899	1.12500995558243
0.792860152554114	1.17060550901928	NA	0.830930296754591	0.910072943947858	NA	NA	1.27186216113146	NA	1.18698566680861	NA	1.2729102314305	1.40624018214004	1.12052636680289	NA	NA	1.31993517332841	1.10476414965742	1.54189443530793	NA	1.23222520631577	NA	0.420664873145454	NA	0.792088814298154	NA	0.739900262258219	0.443203450789391	0.458147175024337	NA	0.380702499532369	NA	2.05924168056744	NA	2.09258334464926	0.680504363183624	NA	0.361009146793244	2.33446354798858	0.63795888110483
1.17897387143929	1.25670601238345	1.06970932513513	NA	0.927880587886717	NA	0.804829813685291	0.493687589906138	1.43682467061668	1.62723745893976	0.866126877314716	NA	0.808202350881347	0.822184692242278	1.00973481788409	NA	0.426879200499124	1.63940160447527	1.58006790962317	1.09073915615081	1.76681274006118	1.93222789558159	0.580719516738118	1.09104431493621	1.73914939001561	1.37388089988467	0.623837553052982	NA	1.43498711690915	0.595084805686314	NA	0.450408598069215	NA	1.44639944733738	NA	1.75752642186238	NA	1.06535960516341	0.401247990731585	0.602103835857515
NA	NA	1.47346215353843	0.591515859873482	NA	0.885482390222207	1.4476032667475	1.68051506595658	1.23846049630385	NA	1.15709279637432	1.6024914959979	NA	1.41799020836012	0.641584712794997	NA	0.512311530431105	0.520209174413051	NA	0.537549875355827	0.59337931577299	0.911050592800898	0.711466290618532	NA	0.624956517592068	0.50916414725088	2.09692783219323	NA	0.0733948259830135	0.523774556428932	0.864404166359422	0.477448322135804	1.46205223342207	0.778304098123434	0.307412327195715	0.258644079476818	NA	0.821684481515716	NA	1.15301553165725
1.14975019110333	NA	1.11044787727939	NA	0.899391142993184	0.67170260691818	1.36478459143263	0.572632830051435	NA	NA	0.945983214046482	NA	NA	0.759346261099688	0.5589757405952	NA	0.145809879233918	0.577636685796089	NA	1.01541530598966	0.291032327198036	0.270563262518312	1.13696995431907	0.648108742738382	0.272552097251357	0.366754522872795	0.597082492595263	1.10822862201143	2.04389782591396	1.26398851996519	0.401477112913726	0.953794086896432	NA	0.939734276427933	0.330921361445732	1.14439080608527	NA	0.366497356713601	0.822332718723432	0.757912192867058
NA	NA	NA	NA	NA	NA	NA	NA	NA	NA	NA	NA	NA	NA	NA	NA	NA	NA	NA	NA	NA	NA	0.542064100480621	NA	NA	0.575316224393476	0.511507720806322	0.696859377022573	NA	0.533478576431225	NA	0.429667003804448	NA	0.508467620069618	0.673735210975024	0.553453178327399	NA	NA	0.38777210372703	NA
NA	NA	NA	NA	NA	NA	0.40751161580812	NA	0.462399438834568	0.580090242431969	NA	0.23815139018614	1.50865806286904	1.60696900892612	1.52567297132433	0.57356502693659	NA	NA	0.687703758151422	NA	0.918444634487048	NA	0.827577162183655	0.122253053593853	0.251705253542029	NA	NA	NA	0.801625708988339	2.0104554160243	0.690922930661443	0.636389647006799	NA	1.45103212273069	0.268846470318787	2.08687600575862	NA	0.78953642466645	1.25386741469739	1.79237031802132
NA	NA	NA	NA	1.2569050479032	NA	NA	NA	0.610824196318591	NA	1.94170783264829	1.06908051313374	1.27187893967242	1.23753171514801	NA	NA	1.1103930215031	NA	NA	1.39923654000897	NA	1.87781889917936	NA	NA	0.582126946164067	NA	0.495715191611582	NA	NA	NA	0.315489002936575	0.299446139531039	NA	0.382576206455578	0.741550488227742	0.45162256631175	NA	0.547689215078871	NA	NA
2.32628918783268	2.83354241820748	NA	NA	2.08871544152573	NA	2.58450133771245	2.7966810440954	NA	2.86557709274253	2.77734792840355	NA	2.31132404568702	2.40387047725067	2.54257036018058	NA	2.83412650431823	2.50616175142712	2.22422665205898	2.42586679737565	NA	2.37593130666271	2.17595535999854	1.93361926276247	NA	NA	NA	NA	1.24469783880432	1.31304113054596	NA	0.272568076950324	0.549673687769607	3.00753072217803	0.268214366060672	NA	NA	NA	0.984834210021196	NA
1.69366632212077	NA	2.12963314006219	NA	1.71814121693072	2.07016123421382	2.17537179619871	2.31427202432928	2.21871384521298	2.51210585082767	NA	2.20189628686792	0.828947124030422	0.324426972669093	1.17923271004445	1.37473285700073	0.639718087424605	1.96344525377791	0.559534114733989	0.372937289048655	2.63036514631509	NA	NA	NA	NA	NA	NA	NA	NA	NA	2.0876223913588	NA	NA	NA	NA	2.8019385635121	NA	NA	NA	0.244509763533544
NA	NA	NA	NA	1.50000298717311	1.64823551898759	NA	1.56861781104081	NA	1.2404325534998	1.23527816422484	NA	NA	NA	1.20596121564324	NA	1.39116855815197	1.22109214343654	NA	NA	1.08983923294384	1.26261916465887	NA	NA	1.22763946589822	1.198485955052	0.972777527104844	NA	NA	NA	NA	0.447852592003404	NA	NA	0.275028953672683	NA	NA	0.307805634351852	0.242943221223616	NA
NA	1.21327749942155	NA	NA	NA	NA	NA	NA	NA	NA	NA	NA	NA	NA	1.5172332973265	NA	NA	NA	1.52909625559046	NA	NA	0.619347713549379	0.421165116089755	NA	NA	NA	NA	0.482503127081588	NA	0.55511303258684	NA	NA	NA	0.705980157312551	NA	NA	NA	NA	NA	0.38285701318691
NA	NA	NA	NA	NA	NA	NA	NA	NA	NA	NA	NA	NA	NA	NA	NA	NA	NA	NA	NA	NA	NA	NA	NA	NA	NA	NA	NA	NA	NA	NA	NA	NA	NA	NA	NA	NA	NA	NA	NA
1.46950982901439	NA	NA	NA	NA	NA	1.17580924535632	NA	1.75304680461695	NA	NA	1.75166658744698	NA	NA	NA	1.92538629836364	1.8281881447634	1.38669822897685	NA	NA	NA	NA	NA	NA	1.20446291914844	1.21604718713699	0.513932909229971	NA	0.727209187630551	1.17611357916092	NA	NA	NA	NA	1.05545251369324	NA	NA	NA	0.432937833186505	1.39919216337547
NA	NA	0.412372967027271	NA	NA	0.690883935082076	0.536548227405197	0.404851784939105	NA	NA	NA	NA	NA	NA	NA	0.300823031691303	NA	NA	0.335846966667609	0.44424025300466	0.332041202889252	0.763629636270791	0.372600506721513	NA	0.265470143312983	0.364546413284326	0.657761707326263	0.52183681053714	0.735311618597927	0.359589393700316	NA	NA	0.611517774888024	NA	NA	0.436329024263836	NA	0.131417104107511	0.286322881987653	0.470523533940276
NA	NA	NA	NA	0.910618174147302	1.42582423713819	NA	NA	NA	0.812217304467729	1.43164663067579	1.62340189104264	NA	1.67857584385831	NA	NA	1.37590116128808	NA	1.08379462901843	NA	NA	1.27138741079303	0.460392750386019	NA	NA	1.06721241605068	NA	NA	NA	NA	NA	NA	0.217816705933846	NA	NA	0.702304897385703	NA	0.430892190371005	0.925144650662948	0.603969270586732
NA	NA	0.26911916936676	0.127807427191195	NA	NA	0.679818338610603	0.601925353722088	0.568772108335871	NA	2.22379689747059	0.891833775088902	NA	2.32107635040288	NA	0.364969489690503	1.10297105071915	0.575559749119855	0.817553982802004	0.625347767073605	1.99366336426572	0.552306309398515	1.41321330422764	0.840951985027853	0.502811819709553	0.634183534507483	0.216517034503877	0.225592905832221	2.14051413818477	0.61737037764655	2.0918154766113	0.577606452494863	0.555089320419788	0.411927297642619	0.552437196869468	1.87606011871481	NA	0.478049881318485	0.357459424346242	0.134421264470705
NA	NA	1.18291421724825	NA	NA	NA	NA	0.606586538947422	0.654490306049486	NA	NA	0.313599559176029	NA	NA	0.800245439320559	NA	0.639226566637784	NA	NA	NA	NA	NA	1.0943776810775	NA	0.682321320279823	0.77060530178532	NA	1.56143246684993	1.24922869437568	1.3885913110566	0.749828634759099	1.27873531762703	1.59644231173897	NA	1.35022807156351	1.50187449828107	NA	1.41367384602206	NA	NA
NA	2.00258047105495	NA	NA	1.27406569663446	1.06777780908819	1.35986732113671	NA	NA	NA	NA	NA	NA	NA	NA	NA	NA	NA	1.37319479939108	NA	NA	1.2438124755809	0.614908494347713	NA	NA	NA	NA	0.336030651067903	NA	0.198001595553119	NA	NA	NA	0.314015939867286	NA	NA	NA	NA	0.576828651481972	0.787231766069426
NA	NA	NA	NA	NA	NA	NA	NA	NA	NA	NA	NA	NA	NA	NA	NA	NA	NA	NA	NA	NA	NA	NA	NA	NA	NA	NA	NA	NA	NA	NA	NA	NA	NA	NA	NA	NA	NA	NA	NA
NA	NA	NA	NA	NA	1.63987874944345	NA	NA	NA	NA	0.603650084301904	NA	NA	NA	NA	NA	NA	NA	NA	1.25520325688203	NA	0.759382979190362	NA	0.44213627871908	0.44155482991486	NA	NA	0.431461869354972	0.339394947620135	NA	1.20673076865368	0.916347245036885	0.748102033551133	0.716389956169328	NA	0.751195848881864	NA	0.312524736060751	0.438358690279008	NA
1.29838564765415	0.580410485020213	1.06074252134554	NA	1.42716265224511	NA	0.909070540647002	0.669043971987311	0.907858396172317	NA	NA	NA	NA	0.373999462412035	NA	0.783147945427502	0.919377842518833	0.818985820249439	0.926035513985269	1.32573149316074	1.57011347731585	1.33522221242224	NA	1.08805413564842	0.311396029110248	1.06591406402054	1.17341204798838	0.571400627005786	0.63576162030317	0.376038428813185	0.127148791231894	0.265024465862968	0.107800976243329	0.475221658462442	0.47739820617485	0.386116003969904	NA	0.233178399954127	0.518008169578583	0.562377019232543
1.79378562554267	2.32316748197182	NA	NA	NA	1.02098719080996	NA	0.829037800627377	NA	NA	NA	0.563249847419724	NA	NA	NA	NA	0.929551222100063	1.02812610789534	0.877606208032867	0.604023649410374	1.28713378764751	0.84482498264694	NA	0.180971787355653	0.665752082011743	0.592414304008138	0.721024347023549	0.234423100121127	0.204409787868067	0.151193235220367	0.221043207836729	0.31015764988601	0.632774434525866	0.524154935990359	0.564766996379413	0.501547226272605	NA	0.517699018864066	0.227834327065061	0.805385531752642
1.26377795949547	1.64227909694489	0.659981717532817	0.755559958729719	1.05825694714421	1.55777146893159	NA	2.21783918863065	NA	NA	NA	1.9969861216995	1.67866176697992	2.04445861933878	2.22498846163352	2.27621302827509	2.36922191039015	2.49514826283487	1.83352761889752	NA	NA	1.08512296432179	NA	1.3976661231125	0.80584643002388	1.59099191318031	0.69432174306519	NA	NA	2.71052139578982	0.701404258324851	0.498478808407712	0.400825454065443	0.615691348387337	NA	0.595205299358776	NA	NA	1.1853323262462	1.24093313388729
NA	NA	NA	NA	NA	NA	NA	NA	NA	NA	NA	NA	NA	NA	NA	NA	NA	NA	NA	NA	NA	NA	NA	NA	NA	NA	NA	NA	NA	NA	NA	NA	NA	NA	NA	NA	NA	NA	NA	NA
NA	NA	NA	NA	NA	NA	NA	NA	NA	NA	NA	NA	NA	NA	NA	NA	NA	NA	NA	NA	NA	NA	NA	NA	NA	NA	NA	NA	NA	NA	NA	NA	NA	NA	NA	NA	NA	NA	NA	NA
NA	NA	NA	NA	NA	NA	NA	NA	NA	NA	NA	NA	NA	NA	NA	NA	NA	NA	NA	NA	NA	NA	NA	NA	NA	NA	NA	NA	NA	NA	NA	NA	NA	NA	NA	NA	NA	NA	NA	NA
NA	NA	NA	NA	NA	0.671074132648723	NA	0.843346590320293	0.478576191641359	0.538180235354835	NA	NA	0.186578822658874	0.383624639296024	NA	0.656874105060268	NA	NA	NA	1.12784536594656	1.21382925323184	0.826084226904116	0.279800457552186	NA	NA	0.396617698630212	NA	0.649291167580193	NA	0.602605972636541	0.530414646125184	0.587869892151367	0.320214013720776	NA	NA	0.243866379581345	NA	0.299584984616262	0.456020474282353	0.753647741955328
NA	NA	0.986553796557797	NA	2.11328259393696	0.786814652284897	0.865559379649202	0.395312656895496	0.421063575453555	0.194681431865565	NA	0.977397003905001	NA	1.0406489432775	1.0011405272738	1.58830553355517	1.05943397770419	0.924391613143353	0.716883762095338	0.422352994534952	0.889487764046586	0.11068630379101	0.630325815909983	0.271191922995907	NA	0.648425184876586	NA	0.481758012318518	0.39880702231719	1.13880708014107	NA	0.293535372373305	0.417174118573963	1.22153053108823	0.304653035396087	0.501002678094237	NA	0.576009575947528	0.259036422928113	NA
NA	NA	NA	NA	NA	NA	NA	NA	NA	NA	NA	NA	NA	NA	NA	NA	NA	NA	NA	NA	NA	NA	NA	NA	NA	NA	NA	NA	NA	NA	NA	NA	NA	NA	NA	NA	NA	NA	NA	NA
NA	NA	NA	NA	NA	NA	NA	NA	NA	NA	0.752530577006382	NA	NA	NA	1.70379295303425	NA	NA	NA	0.482850341521927	0.465173036740286	1.01351907013794	1.89001558894392	NA	1.13826392861452	0.968313017677355	NA	NA	2.25427611835488	1.70856692660555	NA	1.39223540231851	NA	1.36500100634819	1.06623857110891	0.530050101896514	1.00244937067276	NA	2.95616171945401	NA	NA
NA	1.27196606964209	0.619212243888632	0.910684568856267	0.651907912757083	0.71723019238117	0.613251770688286	1.96089631601128	1.32140348062098	0.645090871557784	0.791158031691356	NA	0.736290286744421	0.656329103807101	NA	NA	1.5920165852817	NA	1.03553813753831	0.878187925314944	0.634280512586547	0.720858205339375	1.31366881328909	NA	0.376738393426987	NA	1.07432526729264	NA	NA	1.01720282085207	NA	0.934370242637272	NA	1.11982550230197	NA	NA	NA	0.149837813870482	0.338609369597777	NA
NA	NA	NA	NA	NA	NA	NA	NA	NA	NA	NA	NA	NA	NA	NA	NA	NA	NA	NA	NA	NA	NA	NA	NA	NA	NA	NA	NA	NA	NA	NA	NA	NA	NA	NA	NA	NA	NA	NA	NA
NA	NA	0.815309747103542	0.861817732930301	0.723305078894125	NA	NA	NA	NA	1.63062849112613	NA	NA	NA	1.67026190914197	1.04628957620402	NA	1.40311297378529	0.555787695826536	NA	1.3826473013446	1.65003138350921	NA	1.51644319068999	NA	0.735230779815395	1.24776375024143	NA	NA	NA	NA	NA	NA	NA	NA	NA	NA	NA	1.67178492191174	1.62898643076485	0.51833242256924
NA	NA	NA	NA	0.573123027400692	0.38411138377398	0.400405426939769	0.461141561892624	0.538316759907281	NA	0.878320841265893	0.452906787193592	0.892228655773559	0.515939575009494	0.529663625990193	0.356834771087115	0.556130537191954	1.30808721904998	0.192912859860977	0.49118109235455	NA	0.916693803072514	0.939381833982406	0.672128006334634	2.55830231491871	0.669290645494936	NA	0.557373424491197	NA	NA	NA	NA	NA	NA	NA	NA	NA	NA	NA	0.237200226712941
NA	1.74668240545764	NA	1.49000641268227	NA	1.21118003884087	1.5960446768495	1.03424349622161	NA	NA	NA	NA	0.993888124724877	1.60864741278909	1.56117559664589	NA	1.65685629053346	NA	0.999216453210568	0.899095277440806	NA	1.43216351650114	1.48522814871093	NA	1.77508549465718	NA	1.30371735426963	NA	1.24565246203716	NA	0.658427788631773	1.06579797447916	NA	0.872717745888683	NA	NA	NA	NA	0.518971321602703	NA
NA	NA	0.564326022504799	NA	NA	NA	NA	1.00880417316441	NA	0.966146734531923	NA	NA	0.395694584655072	NA	0.947101685984756	0.290254437627196	NA	0.853278365885875	NA	NA	1.4009389214174	1.14461988744697	NA	0.752759493379462	0.669377459469723	0.55472357020263	0.751215755531631	0.950810379760238	NA	NA	NA	NA	1.73310024940157	NA	0.72298700238625	2.3904798858223	NA	2.02163972185295	1.9361597170996	1.12184477721651
NA	NA	NA	NA	NA	NA	NA	NA	NA	NA	NA	NA	NA	NA	NA	NA	NA	NA	NA	NA	NA	NA	NA	NA	NA	NA	NA	NA	NA	NA	NA	NA	NA	NA	NA	NA	NA	NA	NA	NA
NA	NA	NA	NA	NA	NA	NA	NA	NA	NA	NA	NA	NA	NA	NA	NA	NA	NA	NA	NA	NA	NA	NA	NA	NA	NA	NA	NA	NA	NA	NA	NA	NA	NA	NA	NA	NA	NA	NA	NA
NA	NA	NA	NA	NA	NA	NA	NA	NA	NA	NA	NA	NA	NA	NA	NA	NA	NA	NA	NA	NA	NA	NA	NA	NA	NA	NA	NA	NA	NA	NA	NA	NA	NA	NA	NA	NA	NA	NA	NA
NA	0.283730210713255	1.13810376091034	0.491448942908262	0.939223353933248	0.307020984346217	0.199267974947598	0.464431054050808	0.321338043790654	0.244829369464263	0.544029676992498	NA	0.344003996059812	0.398200615294329	0.324943451677013	0.651369869533295	0.527656274036921	0.359393180436714	NA	0.467524751489842	0.519328925523839	0.413099453465679	0.435520694010484	0.622374025084909	NA	0.299395057088321	0.398409389410153	NA	0.205157723886339	0.516744556060585	0.477470518145478	0.6225344792518	0.307071482846912	0.290522921036805	0.450158400778384	0.66015766670809	NA	0.23058619040453	0.699270033283854	0.736171664708446
NA	1.71920284754329	1.80654827487529	NA	2.18447871961242	NA	1.42121201017007	0.9861134140569	0.974194164961147	NA	1.35873547622608	NA	NA	1.52709158332427	NA	1.06539876449496	NA	1.04709851503268	1.17346995853511	0.543773043319287	1.42701267410922	1.18708348260939	1.48537079667737	NA	0.80864969286183	0.786284228818471	NA	1.54795373854617	1.34483691804	NA	NA	0.581512723798054	0.548232249409778	1.3590719529168	1.13072677341625	0.59244095143934	NA	0.584002573275133	1.14999217155567	0.962454497731216
1.15522174893499	1.44521712476647	1.51011212763534	0.653827644972015	1.49135858021274	1.38655500246345	1.19902455017528	0.892609336114036	0.721116667565564	0.851353792069836	0.715558037943917	1.57647465248933	1.40870930981896	0.455570737357319	0.431260863508503	1.28584563273733	0.480970447301289	1.07591296902032	1.35301829480156	0.833723055004998	1.19649823921039	1.06879711764367	0.89887586521494	1.31799242823463	1.28368934699485	0.508199315966134	0.634770506455407	0.575141035162803	0.805104143288828	0.673309285729966	0.950901777723072	0.875059243384267	0.467810349387949	0.493779152431204	0.169243831097741	0.135469212153492	NA	0.0925308659991393	0.839266859818592	0.529062277834601
1.871709018109	NA	1.36481003498131	NA	1.59378000065514	1.66500745666621	1.50788214157461	1.0106673605595	1.17544183543189	1.42181041698508	1.57455039671177	1.45331352825301	1.40151356465304	1.29680066759851	1.1852643912022	1.3128518533032	1.03130125375197	1.08082601332446	1.42560858779746	1.42883204972801	0.912816560998989	1.04421650639232	1.13614844406895	1.18095688941834	1.32787150644694	NA	1.64305037666513	1.68166501473705	1.39911927416807	0.920033539435519	1.19713062399759	1.40894441471999	1.72770855733197	1.42480561214498	1.1339400382376	NA	NA	1.0341802194718	1.13128195058761	NA
0.524904363546136	0.481942256983515	NA	NA	0.46388636316796	0.604153075160583	0.722587531611735	0.852106385126983	0.913494527506013	1.22930740539123	1.40882807297748	1.38089903328817	1.07988319087216	1.3471881996013	NA	NA	1.54946524454902	1.47994391455554	NA	1.46395515564348	NA	0.284773675386223	0.450421914800541	0.731663963242712	0.522245163743085	0.836980865412694	0.638290924427912	0.579948554730472	0.130942685772978	0.598275115260089	NA	0.548879032866197	0.329368612479591	0.258476012282644	0.230194275312326	0.903939849942114	NA	0.50261138467012	0.395915029795222	0.371132976308064
NA	NA	NA	NA	NA	NA	NA	NA	NA	NA	NA	NA	NA	NA	NA	NA	NA	NA	NA	NA	NA	NA	NA	NA	NA	NA	NA	NA	NA	NA	NA	NA	NA	NA	NA	NA	NA	NA	NA	NA
0.80785848238867	0.52397845762651	NA	NA	NA	NA	1.48214087623649	0.924777724147412	0.993398635898817	NA	1.12674612598857	0.933311072412046	NA	1.09138430559164	0.64028734150747	NA	1.09820020501027	0.956159206360072	0.805931312935326	0.515940604196684	NA	0.74896933720204	0.728915620913408	NA	NA	NA	NA	NA	NA	NA	NA	0.284116405719929	0.54050996041455	1.06115599110282	1.54655939545845	0.872302749514868	NA	0.903094827910294	0.52563835328585	0.741497255729416
0.951745649627098	NA	0.998093357278249	NA	NA	0.811051076041295	1.0659625028861	1.26790798511161	0.453941822698714	0.373681991099998	NA	0.53356582166089	0.757285505127188	0.737587506417056	0.277126381742028	0.695626880665637	0.517900205257788	0.157301507638232	NA	NA	NA	0.729743603088443	0.962578856172385	0.224943965125359	NA	NA	NA	0.908216346434467	0.8642369251611	1.17996477374111	NA	0.83289204310563	NA	0.623498193455227	0.676052905317469	0.865956662694971	NA	1.05318827998842	0.81877250039446	1.37138758587095
NA	NA	NA	NA	NA	NA	NA	NA	NA	NA	NA	NA	NA	NA	NA	NA	NA	NA	NA	NA	NA	NA	NA	NA	NA	NA	NA	NA	NA	NA	NA	NA	NA	NA	NA	NA	NA	NA	NA	NA
1.02419689600561	NA	0.64790657099268	NA	0.752696393491132	1.05857650685913	1.17903980225316	1.22050471513325	0.844502641256255	NA	NA	1.15299344415978	NA	1.45460061063792	NA	1.66957361777303	1.682476250658	1.61009823359167	NA	1.43474156375222	1.11027230495738	0.906719899167272	0.6487760154935	NA	NA	0.768051470474466	NA	0.633515721644676	NA	NA	NA	0.768135566310515	0.301805898094171	NA	0.228139130967226	0.23539930484207	NA	NA	NA	0.26287446010241
NA	NA	NA	NA	NA	NA	NA	NA	NA	NA	NA	NA	NA	NA	1.35994449329407	NA	NA	NA	NA	1.55063662494799	NA	NA	NA	NA	NA	NA	NA	NA	NA	NA	NA	1.25730557684202	1.08366614494291	1.23591266375011	0.515453669745864	1.2726855128325	NA	1.33823445760266	0.622376494067094	0.911681905208973
1.39853446426919	NA	NA	1.22140152573973	0.886869185230424	0.417859885160419	NA	0.953607759844577	0.936557613618254	NA	0.907612872882382	1.50268945687538	2.10638748065471	NA	NA	1.12540712096018	1.05783369639367	NA	NA	0.650295928335983	0.468260468538499	NA	0.237027325768713	NA	NA	1.0644382031303	NA	1.02031337454789	1.0101256568428	NA	NA	0.564037539706567	NA	0.648282135425595	NA	NA	NA	NA	NA	NA
0.924816692256185	2.13577341214654	1.33430561241727	1.07670923616828	1.26800256963192	1.14880551643122	NA	1.33119665127843	NA	1.35130771742105	1.25618331549675	0.899465467610426	1.26864346131446	1.42749359737122	1.37697807997768	1.17966601598446	1.76850084253366	NA	NA	1.13110362878108	1.34455246023029	1.37674843713249	1.74471338741868	1.58721858963381	1.55498356956687	1.87993856221705	1.37599739937075	1.15428579736053	NA	NA	1.31641924561855	1.10318396783991	1.05951815593233	0.736475448090074	NA	NA	NA	0.927051454015279	0.792530160870275	1.26164012453968
NA	NA	0.789882422052749	1.05719327077418	0.717844922812049	1.27362767663866	1.07190756467158	1.21159992074101	1.53099224384567	NA	1.49549970692079	1.44877195285451	0.422658446836482	NA	NA	NA	0.358341089669046	NA	NA	0.376375975153947	NA	1.05461746514907	NA	0.271525768253337	0.27218385665293	0.514552787174805	NA	NA	0.858162697673195	NA	0.154477595123905	0.232373356084547	0.163959812571559	NA	0.272809547402586	0.208927848983204	NA	NA	NA	NA
1.43870443504434	NA	NA	NA	NA	NA	0.323516009375251	0.659952758023497	NA	NA	0.114276308985012	0.233806950335585	0.190612725194134	NA	0.543170674379901	NA	NA	NA	NA	0.690345834253112	NA	0.505564167923027	0.291207625137953	0.759384237121449	NA	NA	NA	0.571295638591044	0.546642025276205	0.566007090551975	NA	NA	NA	NA	0.528896564501859	NA	NA	NA	0.15061514618553	NA
NA	NA	NA	NA	NA	NA	NA	NA	NA	NA	NA	NA	NA	NA	NA	NA	NA	NA	NA	NA	NA	NA	NA	NA	NA	NA	NA	NA	NA	NA	NA	NA	NA	NA	NA	NA	NA	NA	NA	NA
NA	NA	NA	NA	NA	NA	NA	NA	NA	NA	NA	NA	NA	NA	NA	NA	NA	NA	NA	NA	NA	NA	NA	NA	NA	NA	NA	NA	NA	NA	NA	NA	NA	NA	NA	NA	NA	NA	NA	NA
NA	NA	0.594269216930609	NA	NA	NA	0.49279158545748	0.693128010179854	0.979752485216135	NA	1.51359249635576	1.71831664510987	1.74083567183225	1.5167756981028	1.53417002924922	0.881960039902136	1.0532081014743	NA	1.29886810746685	NA	NA	NA	NA	NA	NA	NA	NA	NA	0.481076495493177	0.410802373121004	1.42190178402042	0.411551073466388	1.14275567415282	0.479623688462671	NA	NA	NA	0.360475024482609	NA	0.53938886396374
NA	NA	0.286223150158012	0.380137437011619	NA	0.826056945381998	1.28282213357252	1.28624903393077	0.636175956602655	1.05691582268187	0.721417552627831	0.697247946312826	1.09553804031355	0.958808334746473	1.00048571192881	NA	NA	NA	NA	1.56595792710038	NA	1.30169869194053	0.301466306668067	0.8910880351126	0.610228182302753	NA	NA	1.02972983539579	1.71205374098797	0.614388530944049	0.832577910503818	0.837353991931391	0.514787261661726	0.595088222518636	0.371032612022121	0.344186634769386	NA	NA	0.803020184271132	NA
NA	NA	0.895837077015038	NA	NA	0.495490497523319	0.377295075876816	NA	0.296541583558278	0.383601557591241	0.492431514173698	0.999207190626111	0.488415867338754	NA	0.238975768148586	0.247110632953779	NA	0.223953550827363	0.226967643267075	1.15887402150853	NA	0.214979369127282	0.863145485793991	NA	0.217879655629074	0.808154184091352	0.51665856203052	NA	1.08637738242164	2.32888904830844	0.903794464711086	0.816588411866255	0.893809117143851	NA	NA	NA	NA	0.291521263829938	NA	NA
NA	NA	NA	NA	NA	NA	NA	NA	NA	NA	NA	NA	NA	NA	NA	NA	NA	NA	NA	NA	NA	NA	0.709557645810325	NA	NA	NA	NA	1.90289003612838	NA	1.25394080550426	NA	NA	0.956225487565372	1.06969367910054	1.48067635705916	1.27788166477714	NA	1.34103020579951	0.92869903815623	0.860282216711914
NA	NA	NA	NA	NA	1.44500977426549	1.09806907404511	1.43551019518533	1.28975246296025	NA	NA	NA	NA	1.50110186895207	1.06819460091811	NA	0.940824035958892	1.1021715445452	1.22324517352695	1.28293192122136	NA	0.607979165600489	NA	0.379140748887765	0.403949581677196	NA	0.190786538670065	0.398695434498534	0.251084186206577	NA	1.75106546177667	NA	0.816989309783661	0.359075980183878	0.343802462242679	NA	NA	0.363844753670199	0.202280167122384	0.236818855295083
NA	NA	NA	NA	NA	NA	NA	NA	NA	NA	NA	NA	NA	NA	NA	NA	NA	NA	NA	NA	NA	NA	NA	NA	NA	NA	NA	NA	NA	NA	NA	NA	NA	NA	NA	NA	NA	NA	NA	NA
NA	NA	NA	0.360217559021332	0.291078531263882	0.423152305557232	0.460778324106804	0.46884593863891	0.280152690136876	NA	0.823864612774077	0.397590946061399	0.227283676496183	0.622935939270345	0.506217018315799	NA	0.775375500108881	0.447125754772251	NA	0.258169010774556	2.09576256469403	0.732733374771685	1.04497090969178	NA	1.54379898102662	NA	NA	0.608532028624518	0.942218533218323	NA	0.890743217599288	1.21741247623413	0.952657450585063	0.535603037802622	0.678635214930211	0.914743537838401	NA	0.431426234655574	NA	0.851909170212407
NA	NA	NA	NA	NA	NA	NA	NA	NA	NA	NA	NA	NA	NA	NA	NA	NA	NA	NA	NA	NA	NA	NA	NA	NA	NA	NA	NA	NA	NA	NA	NA	NA	NA	NA	NA	NA	NA	NA	NA
NA	NA	NA	NA	NA	NA	NA	NA	NA	NA	NA	NA	NA	NA	NA	NA	NA	NA	NA	NA	NA	NA	NA	NA	NA	NA	NA	NA	NA	NA	NA	NA	NA	NA	NA	NA	NA	NA	NA	NA
0.741433931709632	1.04056990651827	NA	1.44798325613558	1.2723675200315	1.55986380695449	2.06240655595441	2.35460144213071	NA	NA	1.47202113281439	1.291036244767	1.38898131733556	1.24931924165294	1.4714774576648	NA	NA	1.35873626846318	1.81294731252446	1.20192094983944	1.23119936401696	0.62499315772449	0.708644592896406	2.16171571882656	NA	NA	NA	NA	0.472254868196064	NA	NA	NA	0.357058355883039	0.522134988564246	0.726042620242644	0.488264770306364	NA	0.338495048000112	NA	0.748627413177337
NA	NA	NA	NA	NA	NA	NA	NA	NA	NA	NA	NA	NA	NA	NA	NA	NA	NA	NA	NA	NA	NA	NA	NA	NA	NA	NA	NA	NA	NA	NA	NA	NA	NA	NA	NA	NA	NA	NA	NA
NA	NA	NA	NA	NA	NA	NA	NA	NA	NA	NA	NA	NA	NA	NA	NA	NA	NA	NA	NA	NA	NA	NA	NA	NA	NA	NA	NA	NA	NA	NA	NA	NA	NA	NA	NA	NA	NA	NA	NA
NA	NA	0.776009029921164	NA	1.0949633119467	0.62572260471059	0.46552084240581	0.350767812497421	NA	1.08301580587286	NA	0.767059426611739	NA	NA	0.912855723061615	0.811303614954504	NA	NA	0.870390874254474	0.755606217222093	NA	NA	0.773189802833801	0.351026149456196	0.874242223514334	0.733449479266057	NA	0.345838911834958	0.406967286208796	0.376475748657387	NA	0.558127373344212	1.00370363636431	0.721493358474397	0.406480199328276	0.280390219423428	NA	0.236221893403014	0.067969244208495	0.295764828142796
NA	1.35790742284243	1.12013611286695	NA	NA	NA	NA	1.19495487419781	2.37183513979596	1.23915448025673	0.678433686353734	0.587543718900686	1.75166615302122	1.98195850989061	2.08874279796325	NA	NA	1.58232274249226	1.13936461092707	0.481067753566991	0.715401402626829	0.616427097489517	0.640886375379052	0.402730626074442	0.976439135098711	0.70415763507818	1.8986860307499	0.76841771580434	1.38786933595498	1.22635461922956	0.622226094904407	1.5957876104434	0.960026376580826	0.98916531187936	0.837080445167804	NA	NA	0.510289160435938	NA	0.352408121092382
NA	2.84297942080586	3.27248315579036	2.60680194799415	2.74779857527391	NA	2.77691749416045	NA	2.17897866665144	2.06018251345365	1.94745277839484	2.08365665129225	NA	2.46817890087354	1.74648244684573	1.78196560646361	1.92002289123312	1.88162795556648	1.48755566155779	1.78948688167519	1.78539595693183	1.95778387691198	NA	2.81231896359273	1.73813159444555	1.65965502038991	NA	1.41079482440569	NA	NA	NA	NA	0.839072295833094	NA	NA	NA	NA	1.9931566939617	NA	NA
1.44952186720555	NA	1.02461125803704	1.08736992723341	0.896497079946112	0.697682505979106	0.830564048047256	0.758181888882711	0.524621628840112	0.709686942243687	NA	0.301653384556037	0.37840743099663	0.585861549562486	0.672513481279614	0.750626115370465	0.679220485821484	0.672698205044878	0.781712754278525	0.401581221611152	NA	0.470096427798592	1.1770830268065	NA	0.595227874015491	NA	1.03416323165219	0.442042939251635	NA	0.183511973364893	NA	0.267748236162496	0.616973523795363	NA	0.466487093667198	0.24456230275333	NA	0.193435625645208	0.113953561360128	0.419426744962644
NA	0.751876710851381	NA	NA	1.13522332969158	0.818986018081567	0.920971034887535	0.724951641193814	0.637352929582227	NA	NA	NA	NA	NA	NA	NA	1.03141347732236	0.890947892503931	2.64355042484196	0.57701712961086	2.84085315826277	0.287387082528511	NA	3.26976137092126	3.18558165841374	NA	NA	NA	0.888238225303584	0.809683086169835	0.421749434575127	NA	NA	0.380049532453992	NA	0.641134691041702	NA	NA	2.15028581110243	1.49730210119157
NA	NA	NA	NA	NA	NA	NA	NA	NA	NA	NA	NA	NA	NA	NA	NA	NA	NA	NA	NA	NA	NA	NA	NA	NA	NA	NA	NA	NA	NA	NA	NA	NA	NA	NA	NA	NA	NA	NA	NA
NA	NA	NA	NA	NA	NA	NA	NA	NA	NA	NA	NA	NA	NA	NA	NA	NA	NA	NA	NA	NA	NA	NA	NA	NA	NA	NA	NA	NA	NA	NA	NA	NA	NA	NA	NA	NA	NA	NA	NA
NA	NA	2.15063401568202	1.23206005901119	1.48153893986093	1.72496119475215	2.14110413592271	1.78365460820341	1.76092946040525	NA	2.16575384762923	2.12378920128194	2.35553684926868	1.68079469098088	1.32576344147383	1.39732112984744	1.19381617436746	2.03055582899333	0.118717565134374	0.535862597134725	2.5232096248976	1.44381413434788	0.499595624641817	0.959011129265216	2.0229289425743	0.333875859045667	1.64326446191025	NA	0.535086608232692	1.50259323658686	1.82913782702382	1.22253006661418	1.32386426235251	0.27383784053606	1.43326641662116	0.536437990942928	NA	1.05089400116877	1.41994805584919	1.16361288096345
NA	1.98001440770909	NA	2.44965996189462	2.0133074411194	NA	1.67761207039028	NA	1.74533951862267	NA	2.36073190768899	1.68924599890128	2.59620328529383	NA	NA	2.42764588497093	NA	NA	NA	NA	2.04073448877185	1.24875838593231	1.97748528179375	1.02911261264874	1.28838246274979	1.55586108071177	NA	1.2898388067847	NA	1.37820013644634	0.96611502534567	1.50120597102952	1.10655973642485	NA	NA	0.657652712671636	NA	NA	1.99189865604949	NA
NA	1.09229208820356	NA	1.22583661062448	NA	0.584974292836968	NA	0.832026976896546	1.12376961114387	1.57246143289862	NA	0.705456808789988	NA	0.700220952399801	NA	NA	1.82534663527609	NA	NA	0.656376278966026	0.939607702779915	0.646616419169888	0.545303667582188	0.594815446371274	0.579469970834812	NA	0.753056970224763	0.61988580859537	NA	1.62205556249877	NA	1.06459773309472	0.877850167500429	0.954544663373946	NA	NA	NA	NA	0.379366468026434	NA
NA	NA	NA	0.735507576485815	0.37444464892205	NA	0.876749423240459	NA	1.44389825374021	NA	1.79122030635364	NA	1.49681809207346	1.12926834156282	NA	NA	NA	NA	NA	1.25585768113637	0.926137772018941	NA	NA	NA	NA	NA	0.505739014440592	0.419066508264507	NA	1.03283835335314	NA	1.06411353455764	NA	NA	NA	0.680289953545152	NA	1.0072580671577	1.41512701784449	0.394449580651633
2.09221475851041	NA	1.8049554031557	NA	NA	2.56082482203795	NA	NA	2.55944652926395	2.52090158985707	1.64358507988015	2.43851706549179	1.77035460110192	1.60473848332944	NA	2.36621463915825	1.29884956397035	1.58855381234514	1.69095771222263	2.49210904155949	3.38772796015603	NA	NA	1.70137799186332	1.93669304246543	1.66738971334496	1.1351830818776	1.62044576893542	1.84399993985567	NA	1.87891087417935	1.77670236171699	1.57382186371867	1.89754326582547	1.82027310657928	NA	NA	NA	1.38187290600071	1.56047749580737
0.669548285983144	NA	NA	1.22167236471999	0.66701788016368	NA	1.23437420807769	0.756739480138588	NA	NA	1.01755208588194	0.781200237784992	0.899208287663176	0.538049311284009	NA	NA	0.569026259666835	1.29249288486397	0.791942938326029	0.270957237418169	0.305538079520103	1.29625576138437	0.544681441927091	NA	NA	NA	1.00901438539103	0.670875619912215	0.7570977288215	0.300063746693479	1.43447902513859	0.719521329798339	1.18084815301535	NA	NA	0.846835022995468	NA	0.778114642103188	0.732520426284968	0.757809481869613
1.85607164953158	1.96454346312037	1.72392881462762	NA	NA	NA	1.5023983840668	1.18866861430351	NA	2.0040532515391	1.5950756749906	1.97642614209851	NA	2.32658656232228	2.41226363838953	NA	2.24204988257695	2.14523671310732	NA	NA	0.612386137281437	0.725220283901049	0.988040877090742	0.653186999437536	0.469230592794805	NA	NA	1.05072945257942	0.341725639119045	NA	0.863541216888378	1.96129552131377	NA	0.427209713108642	0.362172114534957	0.515086241127281	NA	NA	0.503846982637555	0.42447731445932
NA	NA	NA	NA	NA	NA	NA	NA	NA	NA	NA	NA	NA	NA	NA	NA	NA	NA	NA	NA	NA	NA	NA	NA	NA	NA	NA	NA	NA	NA	NA	NA	NA	NA	NA	NA	NA	NA	NA	NA
NA	NA	NA	NA	NA	NA	NA	NA	NA	NA	NA	NA	NA	NA	NA	NA	NA	NA	NA	NA	NA	NA	NA	NA	NA	NA	NA	NA	NA	NA	NA	NA	NA	NA	NA	NA	NA	NA	NA	NA
NA	NA	NA	NA	NA	NA	NA	1.07351692843962	1.09002014986135	0.995575701398478	NA	1.12205458108379	1.28245238897676	1.07093631967063	1.38557164379494	1.28003761336499	1.02462623052006	1.09535546857291	NA	0.793291623814995	NA	NA	NA	0.984080689539079	0.829501463849842	NA	NA	NA	NA	NA	NA	0.523187562641064	NA	0.689662110061595	NA	0.669652908912295	NA	0.566931375927705	0.467164504252275	NA
NA	NA	NA	NA	NA	NA	NA	3.04677811510025	2.67404320522845	NA	NA	NA	NA	NA	NA	NA	NA	NA	NA	NA	NA	3.02705840494612	NA	2.58591070964641	2.20743361817722	1.90470156381165	2.1455498214654	2.19911967632664	NA	NA	1.85350144227477	2.04212653782853	NA	NA	0.651321699035105	NA	NA	NA	0.571804918333522	NA
NA	NA	NA	NA	NA	NA	NA	NA	NA	NA	NA	NA	NA	NA	NA	NA	NA	NA	NA	NA	NA	NA	NA	NA	NA	NA	NA	NA	NA	NA	NA	NA	NA	NA	NA	NA	NA	NA	NA	NA
NA	NA	NA	NA	NA	NA	NA	NA	NA	NA	NA	NA	NA	NA	NA	NA	NA	NA	NA	NA	NA	NA	NA	NA	NA	NA	NA	NA	NA	NA	NA	NA	NA	NA	NA	NA	NA	NA	NA	NA
NA	NA	NA	NA	NA	NA	NA	NA	NA	NA	NA	1.46527168986325	NA	NA	1.3845746522057	NA	NA	NA	NA	NA	NA	NA	NA	1.59214816361075	NA	NA	0.735000382709407	1.09519404047336	NA	0.68109825396427	NA	1.46899835696121	NA	0.300250185591462	NA	0.515808200414759	NA	0.319057902842171	NA	0.809937554770825
NA	NA	NA	NA	NA	NA	NA	NA	NA	NA	NA	NA	NA	NA	NA	NA	NA	NA	NA	NA	NA	NA	NA	NA	NA	NA	NA	NA	NA	NA	NA	NA	NA	NA	NA	NA	NA	NA	NA	NA
NA	NA	NA	1.17958454369397	NA	NA	NA	1.81934669445686	NA	1.43686223903827	NA	0.937932529555133	NA	1.05166576832743	NA	NA	0.514101156045805	0.886767962439603	0.714197185115398	NA	NA	NA	1.84621367619498	1.17873143124669	NA	NA	1.12214948830787	1.34396273097136	0.636029013308146	NA	NA	0.762562998133902	0.448918400020749	NA	0.805956427567325	0.452530143153702	NA	NA	0.609964951244438	NA
NA	NA	NA	NA	NA	NA	NA	NA	NA	NA	NA	NA	NA	NA	NA	NA	NA	NA	NA	NA	NA	NA	NA	NA	NA	NA	NA	NA	NA	NA	NA	NA	NA	NA	NA	NA	NA	NA	NA	NA
NA	NA	1.2313116299679	NA	1.23546197699161	0.728633708001038	0.812721537956595	1.21976867030703	0.874388942121738	0.527339190661879	0.765169069737094	0.354543294630129	0.953544741822923	0.387848166278359	0.268058824677079	NA	0.248753080866181	0.838409669546783	2.37511017447766	0.178221417648046	0.881388613875248	0.799003394536738	0.451727579593098	NA	NA	0.777110616219693	NA	0.997251833141197	NA	1.2884434896965	2.05823895069489	1.39817061882279	1.56828292538434	1.66519485783536	1.6449224759441	1.9029872977419	NA	NA	1.28897252856199	1.5638905817596
NA	NA	1.60698907939802	NA	NA	NA	1.72913086687285	1.85332092037099	1.51650698573176	1.75913066127709	NA	1.66226462272015	NA	1.78269636018376	1.65628690613462	1.18500224361563	1.54232564548253	1.26014113791615	NA	1.24006141521957	NA	1.45664749327012	0.991009463177757	0.81324689991782	NA	NA	0.804825834668267	NA	NA	NA	0.532184112694697	0.340146935275743	0.598184607113894	NA	NA	0.267826249933162	NA	0.386667840504357	0.444807283154576	NA
1.09039483252019	1.48912533285958	1.09275767684002	NA	0.828630621015916	0.822259740883446	1.0212314558298	0.517334423511022	0.734497750284593	NA	0.817557752107613	NA	NA	1.22332936664799	1.12240851902608	NA	0.644174250532734	0.79833350216113	0.656224693530304	0.696631325630065	NA	0.826385489355662	NA	NA	1.13119192334084	0.98913950235275	NA	NA	1.60979772026052	NA	1.06536164952357	1.08481279656005	0.947732211051616	NA	0.94047142798899	1.08630312992722	NA	0.831355113547032	0.68539241488338	1.07097859068925
2.0693938236048	1.76271435710753	1.88633516661996	NA	1.59570308896535	1.97717833640775	1.65328005111081	NA	1.62932219535388	NA	0.835122131434628	1.59534329406186	0.990923150474789	0.96854090184343	1.41516905041255	1.65056886744541	NA	1.59834833749291	1.43800673592053	1.20070362017409	1.25598260294834	0.905370025694843	0.578879008861471	0.724155250010511	0.566240409299059	0.83515778824307	1.92470345928103	0.195838690100634	0.468869882774718	0.372310711059979	0.252484724370277	0.522497155809453	0.335949245360323	2.47477207181356	0.494771624780125	NA	NA	0.163009087305127	0.191657108073543	0.250989082667586
NA	NA	NA	NA	NA	NA	1.27570905390358	NA	NA	NA	NA	0.776690722657624	NA	0.410563701201145	0.657894718865163	0.761436153252071	1.00644925304278	NA	NA	0.563603758537541	0.418587558158118	0.92518883521698	0.956140775742834	0.669954575135189	1.33704417934692	1.09194939817071	0.572294302615761	NA	0.849745730928339	1.0109009008739	0.973876982072106	0.570449898640777	1.07379078313449	NA	NA	1.00176624434886	NA	0.953576667027395	0.380826612728452	0.976316677860725
NA	NA	NA	NA	NA	NA	NA	NA	NA	NA	NA	NA	NA	NA	NA	NA	NA	NA	NA	NA	NA	NA	NA	NA	NA	NA	NA	NA	NA	NA	NA	NA	NA	NA	NA	NA	NA	NA	NA	NA
NA	NA	NA	NA	NA	NA	NA	NA	NA	NA	NA	NA	NA	NA	NA	NA	NA	NA	NA	NA	NA	NA	NA	NA	NA	NA	NA	NA	NA	NA	NA	NA	NA	NA	NA	NA	NA	NA	NA	NA
NA	NA	1.54383522700106	NA	NA	NA	NA	0.813509706482488	NA	1.2344446345432	NA	NA	0.541806706192359	NA	0.795755729168035	NA	0.725944369522253	NA	NA	NA	1.86835115253431	NA	NA	NA	0.488622041670786	NA	1.80774825655851	0.829111898198873	NA	0.234400684338747	1.10371393523244	0.441200108524809	0.496337796476333	0.613064194217832	NA	0.470338701496165	NA	0.553058177210344	0.367828757324378	1.22718636637195
NA	NA	NA	NA	NA	NA	NA	NA	NA	NA	NA	NA	NA	NA	NA	NA	NA	NA	NA	NA	NA	NA	NA	NA	NA	NA	NA	NA	NA	NA	NA	NA	NA	NA	NA	NA	NA	NA	NA	NA
NA	NA	NA	NA	NA	NA	NA	NA	NA	NA	NA	NA	NA	NA	NA	NA	NA	NA	NA	NA	NA	NA	NA	NA	NA	NA	NA	NA	NA	NA	NA	NA	NA	NA	NA	NA	NA	NA	NA	NA
NA	NA	NA	NA	NA	NA	NA	NA	NA	NA	NA	NA	NA	NA	NA	NA	NA	NA	NA	NA	NA	NA	NA	NA	NA	NA	NA	NA	NA	NA	NA	NA	NA	NA	NA	NA	NA	NA	NA	NA
0.587270701893217	0.813357189552641	NA	0.40260510560162	1.13948015167162	0.192406240488247	NA	0.218539543254046	NA	NA	0.465481722938292	NA	NA	0.489915392875375	NA	NA	0.448167589058478	NA	0.499219418914929	NA	1.16393555697841	NA	0.715935625165026	0.635898846448856	NA	NA	NA	0.648024759476331	0.468664482688172	0.743397641775922	NA	0.674083631876857	NA	0.779115016400472	NA	0.265041318241651	NA	0.404246822378168	1.06972474524132	0.142137222880187
NA	1.1782627235345	1.58696129335017	NA	0.65467953746795	1.62923885597256	0.630779206632324	0.430616594255867	0.490742984568892	0.580105231062609	1.08851136882543	0.735402572833517	0.790584096765182	1.20783430055142	NA	0.800527186172157	0.733159949876153	NA	0.871439017974397	NA	NA	0.7737255959356	NA	0.696625243376128	NA	0.957663202009695	0.211291688328017	0.590012125901656	0.650076989106548	0.459265920012647	0.241097775202527	0.445515227460958	0.593617215672047	0.415727692402929	0.783416137517901	0.484621293139801	NA	0.090294506107624	0.5110209622321	0.97959215507873
1.00189426760152	NA	NA	NA	0.898081333043653	NA	NA	NA	1.30843010690036	NA	NA	1.51094937488729	NA	1.70617952410627	NA	NA	1.45564393745301	NA	NA	1.40647366964513	NA	NA	0.0916061135747861	0.27415479021841	NA	NA	NA	0.271543533746191	NA	NA	NA	NA	1.43905659881109	NA	NA	NA	NA	0.814229288539715	0.900260023736268	0.884037044755018
1.05754423816923	1.83477347737412	1.44880782863093	1.04365200780496	1.59398497252584	1.5489349278408	1.69119370874397	1.25646364289773	1.29226889090428	1.45234899791709	1.26519243875145	NA	1.84190241954961	1.02766442895873	1.02327752687886	NA	0.876279674873827	0.686138758190298	0.894730391894434	0.81684450032963	1.31114419977994	1.14277574187686	1.12546826335004	1.52457985316012	NA	NA	1.24054880903139	NA	1.2942648475199	0.68181222926906	1.28111067540541	1.50232643880081	1.04715609507651	2.0447619423319	0.910537885593391	1.88026201809817	NA	1.30256362633372	1.23283171934406	1.57210975100703
NA	NA	NA	0.508103429464448	NA	NA	NA	0.958006265627616	1.21860691425567	NA	0.902501661040862	1.11536314263767	NA	1.10153395082505	NA	1.30152700186188	2.02484715885111	NA	2.18039669306631	0.844294392612853	1.05187495041217	NA	0.56057268646998	1.00951180457919	NA	NA	NA	0.609167870535541	NA	NA	NA	NA	NA	NA	NA	NA	NA	NA	NA	0.338311741429651
1.196865751343	NA	NA	1.812775350573	0.773780059669083	NA	NA	1.50051927566487	NA	NA	1.4696361351246	NA	NA	1.163062688018	0.670311718917192	1.61581878918388	0.849082225842541	NA	NA	1.06315585496764	NA	NA	NA	0.651341152046263	NA	NA	NA	0.568896860034517	NA	NA	NA	0.337465272352452	NA	NA	NA	NA	NA	NA	0.689988573970138	NA
NA	NA	NA	NA	NA	NA	NA	NA	NA	NA	NA	NA	NA	NA	NA	NA	NA	NA	NA	NA	NA	NA	NA	NA	NA	NA	NA	NA	NA	NA	NA	NA	NA	NA	NA	NA	NA	NA	NA	NA
NA	NA	NA	NA	NA	NA	NA	NA	NA	NA	NA	NA	NA	NA	NA	NA	NA	NA	NA	NA	NA	NA	NA	NA	NA	NA	NA	NA	NA	NA	NA	NA	NA	NA	NA	NA	NA	NA	NA	NA
NA	1.10627420647883	0.932782236322112	NA	0.861402052797622	NA	0.700692172434157	0.42039035915673	0.612174258453021	0.601093632670169	0.864583759046332	0.885217430918314	NA	0.634002063129325	0.682278795103544	NA	NA	2.10895075352907	0.915273306967909	0.842493925547194	NA	0.44141698092768	0.536907111905159	0.42791579074917	0.67106630735499	0.686106833555849	0.591252637688608	1.07198805750373	NA	NA	NA	0.770281096683625	NA	0.482284532299207	NA	NA	NA	0.984342530677893	0.407924199483956	0.710937646016095
NA	0.807007599491935	1.22365434895783	NA	NA	0.753176590276245	1.08500232964616	0.989797974319287	NA	NA	NA	1.09474806197734	0.664998306941318	0.568400926752661	0.559064460600893	0.660479412843118	0.625158006297024	NA	NA	1.0043655149198	NA	0.867375312066954	1.06563087159997	1.66299319000381	NA	NA	1.28696526303179	1.27300084547792	NA	NA	NA	1.63090784513905	0.905303838589024	1.13320401282313	1.91574638663625	1.73141784416297	NA	NA	1.56117798148498	NA
NA	NA	NA	NA	NA	NA	NA	NA	NA	NA	NA	NA	NA	NA	NA	NA	NA	NA	NA	NA	NA	NA	NA	NA	NA	NA	NA	NA	NA	NA	NA	NA	NA	NA	NA	NA	NA	NA	NA	NA
NA	NA	NA	NA	1.92756242437462	NA	1.0112301866432	1.15250674708737	NA	1.23251743892769	1.50614400689929	0.809222515101013	1.37145265120068	NA	1.26635723572455	NA	1.24756807181456	NA	1.14957689266742	1.10414104420496	1.30372047979174	0.826888117396117	1.25187049471561	1.10424831747678	0.778227207597702	0.808937535604658	0.814470742537711	0.758057081571319	1.00691850540774	0.916876701854194	0.50949303679066	NA	1.26996387592188	0.840392350293152	0.456799666115401	0.245423822860733	NA	1.55782908751507	0.735281864308005	0.762380898471834
NA	NA	NA	NA	NA	NA	NA	NA	NA	NA	NA	NA	NA	NA	NA	NA	NA	NA	NA	NA	NA	NA	NA	NA	NA	NA	NA	NA	NA	NA	NA	NA	NA	NA	NA	NA	NA	NA	NA	NA
NA	NA	NA	NA	NA	NA	NA	NA	NA	NA	NA	NA	NA	NA	NA	NA	NA	NA	NA	NA	NA	NA	NA	NA	NA	NA	NA	NA	NA	NA	NA	NA	NA	NA	NA	NA	NA	NA	NA	NA
NA	NA	0.822892248471307	0.936456489017968	0.780509998393665	0.719428064595384	0.747570188429779	0.300875395521687	NA	0.653194823289537	0.732534814479302	NA	0.407313923199367	0.751711407841378	0.947066443974837	0.927038766514421	1.05573720704083	1.08823288227978	NA	0.427105210796186	NA	NA	NA	1.84564385294601	NA	NA	NA	NA	NA	NA	NA	NA	NA	NA	0.545877794671269	NA	NA	NA	NA	NA
NA	1.39296729623166	NA	NA	1.28568796347579	1.08845110953553	1.40375768342364	1.16049811680613	1.15649364948784	1.4671321396185	NA	1.75488347597395	NA	1.78248216149117	1.37726251556705	1.58351346658426	NA	1.39476088077127	1.25369408506592	NA	NA	1.01871402426734	0.612837521592341	NA	NA	0.934106326709257	NA	0.755691918827396	0.561519972272838	0.625734326863671	1.18391083693067	0.187682349142681	0.355391094591072	0.421192818160094	0.208801807101194	0.83103647805874	NA	0.851349644757924	0.417769215091618	0.365196781722709
0.732265115114522	NA	0.600150580416773	NA	NA	0.544028537291976	NA	0.442132814588266	0.955937281248492	NA	NA	0.589919741898068	0.444288794679376	NA	0.48974532629372	0.440993329192294	0.609871438820769	0.456252420064452	NA	0.254843864146927	0.811649962150317	0.703644923365967	0.756153572405792	NA	0.749547599866194	0.596665331490279	NA	NA	NA	0.761204756872612	NA	0.686962701912724	0.284993140081596	2.03119015387126	0.16268420797957	0.258055618065717	NA	0.894771992231322	0.48044768984739	0.409501930005596
0.628888644005739	NA	NA	NA	NA	NA	0.571526213859648	NA	0.320994977417418	0.926923590406499	0.79700348601288	0.527940369691285	NA	NA	NA	NA	NA	0.14462571708616	NA	0.456782939000629	0.983857541466987	0.763199464936154	0.490219572361786	0.396337844597873	0.212247921296709	NA	0.21491197383094	0.432125078783553	0.838758711859857	0.692478119669837	0.159768356996691	0.347922441547215	0.342160610352748	0.319349229771293	0.278645989373304	NA	NA	0.351690611103437	0.738766839241718	0.165787826437232
NA	2.70643205526203	2.1986599528963	NA	2.10232858103116	1.46029305477833	2.03032324178722	NA	1.48223873110272	0.594060219035583	0.668453713054697	NA	0.719622432837092	0.77032302336111	NA	NA	1.01786214049152	1.01384529258361	1.89814340791494	NA	NA	NA	NA	1.94119262900368	1.75973224910165	NA	NA	NA	NA	NA	1.36046686458101	1.25449386281229	0.873339842600019	NA	0.577300177866324	1.47745745286493	NA	0.230636144803574	0.766006320766943	NA
NA	2.77032506991301	NA	NA	2.49319005915114	NA	2.24180602600106	2.16023666721953	2.03651347461682	NA	NA	NA	NA	1.72896520863202	1.61309784163902	NA	1.77831444465057	NA	1.70725898820862	1.51935213973196	1.13454047850523	0.552892296784023	NA	NA	NA	NA	NA	NA	NA	NA	NA	NA	NA	NA	0.147879276100215	0.127047290627406	NA	NA	NA	0.182266766454298
NA	NA	NA	NA	0.798833460798852	NA	0.80535662785285	NA	NA	NA	NA	0.491710441788937	NA	NA	0.611832806894336	0.538525430512706	0.285605013164554	1.75765982781936	NA	0.443181150181059	0.414692026169122	0.446546626839737	0.513537034540297	NA	NA	0.759148510339292	NA	0.843078483536529	0.896694071165061	NA	NA	0.377131583638002	1.67985092032463	0.553691473338962	0.199907841064349	0.165425523523961	NA	0.697356908621799	NA	NA
NA	NA	NA	NA	NA	2.60101105898316	NA	NA	NA	NA	NA	NA	NA	NA	1.92037036412711	NA	2.09588190520443	2.52098629761389	NA	NA	NA	NA	NA	1.72688034313383	1.93863477142334	2.04090688511834	NA	2.3746350205238	2.21559793048254	1.30729746602173	NA	1.75154088248235	1.64931038420275	1.83661778238886	NA	NA	NA	0.642990427082866	1.58601941804462	0.428192972272764
0.790537714553983	NA	0.765059364785269	0.794454766674203	NA	0.291135014548446	2.04655810822442	0.308209314844402	NA	0.564846675921454	NA	NA	NA	1.21551138560627	1.28097846195608	NA	NA	NA	NA	0.689483328948111	1.02099662684845	0.508029942070566	0.838871105614904	0.76620934423742	2.07781957966157	0.84567408963019	0.605467234630612	0.637214577653805	0.968241116696029	1.14758948910089	1.07850902277606	1.31921604897703	NA	0.887751322753167	0.650192000487949	0.282774593046595	NA	0.367892624182728	NA	0.939048986558769
NA	NA	NA	NA	NA	NA	NA	NA	NA	NA	NA	NA	NA	NA	NA	NA	NA	NA	NA	NA	NA	NA	NA	NA	NA	NA	NA	NA	NA	NA	NA	NA	NA	NA	NA	NA	NA	NA	NA	NA
1.0857696430286	1.3187991845456	NA	NA	1.7216978637762	1.66283564062972	1.44687212301942	1.24434090873497	0.770455889330493	1.34859796963038	1.10038607293027	1.17173074560661	1.55129538606031	NA	1.33280899267255	1.30880179546162	0.98671858679516	0.962374000235377	1.08583422021795	1.06458487279837	1.29182700524612	NA	NA	0.978444755431329	1.20572653611193	1.2814651468805	1.49360799151495	1.20819109939933	0.997339504656423	1.2317685511551	2.27128842670662	1.01109756641557	0.628814791863743	NA	1.21543269862637	NA	NA	0.808864993681562	1.15351324785086	1.69268089135431
2.94185716191823	NA	NA	NA	NA	NA	0.813995014538912	NA	NA	NA	NA	NA	NA	NA	NA	0.608074412060698	NA	NA	0.81435834238458	0.743840527734601	1.12998277152481	2.42107942371069	2.24615307862145	NA	0.910793179302834	0.941487537209962	NA	1.09171223251851	NA	1.22633068859124	1.05653095093588	2.29264588658399	0.23500264229889	0.953573523015657	1.96219922440976	NA	NA	0.438217430305413	NA	0.940527903676577
NA	NA	NA	NA	NA	NA	NA	NA	0.562528512496586	NA	NA	NA	NA	0.94429862360939	NA	0.568011540889131	NA	NA	NA	NA	1.05212451698572	NA	NA	NA	NA	NA	NA	NA	NA	NA	NA	NA	NA	NA	NA	NA	NA	0.79091969233651	NA	NA
NA	NA	NA	NA	NA	NA	NA	NA	NA	NA	NA	NA	NA	NA	NA	NA	NA	NA	NA	NA	NA	NA	NA	NA	NA	NA	NA	NA	NA	NA	NA	NA	NA	NA	NA	NA	NA	NA	NA	NA
1.17547129269239	0.960384130781171	0.946669567474754	1.19864116119982	0.77575261601173	NA	0.758806144306001	NA	NA	1.81648209014103	NA	1.29458205833366	NA	1.20751509835327	0.971454665915383	1.13790291671746	1.08031377021277	1.24446678753265	NA	1.13086427655285	0.70203648163363	0.438414206515693	0.727071560312151	0.624903381006047	NA	0.929128032325339	0.924058172547353	0.805326637149544	1.1469525811439	NA	NA	0.834226101500067	0.548078656482753	0.709010086976906	0.547981092150684	0.364243225274286	NA	0.119298120873791	0.204666126989094	1.30074093815895
1.05201825170745	NA	NA	NA	NA	0.618999345884334	0.885092544845796	0.922942677737332	NA	0.722952947229616	1.00011483828318	0.960998396394316	1.09741714629699	1.90367254359423	1.14019222546753	0.645877099101526	1.04452650098294	1.22766526592728	0.646366434056608	1.44138821988382	NA	1.60196680428508	1.42743353998426	NA	1.48147044093363	1.09353149586255	NA	NA	0.29491682382293	0.81950053931154	NA	0.623546049769115	NA	0.52146680531113	0.431733787107512	NA	NA	0.589100031442896	0.551828400193088	NA
NA	NA	1.23215649304079	1.28225843491209	NA	1.26201296214662	0.225330463559678	NA	NA	0.557370756283297	NA	NA	NA	NA	NA	1.26256300445823	NA	1.21003078399886	NA	0.31177947000948	0.438074780355609	0.504450311928047	2.09274347345655	0.40433625341097	0.268071532265851	0.378061170722603	NA	0.802972813124771	0.27915027236841	NA	NA	0.628299609233442	NA	0.504845635912309	NA	0.385125043823591	NA	0.265510014272398	0.703055768753942	0.338772743611125
0.887637832354828	NA	NA	NA	0.735101101718477	1.06241272528004	NA	NA	0.538938425884837	NA	0.7585800720255	NA	NA	0.716863948977032	NA	NA	NA	NA	NA	NA	0.414867401882844	NA	0.510554908893139	0.732141157934637	0.840141869443663	0.595030118073752	NA	NA	NA	NA	NA	NA	0.766239655746544	NA	NA	NA	NA	0.603942074478025	NA	NA
NA	NA	NA	NA	1.73373322068317	NA	NA	NA	NA	NA	NA	NA	NA	NA	NA	0.761401655150391	NA	1.16676384175673	0.814849667012129	0.620876614416125	NA	1.12628621160561	1.28127788816719	NA	NA	NA	NA	1.18982869663776	NA	1.10165457914894	NA	0.819655192347908	0.869723388696202	0.773498837093814	0.789413040778838	NA	NA	0.969724782185671	0.796234352549838	1.00496651393
1.59600777681509	NA	NA	1.39298640126639	1.03849846215175	NA	NA	NA	NA	NA	NA	2.02767586880617	1.55543370410396	1.61860002728375	NA	NA	1.58377952244914	1.602907847728	NA	1.36389389960824	NA	NA	NA	NA	0.939550353985788	0.814535418883364	0.537833367347567	NA	0.730794078793352	NA	NA	NA	0.397931613516424	0.890900381368831	0.623208578953019	0.449748026432186	NA	0.131833118419537	0.634977799637435	NA
NA	NA	NA	NA	0.958899268842363	0.936009212031335	0.877300062825045	NA	NA	NA	NA	NA	NA	1.00165192601418	NA	NA	NA	NA	NA	NA	0.778925056460606	0.388851413025248	0.354040710495002	NA	0.197891886302784	0.316605886320785	NA	0.553579507996556	NA	0.834397860713292	NA	NA	0.40989547102249	NA	NA	1.28872497670979	NA	NA	0.565539931909176	0.873214250133324
NA	NA	NA	NA	NA	NA	NA	NA	NA	NA	NA	NA	NA	NA	NA	NA	NA	NA	NA	NA	NA	NA	NA	NA	NA	NA	NA	NA	NA	NA	NA	NA	NA	NA	NA	NA	NA	NA	NA	NA
1.31050595263617	0.770926106482139	1.05901583003709	0.96780836787932	1.13771327617534	1.30772400062908	0.981802858914131	0.910134760951346	NA	0.779002042151381	NA	NA	NA	NA	NA	NA	1.37838138624208	1.46412033699662	0.851438929968714	1.25021949982215	NA	1.1363516264486	1.31586103011509	NA	1.1670520094297	1.64539490338538	1.15242801435883	0.562394961307926	NA	NA	0.556308505173882	0.67980977926653	0.816864625761258	1.00473432038151	NA	NA	NA	0.439549423939963	NA	NA
1.57260045837939	1.44016101845077	1.6248437064905	1.57382284369225	1.48397989842951	1.40256031958289	1.07458170729052	1.85842923816759	1.13092798746209	1.44308730663632	NA	0.50343020307917	1.86349251490072	0.880646488247527	NA	1.383967664006	1.74068573432079	2.52468340733919	0.930579111662303	0.77936170474928	1.75628247923217	1.67744225724673	2.0959023051647	1.01548121571643	2.37726235082162	0.755086539827213	0.688051384371494	NA	NA	NA	1.82210845198354	NA	1.51674275815171	1.59581641085814	NA	0.2653054234834	NA	1.3688064708716	1.43069281395922	NA
NA	0.495461838082092	NA	0.0791634080759254	NA	1.05544305809496	0.466105446206474	0.612601542523289	0.951570116205732	NA	0.537745704714852	NA	NA	1.24918210277308	0.449320734844639	NA	0.728143417772669	0.831034145465676	NA	NA	0.487792566985822	NA	NA	0.241343614816249	0.450479582121854	NA	NA	0.504095557269863	0.810029700703055	NA	NA	0.653339502723791	1.1698761744288	1.21127612563728	0.581511521794749	0.385347140579318	NA	0.904323813215798	NA	0.703127871234826
NA	NA	NA	3.20489900742792	0.168166470771695	NA	2.11771380347018	3.4126688555349	3.278885376191	NA	3.16014871221816	NA	NA	NA	1.78055623862428	NA	3.26063712492457	NA	NA	NA	NA	2.74830134685913	2.71497575253161	1.03503430135761	2.03285456799275	NA	NA	0.340447159731723	NA	2.65098196846793	2.27990368220067	NA	0.291352736436267	0.208604412188558	NA	1.0039137401439	NA	1.41777893845475	1.10757307916163	2.27597305940001
NA	NA	NA	1.57380087969238	NA	1.13690660196807	NA	1.17116300043925	NA	NA	0.870801025204657	NA	NA	NA	NA	NA	NA	NA	NA	NA	NA	0.551443444361709	NA	0.867321394234581	NA	NA	0.454897606423281	NA	NA	1.57257498818191	NA	0.86218282494098	NA	0.753747653522891	0.735950541871878	NA	NA	0.283447702817587	0.973111681581688	1.12850913420867
NA	NA	NA	NA	NA	NA	NA	NA	NA	NA	NA	NA	NA	NA	NA	NA	NA	NA	NA	NA	NA	NA	NA	NA	NA	NA	NA	NA	NA	NA	NA	NA	NA	NA	NA	NA	NA	NA	NA	NA
NA	NA	NA	NA	NA	NA	NA	NA	NA	NA	NA	NA	NA	NA	NA	NA	NA	NA	NA	NA	NA	NA	NA	NA	NA	NA	NA	NA	NA	NA	NA	NA	NA	NA	NA	NA	NA	NA	NA	NA
NA	NA	NA	NA	NA	NA	NA	NA	NA	NA	NA	NA	NA	NA	NA	NA	NA	0.820282742457683	NA	NA	NA	0.65046531382401	NA	NA	0.0434123552806846	NA	0.562598047908396	0.586521649336234	NA	NA	0.963132474176887	0.624784555802268	0.859763405184535	NA	0.501372433344554	0.372514836893758	NA	0.568747273502485	0.167498510998883	1.14057757947535
NA	1.26984689006849	1.06852868337958	NA	0.721301696085756	NA	0.915855473239115	0.54135493445815	0.685733715282196	0.538574467063206	0.833092626758819	0.66158543011435	NA	NA	0.542276332635736	1.01954163317461	0.53444376226544	1.23959518997479	0.792069039227056	1.1423562323616	1.7720771038823	0.884239695563644	0.803733840362368	NA	0.644156635815573	0.808083723527666	NA	0.797758749360619	1.05334560012312	NA	NA	NA	NA	0.889521153900204	0.539314329048946	0.842475701738647	NA	0.618648463617513	0.741721774884754	1.68619331659246
NA	NA	NA	NA	NA	NA	NA	NA	NA	NA	NA	NA	NA	NA	NA	NA	NA	NA	NA	NA	NA	NA	NA	NA	NA	NA	NA	NA	NA	NA	NA	NA	NA	NA	NA	NA	NA	NA	NA	NA
1.54985410623602	2.01749530027269	1.60691630721568	NA	NA	1.52509132856911	1.18012100104053	1.0906079471941	0.740984952529139	NA	NA	1.05634970940785	1.21813384934093	1.57577660824335	NA	NA	1.31935196401213	1.26868113356606	1.44486260622813	1.10079022257944	0.589305181647633	0.459172393447385	0.912916510526949	0.924983589827189	1.1316127506669	NA	0.524006355409477	0.790655655566885	1.38445960850896	1.2402017122853	1.57704845726446	1.4747984379861	0.814319200318177	0.846659267509557	1.42453324807045	0.983758603931306	NA	0.683137863582461	0.406347726125422	0.529631693840938
NA	NA	NA	NA	NA	NA	NA	NA	NA	NA	NA	NA	NA	NA	NA	NA	NA	NA	NA	NA	NA	NA	NA	NA	NA	NA	NA	NA	NA	NA	NA	NA	NA	NA	NA	NA	NA	NA	NA	NA
NA	1.48352028941653	NA	1.10621638585018	1.30727276232033	NA	0.821236705811871	1.40144526008948	NA	1.0856443438631	1.00662949797722	1.3346046843619	0.875120621528902	NA	1.3859689395763	1.22957901953977	1.03687504563276	0.941951569781252	0.832869301533186	NA	0.434495645246224	0.96633647836405	0.396845805690143	0.425941825528951	NA	0.402761306756859	NA	0.677878702773484	0.449196908589746	0.371168724460388	NA	1.76330714375712	0.192213195455335	0.286453226890093	0.600461552658754	0.465842665071542	NA	0.318678754538362	NA	NA
NA	NA	NA	NA	NA	NA	NA	NA	NA	NA	NA	NA	NA	NA	NA	NA	NA	NA	NA	NA	NA	NA	NA	NA	NA	NA	NA	NA	NA	NA	NA	NA	NA	NA	NA	NA	NA	NA	NA	NA
1.33593442459574	NA	NA	0.888724990537187	0.657087971577504	NA	0.941745960703301	0.490848415645441	NA	1.64651546759998	NA	1.61138890702818	NA	1.16013338864503	1.79601062636354	2.00414704706378	1.61315792512235	0.945097892080527	1.01671044397955	0.979299755752547	0.924156180745004	NA	0.801175302486922	1.45052700202987	0.830460297800669	1.06235049453506	NA	0.865471489174195	1.13484739648313	0.960080248306837	NA	0.560909108232997	1.00500075075848	0.736172254213913	1.24646171578482	0.454883151816094	NA	0.749121369891258	0.503328824241285	0.715848539403853
1.09910762902046	NA	0.574592641857468	1.31024982144825	NA	NA	NA	NA	NA	NA	0.90028334839536	1.2515059022735	0.638346852552233	0.798959002345467	0.933818584141205	NA	0.589939035809223	0.321657356508348	0.822567244136529	NA	1.69697478602018	1.48081697438519	0.950725431281719	NA	1.57813576439343	NA	NA	1.19282333179047	0.927463122496642	1.25796278964362	0.661742386946783	NA	NA	0.953589111098284	0.615065838109148	NA	NA	0.753089125246635	1.00711493439882	NA
NA	0.545195320774724	NA	NA	NA	NA	NA	NA	0.899249204377852	NA	NA	NA	NA	NA	1.37024010991846	NA	1.58410754665768	1.62993470008818	1.01133122872409	1.24663024037295	1.50944011111292	0.700313137041708	0.557383226454197	NA	NA	NA	NA	0.955051658899442	NA	NA	NA	0.481729949472744	0.354085710614283	0.197947304246902	0.242899902919458	0.208380962930973	NA	NA	NA	0.552712208532351
NA	1.60993404452344	1.21325214697948	1.24321570336825	NA	NA	NA	NA	NA	1.17770936533157	NA	NA	NA	1.61817334953739	1.48026990322792	NA	NA	NA	NA	0.905847848993881	0.618177627229946	NA	0.141171968694194	0.257855861519677	0.2811524727205	NA	0.46575913983509	0.400232414090601	NA	NA	NA	NA	NA	NA	0.440696280219569	NA	NA	NA	0.470483701292928	NA
NA	NA	NA	NA	NA	NA	1.74613294455019	NA	NA	NA	NA	NA	NA	NA	NA	NA	1.7890733806207	1.93635833019354	NA	NA	3.05200549814488	NA	NA	0.60773774900926	0.549947820531638	0.597934750214259	1.68927643870082	1.69898939838478	1.83220610855829	NA	2.1206873826258	2.29622375053732	1.64232120702658	0.810480799350985	0.659721692177263	1.69155167578535	NA	NA	2.12942948907001	NA
NA	0.757148336457007	NA	NA	NA	0.369771610356917	0.866223722556489	NA	0.38441864507305	NA	0.651375576203473	NA	NA	NA	NA	NA	NA	0.378874112352432	NA	NA	NA	NA	0.871596427996833	1.10583989962081	1.21697878507849	NA	1.63042354933648	1.76507904915032	2.10704050377082	1.4975869940871	1.56317028368589	0.936893860249155	0.702356385601803	1.73600660375874	1.1165438388888	0.618044697651896	NA	1.04432322867021	1.84237724276498	0.705677414111834
NA	1.6260603605285	NA	1.59948348017549	NA	NA	1.86743414250817	NA	NA	1.67645335186492	1.81773762071204	NA	NA	NA	1.42339243061827	NA	NA	NA	NA	NA	1.13714543878904	1.01294338684852	0.809129450894891	0.770305247131105	0.454835565779775	0.339057790300737	NA	0.380509085901723	NA	0.909301835412301	NA	0.646624191890769	0.279159541342157	0.406447116476789	0.312642557071728	0.377464600468947	NA	NA	0.571417689613913	0.823920619651104
2.0164934710864	2.62140665206402	1.59944575480198	NA	0.751882445711321	0.953754176521252	NA	0.764603443093618	0.999811121385318	NA	NA	NA	NA	NA	NA	NA	NA	NA	0.441415238630931	NA	1.05815535971134	0.638009371421005	NA	0.481973280210379	NA	NA	0.335892017756525	0.415332923243852	NA	0.759308303690089	0.729689417431852	0.625727168585955	NA	0.565690922067041	0.330999878212479	0.891853013813907	NA	1.4349867405573	1.25290455316273	0.674392472198841
NA	NA	NA	NA	NA	NA	NA	NA	NA	NA	NA	NA	NA	NA	NA	NA	NA	NA	NA	NA	NA	NA	NA	NA	NA	NA	NA	NA	NA	NA	NA	NA	NA	NA	NA	NA	NA	NA	NA	NA
NA	NA	NA	NA	NA	0.643333921385595	0.570136400786452	NA	NA	NA	NA	0.992355224870802	NA	NA	1.88430928744835	NA	NA	NA	NA	NA	0.604656374330533	0.584071846546678	NA	0.346674426743484	0.972496471112489	NA	1.31400511002245	1.10587643624183	1.06432537566285	0.987274067109355	NA	0.732216247498866	0.751065404912213	NA	0.936188792295264	NA	NA	1.8705107644952	0.855161757508174	1.32745514002172
NA	2.21624091723883	2.65108958176768	NA	NA	NA	NA	2.62886602126745	NA	NA	2.14700261635612	2.16309499942019	2.43336335236003	1.89848456717566	NA	2.59713908471879	NA	2.3819239903605	NA	NA	2.89595455817675	NA	0.839286466821053	0.425301799297543	1.34920501417423	NA	0.654122309287393	NA	0.816796500094897	NA	0.841679802866906	NA	0.936703034926512	NA	NA	0.41384528108657	NA	NA	NA	0.653517491509052
NA	NA	NA	NA	1.13331012893172	NA	NA	NA	1.61752899506815	1.53133464815833	NA	NA	NA	NA	1.58569639398721	1.57188655378205	NA	NA	NA	NA	NA	2.25858937698349	NA	NA	NA	1.58536096885288	NA	NA	0.716119288660713	NA	0.545541162960891	0.950982482215901	NA	0.746777723070747	0.219587876395547	0.267548845979071	NA	0.697767478220987	0.26819679093965	0.850683041383337
1.28908182525226	NA	NA	NA	NA	NA	0.750788590189801	NA	0.983220861651907	0.998232516950019	0.92131938535309	0.583410347405218	0.711394492594622	0.53218057206786	0.570866775685667	NA	0.298144715740628	0.778407453899926	NA	0.644159312738518	NA	0.53175581608599	NA	0.49153189051077	0.386063775319832	NA	NA	0.774606202212438	NA	NA	NA	0.605882796939551	NA	NA	NA	1.11404273835438	NA	0.878908375115757	NA	0.424704071194837
NA	NA	NA	NA	NA	NA	NA	NA	NA	NA	NA	NA	NA	NA	NA	NA	NA	NA	NA	NA	NA	NA	NA	NA	NA	NA	NA	NA	NA	NA	NA	NA	NA	NA	NA	NA	NA	NA	NA	NA
0.593418935842252	NA	0.669035666399416	0.588505763245181	0.401563890600628	0.409979254724863	1.03076996539854	1.43168479195075	NA	NA	1.32987560425309	1.03368834186424	1.0472461309435	0.947208455398191	NA	NA	NA	0.253481328183742	0.507660631110024	0.301161025098891	1.37278206043499	NA	NA	1.1917772412383	1.33280189402577	NA	0.719686659625115	0.93427171709181	0.99768494693829	0.985982528587729	1.019251408679	0.520827752570177	0.359327084406551	0.99567760145077	0.912513781830649	0.674629054734076	NA	1.4937154093239	NA	0.584934039602089
NA	NA	1.63380006045894	0.707854194733467	1.06385968916885	NA	NA	NA	NA	NA	NA	NA	NA	1.15188343204229	NA	NA	NA	NA	1.20807427530345	NA	1.54446552242181	1.26885574023083	NA	0.903094004784088	0.730648572102166	0.768704224803455	0.651301431488212	0.245745494491725	0.0735300153569229	0.0602313786503586	0.125011046318141	0.281060452408507	0.387642196180273	0.430973276113437	0.213270932589834	0.212487843849605	NA	0.38601100352412	0.0791885955565974	0.229169406078594
NA	0.553495635828092	NA	NA	0.842706409207572	NA	1.15669160275747	0.926036221055751	1.07477344811846	1.18540122945672	1.54305083354661	1.09614905441229	NA	0.961470047279139	NA	NA	1.29652735859801	NA	1.21204240053077	1.06780669297816	1.03619137077811	0.628924462224939	0.481225895442184	0.674240414448231	0.21155896618057	0.350074284387411	NA	0.461447929319209	NA	0.387500636711775	NA	0.763009056437995	0.787901612809662	NA	NA	NA	NA	NA	NA	0.648538889075878
NA	NA	NA	NA	NA	NA	NA	NA	NA	NA	NA	NA	NA	NA	NA	NA	NA	NA	NA	NA	NA	NA	NA	NA	NA	NA	NA	NA	NA	NA	NA	NA	NA	NA	NA	NA	NA	NA	NA	NA
0.469294677499991	0.878365980443635	NA	NA	1.22936102314074	1.15966336371851	1.02308663543485	NA	NA	NA	0.811627363226362	0.550673114493684	NA	NA	NA	0.70236476897913	NA	0.467645573679406	0.69227486463494	NA	NA	0.831137831254311	0.131156197659521	NA	NA	NA	NA	NA	NA	NA	NA	NA	1.2628695397973	NA	0.773571534708723	0.516069473885038	NA	NA	0.628115772719441	NA
NA	NA	NA	NA	NA	NA	NA	NA	NA	NA	NA	NA	NA	NA	NA	NA	NA	NA	NA	NA	NA	NA	NA	NA	NA	NA	NA	NA	NA	NA	NA	NA	NA	NA	NA	NA	NA	NA	NA	NA
NA	1.48569122011689	NA	NA	NA	NA	NA	1.67240870007424	NA	NA	1.3977774579713	NA	1.35810153875088	NA	1.13890838143126	1.54880737548477	1.48041884430867	1.15321562256152	0.954072435477166	1.55527727948614	NA	1.49291958958455	1.29047856146225	1.23091406478528	1.03462243637608	1.19908177159723	NA	1.29793193889709	NA	0.864531303416013	0.85366439765762	0.689583787975933	0.78451652369808	0.457660790004379	0.532502495597086	0.224029834137303	NA	NA	0.496710035636325	0.317998325525102
NA	NA	NA	NA	NA	NA	NA	0.68140803246609	NA	0.427844604343815	NA	0.995835242474187	NA	NA	1.2794353083292	NA	NA	NA	NA	1.55299560024268	NA	1.04801507865898	NA	NA	NA	NA	NA	NA	NA	NA	NA	1.31179658869521	1.07987247841557	NA	NA	NA	NA	NA	NA	0.890250068839075
NA	NA	NA	NA	NA	NA	NA	NA	NA	NA	NA	NA	NA	NA	NA	NA	NA	NA	NA	NA	NA	NA	NA	NA	NA	NA	NA	NA	NA	NA	NA	NA	NA	NA	NA	NA	NA	NA	NA	NA
NA	NA	NA	NA	NA	NA	NA	NA	NA	NA	NA	NA	NA	NA	NA	NA	NA	NA	NA	NA	NA	NA	NA	NA	NA	NA	NA	NA	NA	NA	NA	NA	NA	NA	NA	NA	NA	NA	NA	NA
0.691816174009286	1.07910283990807	NA	NA	0.95419091973599	1.40718881118348	NA	1.48188783908379	NA	NA	NA	NA	NA	NA	1.53958242538121	NA	1.21924066728113	NA	NA	1.43486754740842	1.47382455858381	1.16166176986077	1.20297501816229	NA	NA	NA	NA	0.495332170341192	0.212317963076308	0.383242154834687	NA	0.543576444717129	1.07054332237481	NA	NA	NA	NA	1.04958878608955	NA	0.665047597127372
1.51187349201011	0.835514464078267	1.29560300344344	1.19721040339233	NA	NA	1.66731373666003	1.34326976701909	NA	NA	NA	NA	0.954807837859259	1.13206908219735	0.947590577220122	NA	1.08384982039252	NA	0.905518858471457	0.771284944332373	0.556413379291288	0.373749027014469	NA	0.199584906136468	NA	NA	NA	1.09997406426723	1.10807284786752	NA	NA	0.546178226025208	NA	0.779743611363004	0.236132750799767	NA	NA	0.61644776851768	0.848375221518235	1.154718690888
NA	NA	NA	NA	NA	NA	NA	NA	NA	NA	NA	NA	NA	NA	NA	NA	NA	NA	NA	NA	NA	NA	NA	NA	NA	NA	NA	NA	NA	NA	NA	NA	NA	NA	NA	NA	NA	NA	NA	NA
NA	1.1662031651258	NA	NA	0.775096857401625	0.617138888195976	NA	0.287453429156966	NA	0.544530020598981	0.951714325991669	0.776843792708199	NA	NA	1.04015779341501	1.0435111808286	0.829017912059385	1.06787563674447	NA	0.773894345586395	0.919805785531967	0.910322851147353	0.399079703491356	0.0920406467535534	NA	NA	NA	0.677475185548492	NA	0.686971390028435	0.279049539930457	NA	NA	1.12170310847076	NA	0.895851308204163	NA	NA	0.718631219467902	0.615085796211745
1.88213448257972	NA	1.50985818174701	1.1385841779839	1.39327843219159	1.32871455491171	1.76112577561171	1.60522760498683	NA	1.33180806793913	NA	1.71526885974423	NA	NA	NA	NA	NA	0.63637119957926	NA	0.897103354257292	0.896468708390854	NA	0.667131082532738	0.771090905861415	0.458490482334995	0.668142995417398	NA	0.627884156029593	0.758208186444123	NA	NA	NA	NA	0.874327287687985	NA	NA	NA	0.853408870407178	0.895332123310843	0.755902712909137
0.947170380225499	NA	0.765642157038784	0.848647456519098	1.11994270439972	NA	0.67036655322911	0.384449242599688	1.00499548524528	0.921343314712248	0.691885516181418	0.907989693854425	NA	0.715066825569048	1.08462588771539	NA	0.694168854389422	0.831205449406344	1.24055972033223	0.70834630548274	0.485273041619891	NA	0.629907174792365	0.677669218134829	2.26222398549582	1.33391201830994	1.35553873919979	0.599132098630105	NA	NA	NA	1.18009607905588	0.688046221234432	0.880743150348994	0.592212051048411	1.92551176864061	NA	0.657659981937907	0.689572152261949	0.633299289987731
NA	NA	0.69350688956634	NA	NA	0.7504780905596	0.0759438125893696	0.447117119075544	NA	NA	0.776961392109601	0.627320088556525	0.335972726546557	1.36109986150623	1.11224615712923	NA	NA	1.35370864600525	0.159761069658947	0.507868554627116	0.505727359230265	0.15078560620972	NA	NA	NA	NA	NA	NA	NA	NA	0.528060258445202	0.776606719871381	2.14056289282381	0.669749439616586	0.652440123436215	NA	NA	NA	NA	0.517534444454868
NA	NA	NA	NA	NA	NA	NA	NA	NA	NA	NA	NA	NA	NA	NA	NA	NA	NA	NA	NA	NA	NA	NA	NA	NA	NA	NA	NA	NA	NA	NA	NA	NA	NA	NA	NA	NA	NA	NA	NA
NA	NA	NA	NA	NA	NA	NA	NA	NA	NA	NA	NA	NA	1.30613760258224	NA	NA	1.54915096311778	NA	NA	1.04639883479836	NA	1.250425965081	NA	NA	NA	NA	1.14241151884226	0.541444789922961	0.60338989640112	NA	NA	NA	NA	NA	NA	0.241049616564868	NA	NA	0.596970678012655	NA
1.74305762955504	NA	NA	NA	NA	0.820704238733112	NA	NA	NA	0.688645152146633	NA	NA	NA	1.41246711945728	NA	NA	NA	NA	NA	NA	NA	0.566219596544537	1.75403623699266	NA	0.545288318683212	NA	NA	NA	0.963836216939555	NA	NA	1.02832973509821	NA	NA	NA	NA	NA	0.517005628368973	NA	NA
NA	NA	NA	NA	NA	NA	NA	NA	NA	NA	NA	NA	NA	NA	NA	NA	NA	NA	NA	NA	NA	NA	NA	NA	NA	NA	NA	NA	NA	NA	NA	NA	NA	NA	NA	NA	NA	NA	NA	NA
NA	NA	NA	NA	1.02204914660029	2.20323836467669	1.49910134587311	1.57231139245397	NA	1.18698388751295	1.07850928051113	1.31589156643526	1.37515857052593	1.15318388637625	1.21938917895813	1.26052031683185	1.13212219299083	NA	NA	0.877873342258403	NA	1.02418655217115	0.258881830103459	0.722419335372418	0.223202363117951	NA	NA	0.483845353364219	0.38746913486294	NA	NA	NA	NA	0.619569420354313	0.312247667228374	NA	NA	0.472773478105152	0.359154953699772	0.495308559825999
0.781452509822304	NA	0.939581337131304	1.48590957372328	NA	NA	1.67970208390087	1.74573760571127	1.75381923852397	1.42814190803424	NA	1.63469197315973	0.781574837661694	1.36637834422894	2.0244859327876	1.71814983014359	NA	2.14960372270008	1.68502881006064	1.8046142652317	NA	1.37871545038337	NA	NA	NA	NA	NA	NA	NA	1.00757555114967	0.98690799288539	NA	1.224093832195	1.52431906258734	1.24650511960243	0.474400243541099	NA	1.82959754300322	0.467583770235534	1.52140110141557
NA	1.00367538911983	NA	0.954286143647671	0.68737777588597	NA	1.19146799600923	0.71936288214839	0.294623644886187	0.417596932624252	0.670770526072269	0.683111479461047	NA	1.08921782699329	0.596022637308231	1.06355413592107	0.574690188914279	0.225404521048166	0.486918080612323	0.227861649535634	1.10657656611474	0.902332263925352	NA	0.722916627976237	0.669123809092948	NA	NA	0.823410733894975	1.03209002491036	1.05988631392809	0.419439449404012	0.319297090669917	NA	NA	NA	1.19080677723744	NA	0.499968939861242	1.28537682426769	0.630914984530451
NA	0.305057885517808	NA	NA	0.955600085656892	NA	0.379010977933225	0.766324908054288	NA	0.772122739363407	0.657791543690027	0.60780030380404	NA	1.18505583058278	0.524290379770459	0.819509895277821	0.730429618965129	0.582041694804396	NA	0.696212779188907	0.405666714190402	NA	0.274297054738025	NA	NA	1.2462804786571	0.980359946685346	1.62442256550852	NA	0.563945027038068	NA	NA	0.634497139472695	0.311785354120372	0.517285841017466	0.764145639764709	NA	NA	0.47361005040962	0.627219490321713
NA	NA	NA	NA	NA	NA	NA	NA	NA	NA	NA	NA	NA	NA	NA	NA	NA	NA	NA	NA	NA	NA	NA	NA	NA	NA	NA	NA	NA	NA	NA	NA	NA	NA	NA	NA	NA	NA	NA	NA
0.782357097102282	0.734664783113929	NA	0.738986197247514	NA	1.06495669293943	1.02982978894333	1.33619134095437	NA	0.953057166631839	NA	NA	NA	NA	1.0674619085884	0.78061779075858	0.691152736708382	NA	NA	0.566219637392911	0.735286717645684	NA	NA	1.09595051204423	NA	NA	NA	0.62773790685117	1.23637273932368	0.992952702851745	NA	NA	1.22400737737626	NA	1.0028502198476	NA	NA	0.885430825254714	1.10926423565232	1.5672850080785
NA	NA	NA	NA	NA	NA	NA	NA	NA	NA	NA	NA	NA	NA	NA	NA	NA	NA	NA	NA	NA	NA	NA	NA	NA	NA	NA	NA	NA	NA	NA	NA	NA	NA	NA	NA	NA	NA	NA	NA
NA	NA	NA	NA	NA	NA	NA	NA	NA	NA	NA	NA	NA	NA	NA	NA	NA	NA	NA	NA	NA	NA	NA	NA	NA	NA	NA	NA	NA	NA	NA	NA	NA	NA	NA	NA	NA	NA	NA	NA
0.942999731435601	1.20296098818921	NA	1.2018798890975	1.23539477166717	1.76878195274779	NA	NA	1.40486923437187	1.44326429740865	0.668535894391844	1.69888602902512	NA	NA	NA	NA	1.68019655758625	NA	NA	1.16632825948354	NA	0.549142405739472	1.58624488606622	1.6189590136197	NA	1.78627360903733	1.17669920805719	NA	NA	0.872844255446788	NA	NA	0.751471326074701	NA	NA	0.973342213645902	NA	1.12555267955566	0.690599891075691	0.8695812894748
NA	NA	NA	NA	NA	NA	NA	NA	NA	NA	NA	NA	NA	NA	NA	NA	NA	NA	NA	NA	NA	NA	NA	NA	NA	NA	NA	NA	NA	NA	NA	NA	NA	NA	NA	NA	NA	NA	NA	NA
NA	0.860664231656764	NA	2.52865086329171	0.716396126224586	NA	0.444202422618338	0.46530472180599	0.354852774233006	0.466655858674856	0.263995320011389	NA	NA	NA	NA	NA	NA	NA	0.266941645708964	NA	0.595069548033217	1.48499219317188	0.834067353833089	0.951656379358799	NA	NA	NA	0.993280446918321	1.66657788067488	2.31828320423866	NA	1.34362414983376	NA	1.59154888374753	NA	NA	NA	NA	NA	NA
NA	1.49467868499669	NA	NA	1.81620456770655	1.43887937187211	0.971110105919641	NA	NA	1.90349528329345	1.25527644751464	NA	NA	NA	NA	NA	1.37846370684381	1.53009737885473	1.21238263358192	1.34947747772682	NA	1.28570777598343	NA	0.495736617017468	0.976977913888816	NA	NA	0.32881544892834	0.53272437325884	0.387164301892456	0.993606309520555	1.27408547471958	0.330590342614162	0.423648666084001	0.336289013498444	1.32917428936248	NA	0.31596972534532	0.847370301693591	0.72072427925673
2.03721783372113	1.74119924294	1.86705089455027	NA	1.82998540622969	1.91143967587033	2.22395674942174	1.36421566864045	1.06549201326996	1.63746989280454	NA	1.47229966386057	0.968092903595918	2.13386117306067	1.47852676964564	1.65128733062611	1.41320355925119	1.44248962747234	1.42564387410002	1.09999300670344	1.81016820071686	NA	1.51193132132571	1.54834835793424	NA	NA	NA	1.93361387560912	NA	2.51006655952912	NA	1.81727376451727	0.756552827939881	0.63675121901282	1.45500734379873	0.411757143114947	NA	0.240484092929724	0.880040684688382	0.534563642875523
NA	NA	NA	NA	NA	NA	NA	NA	NA	NA	NA	NA	NA	NA	NA	NA	NA	NA	NA	NA	NA	NA	NA	NA	NA	NA	NA	NA	NA	NA	NA	NA	NA	NA	NA	NA	NA	NA	NA	NA
NA	NA	NA	NA	0.489018575709839	0.489940482123894	0.66336068894085	0.848038440330932	0.794437573279513	0.297158719033891	0.688249329810951	0.35953927223217	1.73004679216299	1.4730214841622	0.701480333123587	NA	0.830238224768224	0.501846703544111	0.417808798542554	0.394388297382643	0.41204879862158	0.409544001334564	0.686483225063231	NA	0.978896131464366	NA	NA	0.792368836070784	0.706539523757809	0.935717284109566	1.06418340911305	0.64398444610177	1.7653294363214	1.18020031487357	0.49335376706384	1.58451227253979	NA	NA	NA	0.585092100566119
NA	NA	NA	1.15605448045236	0.743984834960637	NA	NA	1.44798822048906	1.05913221633925	NA	NA	1.24604418220138	1.58973667811221	NA	1.38843440429181	1.25221782714311	NA	NA	NA	1.73672077671355	1.06348293501722	0.712473532809358	0.319912317701753	0.847778527953288	0.946858595575725	NA	NA	NA	1.23603135705658	NA	NA	1.17066329830437	1.2859446210547	NA	NA	NA	NA	1.17175730625664	1.68817460771263	NA
NA	0.662652553307096	0.984791280580282	0.737030645313479	0.977691244901424	1.05463913251761	0.696019043320875	0.82720625730768	0.858294405462582	0.751769997264741	0.771293035701135	0.970853959238455	0.782139363210094	0.657690010744927	1.45301973877606	1.22852797329871	NA	0.861910125108597	NA	0.2543001876991	0.637674316841937	0.392011211455677	0.353401696312847	0.406009301893498	1.99682130813664	0.580184492274674	0.635759448629386	0.795546343070965	NA	0.693484074919888	NA	0.731647225295717	1.50108081837797	0.545221482680374	NA	NA	NA	0.52707714809138	NA	0.61309168442016
NA	NA	NA	NA	NA	NA	1.75629007536674	NA	1.49565363864041	NA	NA	NA	NA	NA	0.714552789367071	NA	NA	NA	NA	NA	1.91105365630506	1.07403481111152	NA	1.2491002245947	0.434961420901093	NA	NA	NA	NA	NA	0.468294081849917	0.761342561515933	1.60360717675256	NA	NA	0.424803795517729	NA	NA	NA	1.11128763779609
0.801881646133582	0.446714879536494	0.786627971054656	NA	0.531691322847823	0.336704733924108	0.506216055113026	0.663815575267519	0.298618772326243	0.473793942953389	0.727726308781297	NA	0.479110191956195	0.781855039295634	1.26225480149256	NA	0.395007307048613	0.458341786681702	1.07009280867462	NA	NA	NA	0.677356676872288	0.444114069761195	0.754694551176403	0.611453963521303	1.92715629652893	NA	NA	0.27566609938883	0.366446319902577	NA	NA	0.245717724952082	0.176076975509862	0.336752959238449	NA	NA	0.249070375775326	NA
NA	NA	1.20970026262101	NA	NA	NA	NA	1.4191170053011	0.255014634735426	1.53738580134865	1.48485297986619	1.82469807557002	NA	0.921946429607459	1.30867199504025	1.77658089251458	NA	1.22350742628936	1.4187547378291	1.24950535112121	1.36774105094815	1.93505193827547	1.06315247294376	NA	0.866472397535748	NA	NA	NA	0.385723784313288	0.832792396144638	NA	1.30693120219659	0.876805954904777	NA	0.372195108613987	NA	NA	NA	0.382293624032268	NA
0.668182541098974	NA	NA	1.25750686487608	1.28243281766903	NA	NA	NA	NA	NA	NA	NA	1.03196358088185	1.13192318394242	NA	NA	2.33876741658154	NA	1.02244421925372	NA	0.706499825897799	1.21640034380348	NA	0.826179711746047	0.617282916786465	NA	NA	2.47632089444478	NA	NA	NA	1.34653025669158	NA	NA	2.45983334429665	NA	NA	1.10602212853427	0.178066847099972	NA
NA	NA	NA	NA	NA	NA	NA	NA	NA	NA	NA	NA	NA	NA	NA	NA	NA	NA	NA	NA	NA	NA	NA	NA	NA	NA	NA	NA	NA	NA	NA	NA	NA	NA	NA	NA	NA	NA	NA	NA
1.14879611674993	NA	1.26629999218652	NA	NA	NA	0.60808697072809	0.529095748079335	NA	0.768852481266803	0.833732458239145	0.765321301428259	0.954296806182776	0.875152656336737	NA	1.19835659853219	0.962503312583876	NA	NA	0.871033689295315	NA	0.498799556632482	1.58030729139359	NA	0.418047623298027	0.564660165956869	NA	NA	NA	NA	NA	NA	1.65533753221761	NA	NA	NA	NA	0.920356653939838	1.81840695830312	0.647116580217631
NA	NA	NA	NA	NA	NA	NA	NA	NA	NA	NA	NA	NA	NA	NA	NA	NA	NA	NA	NA	NA	NA	NA	NA	NA	NA	NA	NA	NA	NA	NA	NA	NA	NA	NA	NA	NA	NA	NA	NA
NA	NA	NA	NA	NA	NA	NA	NA	NA	NA	NA	NA	NA	NA	NA	NA	NA	NA	NA	NA	NA	NA	NA	NA	NA	NA	NA	NA	NA	NA	NA	NA	NA	NA	NA	NA	NA	NA	NA	NA
1.67718668576043	1.27044881658132	1.24264423136536	0.936057100872254	NA	1.24915477407432	1.42904579429737	1.25131890053958	NA	NA	0.965089867084033	0.291076247277774	0.86032747607814	0.997989790358789	1.37430358427403	0.763455073916398	1.27917444756143	1.18026940885213	0.93429578380168	0.802007250783257	0.400691745250494	0.680883005266381	0.271299704158326	0.573296817466607	0.593084477529363	0.527831011528443	0.268217255009886	0.456250730525593	0.809513266746988	0.630792931550557	0.666456374799186	NA	0.826226615498489	0.571307621776792	0.323760722308354	NA	NA	0.428875553330718	0.306698567557849	0.323089998823832
0.464056345743711	NA	NA	NA	0.344734666944896	NA	NA	NA	NA	NA	NA	2.15852327800384	2.3354320478327	1.01431750018129	0.882885652209269	NA	NA	NA	0.895886698538688	NA	1.75751072965878	0.670614345056071	0.629686870926709	0.409019166371264	0.432584980188828	NA	0.467554624529024	0.744618069219418	NA	0.587786182841968	0.530575088783237	0.822650780665648	0.524006314511217	0.426537258534316	0.228483819285759	0.59357687994133	NA	0.591078668812397	0.194574173504007	0.340285187073874
NA	NA	NA	0.576441691372352	0.695069085274147	0.64700885835174	NA	1.57452397917636	0.901162918128141	NA	1.13336838876252	1.27133237083438	1.2180218435096	1.11797021180449	1.33525153846565	1.45299252883973	1.27192897627232	1.10365540558511	NA	NA	0.703639687204031	0.947413593751548	NA	0.706017333895219	0.679939835302602	NA	NA	1.22780526269067	NA	NA	0.718160750152058	0.739795000939067	0.743202638338411	0.185623951439572	NA	0.464989815612429	NA	0.571814098891128	0.646921692244002	0.707267557387755
1.23294104931285	NA	1.96901405504753	NA	NA	NA	NA	1.76139117018859	NA	NA	NA	NA	1.15690487394703	1.44828829765151	1.01881271455377	1.90755353917373	1.71263147605138	1.45618454074827	NA	1.00082312868289	1.61259159647619	1.98066583215587	1.16219494808882	1.84652772865241	NA	1.82114144271699	NA	1.7279321561626	1.36863855157611	NA	1.50647113909986	1.27006041364178	1.73456284013898	NA	1.37582357831487	1.10106456970966	NA	0.883535621367835	1.08356800239319	1.07534141973994
3.02227221851899	NA	1.20475128510936	NA	1.77084458034116	NA	NA	NA	NA	NA	1.31127235339915	1.17579297400197	NA	1.46008070362647	1.82075290141582	2.2373072258835	1.76525964676607	2.13059365673047	1.93366431320305	1.40676462464581	1.11381665131702	NA	0.859359853508047	0.573696125226686	0.0653683018165051	NA	0.751041873272731	0.845931904578329	0.653374252659864	NA	0.672932481716972	0.756646061311832	NA	NA	0.665293331668892	0.631073931564331	NA	0.352110310978137	0.884305386332115	NA
NA	NA	1.38813495631516	NA	NA	1.068654796617	1.29060141603756	0.876123141839377	0.730977657191553	0.423676060627723	0.560786416520726	0.579020244107487	1.31684351434375	NA	1.18091268835493	NA	NA	NA	NA	NA	1.72904480454458	NA	0.862459193167838	NA	1.1432671462888	0.912744157047485	0.51706371630498	0.895535265219655	0.642894788792626	1.23028666143832	NA	NA	1.08024623265249	0.551727813282025	NA	NA	NA	0.487933598294928	0.494997011100152	0.926466091235745
NA	NA	0.96182685379812	NA	NA	1.38094132746238	1.09604397733838	NA	NA	0.566172559063379	NA	1.00526348694127	NA	NA	1.56371058024703	NA	1.41354940291942	1.27087354596332	0.848940849639249	0.784774258441912	NA	1.60256392542672	NA	NA	NA	NA	NA	2.09423257130702	NA	0.983217945850223	NA	NA	NA	1.28750836203819	1.61681785605192	NA	NA	NA	0.928286106515414	NA
0.394639687723115	0.469505878328896	NA	NA	0.532289020913749	0.189989639764301	0.235943674862768	0.380309102364495	1.57125643574265	1.62378135248876	0.751500412236846	0.541668230380348	NA	1.17070878680361	1.29309866884253	1.13638123488382	1.1518331687504	1.30053881775747	0.521494316843181	0.392009531948042	0.403768172475922	0.380587850724384	0.424531032895165	0.358590985177975	0.626402753051331	NA	0.589457567730004	NA	0.492759546544811	0.500405729276553	0.344406716307146	0.75162908873868	0.296670317275879	NA	0.327901553962639	0.357338151834297	NA	NA	0.8568209440071	0.45224107808943
NA	NA	NA	NA	NA	NA	NA	NA	NA	NA	NA	NA	NA	NA	NA	NA	NA	NA	NA	NA	NA	NA	NA	NA	NA	NA	NA	NA	NA	NA	NA	NA	NA	NA	NA	NA	NA	NA	NA	NA
0.533220092284309	NA	0.252883651234985	NA	NA	NA	1.07987071762391	0.46000592206139	0.823749009198841	NA	0.378398463414482	0.978202801105049	NA	NA	NA	NA	NA	0.986391454969647	0.607647092932013	0.446057239229881	0.198176710441366	0.614913324103264	NA	NA	NA	NA	NA	NA	NA	NA	NA	NA	2.10111938839866	NA	NA	NA	NA	NA	NA	NA
NA	NA	NA	NA	NA	NA	NA	NA	NA	NA	NA	NA	NA	NA	NA	NA	NA	NA	NA	NA	NA	NA	1.72553539966458	1.3876007269378	0.778346464711695	0.726872894669028	0.283829791916153	0.503760032709559	NA	NA	NA	NA	0.669393662368483	NA	0.734656708843167	0.409841054335606	NA	0.434992774465251	0.914402993500844	NA
NA	1.48534172673678	NA	NA	1.64120885518226	0.986665558081738	0.65352648956269	NA	1.2914928325572	NA	NA	0.948996232598724	NA	1.01323058672027	0.98112088295607	NA	1.61200476390734	1.19284665635056	1.20977330057361	0.943630988467311	NA	0.829310483010227	0.892070154146048	0.342854926933195	NA	0.743443328705935	0.72708307444862	1.32375146938164	0.962442926190338	0.85572569025014	0.26598973823043	NA	NA	NA	0.471880230572871	NA	NA	0.650360935421686	0.475800816047162	1.25823886832713
1.00569387526694	NA	NA	NA	NA	NA	NA	NA	1.1914064589673	NA	NA	1.27119286883031	NA	NA	NA	1.43293059890906	0.977609467041014	1.2140569445335	NA	NA	1.61090087675733	0.958995733401082	0.853988896906703	0.631690908930827	0.491835440309652	0.635100111575498	0.704995599247571	0.263570196007934	1.48922779005419	NA	0.608123453284842	0.800412191626614	0.600914747499622	NA	0.393669614103639	0.248064622901101	NA	0.312693064973114	0.677605872831792	0.587027106781241
0.591801202066278	NA	NA	0.26954955690875	0.565783775163617	0.74686947881068	0.670904346870905	0.899526578598818	0.646774628446201	NA	1.74954468110869	1.00934611218405	1.65713032612365	1.17434974143296	1.07975590414863	NA	NA	1.2226380876618	1.74025008929693	1.4119416654339	1.73104058961079	0.524114399943215	NA	0.4589733713817	0.625517350838741	0.614914352421049	1.6739373691543	NA	1.32966290670245	0.340863434519378	NA	0.589607857535993	NA	NA	NA	NA	NA	0.429484692132732	0.345060696410688	NA
0.589545156519253	NA	NA	1.02727744954636	NA	NA	1.42032541685994	1.40944468491731	NA	1.09667186124224	1.43599764322882	1.34537402523628	NA	NA	NA	NA	NA	NA	1.02634386121855	NA	0.663217851261508	0.485907945363522	0.771016376542108	0.353183713577781	NA	0.550095474433109	NA	0.999670380913296	0.865381309836648	0.551943414930787	0.558998461137919	NA	0.440798978238822	0.677599888599579	NA	0.232798457128551	NA	0.400240170821718	0.475148727768682	NA
0.56695384664233	NA	NA	NA	NA	NA	NA	NA	NA	NA	2.75404238952447	NA	NA	NA	NA	NA	NA	NA	NA	NA	1.59447968213601	1.95653912769673	1.47678196346853	1.46229045627939	NA	0.952395885074376	0.770702306982453	0.767300559518659	0.586554315979318	0.482186947159351	0.291004876674815	0.314339181510855	0.709952587678937	NA	0.234604031819818	0.300710707296758	NA	0.473815550331307	0.547176171403529	1.41504755753979
NA	NA	NA	1.0219399926796	0.607815430750411	0.693848889246459	0.624047990593768	0.289246172285344	0.324710151730889	0.614170380959696	0.283780956954503	NA	0.528464818823724	0.804630534487657	1.16379231852921	1.17241238186982	1.19936504334267	0.874794091605196	NA	0.528563227455496	NA	0.468152230671224	0.364444908514383	0.318102733934258	0.218055560567918	0.722405677691086	0.318928088641782	NA	0.774701436227946	0.568381843837501	NA	NA	0.882197244627464	1.19993460136105	0.823454092927112	0.863790614840829	NA	0.498986433040055	0.574696563583581	0.191958390782213
NA	1.13807319574698	0.707377339120867	1.27898123687539	NA	0.928769758262309	1.13878760780402	0.994820728069587	0.425144310607598	NA	1.29619927505139	0.924177545698357	NA	0.607018061325687	0.366983696510876	1.07316770489886	0.457924241665132	0.240250505710558	0.839012365291876	0.609796898358429	1.01498465556065	0.726735676431963	0.421027393642795	0.419537939965801	0.310279582245247	0.411068278561382	NA	NA	0.477433497853408	0.711958343131795	1.05731126509333	0.181591904579922	0.361481969450952	0.373590315087126	0.550942490727903	0.468995655477474	NA	0.249003166313739	0.314925369274702	0.136402260807885
1.12270813973878	NA	1.03744248560273	NA	NA	NA	0.537463145824555	NA	0.94386757717531	1.12367090621936	1.06825183221192	0.94524117576454	NA	0.849947146054172	0.630482591550101	0.312367225744236	0.4944193896942	0.594879459177398	0.538026611508293	0.672689436856237	1.40253584429858	0.890979170226895	0.453327023495875	NA	1.36103223208522	NA	0.837010448723984	1.07185327353529	0.838401006101488	NA	0.670907530647364	1.37630647650944	1.69009536637612	NA	NA	0.509069541633495	NA	0.753374479229567	NA	1.41895580043681
NA	NA	NA	NA	NA	NA	NA	NA	NA	NA	NA	NA	1.16222910151219	NA	1.32098258538631	NA	NA	NA	NA	NA	NA	0.943953231648727	0.940612884739321	NA	NA	0.708803566451023	0.561881947775199	0.48991401678983	0.504213068599157	0.792882029609379	0.676748045022267	0.387421641346817	0.775560164897135	0.625550793669572	0.515001592363918	NA	NA	0.357237686034259	0.222880875775397	0.610141833990292
NA	1.05847768512041	NA	0.918453386779887	NA	0.783276001918769	1.08311241735258	1.32448848534921	NA	NA	NA	0.681870904847873	NA	0.479820795605357	NA	1.31777641921486	0.288709120047684	0.358428469023237	NA	0.47434247146295	1.22785239683325	NA	NA	NA	NA	NA	NA	NA	NA	NA	NA	0.531670951559726	NA	NA	NA	NA	NA	0.859221649414901	NA	NA
NA	2.72639695041911	2.61443748408292	NA	2.33085820981422	2.1225764191446	1.93581680754266	2.38384927403981	2.46950683961977	1.83386072487079	0.959670206030685	NA	1.79188551051551	2.72304866301298	0.888579897455863	NA	2.48302722202063	2.53928001807792	2.10110071139927	0.733294875374645	1.27413643365199	0.564625070192642	0.437092556597311	0.637755893620879	0.988368614088316	0.678112308764696	NA	1.04781345548824	0.864562806880321	NA	0.586313863576486	NA	NA	0.409013711855772	1.52184003952636	NA	NA	NA	0.695391433521405	NA
1.02679079707975	1.04081380621763	0.852733826970981	NA	NA	NA	NA	0.804095128822441	1.4925600413439	0.648543285592723	2.60292676431907	1.07450833737861	NA	NA	1.41934731024355	1.51511672897053	NA	1.1370593118396	0.675128184742312	NA	1.36569532576624	NA	2.14806738418908	1.33316722344101	NA	1.88089971467466	NA	NA	1.57648414589991	1.37417785751244	NA	1.178041146539	0.98918333866042	0.670127557013138	NA	0.661858758710263	NA	NA	NA	0.5448788631296
NA	NA	NA	NA	NA	NA	NA	NA	NA	NA	NA	NA	NA	NA	NA	NA	NA	NA	NA	NA	NA	NA	NA	NA	NA	NA	NA	NA	NA	NA	NA	NA	NA	NA	NA	NA	NA	NA	NA	NA
1.31695722103469	NA	NA	1.60601324169497	NA	NA	NA	NA	NA	NA	1.28983497274136	0.573610388173548	0.673425215293367	2.64750575641335	0.946195849671112	0.362502857332791	NA	0.548623652984423	0.624068176107307	0.568298333493523	0.50308402868965	0.39765897012797	0.107666240169335	0.428057832182637	NA	0.374917644792849	0.300700343210636	0.686515248867532	1.95473590005965	0.0963048971010811	NA	0.508538337793782	1.72662397964509	NA	0.31624590075427	0.324336913380898	NA	NA	NA	0.564636037120942
NA	NA	NA	1.17523880664856	NA	NA	NA	NA	NA	NA	NA	NA	NA	NA	NA	NA	NA	NA	NA	NA	NA	NA	NA	NA	NA	NA	NA	NA	NA	NA	NA	0.710430995451475	0.542563460609607	0.651701464722516	0.329633610176702	0.41421067974869	NA	0.324317582203783	0.356389488267152	0.138841129117147
NA	1.1091587343331	NA	0.95980846309254	0.747080514081502	NA	1.08541060226593	0.830146945142228	0.66820686235251	0.570561518727672	0.344158975711895	0.687854858109701	NA	0.619661552997712	0.686582257210531	NA	0.828247167746352	NA	0.528122042073041	NA	NA	0.737702604526305	0.166346656687491	NA	0.209889234111663	NA	0.202635146149593	NA	0.366325844714246	0.682423231916016	NA	0.478604513883622	0.657026174717923	0.335622705071352	NA	0.324399468303809	NA	0.381234163102882	0.375815674170885	NA
NA	NA	NA	NA	NA	NA	NA	NA	NA	NA	NA	NA	NA	NA	NA	NA	NA	NA	NA	NA	NA	NA	NA	NA	NA	NA	NA	NA	NA	NA	NA	NA	NA	NA	NA	NA	NA	NA	NA	NA
NA	NA	NA	NA	NA	NA	NA	NA	NA	NA	NA	NA	NA	NA	NA	NA	NA	NA	NA	NA	NA	NA	NA	NA	NA	NA	NA	NA	NA	NA	NA	NA	NA	NA	NA	NA	NA	NA	NA	NA
NA	NA	NA	NA	NA	NA	NA	NA	NA	NA	NA	NA	NA	NA	NA	NA	NA	NA	NA	NA	NA	NA	NA	NA	NA	NA	NA	NA	NA	NA	NA	NA	NA	NA	NA	NA	NA	NA	NA	NA
NA	0.759722891344448	0.643818132050036	0.962938055458435	0.814023982680561	0.995380196279229	NA	1.26687355608123	1.16155971401592	1.08571069158709	1.10825685827888	1.82568883615117	NA	NA	NA	NA	1.26534502757714	NA	NA	NA	NA	NA	NA	NA	0.383077698538749	NA	1.17086053074274	NA	NA	NA	NA	0.836199714768827	NA	0.398902392847183	1.57827803436168	NA	NA	NA	0.701536214927367	0.80437911583221
NA	NA	NA	0.544454460304444	0.786870661435015	0.630251250739084	0.968576305733564	1.04824753284349	0.496687466590131	0.543334858149159	1.14466739451953	1.20259695149451	NA	NA	0.878787368149617	NA	0.821670984663641	NA	NA	NA	NA	1.25093265189697	NA	NA	NA	NA	NA	NA	NA	NA	0.646195202783477	NA	0.36048658932661	0.330264176599547	NA	NA	NA	NA	NA	0.457689157791794
1.40036477243028	1.06542802587966	1.46463888390788	NA	NA	1.13194719278228	1.38599056637726	1.26621943194628	1.38862515646837	NA	0.904628317491575	0.917793931999839	0.796030903260124	0.615080793325933	0.305837273646007	NA	0.212286521986742	0.30951277138825	0.823402526776685	0.412664591732689	0.703627447657745	0.47846288379349	0.449654639470288	0.799274308041441	0.585695437142541	1.15816841440107	0.945172552193954	NA	0.760190946663597	0.493141301651932	1.09048825183828	0.663195785171507	1.23954849490757	1.3455873406547	1.0942014419115	1.35098532309804	NA	NA	0.835596534641954	1.26816977241782
NA	0.838785268078986	NA	NA	1.37677880073147	1.3842275096958	NA	1.28710768848636	1.32077400711867	NA	1.35930388289513	NA	NA	NA	1.64435964453634	NA	1.46647602219921	NA	0.988273821761988	0.954250383852902	NA	0.497901108438835	0.817816568884115	0.903876129893227	0.703734126791169	NA	NA	NA	NA	0.872340989443653	NA	0.548718507915094	0.764989269167134	NA	NA	0.578301233901025	NA	NA	0.385472051167386	NA
NA	NA	NA	NA	0.806777488229433	NA	1.36801618718401	1.23036777995172	NA	NA	0.560010611233135	NA	NA	0.92753193015392	NA	NA	NA	NA	NA	1.23219554378223	NA	NA	NA	0.503917717411728	1.32973978373074	NA	1.08318588344515	NA	NA	NA	NA	NA	1.60427991241605	1.95353213524892	NA	NA	NA	0.456500648037868	1.3673612864805	0.685584845236948
NA	NA	NA	NA	NA	NA	NA	NA	NA	NA	NA	2.53410777464131	NA	NA	2.29261070340357	2.24887382387664	2.33347906869609	NA	NA	NA	NA	NA	0.448968358190807	NA	0.567671434502593	NA	NA	0.887864430532169	1.80749965118088	0.334875548277651	0.915408246101588	0.54628188261814	0.920656814222982	0.210369450140206	NA	0.525158627981446	NA	0.845304858970488	0.745936422359875	NA
NA	1.53262711268494	1.41863690183562	NA	NA	0.920434691376663	0.322676881609949	0.824698857579287	0.784962986625287	NA	0.842518636226206	1.11269536862428	NA	1.29477687580255	1.21619478337617	1.19459862014128	0.853229726705898	NA	NA	0.879907861111993	NA	NA	0.436647948424509	NA	0.5855563559288	1.02904782357563	1.28628799483837	1.04017524640051	1.09012562491317	1.35523666195048	1.01225900885649	0.797596766895813	0.556553826563193	0.172808453846352	0.444191768725	0.30062692771231	NA	0.611534289924118	0.61825891742989	0.79950326865419
NA	NA	1.61812414404676	1.28954024930049	NA	1.51531292570044	0.953899133939355	0.739313916849331	NA	NA	0.475076544384565	0.54941551878103	0.484474290844697	0.649900134228084	NA	NA	NA	1.07503681876089	1.14377729046014	0.522757872429703	1.25473591994636	NA	NA	1.0718727510716	1.2568850612773	1.1240038920211	1.20181231254694	0.801492950365263	1.10938373020179	0.772623942094311	0.954263196452215	NA	1.61016226532109	NA	1.52737144159938	0.892857724798571	NA	NA	0.699352391303785	1.22620873444876
NA	NA	NA	NA	NA	1.52222863320267	1.22808541133923	1.06688762393561	1.32199552019621	0.840752377808812	NA	1.03715747638034	0.931708006732935	0.872551231201381	0.935901200036279	NA	NA	0.931173904440821	1.0706472852601	NA	NA	0.425983472905657	NA	NA	NA	NA	NA	NA	NA	NA	0.420681717900869	NA	NA	NA	NA	0.303615457226025	NA	NA	NA	0.4700453456217
NA	NA	NA	NA	NA	NA	NA	NA	NA	NA	NA	NA	NA	NA	NA	NA	NA	NA	NA	NA	NA	NA	NA	NA	NA	NA	NA	NA	NA	NA	NA	NA	NA	NA	NA	NA	NA	NA	NA	NA
0.36027702681952	0.401571181432516	0.496359424988787	0.647433204300105	0.663796515204851	0.926484970944421	0.510991598327523	0.601050549427114	0.407568498276435	0.707691192972597	0.544899729149293	1.50843586374043	NA	0.657052337689142	0.247804479597576	1.28266486734276	0.441670880511826	0.346767888454958	2.08595561146946	0.299778959075096	0.778836128072443	0.672803619469794	0.576985959856602	0.299262164358176	0.074841807212658	0.304894767692142	0.43838368292861	0.507729381244437	0.917604908485722	0.765378290678901	NA	0.575753495392461	0.77460362450422	0.463376440908272	0.388567275736427	0.211294952968342	NA	0.391919957060535	0.757567979930303	1.07972072027317
NA	NA	NA	NA	NA	NA	NA	NA	NA	NA	NA	NA	NA	NA	NA	NA	NA	NA	NA	NA	NA	NA	NA	NA	NA	NA	NA	NA	NA	NA	NA	NA	NA	NA	NA	NA	NA	NA	NA	NA
NA	1.30457210048915	0.788045216356503	NA	1.12333658237217	0.909840851899245	1.56473777362469	0.576041772031147	NA	0.290465960093281	0.513156546081865	NA	1.12301350320196	0.960130835925788	1.39927338792533	0.887707566892928	0.915146283930702	0.811896402998871	0.829870521997861	0.395901356155334	0.887252416929969	0.362031970880771	0.42013159886112	0.617947756336667	0.833832401245448	NA	0.66395958062404	NA	0.979879864060373	NA	NA	0.861646932777924	NA	0.763179330659344	0.280805598536927	0.247188254652735	NA	NA	NA	NA
NA	NA	NA	NA	NA	NA	NA	NA	NA	NA	NA	NA	NA	NA	NA	NA	NA	NA	NA	NA	NA	NA	NA	NA	NA	NA	NA	NA	NA	NA	NA	NA	NA	NA	NA	NA	NA	NA	NA	NA
NA	NA	NA	NA	NA	NA	NA	NA	NA	NA	NA	NA	NA	NA	NA	NA	NA	NA	NA	NA	NA	NA	NA	NA	NA	NA	NA	NA	NA	NA	NA	NA	NA	NA	NA	NA	NA	NA	NA	NA
2.17631368172414	NA	2.55301793301326	2.24811954957526	2.18265867586266	1.79234754262217	1.39114870827869	1.15776250759619	1.3313384533542	1.03778113323701	NA	1.73559073631082	1.94055167034038	1.6874814879277	1.64544259062201	1.24131252185285	1.9435713295697	0.830312295195824	1.11216894399742	0.853785060786151	0.734623444065018	0.626093163917942	0.453701088469304	1.29375954220247	1.64866608319947	1.53782142943884	1.49744404330937	1.28516490772924	0.568237539221278	0.677921239869274	0.802774164205197	1.97407280363126	0.350322839064921	1.67472451832689	1.18550845915463	1.454482264485	NA	0.163067040728387	1.05841653220649	0.178865837093958
NA	0.473539891817797	1.55006565636839	NA	0.728945605980869	1.09441395908362	1.25629298488529	0.950391175912537	0.911938384753949	1.16857212576062	NA	NA	NA	1.76538222202226	1.03508983540202	NA	1.03273456382533	0.655125408913588	0.522802128604076	0.232712542063847	0.89488498582647	0.331366985798068	0.589429666055678	0.496823500650209	NA	0.550391967265068	1.2449837499359	0.152207780125894	0.620622774012643	NA	0.294563799508747	0.507310743832589	0.251652233213653	0.581536530259908	0.944385174681704	0.533035727341549	NA	NA	0.903472391138365	0.407817261895644
2.12265336393715	1.09969679822062	1.07479289681644	1.66004584350363	0.878660474450617	1.19043145734393	0.924863122469595	0.678659436921449	0.578830234803114	0.94349302903477	1.12116685063788	1.37606241321098	1.66298776265381	0.995166954097162	1.0902694142053	1.23000878672014	1.00760618505346	1.10790561771409	0.56081625187835	NA	0.740670693828128	0.78838351265195	0.706322238026578	NA	1.20659643502983	0.931226622239307	NA	0.952552835448953	0.927699015371576	1.27718102028399	NA	0.627487864828101	0.412887894975879	NA	0.525950838453362	NA	NA	0.166901546983509	0.537792073881838	0.820997855899033
1.21741558667375	NA	1.2957882799127	1.27610965985166	1.40811219398718	NA	1.36481429937617	1.56648075141701	NA	1.03939210038404	NA	1.48456661486509	1.77107432095303	1.49848598632795	1.89480845609268	1.31343921243826	1.43237585594952	1.44954581162772	NA	1.20273774612535	0.937493217376822	1.04585519960813	1.16121697100139	NA	1.25318869396581	NA	0.979469950249658	1.16807263445662	0.80425235486431	NA	0.652718542173132	0.592009659696964	NA	0.368247495489804	0.459935853667455	NA	NA	NA	0.479549454035056	NA
NA	NA	NA	NA	NA	NA	NA	NA	NA	NA	NA	NA	NA	NA	NA	NA	NA	NA	NA	NA	NA	NA	NA	NA	NA	NA	NA	NA	NA	NA	NA	NA	NA	NA	NA	NA	NA	NA	NA	NA
NA	1.88947768068276	NA	NA	1.20932134202	1.08807447808373	1.08809392345064	NA	NA	NA	1.58104248129709	NA	NA	0.948755208824917	0.678444670046325	NA	1.00851438689262	0.312164577752008	0.824339886733711	0.947686411490905	NA	0.819498464135371	0.36888369719328	0.334299547948185	0.490395192986698	0.546496786427207	0.381953933658326	0.477015833557986	0.513087489504937	1.32637447478383	NA	NA	0.264113244966677	NA	0.681972879152832	0.770635419913502	NA	0.395671849785614	NA	0.700735406019733
0.822892953487089	1.0121365928014	0.907205176104508	0.834592030074978	0.742232187724003	0.605003872012036	0.631596791483107	0.479229278142736	0.640492280158132	0.439170747892609	0.496249866855752	0.259485802823111	NA	0.66513644449638	NA	NA	0.522325893309603	0.675808052004103	0.626603066938773	0.396980703493781	0.595823042206877	1.93825821776825	1.77544652255466	1.84247068145735	NA	NA	NA	2.07571510433189	NA	NA	2.11793110710364	2.02361852342998	2.09656671842955	2.00091602470745	NA	NA	NA	NA	1.89519159375336	1.89643985948654
NA	NA	NA	NA	NA	NA	NA	NA	NA	NA	NA	NA	NA	NA	NA	NA	NA	NA	NA	NA	NA	NA	NA	NA	NA	NA	NA	NA	NA	NA	NA	NA	NA	NA	NA	NA	NA	NA	NA	NA
NA	NA	1.79683973625325	NA	1.34934868963716	NA	NA	0.923377849671036	NA	1.10975154075802	1.46158127128505	1.18228797198895	1.39009383001572	1.36355976666122	1.57833132449703	NA	1.2539007393994	NA	NA	1.24047755303408	1.71352810196377	1.5713473971448	0.63579549830483	NA	NA	0.887019089042541	NA	NA	NA	1.06916147979045	0.0772342819970064	NA	0.393143413338335	NA	0.457659739901128	NA	NA	0.308093053879745	0.3330972880673	NA
NA	NA	NA	NA	NA	NA	NA	NA	NA	NA	NA	NA	NA	NA	NA	NA	NA	NA	NA	NA	NA	NA	NA	NA	NA	NA	NA	NA	NA	NA	NA	NA	NA	NA	NA	NA	NA	NA	NA	NA
2.09190085273352	1.78420161179889	1.61842890960471	1.78209691138154	2.01286267617323	1.98569062703483	2.29908675352927	NA	2.01976560137272	2.01605460858277	2.26491134008995	1.67971997996115	2.18695014573779	NA	NA	1.89176522561583	2.01344114986027	1.74418970823936	2.07887874257027	1.88729494492563	1.46847896848926	1.53363966584488	1.37728468396515	1.15378868966233	0.514778697869616	0.9995115921432	0.829935776677283	0.958487798228246	1.01247038682637	1.50124405654573	0.830031897241867	0.0828505359193352	0.665920493836172	0.727176579897695	0.836718210985041	0.579930201488341	NA	0.290362782279405	0.529793441556205	0.981333676545646
NA	NA	NA	NA	NA	NA	NA	NA	NA	NA	NA	NA	NA	NA	NA	NA	NA	NA	NA	NA	NA	NA	NA	NA	NA	NA	NA	NA	NA	NA	NA	NA	NA	NA	NA	NA	NA	NA	NA	NA
NA	NA	NA	NA	NA	NA	NA	NA	NA	NA	NA	NA	NA	NA	NA	NA	NA	NA	NA	NA	NA	NA	NA	NA	NA	NA	NA	NA	NA	NA	NA	NA	NA	NA	NA	NA	NA	NA	NA	NA
0.73187330305145	0.957899317199764	NA	NA	0.9699451270883	0.634826066451275	0.596074308389293	0.666161392829701	1.03810545295983	0.577246154862469	0.4740972298249	0.848154184785676	NA	0.546039640205057	0.925630190547714	0.874746297191408	0.709930678637642	1.04838443558834	0.681321194699371	0.672412436715403	0.875247922775864	1.20487573157577	0.981775159428842	1.47208779005635	0.711046611216892	NA	NA	0.874534246885977	NA	1.09821852683314	NA	0.385088131817754	NA	NA	0.997488220522294	1.34108214012334	NA	1.35169907472006	1.27971027111715	1.04572432661765
NA	NA	0.782832742560791	0.888141355442111	0.637081972294013	0.702953992261725	0.674863906129439	2.14050824100094	NA	0.702969251079427	0.668940665880256	NA	1.66577516018175	0.749991892241079	1.99532986423002	1.70047299709239	1.98920231913568	NA	2.35362651298189	0.360382892775263	0.615636803276313	0.789677691308846	1.20170467820985	NA	0.125308586017488	NA	0.992052440224935	NA	0.991848803450453	1.08709903570039	1.1575965845088	0.545095260595741	0.257264225307299	0.728915898553176	0.317016974169364	NA	NA	0.375178546935049	0.519831519053452	NA
NA	NA	NA	NA	NA	NA	NA	NA	NA	NA	NA	NA	NA	NA	NA	NA	NA	NA	NA	NA	NA	NA	NA	NA	NA	NA	NA	NA	NA	NA	NA	NA	NA	NA	NA	NA	NA	NA	NA	NA
NA	NA	NA	NA	NA	NA	1.9796922476668	NA	NA	NA	0.616241551004474	NA	NA	0.856392412857412	1.63323176865339	NA	NA	NA	1.36676107524204	0.299259730399519	1.15114816941958	1.28681048159969	1.36093118039131	1.07556973665793	1.49976227426461	NA	1.43191519729158	1.06189381112301	0.760030517010456	0.937410318319636	1.23653988424104	0.885049429657638	0.468048578591211	1.58436448310697	NA	0.682925792929643	NA	1.09223712265774	NA	NA
NA	NA	0.478898019200366	0.217420401742934	0.425540581269661	0.748686253351809	0.776497748756612	NA	NA	0.756100567586209	NA	NA	NA	0.46565835096116	0.171477688381569	NA	0.487597530292121	NA	NA	NA	0.918564555865156	0.628144693878014	0.442623297960498	0.521900576092091	NA	NA	1.00748354900724	1.2151690871491	1.31215849307481	NA	NA	NA	NA	0.799492516295574	NA	NA	NA	0.552240501262091	0.570642972991589	0.627439838520638
NA	NA	0.919615498091201	0.938356580514517	0.908261817810532	NA	0.98850703779655	0.930681562569749	NA	1.48019990232434	1.50392628976769	NA	1.46690649041934	1.67992789388944	1.25784442441776	NA	1.46037268007196	1.58514952494966	NA	1.22745238840741	1.4036887345858	1.55669361135749	1.51229849042261	0.785957165086832	0.389461860458326	1.17725747555125	NA	1.28229904898229	1.09745111059354	0.578481087545838	1.00370186087223	1.09016950741029	0.838597427891487	1.15345446049074	NA	0.407256228145682	NA	1.50666198290726	1.48026818042732	1.07815328696001
NA	NA	NA	NA	NA	NA	NA	NA	NA	NA	NA	NA	NA	NA	NA	NA	NA	NA	NA	NA	NA	NA	NA	NA	NA	NA	NA	NA	NA	NA	NA	NA	NA	NA	NA	NA	NA	NA	NA	NA
0.714785718509179	NA	0.577051875528023	0.652230904098052	NA	0.8365237625006	NA	NA	NA	NA	1.00233824013626	NA	NA	NA	NA	0.991543791977634	NA	NA	NA	0.394350974368318	0.252458171508225	0.31165806922275	0.293984858289592	0.460391304260663	0.776777094605298	0.629930325766925	0.416049502874846	0.532992678124309	0.612887094074416	0.905693534377693	1.17218472402819	NA	0.526020270764721	1.27821579959419	0.388701358078826	NA	NA	0.480673143957707	0.428374875585863	0.29950048485342
NA	NA	NA	NA	NA	NA	NA	NA	0.61590497032752	NA	0.574774311133047	0.493624907507219	2.12986165867773	0.814735886645343	NA	NA	0.402970120988904	0.716935297760663	NA	NA	NA	0.482161684612255	0.454008877535903	NA	NA	NA	0.632530711206134	NA	NA	NA	0.470445087024182	0.235925084248683	0.455476154734292	0.99610371630587	0.840340722349227	0.430073244099215	NA	0.847781653550378	0.425734615950566	NA
NA	NA	NA	NA	NA	NA	NA	NA	NA	NA	NA	NA	NA	NA	NA	NA	NA	NA	NA	NA	NA	NA	NA	NA	NA	NA	NA	NA	NA	NA	NA	NA	NA	NA	NA	NA	NA	NA	NA	NA
NA	NA	NA	NA	NA	NA	NA	NA	NA	NA	NA	NA	NA	NA	NA	NA	NA	NA	NA	NA	NA	NA	NA	NA	NA	NA	NA	NA	NA	NA	NA	NA	NA	NA	NA	NA	NA	NA	NA	NA
NA	NA	NA	NA	NA	NA	NA	NA	NA	NA	NA	NA	NA	NA	NA	NA	NA	NA	NA	NA	NA	NA	NA	NA	NA	NA	NA	NA	NA	NA	NA	NA	NA	NA	NA	NA	NA	NA	NA	NA
NA	NA	NA	NA	NA	NA	NA	NA	NA	NA	NA	NA	NA	NA	NA	NA	NA	NA	NA	NA	NA	NA	NA	NA	NA	NA	NA	NA	NA	NA	NA	NA	NA	NA	NA	NA	NA	NA	NA	NA
NA	NA	NA	NA	NA	NA	NA	NA	NA	NA	NA	NA	NA	NA	NA	NA	NA	NA	NA	NA	NA	NA	NA	NA	NA	NA	NA	NA	NA	NA	NA	NA	NA	NA	NA	NA	NA	NA	NA	NA
NA	NA	NA	NA	NA	NA	NA	NA	NA	NA	NA	NA	NA	NA	NA	NA	NA	NA	NA	NA	NA	NA	NA	NA	NA	NA	NA	NA	NA	NA	NA	NA	NA	NA	NA	NA	NA	NA	NA	NA
1.47223957473711	1.47216009870952	1.46272943554444	NA	1.47156354576419	1.17420149392874	0.652605757681525	NA	1.15605209935515	1.0816254116088	1.48469473193009	NA	1.91696979312173	1.03933633232472	NA	NA	NA	NA	NA	1.09619464026105	NA	NA	0.669203469079792	NA	NA	0.937107776791068	NA	NA	NA	NA	0.494553688383814	NA	0.405867065943245	NA	NA	2.00949407184273	NA	NA	NA	0.967718792495722
NA	NA	NA	NA	NA	NA	NA	NA	NA	NA	NA	NA	NA	NA	NA	NA	NA	NA	NA	NA	NA	NA	NA	NA	NA	NA	NA	NA	NA	NA	NA	NA	NA	NA	NA	NA	NA	NA	NA	NA
NA	0.864846875249767	NA	0.607023531876156	NA	0.505424020829691	NA	NA	NA	NA	0.787998392811583	0.955318508119194	NA	0.995220171335847	1.07157423679244	0.69269142078962	NA	0.532696208634553	0.52679809644664	NA	NA	NA	0.764889694546459	NA	NA	NA	NA	NA	NA	NA	NA	NA	NA	NA	0.258375320806853	0.667040445724331	NA	NA	NA	1.32289201087179
1.57908803809298	1.27914389526114	NA	NA	NA	NA	NA	NA	NA	NA	NA	NA	NA	1.05046492804402	NA	NA	0.841933321735395	0.933852285190491	NA	0.538948179956812	1.45111330273648	0.499467385515964	NA	0.517887129456429	NA	0.62720402347367	0.416819642779173	0.584913605074717	NA	0.177772632203055	0.237584215878396	0.358853459418396	NA	NA	0.484153045295605	0.345834021752019	NA	NA	0.027849880904889	NA
NA	NA	NA	NA	NA	NA	NA	NA	NA	NA	NA	NA	NA	NA	NA	NA	NA	NA	NA	NA	NA	1.17168665583457	0.787443828198351	NA	NA	0.898579947390764	0.949322442964398	0.89591775603656	0.779533953159957	NA	0.639515991160486	0.696091233522017	0.259629345150083	NA	0.187959704697933	1.2070397143655	NA	0.29492233736072	0.496466226185979	0.395249403081354
NA	NA	NA	NA	NA	NA	NA	NA	NA	NA	NA	NA	NA	NA	NA	NA	NA	NA	NA	NA	NA	NA	NA	NA	NA	NA	NA	NA	NA	NA	NA	NA	NA	NA	NA	NA	NA	NA	NA	NA
0.696755625430669	1.23553188250249	NA	1.11178721784334	1.31615613582535	0.978055007309408	1.01019170443255	1.06661269899891	0.972134646432771	0.757463746294831	0.547050392124314	0.744987045445346	1.60937681098891	0.788060229262039	0.740177919130343	0.573831720405876	0.792119535216744	0.956208270312801	0.653428004049412	NA	0.136671476843237	0.870916134656885	0.396585861157592	1.05812891523278	0.65545740459519	NA	0.615081436004154	NA	0.741392557434407	0.835911280998236	0.612996220583581	0.692405829725331	NA	NA	0.355504206280912	NA	NA	NA	0.71694484786438	NA
NA	NA	NA	NA	0.665808142696122	NA	NA	0.66316008264397	NA	0.77931617930074	NA	0.643605877595997	NA	NA	0.618685783591969	0.791568715388963	NA	1.33403558313761	NA	0.491153854014698	0.503243881215528	0.497882302530862	NA	NA	NA	NA	NA	NA	NA	NA	NA	NA	NA	NA	NA	0.188382555228385	NA	NA	NA	NA
NA	NA	NA	NA	NA	1.07899102852951	0.957115730759678	0.961715810003708	0.829101978107648	0.91690873017588	NA	NA	NA	NA	NA	NA	0.517838345933516	0.591721601181986	NA	NA	0.946877438750512	NA	NA	0.379071678538672	NA	NA	NA	0.266080574442958	0.611654386437475	NA	NA	NA	NA	0.308321576430751	NA	0.605736944045604	NA	0.768269577661744	NA	NA
NA	NA	1.47460300116597	NA	NA	0.737695280663879	1.17783104755025	1.09283536923813	1.24900982492226	0.824343032607496	1.32856327910025	NA	1.6159322795641	0.970003835849835	0.903884280883774	NA	0.80512246654185	0.713359329759036	0.769883117701882	0.404641961380529	1.5888952965522	1.04455611532308	1.39278233815441	1.2069899504737	1.8409425395883	0.393907672604031	0.683217059935773	1.01113502262022	0.835488229824772	NA	NA	1.62917363490864	NA	NA	0.359614017265007	0.348116408959152	NA	0.607087806528727	1.23437750837764	NA
NA	NA	NA	NA	NA	NA	NA	NA	NA	2.2975849541338	NA	NA	NA	NA	NA	1.69106041728857	NA	NA	NA	0.789986149266816	NA	1.34658114008029	1.73526781294904	1.53164450366497	1.85079002238085	NA	1.36187622381298	1.2339910275966	0.54588810713831	NA	0.445900626480667	0.367648648924859	NA	0.540945325300591	NA	0.174007241995966	NA	0.114287720718725	0.097854367186673	0.363639912773918
NA	NA	NA	NA	NA	NA	NA	NA	NA	NA	NA	NA	NA	NA	NA	NA	NA	NA	NA	NA	NA	NA	NA	NA	NA	NA	NA	NA	NA	NA	NA	NA	NA	NA	NA	NA	NA	NA	NA	NA
NA	NA	NA	NA	NA	NA	1.67663845497996	NA	0.975072026023137	NA	1.03068372541018	NA	NA	0.720039495977106	NA	1.00910693525044	1.15996906264725	0.988075260077135	0.919659449525767	1.01235756041543	NA	NA	0.343846844761245	0.479718357179618	NA	NA	NA	NA	NA	0.464483617856698	NA	NA	NA	NA	NA	0.671050963237417	NA	NA	NA	0.561187442085361
NA	0.503402404124971	1.84050981920325	NA	NA	NA	0.440608146283015	0.739891532410191	0.887317356979352	NA	NA	NA	NA	NA	NA	NA	1.29642657560235	NA	1.49370045229918	NA	0.963742369768427	0.138472518432812	NA	0.495259150998697	0.473210582733859	0.691859103038437	0.488713139634507	NA	0.199393403499389	0.25464738756812	0.257049805037915	0.409991572337614	NA	0.345896040530395	0.386433132888436	NA	NA	0.477937299551462	NA	0.391471487205648
NA	NA	1.02020551442481	NA	NA	0.70464577989069	0.179135832923715	NA	NA	0.4919783988222	0.865063220496942	NA	NA	NA	NA	NA	0.266948642360578	0.517732610009348	NA	NA	NA	NA	NA	NA	0.748794025653697	0.418197913277315	1.02966960336541	1.05243650420672	1.10848568152281	NA	NA	1.04961787489671	NA	0.734583571788621	NA	0.377437075019912	NA	1.01419329210832	0.713410461202379	0.493364671885475
0.752554496461199	NA	0.467984100337325	NA	NA	0.377867548374439	0.472228303902207	0.259088089724774	0.462615713688195	0.495308891103752	NA	0.264643984676458	0.220569666147249	0.39693572304461	NA	0.312971442285857	0.588525928259436	0.775664079796508	NA	0.589574012416019	0.344458443800321	NA	1.10076709762273	0.972120814611084	NA	NA	NA	NA	0.996566095203869	NA	1.06544327788303	1.00313311058102	0.82638515199019	NA	1.11544891477488	NA	NA	NA	0.679427177806683	1.05750682529337
NA	NA	NA	NA	0.736202727264913	NA	1.91570058961059	1.65324841280453	1.43408783661299	1.27177289429284	1.62168834247878	NA	NA	NA	0.68120236485375	NA	0.771717248240616	NA	1.29837722902361	1.2926428769907	1.6900953717571	0.670388117134678	0.652302794866611	0.508610363820011	NA	NA	0.401836839633166	NA	NA	NA	NA	NA	0.693522823218151	0.544906345921048	NA	NA	NA	NA	0.149620562049487	0.761301555349441
NA	NA	NA	NA	1.61504790616425	NA	0.694159210955757	NA	NA	0.557096422091747	0.951163950767697	NA	NA	NA	1.79502276512038	0.762031818028036	0.944504696601845	0.725935148867507	1.4392632387703	0.524223726148689	0.448224847624209	0.444978131485044	NA	NA	NA	NA	NA	NA	NA	1.05508660440706	NA	0.22484414101258	0.42209112663363	NA	NA	NA	NA	0.299901510851179	NA	0.495259280925914
NA	NA	NA	NA	NA	NA	NA	NA	NA	NA	NA	NA	NA	NA	NA	NA	NA	NA	NA	NA	NA	NA	NA	NA	NA	NA	NA	NA	NA	NA	NA	NA	NA	NA	NA	NA	NA	NA	NA	NA
2.00790145775015	2.05663588798405	NA	2.11945009933161	NA	1.28418855205734	1.26859677134347	1.41517853667425	NA	0.975530305449392	0.486328177124749	0.897097702077091	1.32533581783531	0.889881762656168	NA	NA	0.850563296626813	0.617325431474212	NA	0.733090898523012	2.26006739935172	1.366456895017	1.11943072170914	1.62084992839117	NA	0.499968204377326	NA	2.03113399576281	1.12463712949558	NA	0.452644612016458	1.00748718763575	NA	NA	NA	NA	NA	0.900169342612967	1.21138570537354	0.655199285261659
0.722249183640619	0.633969887415792	NA	NA	0.923723157137965	0.549850215441523	0.484968918524968	1.56371439862512	NA	0.400209069074419	0.573332183071245	0.501099171716097	0.837223708814664	0.405658286130183	0.76333483069779	0.83613546025706	NA	0.935904757744091	NA	0.873231555613026	1.01321894945963	0.33799719705999	0.295610910247205	1.70671272627105	NA	NA	NA	NA	NA	NA	NA	0.467332343158031	0.433443789785485	NA	NA	0.651948278408062	NA	NA	0.790685270592544	NA
NA	NA	NA	NA	NA	NA	NA	NA	NA	NA	NA	NA	NA	NA	NA	NA	NA	NA	NA	NA	NA	NA	0.861777067047116	NA	0.655148529585938	0.275532111056834	NA	0.754341134956939	0.665019479826402	0.314054067442435	0.466775998566989	0.525856256083366	0.582185184551438	NA	0.226044991859759	0.436805150625237	NA	0.336902876714389	0.308022458542992	0.712889735587087
NA	NA	NA	NA	NA	NA	NA	NA	0.606151236920612	NA	NA	0.872524114944604	NA	NA	NA	NA	0.820585278956845	NA	0.455341808583796	0.279462050540866	NA	0.705333712427723	NA	NA	0.65718101185604	NA	NA	NA	NA	NA	NA	NA	NA	NA	NA	NA	NA	NA	0.567876935245373	NA
NA	1.50679508557221	1.13196619742374	1.15501144364892	NA	1.1227129498565	0.814013189125134	0.990357922059714	0.968936020744567	NA	0.712398320936289	1.05359174184086	1.83885659090518	0.77657113716913	2.03109131250323	NA	0.618576918660676	0.701021202906796	0.863928479963495	NA	1.16412963918802	0.920368910788498	0.443709246959037	NA	NA	NA	0.666879336865387	0.369842127234273	0.491669422778129	NA	0.580286461346262	0.629729199297663	0.775979757592809	2.34371516463966	0.742301966571913	0.299282940033327	NA	0.184261001647931	0.269570023541497	0.23679616151905
NA	NA	NA	NA	NA	NA	NA	NA	NA	NA	NA	NA	NA	NA	NA	NA	NA	NA	NA	NA	NA	NA	NA	NA	NA	NA	NA	NA	NA	NA	NA	NA	NA	NA	NA	NA	NA	NA	NA	NA
0.583720224572663	0.439422449628952	NA	NA	NA	0.571361664670862	NA	NA	0.619207617293411	0.981118689624309	0.783635844715111	1.18193449918322	NA	1.22899124515015	NA	1.74980513017013	1.26986782575054	1.53554727782133	1.08930307005607	1.02850868421097	0.709114079337355	NA	NA	NA	NA	0.507429702521329	1.66644067905331	NA	NA	2.17231667891167	NA	NA	2.35214370990547	2.19347271160038	NA	NA	NA	NA	NA	NA
1.3898560187416	0.925197581271715	0.765549444689145	NA	0.506503814532685	0.534296648395546	0.793783136044731	0.632778871046736	NA	0.274993219059925	0.478345754955144	0.661808880632078	0.611324617270479	0.589504302369753	0.399164376718286	0.353263789129917	0.145657017945945	0.448117279402142	0.732270123713217	0.452423680039442	0.61822355298907	0.476944541594534	0.378968569076323	0.64610527065667	0.825480201957687	0.762461355436641	NA	0.525524273046203	0.376096955799967	0.334767424218931	0.822933275553366	0.610372183171003	0.355563035934754	0.363008259692723	0.455510642583229	0.497117547578986	NA	0.497104159710803	0.629964260544729	0.651875431683804
NA	NA	NA	NA	NA	NA	NA	NA	NA	NA	NA	NA	NA	NA	NA	NA	NA	NA	NA	NA	NA	NA	NA	NA	NA	NA	NA	NA	NA	NA	NA	NA	NA	NA	NA	NA	NA	NA	NA	NA
0.536696632633924	0.513416746864976	NA	NA	0.860147692602675	1.00250859393837	0.799345407998066	0.992717135628941	0.992187022240334	NA	0.555253863139929	0.60912194987136	NA	0.799268322732428	1.08850687465351	0.927529229703511	1.5675220640494	NA	1.34733911177405	1.00011078314943	NA	NA	0.680215553321363	0.504437802306597	0.4899360760748	NA	0.515357961193943	0.541015613321261	0.485425377157913	0.263465275653037	NA	0.510697229523488	0.390739631985791	0.440955096965626	0.345789811765606	0.374360270567386	NA	0.482889944830374	0.375887938131337	0.488138355561418
NA	NA	NA	NA	1.47025257280736	NA	0.345814317636868	0.430338788779112	NA	NA	NA	NA	NA	NA	NA	NA	NA	0.424090660129461	NA	0.324909396113752	NA	0.185410942263268	NA	0.568742380448929	0.53420681842641	1.50358948924889	NA	NA	0.613437012087129	0.423759080116193	0.0662912170857439	NA	NA	NA	NA	0.235324853789481	NA	0.240612118109897	NA	0.492254655012588
NA	2.15748210643743	1.73415729465027	3.22154134135953	1.91770172344627	NA	NA	2.60311412755368	2.43335550135205	2.60942252808561	1.26822107544523	2.38244389023376	2.45068273001914	2.29811446906697	1.64487324510761	2.0170859715175	0.298681030904691	0.302039935607717	1.19762052333383	0.362300179625928	NA	1.24552259886492	NA	NA	NA	2.18084914292551	0.542599941457949	1.759630034636	2.33954347824688	NA	0.511512888145903	1.13004556968969	0.425127590161079	0.216512900125801	2.7521129990567	1.79021552882084	NA	NA	2.07345878238539	0.438850588162554
1.21938894018205	NA	1.50285706955975	NA	1.48586728482278	NA	1.59601334772831	1.59789728184754	NA	1.51428386529331	1.47053407914479	1.53731174962729	NA	1.23893733266252	NA	NA	NA	NA	1.04810569550057	NA	NA	NA	1.34915663477344	1.10506153233834	NA	1.10103195041025	0.627543336226931	0.735745254919353	0.596022593681699	NA	NA	0.349461627552342	0.686326857582023	NA	NA	0.115279381867246	NA	0.125997953834259	NA	0.554712850196524
NA	NA	NA	NA	NA	NA	NA	NA	NA	NA	NA	NA	NA	NA	NA	NA	NA	NA	NA	NA	NA	NA	NA	NA	NA	NA	NA	NA	NA	NA	NA	NA	NA	NA	NA	NA	NA	NA	NA	NA
NA	NA	1.00373767866463	1.03938993781439	1.12535565126669	NA	0.619760365772861	NA	0.524269497138393	1.17261752797665	1.05849604128478	NA	NA	NA	0.895602218206531	NA	0.968372554331781	1.04841839094679	0.898348937144627	0.674752217594618	0.437501925187037	NA	0.225717999329046	0.327409212135585	NA	0.677925192137612	0.680098616786816	NA	NA	0.235935735866603	0.477102752630249	NA	NA	0.437943845451625	NA	NA	NA	0.346626405791055	0.332126774208679	NA
NA	NA	NA	NA	NA	NA	NA	NA	NA	NA	NA	NA	NA	NA	NA	NA	NA	NA	NA	NA	NA	NA	NA	NA	NA	NA	NA	NA	NA	NA	NA	NA	NA	NA	NA	NA	NA	NA	NA	NA
NA	NA	NA	NA	NA	0.810560961419926	NA	0.893635962998451	0.595441422296902	NA	0.931205528322292	1.02376065804128	NA	0.31032917118402	0.64748069349056	0.148579475103642	0.231548619758127	0.47427534350833	NA	NA	0.61258954246948	0.342446398973399	NA	0.783474752026144	NA	NA	0.845987398572501	1.09089850214159	NA	0.591725514647203	0.376292192084772	1.74315023944836	0.888121574654593	0.457950548605855	0.506957732700873	0.567707229363384	NA	0.296256727356178	0.379764386709009	0.860971290543102
1.422881200533	1.19583681876847	NA	NA	NA	NA	NA	NA	1.31478057957752	0.717500228763014	0.605045277417122	NA	0.562767394234456	0.294795485359912	NA	0.319301049070675	0.319517448999041	0.594602909788059	NA	0.788254797246749	1.71933257936236	NA	0.259408725325689	0.342520005884532	NA	NA	0.368163094281329	0.529375937959483	NA	0.722260824123685	0.643198433455095	NA	0.65425731193197	1.01184985711936	NA	0.626720783041661	NA	NA	0.33729645435615	0.397430793459073
NA	NA	1.36733616875538	NA	NA	NA	NA	1.09370747025338	1.22110155086673	0.995671187888371	0.775699337621229	1.58562930843385	1.30760714688511	1.24540407912489	1.07575102928888	1.22397689318584	1.21526432587342	0.782714515299485	NA	0.663641668067426	0.548036334373476	1.37358062409392	1.42618990407817	1.03843949966955	1.48179661665179	1.50128838268195	NA	1.15089430987921	1.34066823833173	1.65143557327946	NA	1.08627014172859	1.34797372739864	NA	0.850363916199217	1.13950358350008	NA	NA	0.960779168586431	0.846965553384115
NA	NA	NA	NA	NA	NA	NA	NA	NA	NA	NA	NA	NA	NA	NA	NA	NA	NA	NA	NA	NA	NA	NA	NA	NA	NA	NA	NA	NA	NA	NA	NA	NA	NA	NA	NA	NA	NA	NA	NA
NA	NA	NA	NA	NA	NA	NA	NA	NA	NA	NA	NA	NA	NA	NA	NA	NA	NA	NA	NA	NA	NA	NA	NA	NA	NA	NA	NA	NA	NA	NA	NA	NA	NA	NA	NA	NA	NA	NA	NA
NA	NA	1.01696639849314	NA	NA	NA	1.42590197778184	NA	2.32642840045322	NA	1.83990550967319	NA	NA	1.42730950357978	1.47153719314096	1.71285019473464	NA	NA	NA	1.37190012197445	NA	2.08272260882557	NA	NA	1.0268386041168	1.22714431708814	NA	NA	NA	0.808782238671721	NA	NA	NA	0.576578801648008	1.32037681771889	0.99977863340386	NA	0.699426688933966	0.58868071013282	1.10015253104681
NA	NA	NA	NA	0.835723307070979	NA	1.20064893667448	NA	1.04361677963941	NA	0.953669462521162	0.930118143032542	1.02073776979117	0.52775247440155	NA	NA	0.857053094424825	0.37408019349812	NA	0.499982949195422	0.691645363383035	1.20759754207917	NA	NA	0.291197897787225	NA	NA	NA	NA	NA	NA	NA	1.48702484034981	NA	NA	0.24529647666426	NA	0.57636911175387	0.661547481423102	NA
1.70122453049382	1.49307166443739	NA	1.52813191506462	NA	1.1989137689778	1.29344902698714	NA	0.942746298043098	NA	NA	1.13926683220861	0.920263690455997	1.346678043642	1.50270538657408	NA	NA	0.975995816048174	1.71709937287021	NA	1.51759621650674	0.789716728195771	0.558133529885998	NA	1.05678443436634	0.854851463199131	NA	0.549728495827333	1.21928881872276	1.07896863239341	1.44098247728071	0.536213050226615	0.512489335932329	1.32286628508726	NA	1.79425348985705	NA	1.80354025186895	1.59405108599548	1.38817921675117
NA	NA	NA	NA	NA	NA	NA	NA	NA	NA	NA	NA	NA	NA	NA	NA	NA	NA	NA	NA	NA	NA	NA	NA	NA	NA	NA	NA	NA	NA	NA	NA	NA	NA	NA	NA	NA	NA	NA	NA
NA	1.22735794441618	1.10130568769915	NA	0.850620980770335	NA	0.67162146205804	0.832361314327773	1.09391322114254	1.63782094769872	NA	0.554502336220978	NA	0.941750886506769	0.919033994538934	0.849715177135263	0.842903128462029	0.996631770262224	NA	1.10233726086083	NA	NA	1.14951542117416	1.0069455339479	NA	NA	1.13138406834442	NA	NA	0.618794701209964	NA	1.50887938753648	NA	1.22055256034337	NA	NA	NA	NA	NA	NA
NA	NA	NA	NA	NA	NA	NA	NA	NA	NA	NA	NA	NA	NA	NA	NA	NA	NA	NA	NA	NA	NA	NA	NA	NA	NA	NA	NA	NA	NA	NA	NA	NA	NA	NA	NA	NA	NA	NA	NA
NA	0.666184977650339	NA	NA	0.452275799878047	0.490149233435946	0.562585596575031	0.782655085135278	0.841207144433293	NA	0.571843071836372	0.700807464537489	NA	NA	1.30018864277952	1.15436667695147	1.17365780002332	0.966858527830051	1.05958830713825	0.816979041157735	0.768397649345075	1.06173395697558	1.03488258872898	NA	0.788342260953322	NA	NA	0.606092312238538	0.474987196315895	0.796389352465218	1.02346384340019	0.824273590592319	0.752402777336382	0.619752331431578	0.154378446159068	0.285498088236062	NA	0.535724725142872	0.677450860343637	0.293619202158958
NA	1.39888812984259	1.16592277609816	NA	NA	0.909608613565136	0.915428940387958	0.779083235641057	NA	NA	0.968315465487683	NA	0.528559380040963	0.703616224301701	NA	NA	0.547723909674502	NA	NA	NA	0.637075785263334	0.50433507550766	0.131984053144606	0.288544372430116	0.248104870015921	0.337171650494715	0.512216787853205	0.505104296873876	0.304042697968118	NA	NA	0.219968336546907	0.0850587854125543	NA	0.743052993603209	0.30212527052978	NA	0.250789685883904	0.507446401352287	NA
2.26478074697852	2.22825387614812	2.31904086883986	NA	NA	NA	NA	NA	2.75586876763364	NA	2.39175518475976	2.00249349336022	NA	2.46918797824406	1.88654638484066	2.28749643168593	NA	NA	NA	1.91728968387117	1.54848504125806	1.58438796635926	NA	NA	NA	NA	1.08039578795362	1.08734602478838	NA	NA	NA	0.2613029372933	NA	NA	NA	1.0336965382756	NA	NA	0.261282015941493	NA
NA	NA	1.0020658348937	1.22402347849805	NA	0.671128382740408	0.709531589440804	0.847695805378542	0.899094257748053	0.800441553178672	1.68554859941194	1.47583908307427	1.34987777064206	1.34103725483445	1.33884587087386	1.30584906677265	0.923248253568698	0.711213440662752	1.0830197873662	1.3856107703492	1.31815241587103	0.559049048597338	1.21391590715299	0.740423167629421	1.10097954589394	0.31157117064511	0.232350406194593	NA	0.780495112642031	NA	NA	1.6875967789668	NA	1.7264513834064	0.832304578764827	NA	NA	1.62147418325174	0.310132723339631	0.243936982068975
0.610096945165996	0.205985601158153	0.677001254012191	0.966827722168294	0.676939160765999	1.35858346415362	0.649515053351287	0.475551193953542	0.538397191769625	0.400105397892673	0.874500305192928	0.296906912598468	0.438979024612745	NA	0.745774729892605	NA	1.21553824645388	1.16386785825801	0.458329835611023	0.418427520619124	0.44503442058792	0.59310464341634	0.52862612405066	1.05367138584675	0.59425371189953	1.02464729620323	0.455373584184389	NA	0.479764931834452	0.322339782289895	1.41498123819522	NA	NA	NA	0.38666222651755	NA	NA	1.02100023465902	NA	1.18681161903568
NA	1.24843992292135	0.970287828583594	NA	0.505112109392356	0.450695594633806	0.863398871064315	0.671289371172968	NA	1.04321595940927	NA	1.2285704758922	0.346149124662385	0.454242511070074	NA	0.38286042647653	NA	NA	1.76907791980991	1.04438481806569	NA	0.454107601119382	0.33137489280341	0.39316723400829	0.334312592775356	NA	NA	NA	1.34949552805748	0.535006193704363	NA	NA	NA	0.521526573583771	0.764515914376881	0.610619002094138	NA	NA	0.565095527959927	0.463685453881708
NA	NA	NA	NA	1.6847817467512	1.8731275418781	NA	NA	NA	NA	NA	NA	NA	NA	NA	1.6834904914342	NA	NA	NA	NA	1.74623209492604	0.873440252262051	0.746015019458548	1.38379926887163	NA	NA	1.05995552515748	NA	NA	NA	NA	1.26963944608611	0.770696516344826	NA	0.462024595576573	NA	NA	NA	0.922665906002687	0.851599218192697
1.70107167011035	NA	0.625059255142397	0.795327290696992	0.627024175225476	0.829987025594546	0.583506653484628	0.661775522404419	0.601295021476837	NA	1.14455910857422	0.658254275000779	0.6758210084878	0.627215682351322	0.868458979649805	0.821234275181035	NA	0.973288622857726	NA	0.780687874501454	NA	0.886043197810589	0.771956054870806	0.644660383345819	0.86607050276083	NA	0.477754070529277	0.762435929028405	0.715497549336878	0.323724347615861	NA	0.271149273293054	NA	NA	NA	0.859617613074374	NA	0.56084689752702	0.495873423425759	0.4521784240479
0.566789673913998	NA	NA	1.12307415292267	NA	NA	NA	NA	1.76475110726702	NA	1.84822716262282	NA	1.74503851403099	NA	1.81602503928214	NA	1.69898503609177	0.943457041575289	NA	1.59166215275078	NA	1.22813607416097	0.925732136058428	0.504686702501824	0.752657919824852	NA	0.637846373692018	0.519581985608953	NA	0.585311006626724	0.496306868476928	0.372257246052841	NA	0.615418517949488	0.634103551461027	0.360064573127955	NA	0.315336755033702	0.54348400737117	0.609799406271305
0.313402372014197	2.05055237356582	NA	NA	2.42181535380894	NA	2.36633078950028	1.041773749103	NA	2.00148225868587	1.37981453901711	2.14049783727688	2.26231651983938	1.75494079185002	1.88481055417397	1.8033025097336	1.931825858892	1.81458267276738	1.61418358212712	2.02232908371897	1.9006278272516	2.07699295624637	1.02026060362368	1.00353909866787	1.11842797113827	2.06020241975335	1.87594374806063	0.568440674239407	2.42957863251323	2.42544316666569	NA	0.384737856455715	0.271842647504617	NA	0.492854417766491	0.354537393882192	NA	0.403169983099515	0.477153693169459	0.4644730069444
1.49461518319617	NA	NA	NA	0.446270837480561	0.735651675555076	NA	NA	0.796836746403509	NA	NA	0.883925745943404	NA	0.557719390013447	0.977269065469097	NA	0.652675770906276	NA	0.662659502215288	0.878581564249484	1.0930024558452	0.440473868908515	0.794637765165573	NA	NA	NA	NA	0.360930562663828	0.707331404951204	NA	NA	NA	0.190693907196597	0.133085339881391	0.485101683150002	0.593920302069459	NA	0.287699437080895	0.417088547173085	0.724884748386628
NA	3.02984221216928	2.68420227125614	NA	NA	3.04073341974851	3.3876610011772	3.33362470587177	2.97864001552285	2.83727813001855	3.30249780332596	2.73306074591236	3.23124410936214	NA	3.11773312104585	3.26701855263124	NA	NA	2.3532741281713	0.190484932602496	2.25168284412966	2.44229765040251	2.17817465789784	NA	2.3479089589787	NA	1.67161911092785	2.14310330254402	1.57471953099022	NA	2.20278733723969	1.84829819218352	2.28643535791204	2.64149735754661	2.01109559815785	NA	NA	1.84651228104299	1.80296022465608	2.20735035727922
NA	NA	NA	NA	NA	NA	NA	NA	NA	NA	NA	NA	NA	NA	NA	NA	NA	NA	NA	NA	NA	NA	NA	NA	NA	NA	NA	NA	NA	NA	NA	NA	NA	NA	NA	NA	NA	NA	NA	NA
0.520278859896834	NA	0.538547130808626	0.597105785797369	0.701442763253	NA	0.321862613494568	0.378038114816376	0.539410627723932	0.517683820723949	NA	0.587705646633028	NA	0.813421581785772	0.916453413946868	0.374772957905587	0.499592005377888	NA	NA	0.31265226653103	NA	NA	0.650804015361795	0.775696003591106	1.50059121374453	NA	NA	NA	NA	NA	1.72748944945042	1.42369085852603	1.24635933596056	1.9137974809684	NA	NA	NA	NA	NA	NA
NA	NA	NA	NA	NA	NA	1.29884973762763	0.970757821478832	0.989337231711914	NA	0.586643556114779	0.751678100523714	NA	0.841808447963813	0.69340016512054	NA	1.11699651321096	NA	NA	0.760929502734901	0.621193431129835	0.225114769299137	0.753514538674241	0.757126691189897	NA	0.896673097581877	NA	0.403532495177047	NA	NA	0.657976297379435	0.448120078797971	0.486009330652024	0.233197429924885	NA	0.527811973073737	NA	0.290221582570129	NA	NA
2.20335400127226	2.18472652181694	NA	0.579925430826086	NA	2.03157361459933	NA	NA	1.77632388590871	0.817327877072612	NA	NA	NA	NA	2.18544579710757	NA	1.93597708419539	1.8603564981526	1.41873845635155	1.28868564271098	0.879868336585348	1.1348829194793	1.3094556247722	NA	NA	NA	NA	0.738470770727329	0.99973573708497	1.53980341462204	1.01124328428268	1.06815175955832	0.752431054172626	NA	1.6349644638547	NA	NA	NA	0.705321851061438	0.66558021100386
0.605418795225709	0.248676294061036	0.443662070287828	0.501653691501934	0.622944257619019	0.903954803953099	1.2707516893568	0.970872568190148	1.03410845681817	NA	0.893707135784034	0.884146256658594	1.04228236468841	0.929376482974366	NA	1.26260074283518	1.29932448628384	1.07412853374364	0.643390096258614	0.717050090442816	0.665391914135642	0.526528095157501	0.511335260942217	NA	NA	0.308192690599813	0.603421037240294	0.450215863825193	0.804745125896517	NA	NA	NA	NA	0.407055987253394	0.376440514634753	0.304555341827247	NA	0.327132814132985	0.593291595691057	0.300387505296345
NA	NA	NA	1.14450165126376	NA	0.847493528666039	NA	0.351849575529224	NA	NA	0.583570628607169	NA	0.91079860995771	NA	0.467822518448133	0.92067894196999	0.813991938306966	NA	0.445183095670403	0.697374092619314	NA	0.535151184998612	NA	0.223546615667201	0.276252033266255	0.666668446378466	0.596645188722026	0.717943736729808	0.667735478958061	1.23227441548236	0.638900219770842	0.738642122562443	1.01374744833101	0.876951619504117	0.665462092029831	0.460212748566259	NA	0.897913765273513	0.526837035315807	NA
0.993299130887871	1.07075878138906	NA	NA	NA	NA	NA	0.283548450085143	NA	NA	NA	0.338572294209866	0.374513886674139	0.135580117368403	NA	1.24192371371351	0.943073926818654	NA	0.404722971127212	0.307785813278126	1.2591659047073	0.944468593592392	1.32088413410218	NA	NA	NA	1.46690083749539	1.52380350454775	1.32405211667484	1.28704820722703	NA	NA	1.36326826261278	1.37490640687923	1.43584332204587	1.31759028076465	NA	1.34811391156144	1.29824379709832	NA
NA	NA	1.0487204816862	NA	NA	1.18951774583209	1.43228205792528	1.11285829107452	1.4785164670712	0.931770454988998	NA	1.18145230426522	NA	NA	1.02063838227809	NA	1.15679239988503	1.46731432893704	NA	0.328194700638029	NA	NA	0.274298409516673	NA	0.473250673046978	0.514381164470446	NA	NA	0.439994410590433	0.697183734994192	0.292449464549286	0.586852859630138	0.53888985513709	NA	0.149466660079502	0.737876891869756	NA	NA	NA	NA
NA	NA	NA	NA	NA	NA	NA	NA	NA	NA	NA	NA	NA	NA	NA	NA	NA	NA	NA	NA	NA	NA	NA	NA	NA	NA	NA	NA	NA	NA	NA	NA	NA	NA	NA	NA	NA	NA	NA	NA
1.30159330740561	1.09272812136978	1.40963711441324	NA	0.996590201757321	0.719811399436974	1.28464385474602	NA	1.13665277397668	0.799238141443951	0.746037347650573	1.20075820455766	NA	NA	NA	NA	NA	0.377429650680551	1.26021167950343	NA	0.843735323443587	NA	0.73366752704828	1.15258631968788	1.22034351369233	NA	NA	NA	1.14178250655681	0.791985424765718	NA	NA	NA	0.86612126574499	NA	NA	NA	0.519969919610502	0.731792499136534	0.56724018276889
NA	0.924030301131902	1.07572216099855	1.14695330778996	2.32099773907451	1.99406747150098	1.41046083783033	1.11861231846331	1.24150637424582	1.007171681569	1.46782333018221	0.524156892235696	0.484690049690248	0.65818780100773	NA	0.65154510843279	0.851572376155605	0.972414371190984	1.12208948608348	1.99422890928455	1.10245838013502	0.743846124840557	0.991584549582193	0.351472171493535	0.366767745918385	1.89861975263078	0.194234776034185	0.860940518628768	0.477325607642611	0.726443223151384	0.236122642842648	0.586069605687071	0.460989095978633	0.339936543263819	0.351526224431318	0.576287744001989	NA	0.549655726632722	0.507265194678415	1.67240835903669
0.461581977118913	0.165306612106699	NA	0.398146326307586	0.615041093492371	1.12050384961851	0.739854906851283	0.510875094582449	NA	0.773229106471003	NA	0.906835298599247	0.917849007330243	NA	NA	1.08635433765044	0.995227239612681	1.03147307423192	1.1323994130937	NA	1.03580479669612	0.909581827738767	0.90180095971601	0.72362399070108	NA	0.59562441316562	0.564735836543085	0.485983988441523	NA	NA	0.306505459193773	0.447513929692336	0.246591474376354	0.513835789414909	0.431806776087096	0.201557581225858	NA	0.441457442726413	0.0795941812298097	0.856461570652692
1.01478615196151	NA	NA	NA	1.39443318016263	0.820046136181754	0.378290095156057	NA	0.626273452230935	NA	0.485538366532014	0.83174310179212	0.280233132924492	0.50312907402958	0.58444832271603	NA	1.38172052928075	0.383370875668978	NA	0.275527665007682	0.89070839538242	NA	0.416839698205232	0.558647421361404	0.667632229116271	0.539289975524752	0.603759106223794	0.482729552056271	0.873743586731971	0.476033104255289	0.756812384254375	0.272378937124641	0.664870781061243	0.463618060781983	0.654564564109799	0.258729351925705	NA	0.40452135489801	0.535498635070853	0.987407248490063
0.241651162998717	NA	0.564574746154413	NA	NA	0.294194795938882	0.485067428623975	NA	0.469474673371288	NA	0.719590040277997	0.417158442131319	0.82529578587755	0.602144323459019	0.741814739675165	0.543450706790175	NA	NA	0.36238477226871	0.300101329237575	0.288693431951213	0.631863744874509	0.200281412310104	0.527636806821179	NA	0.593158012880395	1.13761914398674	0.593416142070359	NA	0.687363608397838	NA	0.400651299795095	NA	0.611864216339507	NA	0.427196906717924	NA	0.224229023709887	0.68190517721865	0.29477113921005
NA	0.782693112781855	NA	NA	NA	NA	NA	NA	NA	1.73750064932216	NA	NA	1.24315876258574	NA	NA	NA	NA	NA	NA	NA	1.0715613871732	NA	NA	NA	NA	NA	0.859431392026063	NA	NA	NA	NA	0.922277273013844	NA	NA	0.61785919311143	NA	NA	NA	0.397071981565477	0.734533406167973
NA	NA	NA	NA	NA	NA	NA	NA	NA	NA	NA	NA	NA	NA	NA	NA	NA	NA	NA	NA	NA	NA	NA	NA	NA	NA	NA	NA	NA	NA	NA	NA	NA	NA	NA	NA	NA	NA	NA	NA
NA	NA	NA	NA	NA	NA	NA	NA	NA	NA	NA	NA	NA	NA	NA	NA	NA	NA	NA	NA	NA	NA	NA	NA	NA	NA	NA	NA	NA	NA	NA	NA	NA	NA	NA	NA	NA	NA	NA	NA
NA	NA	NA	NA	NA	NA	NA	NA	NA	NA	NA	NA	NA	NA	NA	NA	NA	NA	NA	NA	NA	1.37765310668276	NA	1.34246604152123	1.44654385733273	NA	1.48718761553176	NA	0.978418813496284	NA	NA	0.871757345448779	0.788719800690275	1.13341868250123	NA	0.331908615683517	NA	NA	0.819111765017144	0.372907931412808
NA	NA	NA	NA	NA	NA	NA	NA	NA	NA	NA	NA	NA	NA	NA	NA	NA	NA	NA	NA	NA	NA	NA	NA	NA	NA	NA	NA	NA	NA	NA	NA	NA	NA	NA	NA	NA	NA	NA	NA
NA	NA	0.696032797806427	NA	0.897274676268054	1.02197030502453	1.72865221903433	0.474620429033828	NA	0.707389439551865	NA	NA	0.511599942961282	NA	1.39995191180782	NA	0.230348736796507	NA	NA	0.411389971757772	0.823605354924279	NA	NA	NA	NA	NA	NA	NA	NA	NA	NA	0.500680777407794	0.371113960920066	NA	NA	NA	NA	0.319392248091383	NA	0.325274710051653
NA	NA	NA	NA	1.45940840402976	1.19803695838648	NA	NA	1.90718270804618	0.638009254230499	NA	NA	NA	1.31632461935821	1.580417425021	NA	NA	NA	1.0550946028832	NA	NA	NA	1.18743608557941	NA	NA	NA	NA	NA	NA	1.90506339434573	NA	NA	NA	NA	NA	NA	NA	NA	0.878324648819254	0.942656131724454
NA	NA	NA	NA	NA	NA	NA	NA	NA	NA	NA	NA	NA	NA	NA	NA	NA	NA	NA	NA	NA	NA	NA	NA	NA	NA	NA	NA	NA	NA	NA	NA	NA	NA	NA	NA	NA	NA	NA	NA
NA	0.131993428191263	NA	NA	NA	0.272592368091173	0.44428018879225	NA	1.07600761364902	NA	NA	0.784114933889992	NA	NA	0.924540691030058	0.813707896885837	0.868173926906653	1.27152902026007	NA	NA	1.41792795815985	NA	0.641745525042516	NA	NA	NA	NA	NA	NA	NA	NA	NA	NA	NA	0.13285866524744	NA	NA	NA	0.73537007402337	NA
NA	NA	NA	NA	NA	NA	NA	NA	NA	NA	NA	NA	NA	NA	NA	NA	NA	NA	NA	NA	NA	NA	NA	NA	NA	NA	NA	NA	NA	NA	NA	NA	NA	NA	NA	NA	NA	NA	NA	NA
1.329842297624	NA	1.43711985492216	NA	NA	NA	1.71740146468599	NA	1.4591655524015	NA	NA	2.0518441458857	NA	NA	1.67105883695309	NA	1.6910905268825	NA	NA	0.641404369621147	NA	NA	NA	NA	NA	NA	NA	NA	NA	NA	NA	NA	NA	NA	NA	NA	NA	0.51437998252128	0.727758680984388	NA
NA	1.96741587664313	NA	NA	NA	1.28254944718456	NA	0.706496553237322	NA	NA	NA	NA	NA	NA	1.228268388398	0.733184938407046	NA	0.695643976213204	NA	NA	NA	0.355524465085136	NA	0.860799311636241	NA	NA	NA	NA	NA	NA	NA	1.04624063884742	1.65057375432442	NA	1.56547351053641	NA	NA	NA	NA	0.411179778886519
1.41165152126646	NA	NA	2.01651028277055	0.748216227143974	NA	NA	0.222992585540503	0.231391379836108	NA	0.554286168478255	0.625985485062874	NA	NA	0.863400715237287	NA	0.705887770530118	NA	0.707615958236066	NA	0.720394014395976	NA	0.326984591852197	NA	0.58068339812491	0.508062638237611	NA	1.37471030821958	1.545009662294	NA	1.00711512319006	NA	0.991244845319116	NA	0.557756271959846	1.35485237923465	NA	0.596994364606792	0.77445125334644	NA
NA	NA	NA	NA	NA	NA	NA	NA	NA	NA	NA	NA	NA	NA	NA	NA	NA	NA	NA	NA	NA	NA	NA	NA	NA	NA	NA	NA	NA	NA	NA	NA	NA	NA	NA	NA	NA	NA	NA	NA
NA	NA	NA	NA	NA	NA	NA	NA	NA	NA	NA	NA	NA	NA	NA	NA	NA	NA	NA	NA	NA	NA	NA	NA	NA	NA	NA	NA	NA	NA	NA	NA	NA	NA	NA	NA	NA	NA	NA	NA
NA	NA	NA	0.613512831636232	NA	NA	NA	NA	NA	1.47480528771415	NA	NA	NA	NA	NA	NA	NA	NA	NA	NA	1.24821715574758	NA	NA	0.723846279289418	0.934419184711033	NA	2.26857665981826	NA	NA	NA	NA	1.77391214163754	NA	NA	NA	NA	NA	NA	NA	NA
NA	NA	NA	NA	NA	NA	NA	NA	NA	NA	NA	NA	NA	NA	NA	NA	NA	NA	NA	NA	NA	NA	NA	NA	NA	NA	NA	NA	NA	NA	NA	NA	NA	NA	NA	NA	NA	NA	NA	NA
NA	NA	NA	NA	1.98180336773349	NA	NA	1.8411041288232	NA	NA	NA	NA	NA	NA	NA	NA	NA	1.96053782260333	NA	1.73073050953274	1.16352247205767	NA	NA	NA	1.18248012702189	NA	NA	NA	NA	NA	NA	NA	NA	NA	NA	NA	NA	NA	0.647906671483576	NA
1.22434664140465	NA	NA	NA	NA	NA	0.820820195836983	0.623586798131277	NA	NA	NA	NA	NA	1.02887144886029	0.92791366852247	NA	0.872515807268619	NA	NA	NA	1.23132629293823	NA	0.775390937473203	0.905340265846134	NA	NA	0.451741471761562	NA	NA	0.469952889377137	0.57579785337087	0.757342595678712	NA	NA	NA	0.144465293028731	NA	0.365001351071834	0.63982490477624	1.059576134291
NA	NA	0.959615389618573	1.00166241524768	NA	1.02845154267019	NA	NA	NA	NA	NA	NA	1.12864667007286	NA	NA	1.14702674824222	NA	NA	NA	1.97074313578117	NA	1.74029686386773	1.82051837303001	0.75435402713807	0.591766265544761	NA	NA	NA	1.59086343451173	1.76229855402253	NA	0.905884428965971	NA	NA	NA	NA	NA	0.91616872899756	NA	NA
NA	1.76425941174974	NA	1.57976250774336	0.79578898669906	0.981255950754368	0.827224446800207	0.765210868459831	0.50299530693506	0.577479630572246	0.848535115093245	NA	NA	0.561734193780651	0.597982903197136	0.759198536292226	0.66062216292439	NA	0.356524156719004	1.78896435855712	0.576367340153699	NA	0.269490724895707	0.571401734719764	0.311990766211256	0.272301232089546	0.265640101040342	0.36779173556431	NA	0.453067577224864	0.628108425943585	0.333285248306679	0.757788594805675	0.706508922213318	0.258980284501329	NA	NA	0.467886349062035	0.956168642190865	NA
NA	NA	NA	NA	NA	0.887783544825045	NA	NA	NA	NA	0.9548041257799	NA	NA	NA	NA	NA	NA	0.856988735999059	NA	NA	NA	0.131127476172606	0.754129644964393	NA	NA	NA	NA	NA	0.378102844097875	NA	NA	NA	NA	NA	NA	0.690718447947707	NA	NA	0.434050455270007	2.15439746900526
NA	1.65224385253379	1.97027710657233	2.24098177248485	2.07718566855047	NA	1.96536694969174	2.32709279242775	NA	2.67719161238397	NA	1.12584248748837	0.932458011563734	0.30795409977472	1.84249737664482	1.84857049038259	0.670542295331288	NA	NA	0.753939328134278	1.68826826766709	1.05030627797116	1.26193730017972	NA	1.17256022472997	NA	1.00866286999067	NA	1.81194153950719	NA	NA	1.11112058803449	1.49947158322038	0.817022575195929	0.83314008398384	NA	NA	NA	1.0591337229402	1.25849239281182
1.3725844092907	NA	1.16115550239196	0.903833263160075	1.02751603143116	1.29350038191905	0.880899082166671	1.38756704339938	1.41521378579667	0.788891149245579	NA	NA	0.817045379285376	0.766906550056972	0.715905156993915	0.685324440762187	0.538686805073995	0.362793680539189	0.407197983435948	0.356172119536318	1.2446617246583	1.1191916351953	NA	1.05324691135968	NA	NA	NA	NA	0.832122436616584	NA	0.56913061619686	NA	0.506152504868404	0.552118271957737	0.731456335818788	NA	NA	0.565110327775682	0.848786481001363	0.460387691322172
NA	NA	NA	NA	NA	0.341858150448424	0.633379735032912	NA	1.07669277907616	NA	NA	NA	NA	NA	0.24188155212762	0.140289151700733	NA	0.775952159227571	NA	0.418481211534547	0.57585420641858	NA	NA	NA	NA	0.476432663185807	0.689707370234117	NA	NA	NA	NA	0.704471764027434	NA	NA	NA	NA	NA	0.951265155579192	NA	0.400957823709985
NA	NA	NA	NA	NA	NA	NA	NA	NA	NA	NA	NA	NA	NA	NA	NA	NA	NA	NA	NA	NA	NA	NA	NA	NA	NA	NA	NA	NA	NA	NA	NA	NA	NA	NA	NA	NA	NA	NA	NA
NA	NA	NA	NA	NA	NA	NA	NA	NA	NA	NA	NA	NA	NA	NA	NA	NA	NA	NA	NA	NA	NA	NA	NA	NA	NA	NA	NA	NA	NA	NA	NA	NA	NA	NA	NA	NA	NA	NA	NA
NA	NA	1.2284899471486	NA	0.880020297461024	0.739258672422178	0.945946602139902	0.804459933594484	0.907391231813979	NA	0.427415698190271	0.79702486751326	0.456443886943727	0.460748102702026	0.34675123407978	NA	0.86214158981063	0.275250078481229	NA	0.507189261401904	0.307826973928732	0.497424772211895	0.322094429178245	0.263468366052131	0.475207587080495	0.558612167432606	0.948939572336073	NA	NA	NA	NA	NA	NA	NA	NA	NA	NA	NA	NA	NA
NA	NA	NA	NA	NA	NA	NA	NA	NA	NA	NA	NA	NA	NA	NA	NA	NA	NA	NA	NA	NA	NA	NA	NA	NA	NA	NA	NA	NA	NA	NA	NA	NA	NA	NA	NA	NA	NA	NA	NA
1.35392966061036	1.47427020516324	2.04799515090781	1.90503328176406	2.05014957760889	NA	2.20571170138751	1.99597914844181	1.92763935388638	NA	NA	1.55619042124799	NA	1.42721092168803	NA	NA	1.54577530396975	1.51293323832205	1.36295802836053	0.854087720902016	NA	1.38266753456333	NA	NA	NA	NA	0.417513280626437	NA	NA	0.773569083196949	NA	0.950657955321761	NA	NA	0.438278542284729	NA	NA	NA	1.00492320712109	0.739340308743843
NA	NA	NA	NA	NA	NA	NA	NA	NA	NA	NA	NA	NA	NA	NA	NA	NA	NA	NA	NA	NA	NA	NA	NA	NA	NA	NA	NA	NA	NA	NA	NA	NA	NA	NA	NA	NA	NA	NA	NA
NA	NA	NA	1.93691444424981	NA	NA	1.61031531580073	1.50261258459387	1.59488598927178	1.22994788504894	NA	1.59913468564564	NA	0.51287938521927	1.32866200268188	NA	NA	NA	1.47809788346443	NA	2.32674719390893	NA	NA	0.926491285615831	NA	NA	NA	NA	NA	NA	NA	1.04835442880168	1.62428582102757	NA	0.629960399424938	NA	NA	NA	NA	0.877983937177323
1.7025286723614	NA	2.07871226089152	1.95151669679763	1.7483979502838	NA	NA	1.70914374815162	1.71758520251457	NA	NA	NA	NA	NA	1.96023537510156	2.00084141829485	NA	NA	NA	0.382525106822792	1.79136900245874	1.67236840292297	1.36328979266703	NA	1.66046659787649	NA	NA	1.25032453529198	0.173508289900564	NA	NA	0.639678678999068	0.17269717329418	0.133361361884583	0.25316890539976	NA	NA	NA	0.504282472715574	NA
NA	1.32274928927963	1.68960327822045	NA	NA	1.00611834931882	1.27138460626429	1.54505125638965	1.27831104615587	NA	NA	1.70639896799209	NA	1.53652017529945	1.9900471146056	1.36198082152849	1.31408417907244	1.04685862945352	NA	1.08248561146859	1.10487701864336	1.01945066632634	NA	NA	1.66450669572533	NA	NA	1.73755943958652	NA	NA	NA	1.72318035696868	NA	NA	1.82195719379564	NA	NA	NA	NA	NA
0.652551707713748	0.999986106391785	NA	NA	0.812562892121284	NA	NA	0.640943613853259	0.943472723687438	NA	NA	NA	NA	1.01623001450351	NA	NA	1.14644309116486	0.855174684704165	NA	NA	NA	NA	0.695275034426021	0.617816005110959	0.520544189630311	NA	NA	0.346634195988446	NA	NA	NA	0.283017199329994	NA	1.06903956406409	NA	NA	NA	0.451222620291566	0.443448728398693	NA
0.891214454305016	1.19075267946001	NA	1.36032235447062	NA	0.476792269577472	NA	NA	1.82236155697174	NA	NA	1.29662382608412	1.25188726030121	1.24214073001261	0.883218802379506	0.629717568405104	0.643446323101322	0.956184436040964	NA	0.692522948516086	1.27107702591735	1.06503991300834	NA	0.407431989161781	NA	0.310125523579827	0.731395042461798	0.595850696305839	0.431419304626129	NA	0.221838366721321	1.06112034714006	0.67610375050149	1.06019044722215	0.658833958504215	NA	NA	NA	0.907990255110644	NA
NA	NA	NA	NA	NA	NA	NA	NA	NA	NA	NA	NA	NA	NA	NA	NA	NA	NA	NA	NA	NA	NA	NA	NA	NA	NA	NA	NA	NA	NA	NA	NA	NA	NA	NA	NA	NA	NA	NA	NA
NA	NA	NA	NA	NA	NA	NA	NA	NA	NA	NA	NA	NA	NA	NA	NA	NA	NA	NA	NA	NA	NA	NA	1.11371938690631	NA	NA	NA	NA	NA	NA	0.845807088572406	NA	NA	0.904076866475429	NA	0.386521304696082	NA	0.357780156073627	NA	NA
1.09404404513903	NA	1.49253958554134	NA	NA	NA	1.33434170885379	1.4163892482765	NA	NA	NA	0.836606512460682	NA	NA	1.23817025973297	NA	NA	NA	0.982534743966146	1.00520386678242	1.19929739660667	NA	0.840857006345139	0.787694766070014	0.780090887440879	0.801082672174759	1.0860270090336	NA	NA	0.738941754856495	1.08639070158814	0.825725909556563	0.786650463530746	0.612254446731659	0.835038214426717	NA	NA	NA	0.731650810508092	0.83881056391924
NA	NA	NA	1.19355227161515	1.12378435011342	NA	0.566100089135999	0.46939125502819	0.403317241378383	0.75222918324784	NA	NA	NA	NA	0.483324270385739	NA	NA	0.360585284545176	0.615604444870717	NA	NA	NA	NA	NA	NA	0.381326528480346	NA	0.608059009333003	NA	NA	0.459257916063987	0.34566344284788	1.4955701458643	NA	0.498943792831217	NA	NA	NA	0.716919749293257	0.425592009816134
NA	2.30860111675136	NA	0.786678803469765	0.791124484286066	1.23726377966782	1.16564399296013	1.12418425554962	0.9398472641636	0.631819603738765	0.709893340827353	1.87017483343551	NA	2.13652808672676	1.49729517471919	1.50826892635161	2.36017221142656	2.58498421839297	2.07159395881512	1.83398935133132	0.211639954193468	NA	0.444684662488079	NA	1.80352843418828	NA	NA	NA	NA	NA	0.130254624696918	0.335230976701376	NA	NA	NA	1.67802323366955	NA	3.33982753541794	NA	0.811508990412512
NA	NA	NA	NA	1.21860015491595	0.811449079007108	0.660540955728586	0.656015068643417	0.270758857735026	0.435809802945062	0.388042282561313	NA	NA	NA	1.02041908943024	NA	NA	0.688261845659405	NA	NA	NA	0.342914409621528	0.227062675470663	0.832366320150146	NA	NA	NA	NA	NA	NA	NA	NA	NA	NA	NA	0.362840584923352	NA	0.0635493733848144	0.58731409046445	0.838445213070815
NA	NA	NA	NA	NA	NA	NA	NA	NA	NA	NA	NA	NA	NA	NA	NA	NA	NA	NA	NA	NA	NA	NA	NA	NA	NA	NA	NA	NA	NA	NA	NA	NA	NA	NA	NA	NA	NA	NA	NA
NA	1.21816306025516	NA	NA	0.852265609518387	NA	NA	NA	0.525194090333639	NA	0.901435249596129	NA	1.20962145151171	0.822279451260755	NA	0.83871032782245	0.921622795822522	1.17604187033025	1.50921242310492	0.499209934342826	NA	0.992601176342035	0.296441702850619	0.555074629512573	NA	0.550096494902531	1.28478194855916	NA	0.208447714084635	0.560858364331773	NA	NA	NA	0.507689897927279	NA	NA	NA	0.223758754267754	NA	NA
1.82598760029135	NA	NA	NA	NA	1.0505190170585	1.15029646318274	1.08355138886705	NA	NA	NA	1.69362437843776	NA	1.28726585956265	NA	1.43232942440941	NA	NA	NA	NA	NA	1.11406689265692	1.04800070001709	0.890105968197414	0.538326510331696	0.457138748237984	0.634315255772063	1.03380126067748	0.435422115285135	NA	NA	0.545478475655474	0.861716510816152	0.629899859415534	0.660618408200846	NA	NA	NA	0.350044611753549	0.61229117431736
NA	NA	NA	NA	NA	NA	NA	NA	NA	NA	NA	NA	NA	NA	NA	NA	NA	NA	NA	NA	NA	NA	NA	NA	NA	NA	NA	NA	NA	NA	NA	NA	NA	NA	NA	NA	NA	NA	NA	NA
NA	NA	NA	NA	NA	NA	NA	NA	NA	NA	NA	NA	NA	NA	0.875348457836307	1.13551125505857	NA	NA	NA	NA	1.22884211379002	NA	NA	1.31204113748225	NA	NA	NA	0.74830441732826	1.27087275429694	0.565058540054658	NA	0.898378368477653	1.03528887210608	0.707236361256914	NA	0.397977793014438	NA	NA	NA	NA
NA	NA	0.950640688983963	NA	2.3499121109382	2.14023139441689	2.14730444504575	1.6095658845022	2.2946456891798	2.29894654187329	1.05530298159596	1.19036068227817	2.16055527343037	1.21880616082204	0.458542779734967	1.40165012017776	0.525266651891427	1.65323124744982	2.07104585317522	0.80615928034799	0.949023231677843	0.615424692400507	NA	0.635635497760274	0.737078199554933	1.72973337783331	0.901733299172458	0.869253756711792	1.16055723088004	NA	1.99918139207903	1.29081085498818	1.04565220099246	NA	1.69255840029053	1.68733399465518	NA	1.24968582448063	0.754206490810817	0.601428337591719
NA	NA	NA	NA	NA	NA	NA	NA	NA	NA	NA	NA	NA	NA	NA	NA	NA	NA	NA	NA	NA	NA	NA	NA	NA	NA	NA	NA	NA	NA	NA	NA	NA	NA	NA	NA	NA	NA	NA	NA
NA	NA	NA	NA	1.27726600079066	1.03081670890635	0.939426544521531	1.33438551418746	1.04539878759098	1.74626715510702	0.84057877896961	0.571021896550918	0.31893066504895	0.605797124883417	0.595067163966765	0.645820036672727	0.688107659627731	NA	0.740776179930883	0.629690230561469	0.540627016542455	0.34802955228122	0.362063616356216	0.463572754765832	0.778046928674569	0.479235575903105	0.705134741919355	0.821241971094524	1.40589276298711	0.908689841432729	0.590894571851009	0.810279249550273	NA	NA	NA	0.251497992801019	NA	0.46304573256261	0.234405940658714	0.237969805385519
NA	NA	1.1749473934029	NA	NA	0.531388469219702	NA	NA	0.566584086988109	NA	NA	1.32741583824994	NA	0.934631490532923	0.842267881369377	NA	1.80661703490655	0.56455947016413	NA	0.680074038149262	0.56561180331841	0.760782804598332	1.82612266279275	0.840058500760077	0.7249051366996	NA	NA	NA	0.95405651386685	0.682280616026256	NA	0.516342878032494	0.419990743112113	1.30838388729172	0.845550945086406	1.10241209320412	NA	0.624011240788299	NA	NA
1.47458438177045	1.29791715754759	NA	NA	1.80606363564208	2.05571076151318	1.68811037739543	1.85783000231619	NA	1.13802692577638	NA	2.5657153634537	2.3835566872113	2.65352187525443	2.26200271149955	NA	1.99805851566686	2.13258092490421	1.90833344449207	1.80862239651765	1.45144845829701	1.23997838747123	1.69414680615273	1.60679112604656	1.25977225775819	1.57538349980584	NA	1.32277547349049	NA	1.23986451290084	1.88698832694458	1.67131766267551	1.79631377262244	1.42874321709343	1.30162052554222	0.534673271474062	NA	1.49476008378929	1.90368375911547	0.63274055720079
NA	NA	NA	NA	NA	1.11776131239925	NA	1.28945220602091	0.986823701356806	NA	NA	1.15498938442113	NA	NA	NA	NA	NA	0.88775686228511	NA	0.90227355484891	NA	0.551886622763979	0.267610917696781	NA	0.766854100859231	NA	0.469365553870711	0.489983765361484	NA	NA	NA	1.0365162778946	1.07916585082362	NA	1.09703372342087	0.320900538602814	NA	NA	NA	0.137177396228579
NA	NA	NA	NA	NA	NA	1.13980085651174	NA	NA	0.687039529194611	0.917794402240739	NA	NA	1.03329981459596	NA	NA	1.36118112082797	NA	NA	NA	NA	0.864863249123257	NA	NA	1.02991019710774	NA	1.26568314487532	NA	NA	0.646853987923799	NA	NA	NA	0.323756521941143	NA	NA	NA	NA	0.281897224097314	NA
NA	NA	NA	NA	1.18837900067877	0.394377539123078	0.868993557743165	0.647278240008676	0.802620925781276	NA	NA	NA	1.44803134450137	1.01923426300187	1.42292735388074	0.862295175752585	NA	1.37582977735357	0.745022575548352	1.40923697222797	NA	NA	0.721011827194489	NA	0.954912787102785	NA	NA	NA	0.651273915937871	NA	NA	1.54557246215763	NA	0.976557088336858	NA	0.334392218026075	NA	0.177615311423604	0.732818160024802	NA
1.20390150758363	0.711144384439826	NA	NA	NA	NA	2.25430727651219	2.16553046741521	NA	NA	NA	NA	NA	1.98971813472173	1.8806141792512	NA	1.57048236812503	NA	NA	1.98765034476483	1.31111935178556	NA	NA	0.756071160865021	2.28674402547713	2.22978005812256	0.835003567710896	0.971508906134473	1.25168235063233	NA	2.04640612992476	0.961630673284701	NA	0.82146729179385	1.62993523233502	0.414373897722014	NA	0.50526851509585	0.684063579300815	0.690318660110054
NA	NA	NA	NA	NA	NA	NA	NA	NA	NA	NA	NA	NA	NA	NA	NA	NA	NA	NA	NA	NA	NA	NA	NA	NA	NA	NA	NA	NA	NA	NA	NA	NA	NA	NA	NA	NA	NA	NA	NA
NA	NA	0.73646356358228	NA	1.20778422814339	0.942545534269735	0.800869672409441	0.66929586641726	NA	NA	NA	1.12827273582956	NA	0.344823345014417	1.14438993629143	NA	0.733378335065197	0.285497836840319	0.844788959114329	0.69928806394473	0.107626784663882	0.287379979601489	0.595799201095532	0.502275037171262	1.13935905852047	0.402703445659283	0.644326622395735	0.661506991597565	NA	0.842134743708574	0.919799010953049	0.23228610900604	0.46959045920692	0.580390899969035	0.88456103230639	0.6572341142084	NA	0.379776740495842	NA	0.822136705724044
1.91741694975964	NA	NA	NA	NA	NA	NA	NA	NA	2.19340968730248	2.28554711177525	NA	NA	NA	NA	NA	NA	NA	2.27313671784892	NA	2.52449799691746	NA	2.69903690052771	NA	NA	NA	NA	1.35879660128493	NA	NA	NA	NA	NA	NA	NA	NA	NA	0.69948527828327	0.619234608999687	1.15794235293071
NA	NA	NA	NA	NA	NA	NA	0.941383944327879	0.582470816065161	NA	NA	1.48262714545354	NA	NA	NA	1.1959105412956	NA	NA	1.1293369885708	NA	0.455591104187106	NA	NA	NA	0.691545812095201	NA	NA	NA	NA	NA	NA	0.812399553924087	NA	NA	0.27591198985951	0.436055016905407	NA	0.249830811759675	NA	1.13753284296361
NA	NA	NA	NA	NA	NA	NA	NA	NA	NA	NA	NA	NA	NA	NA	NA	NA	NA	NA	NA	NA	NA	NA	NA	NA	NA	NA	NA	NA	NA	NA	NA	NA	NA	NA	NA	NA	NA	NA	NA
NA	NA	0.512879072828069	NA	NA	NA	0.623247276636343	0.529655812476756	1.13482022359736	1.05317263117287	0.411162945877406	1.14674014509401	NA	NA	0.480800293338641	NA	1.26856610721886	1.37436189108183	NA	0.469296898092165	NA	1.17706984040298	NA	1.14648279388178	NA	1.56952416360623	1.25813177115786	1.30803692234375	1.90223586576324	NA	NA	NA	NA	NA	NA	1.58160139401335	NA	0.35859295629536	NA	NA
0.830690729073204	0.635026139316327	NA	0.719852425485328	0.576915126858432	0.927645568538942	0.683422445634876	NA	0.730937547589043	NA	0.939539151689886	0.496473939424729	NA	0.639778504733372	1.30667428049016	NA	0.998861622096598	NA	NA	0.528754487702437	NA	0.984489209976503	1.32240466483645	0.953488876614672	0.926821295958776	NA	1.10379676124021	1.08587542954956	1.1255459613669	0.87603380102801	NA	0.998455315938611	0.695842181224117	0.771657999691656	NA	0.574060372326162	NA	0.591145465482191	0.815034325233326	0.627540000368231
1.0831229670275	0.789830138115037	NA	0.774605360731796	NA	1.01084458797055	0.854766654442151	0.947360928883452	0.866789463505492	0.953240628618205	0.56522482803809	0.676807198020543	NA	0.637406204090689	0.257016946441719	0.508584290829592	0.322536617953243	0.610849421308338	0.390212345484906	0.324375873404032	NA	0.316752078451219	0.577345184989116	0.459586132233103	0.702478496247302	0.367076226706609	NA	0.976789061876622	0.528723637571324	0.346953272250163	0.554517743664068	0.32762698592207	0.53864613824129	0.465493589713653	1.01667418789365	NA	NA	0.302036274856138	0.971984760384471	0.43884620910394
NA	NA	NA	1.62068328741954	1.01317005300042	NA	NA	0.339127462396364	0.40430772673418	NA	0.533287073176435	0.564806171473405	NA	0.797046465038253	0.385523588847879	0.762217873966156	0.459775673790136	NA	NA	0.201571032595637	0.56284931592901	0.572379415410197	0.647401434259992	0.369508220270852	0.902536026674268	NA	0.864506677413639	NA	NA	0.294217428918163	0.196409767508116	NA	0.0642758206703556	NA	0.453310591156243	0.139497402892612	NA	0.236840087735582	NA	0.511757631011839
0.928488960744846	NA	NA	NA	NA	0.79743834865775	0.676262917899468	0.772710563146781	NA	1.29336485276824	0.494366808750436	0.776910547258125	NA	0.750314008905164	0.935320863392778	1.92039616756818	0.825595922786863	0.657537664480294	0.964185649196345	1.37155749928223	0.271635607196446	0.515294716655161	0.593620020798882	0.486473770869128	NA	0.280501493314115	0.260008120683164	0.816784998965558	0.441653948846874	0.260156919576347	NA	0.310537010120745	0.360488962212714	0.25645334359438	0.175208291516032	0.302450080498675	NA	0.504818885050138	0.496554742762345	0.286592175601281
NA	NA	NA	NA	NA	NA	1.57981135910873	1.64700800831973	2.13694619724958	2.22527605407611	NA	1.53780313824195	1.51835489548107	1.63910640026286	2.15578956742542	NA	2.2755816745601	2.09876299203434	2.34640441105486	NA	NA	0.687425700836283	1.1197711382185	1.22337151072541	1.2594670676941	NA	1.13955537385431	NA	NA	NA	NA	1.06727218553544	0.864187693569481	0.855649740572359	NA	NA	NA	0.421312332480069	0.368639527466913	0.395627277906738
NA	1.41931156794483	1.85449971316104	1.33891997467775	NA	1.03346947944929	NA	1.34095848791612	1.00340377229626	1.27885813436406	NA	NA	0.909761997019894	1.15024099309499	1.59375178955086	NA	1.86425142582679	1.99295808305705	NA	1.28976033682808	NA	1.19085892743829	0.685595466601654	0.576963357039161	0.545104152560308	NA	0.57675728727313	0.305759694486724	0.326206187731556	0.475909639129666	0.399116645866293	0.693655279121426	NA	0.49559014024774	0.619405400866049	0.500692275948144	NA	0.964618589382888	1.02089681020604	NA
1.56107720259878	1.28987947028233	1.02567399740656	1.56373704508773	1.34733454768579	NA	0.695625388625333	NA	NA	0.259993574536519	0.80890519906283	NA	NA	NA	0.428297470245807	NA	1.76574332852296	0.459898854290978	0.759780153428813	NA	1.01398041394012	NA	1.78693459100004	1.76826874776453	1.75097364046074	1.58878970395278	0.5717806199492	0.606936595511301	0.584082136901145	0.492436157550512	0.657003773818459	0.683001686854125	0.0879441212491202	0.909164689901514	0.55730584957081	NA	NA	0.290689564954298	NA	0.733383865295664
NA	NA	0.677770982150713	NA	0.852010081753085	0.568372083538005	0.606235513362086	1.1460415730441	0.700113989966253	0.895379709978087	NA	1.37578239340783	0.727072032873419	1.42335943275331	0.934869315142465	NA	0.814826693013802	0.772276876704537	0.744986710469998	0.424296872161174	1.34162167123671	NA	NA	0.530311688880073	0.662399153552606	NA	0.282922650942543	NA	NA	0.733300685363072	NA	0.695572013719847	0.861087953489703	0.426435450880016	NA	NA	NA	0.319499960008485	0.670887740664268	0.378305548029524
1.17362796780084	1.19562335555278	1.32807541829258	NA	NA	0.743490403983115	NA	0.325215633265453	NA	0.934110590577859	0.728527658454607	1.09768280576678	1.10924961804418	1.1362021750556	0.79749355503737	1.05557239700081	0.94115674935502	0.919306017991074	1.40374728573887	0.785869658465606	0.77750053984289	0.569804286689829	0.352696330489209	0.668223954038048	0.486511535397122	0.375693642299777	NA	NA	0.21279556897711	NA	NA	0.575132101960449	NA	1.02233279239513	0.664620976397919	0.690560843062301	NA	0.500971469542507	0.116895574364557	NA
NA	NA	NA	NA	NA	NA	NA	NA	NA	NA	NA	NA	NA	NA	NA	NA	NA	NA	NA	NA	NA	NA	NA	NA	NA	NA	NA	NA	NA	NA	NA	NA	NA	NA	NA	NA	NA	NA	NA	NA
1.78197686249474	2.53754035741257	2.06442913042271	1.43467349416584	1.82621738241182	1.73363658496063	1.36252182132961	NA	0.870150243675798	2.09258014166715	1.81298440466438	2.28471445288472	1.95002482141128	0.872896513381084	0.859393505564154	0.393442764979629	1.27697810388339	0.664320501454171	1.38756160170995	0.571850753207335	0.826488732560309	0.9427328099079	1.50722278927942	1.59560875861698	1.23461877595751	0.333350753157514	NA	2.08912449756468	0.903078030334991	0.643040216918115	NA	0.502408052811405	NA	0.687721993728459	NA	0.575951309453023	NA	0.807216951191325	NA	NA
NA	NA	NA	NA	NA	NA	NA	NA	NA	NA	NA	NA	NA	NA	NA	NA	NA	NA	NA	NA	NA	NA	NA	NA	NA	NA	NA	NA	NA	NA	NA	NA	NA	NA	NA	NA	NA	NA	NA	NA
NA	NA	0.880642330865234	NA	NA	NA	NA	NA	NA	NA	NA	NA	NA	0.992426037574169	NA	NA	1.08161708904568	NA	NA	NA	0.396620010041456	0.481763279380702	0.438501363246409	NA	1.15858648563568	0.820185978897039	1.52217258414239	NA	NA	1.33197048732979	NA	NA	1.4300616659009	0.569404524155733	NA	NA	NA	0.139888084877165	0.489452288558299	NA
NA	NA	NA	NA	NA	NA	NA	NA	NA	NA	NA	NA	NA	NA	NA	NA	NA	NA	NA	NA	NA	NA	NA	NA	NA	NA	NA	NA	NA	NA	NA	NA	NA	NA	NA	NA	NA	NA	NA	NA
1.19710325099209	NA	NA	0.940548421001278	NA	0.561507092218343	0.746052349891959	0.346928917441072	0.349129223069795	1.60211088865747	0.634613250729538	0.236567145467828	1.39004595793294	0.792718019764897	NA	0.199385657554135	NA	0.143555623243938	NA	NA	1.21050579611276	1.09921391125484	0.720445472419443	0.310401354745639	NA	2.42720960719357	0.655670641724354	NA	0.480175229396843	0.623621593542134	0.660658911148826	0.427385426352486	0.531570091361154	0.579243748233669	0.773252235838731	0.474961440571139	NA	0.458185939956558	0.119071471060925	0.225149684218714
NA	1.17039399860461	0.942327714607772	0.940685896741929	NA	NA	0.972201403276167	0.899163406046648	0.453077587886012	NA	0.878945520940085	0.742556290724683	0.805915473620811	0.853533319814547	NA	NA	NA	NA	0.679562553340372	NA	0.402424121972235	0.992472323229707	NA	NA	1.46241963299202	NA	NA	NA	NA	NA	NA	NA	1.44335079497119	1.86708284371087	1.32602132421509	1.27089896031814	NA	0.476987910233672	0.424760557253799	NA
NA	NA	NA	NA	NA	NA	NA	NA	NA	NA	NA	NA	NA	NA	NA	NA	NA	NA	NA	NA	NA	NA	NA	NA	NA	NA	NA	NA	NA	NA	NA	NA	NA	NA	NA	NA	NA	NA	NA	NA
1.24115148618276	1.19972967392423	1.08676591678026	NA	1.06346164619398	0.513055386210352	0.609189202880057	0.948215356434099	0.838801095466035	0.846394327691831	0.866804167129871	0.444020133184481	NA	0.552002674287592	0.666584622666736	1.17731143899212	NA	0.786392161402923	1.36757408455417	0.217021478815198	NA	0.37675680481752	0.573077259309787	1.01113721598806	1.69394335607474	0.542190788096093	0.163019757918099	0.955850441443845	1.51850152912715	1.80880117880491	0.799108012094808	0.566231436224869	0.685220120714357	0.817024022445201	1.06418556552011	1.26160898043822	NA	0.265169187947708	0.346739247815406	0.639066145375981
NA	NA	NA	NA	1.19729122249755	1.0242866509954	1.35590813862337	NA	1.22310303588215	NA	1.18583118001366	0.806061509229661	0.957836788789441	NA	NA	NA	1.07007683227498	NA	1.18557889206199	NA	0.912844644491027	0.888007737254859	0.675102707672533	0.404722212208881	0.683364821445454	NA	0.504280466812488	0.591389010237323	0.267171011258955	NA	0.435680165833202	NA	0.664350829008249	1.52703413512555	0.227241524575513	0.599982383086207	NA	0.638069543820648	0.534009396576932	NA
NA	NA	NA	NA	NA	1.23455500890019	NA	NA	NA	NA	NA	1.78879156577997	NA	NA	0.984100094771835	1.07197381833146	NA	1.05358435459708	NA	NA	NA	NA	NA	NA	1.77141369549789	NA	NA	1.02767315295266	NA	NA	NA	NA	0.875209955140345	1.33103556322705	0.835801239050169	0.263840342655567	NA	0.211145446129472	1.33077520687087	0.594579351763471
NA	NA	1.40736263151545	NA	1.39682113745347	0.948639441839741	0.634539813874219	0.538664649323267	0.881586402049306	NA	0.858175140055198	1.07802949111225	0.896081008570392	1.37631478058517	1.12292345763439	NA	1.13597251063105	1.34114073611156	1.23747490185333	0.440031579996842	0.963248460938337	1.08944524879191	1.87516172136203	1.44385332828214	1.61634160422945	1.23059240036378	1.6595099738043	1.30062430723862	NA	1.2224360343961	NA	1.34190716593425	NA	NA	1.24888760895234	1.23428411572487	NA	1.17571494032417	1.37286608627343	1.18004962702736
NA	NA	NA	NA	NA	NA	NA	NA	NA	NA	NA	NA	NA	NA	NA	NA	NA	NA	NA	NA	NA	NA	NA	NA	NA	NA	NA	NA	NA	NA	NA	NA	NA	NA	NA	NA	NA	NA	NA	NA
NA	NA	NA	NA	NA	NA	NA	NA	NA	NA	NA	NA	NA	NA	NA	NA	NA	NA	NA	NA	NA	NA	NA	NA	NA	NA	NA	NA	NA	NA	NA	NA	NA	NA	NA	NA	NA	NA	NA	NA
NA	NA	NA	NA	NA	NA	NA	NA	NA	NA	NA	NA	NA	NA	NA	NA	NA	NA	NA	NA	NA	NA	NA	NA	NA	NA	NA	NA	NA	NA	NA	NA	NA	NA	NA	NA	NA	NA	NA	NA
NA	NA	NA	NA	NA	NA	NA	NA	NA	NA	NA	NA	NA	NA	NA	NA	NA	NA	NA	NA	NA	NA	NA	NA	NA	NA	NA	NA	NA	NA	NA	NA	NA	NA	NA	NA	NA	NA	NA	NA
NA	NA	0.824374000706744	NA	NA	0.978891098370241	NA	0.593693488298744	0.495684463832487	NA	1.4992607123106	1.38637208811718	0.964350681984518	0.97466272552457	0.763441769145314	0.0745129721000088	0.94364078671798	0.40786564362156	0.299006549451024	0.493325746536781	0.323839280830007	1.48990621419563	0.270893854802066	0.591856977335936	0.190967262278474	0.582943272705121	0.516148484881007	0.434299226355119	0.95791579645179	NA	0.740369336228544	0.516171580831748	NA	0.320031364889814	NA	0.915685085099382	NA	1.47389606485043	0.595018255939307	NA
NA	1.67755124974673	NA	NA	NA	1.6763973871985	1.32874765810894	1.1065433864419	1.1810437645638	1.23069734753504	0.795159394387409	NA	0.784458218489958	0.656035993860226	NA	NA	1.06223544605238	NA	NA	NA	NA	NA	NA	0.965550022875451	NA	1.34540301626063	NA	NA	NA	NA	1.06526278982131	1.15433700095657	NA	NA	NA	0.541115601327612	NA	0.680808562259123	0.714326463812711	NA
NA	NA	NA	NA	NA	NA	NA	NA	NA	NA	NA	NA	NA	NA	NA	NA	NA	NA	NA	NA	NA	NA	NA	1.6502453225034	NA	NA	0.975262369034048	NA	1.33398356613805	1.66455704653931	NA	1.41853871420552	1.16601001967382	0.43302874569467	NA	0.334297952659206	NA	0.582067955212909	0.526698520311262	0.216877958399311
NA	NA	NA	NA	NA	NA	NA	NA	NA	NA	NA	NA	NA	NA	NA	NA	NA	NA	NA	NA	NA	NA	NA	NA	NA	NA	NA	NA	NA	NA	NA	NA	NA	NA	NA	NA	NA	NA	NA	NA
NA	1.96767464883264	NA	NA	NA	NA	1.68548458374878	NA	1.6516263782622	NA	1.85533898531808	NA	1.48450071502432	NA	1.61190004484271	1.73230717374064	NA	NA	1.63674096463781	1.44031844772726	NA	1.80315326851857	NA	NA	NA	NA	NA	NA	NA	NA	1.93483282206197	1.8899733099582	1.90588082826672	1.99857344054576	NA	NA	NA	NA	2.33773555422939	NA
NA	NA	NA	NA	NA	2.07741600510543	2.09909797449073	NA	1.92707907575486	NA	NA	1.26745683346161	NA	1.08599551542286	1.20888765432415	NA	NA	1.48914849634247	1.4638502024177	NA	NA	NA	1.19608170164655	1.19839616984797	1.28395025467174	NA	NA	NA	NA	0.429733088593491	NA	0.107863290362483	NA	0.491585574694414	0.374688392641958	NA	NA	NA	0.430356815537122	NA
NA	NA	NA	NA	0.912851688448183	NA	NA	NA	NA	NA	NA	NA	NA	NA	0.518163011858116	NA	0.798302417738546	NA	NA	0.688017430038892	0.570036757464072	0.160080483264894	0.246578693553997	NA	0.396591317868066	NA	NA	0.146262113891174	0.274663775690784	NA	0.539724654454878	0.260842162875694	0.447310443652514	NA	NA	NA	NA	NA	0.428986721294653	0.632430868993099
1.2846788678792	NA	0.887227223052115	0.832584228420389	0.6080522233485	0.360123482909138	0.754631470090669	0.392238100380882	0.456138467397687	NA	NA	NA	NA	0.690618086018728	1.22021359125941	0.892468481150214	0.742041610972725	0.565685929424811	0.609271857226103	0.554457175137659	NA	NA	0.43643374422845	0.68829435541765	1.99386338394846	0.545474292535146	NA	0.971652617897964	NA	1.25790836562936	1.27452197360011	NA	0.148475436721928	0.622173592543355	0.851161962998894	0.696580030886748	NA	0.666781514363366	NA	NA
NA	NA	NA	2.24965306429501	2.28529633007159	1.98768293054551	1.49043902658071	NA	1.68982127560445	2.10561949729196	NA	NA	2.14999691126398	1.9860311122863	NA	NA	NA	NA	NA	NA	1.97489879089126	NA	NA	NA	NA	NA	0.895905557446558	3.28153863874827	NA	NA	0.901453660848141	0.618788018787337	NA	0.289660478549572	0.276644985070881	NA	NA	NA	NA	NA
NA	NA	NA	NA	NA	NA	NA	NA	NA	NA	NA	NA	NA	NA	NA	NA	NA	NA	NA	NA	NA	NA	NA	NA	NA	NA	NA	NA	NA	NA	NA	NA	NA	NA	NA	NA	NA	NA	NA	NA
NA	NA	NA	NA	NA	1.20186365055545	1.24055189756187	1.39113637586191	1.63341486331143	1.32545263314284	1.05598498777626	NA	NA	1.19670851541661	1.14201948928724	1.25307638449819	NA	1.39254155494871	1.35101427952733	0.878022870599917	0.622336779168625	0.552439207368636	0.598547643050771	NA	NA	NA	0.467401125517686	0.828357107268995	1.49780211468841	0.541290340505613	NA	NA	NA	0.175471835988215	0.701765354247532	NA	NA	0.281970375747813	0.266614081200092	NA
NA	NA	NA	NA	NA	0.575757731432655	1.05208786534824	NA	NA	NA	1.200779981907	NA	NA	NA	0.839078896968974	0.983936315015979	1.15851908897344	NA	NA	0.848703615493885	NA	NA	0.859474100195717	NA	0.573353260647934	0.517802848120901	0.975195563279857	0.466987547140989	0.560479499368347	0.942261875718646	NA	NA	0.936336077351092	0.662995211285754	0.845122734056356	NA	NA	1.11235960931047	NA	1.43408602844579
NA	0.610042273711315	0.487717170908504	NA	0.198535071984544	0.664502371248857	0.443889665977576	0.557834820121496	0.563460300378052	0.743776815033531	NA	1.62402663258624	NA	NA	0.844934078691221	NA	1.11874655678411	1.39849570011473	NA	0.33639388935811	0.890690165151437	0.829425312287621	0.993763142109996	NA	1.18036673007663	0.507095259723204	NA	0.736330650547198	0.54808675998402	0.618755882567974	NA	NA	0.265370716776936	NA	NA	NA	NA	0.214717281361787	0.337712230888367	0.181214175090401
NA	NA	NA	NA	NA	NA	NA	NA	NA	NA	NA	NA	NA	NA	NA	NA	NA	NA	NA	NA	NA	NA	NA	NA	NA	NA	NA	NA	NA	NA	NA	NA	NA	NA	NA	NA	NA	NA	NA	NA
NA	NA	NA	NA	NA	NA	NA	NA	NA	NA	NA	NA	NA	NA	NA	NA	NA	NA	NA	NA	NA	NA	NA	NA	NA	NA	NA	NA	NA	NA	NA	NA	NA	NA	NA	NA	NA	NA	NA	NA
NA	NA	NA	NA	NA	NA	NA	NA	NA	NA	NA	NA	NA	NA	NA	NA	NA	NA	NA	NA	NA	NA	NA	NA	NA	NA	NA	NA	NA	NA	NA	NA	NA	NA	NA	NA	NA	NA	NA	NA
NA	NA	NA	1.28788886140475	NA	NA	NA	NA	NA	NA	NA	1.40070606059235	1.19449292346499	NA	NA	NA	1.20403272058308	NA	NA	NA	0.807674233611302	0.398327713030284	0.572315401905496	NA	0.583352795666069	NA	NA	NA	0.197012849061274	NA	NA	NA	NA	0.322289304237096	0.784952154304381	0.19832263256605	NA	0.765531217957094	NA	NA
2.78491778887445	2.39519586548529	NA	NA	1.02817371116495	1.59561657598233	1.03721366894467	0.693450017731706	1.62284496847758	NA	1.25173691616076	NA	NA	NA	1.7146834491135	NA	NA	NA	NA	NA	NA	2.07700388148358	2.03752261252834	1.13333687356039	0.616189775444455	NA	NA	0.731927483491885	NA	NA	NA	2.6280651777927	NA	NA	3.22490072793035	2.60873635779216	NA	3.13649742862721	2.15121243375302	0.997956803204237
NA	NA	1.28725588385909	NA	NA	0.988892714890154	NA	NA	0.704965016798447	NA	NA	0.763326111222088	NA	0.47318125277093	0.948975979718155	0.639366488341533	0.884740820408166	NA	NA	NA	NA	NA	0.367494137429978	0.720864511022	0.611450783762984	0.910291120020351	NA	1.4734444042053	1.08802114981461	0.938722642170604	0.686759726799628	0.4654226802675	0.809742281141308	1.01641187590202	NA	0.559105829265873	NA	0.749917446598386	0.52685882617548	0.667637313502741
NA	NA	1.25125286502879	NA	1.6114937804981	1.09200931359919	NA	1.19592657957494	1.47172165104468	NA	NA	NA	NA	NA	1.10054985248772	NA	NA	NA	NA	NA	1.43668122833786	NA	0.560201204692307	2.35468145403721	NA	NA	NA	1.19766635392687	NA	1.12029029345328	NA	0.489567019992029	NA	0.996477354508986	NA	0.748886588927123	NA	1.10235495083203	1.27495069995329	1.21541099514529
NA	NA	NA	NA	NA	NA	NA	NA	NA	NA	NA	NA	NA	NA	NA	NA	NA	NA	NA	NA	NA	NA	1.51104936631989	NA	NA	NA	NA	NA	NA	0.839029381377336	NA	NA	NA	NA	NA	NA	NA	0.561712399277668	0.380845731290225	0.912317134187659
NA	NA	NA	NA	NA	NA	NA	1.43746212182541	NA	NA	NA	NA	NA	1.21367501160665	NA	NA	NA	NA	NA	NA	1.09764943125114	NA	1.05302441728835	1.23928289238952	NA	NA	0.854148920744315	1.08950922767155	NA	1.00484686050317	NA	NA	NA	0.465637591754277	0.858366467430881	0.688903811703156	NA	NA	0.572018467884118	0.155190623160402
NA	NA	NA	NA	NA	NA	NA	0.576145214060928	0.648802185414177	NA	NA	NA	NA	0.82127651553056	0.428940384599379	0.286151942342474	0.249745458128286	0.432766479316137	NA	NA	0.290287825074398	NA	0.588330554610707	0.589696864584907	0.410832232459193	0.778969942563078	0.613304816345566	NA	NA	0.244554282267043	0.364916159175052	0.199518010158239	0.311156566960627	0.353787599256413	NA	0.404579737630233	NA	0.623517180147563	0.220306587348729	0.938528970625749
1.1456257783739	NA	NA	NA	1.38269291670994	1.35987172107931	0.962468382614582	1.02501826410566	0.727934428471805	1.19474342728269	0.450845174577399	NA	1.16403356795662	1.44042494061934	1.26864322070012	1.21696914639554	1.5489543814606	1.25898696723864	NA	NA	NA	NA	0.848935110675182	0.644786309117228	1.62792575303358	NA	NA	1.35036450989357	NA	NA	0.452313581763323	0.344717650810123	NA	0.663760752467956	0.823754040395807	0.432560946464284	NA	0.527726779398548	0.55759841574353	NA
0.925172827078135	NA	NA	NA	NA	0.486472290702229	0.688161313281354	0.511822684165122	NA	0.778369163120569	0.927715906436231	0.834769465987925	1.16159402358867	1.19999798677062	0.998350340136498	0.784483741154509	0.85441436513968	1.13091549416228	1.19761298466475	NA	0.44921793844856	0.33143521901716	NA	NA	0.577417029436629	1.74760082679661	1.63602179974086	NA	NA	NA	NA	NA	0.265052621437703	0.938468855863412	NA	NA	NA	0.395688819967042	0.199772221803282	0.109748593766916
NA	0.571545016948096	NA	NA	NA	0.266505777903668	NA	0.540999083636752	0.760872537574227	0.559116932087397	NA	0.587519874824005	0.559221639480593	NA	NA	NA	0.770990572751635	NA	0.844202421778298	0.597507219218182	NA	NA	0.963744675915931	NA	0.787781136019281	NA	NA	NA	NA	NA	NA	1.16679598871202	NA	1.10283434364846	1.35738931963636	NA	NA	0.350008931276034	0.287508488485645	NA
NA	NA	NA	0.553634095088494	0.557400832447529	NA	NA	1.2741975704218	1.02735226632826	NA	NA	NA	1.61872642802302	0.972315832213169	NA	1.05140133596974	NA	NA	NA	NA	0.451322221471684	0.510781277411821	0.65281810264092	NA	0.409875155035862	NA	NA	NA	NA	NA	1.48787308719738	NA	NA	NA	NA	NA	NA	0.551092125500857	NA	NA
NA	NA	NA	NA	NA	NA	NA	NA	NA	NA	NA	1.41412325200234	NA	NA	1.51703261132659	1.8651186532792	1.79144644048008	NA	NA	NA	NA	1.4921915345223	NA	0.81994980616877	0.656836127851273	0.471520147396533	2.44197926985924	0.60879401304925	1.07234808501224	1.01874407269055	NA	0.923465889550342	1.0148841727598	NA	NA	0.425713320034159	NA	0.449786568750859	0.710235379605583	1.1093906995668
NA	NA	NA	NA	NA	NA	NA	NA	NA	NA	NA	NA	NA	NA	NA	NA	NA	NA	NA	NA	NA	NA	NA	NA	NA	NA	NA	NA	NA	NA	NA	NA	NA	NA	NA	NA	NA	NA	NA	NA
NA	NA	NA	NA	NA	NA	NA	NA	NA	NA	NA	NA	NA	NA	NA	NA	NA	NA	NA	NA	NA	NA	NA	NA	NA	NA	NA	NA	NA	NA	NA	NA	NA	NA	NA	NA	NA	NA	NA	NA
1.39906057693729	NA	NA	NA	NA	1.13793839051248	1.01246082547953	1.03635801104736	NA	NA	NA	NA	NA	1.6715625388316	NA	NA	NA	1.14554052465696	0.796531974527812	1.62538959755484	NA	0.906471725742752	NA	NA	NA	0.749327188789204	0.523758506600321	NA	NA	NA	NA	1.09135605979961	1.38959493011711	0.981066374808444	NA	0.271771133561768	NA	NA	0.582903558757906	0.845918706105826
NA	NA	NA	NA	NA	NA	NA	NA	NA	NA	NA	NA	NA	NA	NA	NA	NA	NA	NA	NA	NA	NA	NA	NA	NA	NA	NA	NA	NA	NA	NA	NA	NA	NA	NA	NA	NA	NA	NA	NA
NA	NA	NA	NA	NA	NA	NA	NA	NA	NA	NA	NA	NA	NA	NA	NA	NA	NA	NA	NA	NA	NA	NA	NA	NA	NA	NA	NA	NA	NA	NA	NA	NA	NA	NA	NA	NA	NA	NA	NA
1.09470179783727	NA	NA	NA	1.32043017378283	1.23234416283203	0.954404188097517	0.968241222503333	1.28485415524526	0.804040873700215	1.01636474362328	1.03351374522189	NA	1.55015117203259	NA	1.30983510697192	1.6447047466257	1.47488482896903	NA	NA	0.926874784904048	0.95747179206146	0.962173957290739	0.476706050548435	0.25993385937139	NA	0.524287117910148	0.736156578930764	NA	0.794461803648267	0.834606659057046	0.364036748973573	0.503384950815736	0.454291524586971	1.34806117611487	0.321850959935017	NA	0.582586649916898	0.304419070827387	0.362346125294927
1.60246935758704	0.96326149934776	NA	NA	NA	0.797228710332008	0.968106667892652	0.998026854245358	0.832303599998605	1.02618230314973	NA	1.16199940971954	0.867887136360145	0.605517948920243	0.712201852597651	0.506959623832859	0.574412278024354	NA	0.623762771412588	NA	1.14853870008861	0.407942441051417	0.827830894056345	0.404467194780794	1.17472342075551	0.408714169499234	NA	1.85018165679044	NA	0.868047332340987	0.468038015425543	0.401995692765534	0.717841504810895	0.726680205434976	NA	0.485386298309527	NA	0.172833990792831	NA	NA
NA	NA	NA	NA	NA	NA	NA	NA	NA	NA	NA	NA	NA	NA	NA	NA	NA	NA	NA	NA	NA	NA	NA	NA	NA	NA	NA	NA	NA	NA	NA	NA	NA	NA	NA	NA	NA	NA	NA	NA
NA	NA	NA	NA	NA	NA	NA	NA	NA	NA	NA	NA	NA	NA	NA	NA	NA	NA	NA	NA	NA	NA	NA	NA	NA	NA	NA	NA	NA	NA	NA	NA	NA	NA	NA	NA	NA	NA	NA	NA
NA	NA	NA	NA	NA	NA	NA	NA	NA	NA	NA	NA	NA	NA	NA	NA	NA	NA	NA	NA	NA	NA	NA	NA	NA	NA	NA	NA	NA	NA	NA	NA	NA	NA	NA	NA	NA	NA	NA	NA
NA	NA	NA	NA	NA	NA	NA	NA	NA	NA	NA	NA	NA	NA	NA	NA	NA	NA	NA	NA	NA	NA	NA	NA	NA	NA	NA	NA	NA	NA	NA	NA	NA	NA	NA	NA	NA	NA	NA	NA
NA	NA	NA	NA	NA	NA	NA	NA	NA	NA	NA	NA	NA	NA	NA	NA	NA	NA	NA	NA	NA	NA	NA	NA	NA	NA	NA	NA	NA	NA	NA	NA	NA	NA	NA	NA	NA	NA	NA	NA
1.36606758986391	1.20311944919809	1.01479250258589	NA	1.00637531502637	1.41941686978137	NA	NA	NA	NA	0.959813043129416	0.835022261416696	NA	1.65391639369497	1.66425252958692	1.32271804399786	1.36129126707551	1.97811239960741	1.63539599476179	1.62504495812586	0.780343237863952	1.06831009145648	0.946370748059119	0.945188839659199	0.973044034411908	0.601692701946268	0.774994456560013	NA	0.633435326297942	0.62276419521099	0.810189431449907	0.570177623919523	NA	NA	NA	0.226151161937421	NA	0.192870854846492	0.509344865406093	0.411481707627312
NA	NA	NA	NA	NA	NA	NA	NA	NA	NA	NA	NA	NA	NA	NA	NA	NA	0.640057424658523	0.802802023680296	NA	NA	0.488749061976734	NA	0.303259296564666	NA	NA	NA	1.11140696769454	0.404470701740574	NA	0.316217647921063	1.17814463678068	0.770933873180218	NA	0.383925147518332	NA	NA	0.248037735702476	0.398199503035497	NA
1.36673657017829	0.938266013383669	NA	1.03578320358123	NA	1.06636689713746	NA	1.37507097607652	NA	NA	1.30200746057275	1.12311795002029	1.0852761799325	0.950768135132508	NA	NA	0.956079826089677	1.05247550395393	1.63918204385917	NA	1.1585098608219	0.731604619454015	0.516184478313071	NA	NA	NA	NA	NA	NA	NA	NA	NA	NA	NA	0.918778141392963	NA	NA	NA	0.5864785573779	NA
NA	NA	NA	NA	NA	NA	NA	NA	NA	NA	NA	NA	NA	NA	NA	NA	NA	NA	NA	NA	NA	NA	NA	NA	NA	NA	NA	NA	NA	NA	NA	NA	NA	NA	NA	NA	NA	NA	NA	NA
NA	NA	NA	NA	NA	NA	NA	NA	NA	NA	NA	NA	NA	NA	NA	NA	NA	NA	NA	NA	NA	NA	NA	NA	NA	NA	NA	NA	NA	NA	NA	NA	NA	NA	NA	NA	NA	NA	NA	NA
0.962983508075751	NA	1.28980930503322	NA	NA	NA	0.45398366370642	0.600782133715313	0.956386478546286	NA	1.28367868740136	1.05759606835825	NA	0.879025815034371	1.02117146343477	NA	NA	NA	NA	0.708044428026492	0.365093394620624	NA	NA	NA	NA	0.712989186292212	NA	1.46407937817454	NA	NA	NA	NA	NA	NA	NA	NA	NA	NA	0.20476338352045	NA
NA	NA	NA	NA	NA	NA	NA	NA	NA	NA	NA	NA	NA	NA	NA	NA	NA	NA	NA	NA	NA	NA	NA	NA	NA	NA	NA	NA	NA	NA	NA	NA	NA	NA	NA	NA	NA	NA	NA	NA
1.97569728883373	1.71282831980352	1.64194247924362	NA	1.5107186944532	1.57938661347718	NA	1.67834484476845	1.63640617776961	1.11213858198185	1.39116519772034	NA	0.933143437251559	1.30984422545435	NA	NA	0.578482632075497	0.284500871058227	NA	1.43796117152424	0.835860485464724	NA	NA	NA	NA	NA	NA	NA	NA	NA	2.12354579709745	2.1227168373085	NA	NA	NA	NA	NA	NA	NA	NA
1.11028423028087	NA	NA	NA	NA	0.382889256150951	0.576441898776476	NA	0.420510011760413	0.604645125838784	NA	1.2551878462018	NA	0.984688312595461	1.62401696062607	0.599187743013391	0.641203825099958	NA	1.01577486660573	NA	0.745018467628032	0.778357657692085	0.803775223910276	1.07946700389047	NA	NA	NA	1.01636022966453	NA	NA	NA	NA	0.301764389704722	NA	0.378737617678674	0.487793617188955	NA	NA	0.447401435918965	NA
NA	NA	NA	NA	1.39638149932767	1.69193870999188	NA	NA	0.785051178521621	NA	NA	NA	NA	0.756347037899486	NA	1.29106484924182	NA	NA	0.779076716684475	0.771221472236405	0.357390440654168	NA	NA	0.640836067383245	NA	NA	NA	NA	NA	NA	NA	0.137690028705203	NA	NA	NA	NA	NA	NA	0.469763776213467	NA
NA	NA	NA	NA	NA	NA	NA	NA	NA	NA	NA	NA	NA	NA	NA	NA	NA	NA	NA	NA	NA	NA	NA	NA	NA	NA	NA	NA	NA	NA	NA	NA	NA	NA	NA	NA	NA	NA	NA	NA
1.39058741012806	NA	NA	0.788139999501388	NA	0.546776044673235	NA	NA	NA	0.314900239874658	NA	NA	NA	NA	NA	NA	NA	NA	NA	0.573932455768246	NA	NA	NA	NA	NA	NA	NA	NA	NA	0.547530306351114	NA	NA	NA	0.236895926436104	0.530612931924573	0.59763081692591	NA	NA	0.323201430543493	NA
NA	NA	NA	NA	NA	NA	NA	1.05954815598381	NA	NA	0.938529457779944	NA	NA	0.768678455775522	0.658529672106728	NA	0.805627830119545	0.55863164445332	NA	0.603984286865386	NA	NA	NA	NA	NA	NA	NA	NA	NA	NA	NA	0.48635511256624	1.03216673515607	0.439198223293155	NA	0.191110412434254	NA	0.34716640414859	NA	0.431062010772705
0.82691859581567	0.637574266350445	0.889676758940598	0.523478560466663	1.31858525675417	NA	0.387960841027164	0.592707493961351	NA	0.606431383471853	NA	NA	0.730573072236774	NA	NA	NA	NA	NA	NA	NA	NA	0.471703507789081	NA	1.03177448082793	0.437383584638215	0.43125178031197	0.631503640787051	0.692874684241786	NA	NA	NA	0.500876835410533	NA	0.430600109923188	0.534969632552316	0.517150036995906	NA	0.611686371833105	0.308449659287352	0.173452816642148
NA	NA	NA	NA	NA	NA	NA	NA	NA	NA	NA	NA	NA	NA	NA	NA	NA	NA	NA	NA	NA	NA	NA	NA	NA	NA	NA	NA	NA	NA	NA	NA	NA	NA	NA	NA	NA	NA	NA	NA
NA	NA	NA	NA	NA	NA	NA	NA	NA	NA	NA	NA	NA	NA	NA	NA	NA	NA	NA	NA	NA	NA	NA	NA	NA	NA	NA	NA	NA	NA	NA	NA	NA	NA	NA	NA	NA	NA	NA	NA
NA	NA	NA	NA	NA	NA	NA	NA	NA	NA	NA	NA	NA	NA	NA	NA	NA	NA	NA	NA	NA	NA	NA	NA	NA	NA	NA	NA	NA	NA	NA	NA	NA	NA	NA	NA	NA	NA	NA	NA
NA	NA	NA	NA	NA	NA	NA	NA	NA	NA	NA	NA	NA	NA	NA	NA	NA	NA	NA	NA	NA	NA	NA	NA	NA	NA	NA	NA	NA	NA	NA	NA	NA	NA	NA	NA	NA	NA	NA	NA
NA	NA	NA	NA	NA	NA	NA	NA	NA	NA	NA	NA	NA	NA	NA	NA	NA	NA	NA	NA	NA	NA	NA	NA	NA	NA	NA	NA	NA	NA	NA	NA	NA	NA	NA	NA	NA	NA	NA	NA
NA	1.72851669693494	NA	NA	0.841311105784193	0.854526214524825	1.03944389430091	1.18523037410649	0.634119638824822	0.658604572323928	NA	1.28170752141968	1.14424568343938	1.19740384009004	1.14535197285672	NA	1.15593075223904	1.07992597387518	0.826392488253712	0.618726239192987	NA	0.273612287491539	NA	0.935434063703991	1.60193277111247	1.4279539694857	NA	0.924035053294012	1.57201994330373	NA	1.45926576817525	0.535226243212151	1.34506712784113	0.420081929053325	0.574325913709302	NA	NA	NA	0.168093041519235	0.612096473818435
NA	NA	NA	NA	NA	NA	NA	NA	NA	NA	NA	NA	NA	NA	NA	NA	NA	NA	NA	NA	NA	NA	NA	NA	NA	NA	NA	NA	NA	NA	NA	NA	NA	NA	NA	NA	NA	NA	NA	NA
1.36259912065371	1.55232918772337	NA	1.32102032206809	1.88483842166417	NA	NA	0.419992799430227	0.383724231340516	NA	0.556816552227451	0.395430839819106	NA	0.82042573310077	NA	NA	NA	NA	NA	0.435476920171202	0.3894015990215	NA	NA	NA	0.517099456666674	NA	NA	1.10155578434354	NA	NA	NA	NA	NA	NA	0.695727912083559	NA	NA	0.901588242528027	NA	0.739159437503445
NA	NA	NA	NA	NA	NA	NA	NA	NA	NA	NA	NA	NA	NA	NA	NA	NA	NA	NA	NA	NA	NA	NA	NA	NA	NA	NA	NA	NA	NA	NA	NA	NA	NA	NA	NA	NA	NA	NA	NA
NA	NA	NA	NA	NA	NA	NA	NA	NA	NA	NA	NA	NA	NA	NA	NA	NA	NA	NA	NA	NA	NA	NA	NA	NA	NA	NA	NA	NA	NA	NA	NA	NA	NA	NA	NA	NA	NA	NA	NA
1.69618209459709	NA	0.392915468801653	NA	NA	NA	0.625502132697779	0.325081969431566	NA	0.130638179523848	0.698181821080608	0.48381391121136	0.21105540490062	0.347699287201038	0.231423113967795	NA	NA	NA	0.289688906112967	0.21796268771834	0.935622328281859	0.880891637884561	NA	1.0363101192156	NA	NA	NA	0.640429334609714	0.240837361643745	NA	NA	0.606994570559671	NA	0.347858689508901	NA	0.284895223947875	NA	0.474987617413864	0.516927368718765	0.544670505513319
2.24462456782044	NA	2.08326730544119	2.36661530163523	NA	1.68901674130759	2.68801183636213	NA	NA	2.83881879649001	2.43883239545198	2.88901569759604	1.33710418541423	2.78975180757839	1.43105848914493	NA	1.85813223621606	NA	NA	2.29987821025069	2.55388959443008	NA	NA	1.71713370734217	2.94969230610947	3.02356143748834	NA	2.65569338772914	NA	NA	2.87329780335977	2.94144788964227	NA	NA	NA	NA	NA	NA	NA	NA
NA	NA	NA	NA	NA	NA	NA	NA	NA	NA	NA	NA	NA	NA	NA	NA	NA	NA	NA	NA	NA	NA	NA	NA	NA	NA	NA	NA	NA	NA	NA	NA	NA	NA	NA	NA	NA	NA	NA	NA
NA	NA	NA	NA	0.820898936025243	NA	0.771883701685604	0.300220379252842	0.818741448730265	NA	NA	0.948796592406523	1.02559606761518	0.511741863397741	1.04665814782572	0.90223678077297	0.953285099621251	0.91957305833972	0.734173609980132	0.649405093700996	0.545033153108299	NA	NA	NA	NA	NA	NA	1.04885064943615	NA	NA	1.14924987697803	NA	NA	1.14254566116397	NA	NA	NA	NA	NA	0.839507313547046
NA	NA	NA	NA	NA	NA	NA	NA	NA	NA	NA	NA	NA	NA	NA	NA	NA	NA	NA	NA	NA	NA	NA	NA	NA	NA	NA	NA	NA	NA	NA	NA	NA	NA	NA	NA	NA	NA	NA	NA
0.767288284904183	0.665505851577355	0.513915314070425	NA	NA	1.00390568217879	NA	1.02889757124864	1.22904491315955	NA	1.53349633841966	NA	1.34010375521792	1.00139782890225	0.696271323589583	NA	NA	1.07380337306961	NA	1.03260574640611	0.688806730171976	0.699735773687667	NA	NA	NA	0.671511394292628	NA	NA	0.939344250965012	NA	1.06522643548398	NA	NA	0.361107787940731	0.400421039822974	0.367626741944364	NA	NA	NA	NA
NA	NA	NA	NA	NA	NA	NA	NA	NA	NA	NA	NA	NA	NA	NA	NA	NA	NA	NA	NA	NA	NA	NA	NA	NA	NA	NA	NA	NA	NA	NA	NA	NA	NA	NA	NA	NA	NA	NA	NA
NA	NA	NA	NA	NA	NA	NA	NA	NA	NA	NA	NA	NA	NA	NA	NA	NA	NA	NA	NA	NA	NA	NA	NA	NA	NA	NA	NA	NA	NA	NA	NA	NA	NA	NA	NA	NA	NA	NA	NA
NA	NA	NA	NA	NA	NA	NA	0.697076051313158	0.85997980714861	0.525885755071831	NA	0.795878545363247	NA	NA	NA	NA	NA	0.232962001489712	0.389527526788379	0.52124766799993	0.524461755585059	0.315409256842547	1.33562752344529	NA	NA	NA	1.44619560459903	NA	NA	1.69216231523277	1.09272332198858	NA	NA	NA	NA	0.377300178107074	NA	0.719992644844629	0.897442333853278	NA
NA	1.35962795598156	1.99478385871806	NA	NA	NA	NA	NA	1.82826090396963	1.93446854508696	1.51599185656491	1.8180904484716	NA	1.77682751779891	1.75692033183014	NA	2.1912324596896	NA	NA	1.5369697175624	NA	1.87351956357683	1.77410748618292	2.39478501352312	NA	NA	NA	NA	0.620946277696536	NA	NA	0.346648799503408	0.566826654746828	0.427347457744095	0.51517424113706	0.621538420855021	NA	1.74912468638941	0.274845847136925	NA
NA	NA	NA	NA	NA	NA	NA	NA	NA	NA	NA	NA	NA	NA	NA	NA	NA	NA	NA	NA	NA	NA	NA	NA	NA	NA	NA	NA	NA	NA	NA	NA	NA	NA	NA	NA	NA	NA	NA	NA
NA	NA	NA	NA	NA	NA	NA	NA	NA	NA	NA	NA	NA	NA	NA	NA	NA	NA	NA	NA	NA	NA	NA	NA	NA	NA	NA	NA	NA	NA	NA	NA	NA	NA	NA	NA	NA	NA	NA	NA
NA	NA	NA	NA	NA	NA	NA	NA	NA	NA	NA	NA	NA	NA	NA	NA	NA	NA	NA	NA	NA	NA	NA	NA	NA	NA	NA	NA	NA	NA	NA	NA	NA	NA	NA	NA	NA	NA	NA	NA
NA	NA	NA	NA	NA	NA	NA	NA	NA	NA	NA	NA	NA	NA	NA	NA	NA	NA	NA	NA	NA	NA	NA	NA	NA	NA	NA	NA	NA	NA	NA	NA	NA	NA	NA	NA	NA	NA	NA	NA
1.91918551276102	NA	1.04049836757808	NA	0.918834950135584	NA	NA	0.733636636361432	0.946523246664845	NA	1.25944787660983	NA	1.02737054669052	0.920109103140718	1.17221736777916	1.29506335184858	1.22013081959851	1.07576124689868	NA	0.979048055303565	1.04177888840913	0.810635710157205	0.581688884986703	0.39958107466037	0.346869578798999	NA	0.77668899866406	0.704592550365314	0.912682523368425	NA	NA	0.897073440321581	NA	1.43267691738959	1.10606037763224	0.926944489077027	NA	NA	1.05654950246799	1.11183654617999
NA	1.41264227201117	1.2813134469193	NA	NA	0.717963446361036	NA	NA	0.855553526123325	0.472019712738461	NA	NA	1.3967069357889	0.413364415378863	1.26474957733267	NA	0.554126222441121	0.550045504320162	NA	0.774415425025372	NA	NA	0.915131954473017	0.71167619214866	1.07243599071911	NA	1.21422281170761	0.957738525349306	0.688381186414072	0.737302464973702	1.05869658922529	0.386688149041647	NA	NA	NA	1.01014937669813	NA	0.954435786691911	0.425003741110016	0.468050938186284
0.809598933773905	0.480065139835385	0.50788449554994	NA	NA	0.67746599163592	NA	NA	0.340747265108527	0.580368144214258	NA	NA	NA	1.53355279754971	0.63388176976388	1.34274916248202	0.879586374683179	NA	NA	0.888130154176463	NA	NA	0.408669228842855	0.69057315740605	NA	1.12587202812953	0.57048231196591	NA	0.714005125575874	1.46338756436206	1.32034182616525	1.00980777814002	0.429417204171372	NA	1.25444395756071	1.32557383703949	NA	1.06050969557169	0.563688431020768	0.798462711409286
1.5491917871466	NA	NA	0.74126393423255	NA	0.899516727473132	NA	NA	NA	2.00932703260084	NA	NA	NA	1.44137664681701	1.34508563293662	NA	1.19668400335475	1.08765661250425	NA	1.30957651493035	0.7956115254226	NA	NA	1.70294263416203	NA	NA	NA	0.759350694273532	NA	NA	0.846933577262485	0.469014846624378	0.88301819957113	NA	1.20339076208876	0.790007798146578	NA	0.480160820948137	0.512718941411485	0.557274020014543
NA	NA	0.926122750124637	0.65781127442808	NA	NA	0.641659214021581	0.367780198520402	0.798087381412389	0.671885120307751	0.964914661256345	NA	NA	NA	0.437035827374831	NA	NA	NA	NA	0.476472218193775	0.773409342635147	NA	0.544437614025244	NA	0.297473454228504	NA	0.376797198379958	0.501706365466193	0.413895324871071	1.86692821153222	1.25599899956875	0.381867569224038	NA	NA	0.307266430269309	NA	NA	0.184291623260342	0.246834771615841	NA
NA	NA	NA	NA	1.1324643067564	NA	0.628037101114813	1.70888935391598	NA	NA	NA	0.687027562431629	1.16141474034933	0.73475013392495	0.889699111074485	0.671580053088898	NA	NA	NA	0.493581947803932	0.552936235429256	0.61593775769774	0.525473690144532	0.318924074158812	NA	0.802253560159941	0.528998697624986	NA	NA	0.845477115785666	NA	0.944830744069561	NA	NA	NA	NA	NA	0.567099641377487	0.622514183552733	0.921311237343846
1.06884236801008	NA	0.960442879436831	1.16309803163818	1.41146406930733	1.77385175183951	NA	1.74315168104743	2.16427707317126	NA	1.81459809611917	1.02045229410939	1.30029403622564	0.420225470477363	0.862686596675395	NA	0.953018015987665	NA	0.888523438581707	0.863852996958196	0.773974106524921	1.0912490246355	1.08730729203002	1.05222834435512	1.11054904225326	0.797664747100482	1.86665247752398	1.11760176074676	1.17628028669703	1.10459762861412	0.723276303785931	0.898407637007653	0.949085283911593	0.740077921454178	0.620189520168353	0.554716893741686	NA	0.53004964382526	1.23909160895598	0.553110055284172
2.48273320931628	2.50967472454181	NA	NA	3.02325075698134	2.64500870479256	2.35002374912756	2.35542776881787	2.84358365677919	2.93000058981511	2.70244676125149	2.66337784436087	2.47614225817189	1.92602791422435	2.04633093150307	NA	1.93053083013414	1.72778231536491	NA	1.74448275990177	NA	1.44306253456416	NA	1.35972892043477	1.54667306772497	1.6645651805152	1.43024303276982	1.1867062401052	1.44013962009387	0.880186193972573	0.941017350471761	0.61600199380397	0.711964281570455	0.3019914239423	0.27745114060338	0.0631109313300629	NA	0.532884886462892	0.42630326737476	0.844779505483611
1.06296610271562	0.736961388502129	0.843011770143375	0.836883469352875	0.838167026550477	0.56083013168429	NA	0.297376798003883	0.991057423186914	0.86081763411627	NA	NA	1.18055430689679	0.534575501780238	NA	NA	0.724674928153484	0.802232684326233	0.710126182099897	1.62133490350986	1.11890474811599	1.58687388274387	1.01569579609547	0.56798339923838	0.244010928552676	1.18927471747915	1.37079043512192	0.80065322748366	1.44774220594963	1.08872049321769	NA	1.00569502074355	0.417337812098956	0.67040498932838	1.3743461974476	0.249924751708518	NA	NA	0.852561316877026	NA
0.455372454578197	0.899918589410918	NA	1.14101875040378	0.860144845746703	0.991107631814499	0.854481241787693	1.26233730721383	NA	NA	1.08346453139004	1.17852597805509	1.26656014445259	1.1734859418912	1.02778294726574	NA	1.50790133356446	1.36864712006945	1.18162631063765	NA	1.59027581460278	1.27217949173357	0.896290010745118	0.68670299990948	NA	NA	0.664970090689722	0.602127530809043	NA	NA	NA	0.275267161970939	0.364463818760383	0.622479583548331	0.43680854351486	0.170715109349608	NA	0.661597171831514	NA	0.574123757370288
1.29152921497594	NA	NA	NA	NA	1.05234398511379	0.97906832369758	0.781295328488081	0.752142987446383	0.543212642592195	0.570054202138737	1.04171073192645	NA	0.842790706350367	0.69574563824639	0.53938638893173	0.435792417240066	0.263638280409465	0.409186451349693	0.345498976292992	0.606003307099409	0.212573822492292	0.29901045524828	NA	NA	0.669487415132207	0.414601101867342	NA	0.865958420456458	1.12108597594087	0.435388917916388	0.456146829545027	NA	0.585643534628844	NA	NA	NA	0.613090149457608	0.716364630330619	NA
NA	NA	NA	NA	NA	NA	NA	NA	1.16250837935137	NA	1.27272636476148	0.760033475795622	NA	1.24205494599577	NA	0.573110555127307	0.827678034766697	0.654849794523803	0.906942771297851	1.17723529907298	0.889209464132677	0.513279410472974	0.783076499651298	0.781787782497642	NA	NA	NA	0.177283699150282	0.55702851476307	0.527680751157703	NA	0.842824698034153	1.15712102874154	NA	NA	0.417676779838056	NA	0.451220634291999	0.506284976785968	0.386856511337452
1.93226660360315	1.84691770556258	2.09290282955565	2.00493296048429	2.08325332994105	2.16777536136468	2.10370073320107	2.10186109084307	2.06585287369986	NA	1.85322224312933	2.18491860783697	2.71650324376057	NA	2.49974927403743	NA	NA	NA	2.27531298545871	1.66371088979599	NA	1.39289650336231	1.08058874440135	1.18208577304432	1.13886323967793	0.619741291765601	NA	0.915826436605556	1.22253890220275	0.889215390661968	NA	0.892235120024149	0.438882439995328	0.493876470647338	0.353019673770426	0.421804187660368	NA	NA	0.518292149907293	0.798791171925551
NA	NA	NA	NA	NA	NA	NA	NA	NA	NA	NA	NA	NA	NA	NA	NA	NA	NA	NA	NA	NA	NA	NA	NA	NA	NA	NA	NA	NA	NA	NA	NA	NA	NA	NA	NA	NA	NA	NA	NA
NA	0.755870962124052	1.36929270769553	NA	NA	NA	NA	1.20850928770584	0.444037306898035	NA	0.8474708800416	NA	NA	1.06825132439942	NA	NA	NA	1.15785402486973	1.33518296839092	NA	NA	0.965702278538306	NA	NA	0.642699672786259	NA	NA	NA	NA	NA	NA	NA	NA	NA	0.657102207444742	0.687435685116058	NA	NA	NA	NA
NA	NA	NA	NA	NA	NA	NA	NA	NA	NA	NA	NA	NA	NA	NA	NA	NA	NA	NA	NA	NA	NA	NA	NA	NA	NA	NA	NA	NA	NA	NA	NA	NA	NA	NA	NA	NA	NA	NA	NA
NA	NA	NA	0.859727424458393	NA	0.188160570022366	NA	NA	0.661768557980715	NA	NA	0.590931850993965	NA	0.260686517168787	0.345888560172797	NA	NA	0.286809802099255	NA	NA	NA	0.639759171363082	NA	0.701978505175301	0.616586903172686	NA	NA	0.678425005263124	NA	0.239325111102108	NA	0.611727323445467	NA	0.260290903009724	NA	0.465082569379357	NA	NA	0.403251108790692	0.465093263506895
NA	NA	NA	NA	NA	NA	NA	NA	NA	NA	NA	NA	NA	NA	NA	NA	NA	NA	NA	NA	NA	NA	NA	NA	NA	NA	NA	NA	NA	NA	NA	NA	NA	NA	NA	NA	NA	NA	NA	NA
NA	NA	NA	NA	NA	NA	NA	NA	NA	NA	NA	NA	NA	1.66023098196174	NA	1.43126427880831	1.48648484482619	NA	NA	1.17233771246391	1.0284431654443	NA	1.52486072423119	1.19207145054302	1.40865989652818	1.23285488285517	1.31755548988821	NA	NA	1.15380295780675	0.5315732240794	NA	NA	NA	NA	NA	NA	NA	1.63116945879733	NA
NA	NA	NA	NA	NA	NA	NA	NA	NA	NA	NA	NA	NA	1.31585821658183	NA	NA	1.63377666884534	NA	1.02845509715568	NA	NA	NA	NA	NA	NA	NA	NA	NA	0.654631182236094	NA	NA	0.778834746773307	1.05000739159028	1.19537270742957	1.34834017219099	1.08996180243846	NA	0.808603120132433	1.04051739207804	0.85689794515449
NA	NA	NA	NA	NA	NA	NA	NA	NA	NA	NA	NA	NA	NA	NA	NA	NA	NA	NA	NA	NA	NA	NA	NA	NA	NA	NA	NA	NA	NA	NA	NA	NA	NA	NA	NA	NA	NA	NA	NA
NA	NA	1.76503521010483	NA	NA	NA	1.2823951290453	1.6080556882375	NA	NA	NA	1.1467646169302	NA	NA	1.06086257078225	NA	NA	1.43726496471814	1.31006819841417	NA	NA	1.64330059325321	1.65163773052121	1.35317977380415	NA	NA	NA	NA	NA	NA	1.59367924525015	1.44243119782879	1.33859848656499	NA	NA	0.534968682074803	NA	0.445755327249672	0.762440317761287	0.463238491239173
NA	NA	NA	NA	NA	NA	NA	NA	NA	NA	NA	NA	NA	NA	NA	NA	NA	NA	NA	NA	NA	NA	NA	NA	NA	NA	NA	NA	NA	NA	NA	NA	NA	NA	NA	NA	NA	NA	NA	NA
1.36078529864209	NA	NA	0.800004895158265	NA	2.05059940652211	NA	0.506184605058722	0.560536226398741	0.653299328462163	NA	1.49550583986158	NA	0.328265767912031	0.301819002255941	0.755055255319987	NA	0.636734183910051	NA	NA	1.47975573688671	NA	0.509664022788015	0.8816536036783	NA	NA	0.385042154445697	1.97607616964243	NA	NA	NA	0.424126636253564	NA	0.984762700007967	0.125537009857044	NA	NA	NA	NA	0.622248583531365
1.4391746266971	0.708752105033873	1.24606759755461	0.715489260097398	0.868106932043784	0.736870918093884	0.702089956861435	0.434260764775461	0.564981883178247	0.675043801878558	NA	0.458634901330361	0.958950783286729	1.0545358063815	0.942162837303831	0.351821140750351	1.21076203992815	0.697315138854955	0.256149144950229	0.233516618703783	0.751993108002206	0.555551033201733	1.1342654065453	1.14080052847369	0.723904364687173	0.532651483443569	0.983795232769565	NA	0.378681896607556	1.32899175483188	0.246413536816686	0.770358217690557	0.876029776232837	0.845969712395166	NA	0.988194610755214	NA	0.911410415584576	1.1574947425349	0.993083028035092
NA	1.96735378468623	NA	NA	NA	NA	NA	2.55837547759648	NA	NA	NA	1.48328010954959	1.95030463497952	1.72395911710012	1.55646502807431	NA	1.60348899242349	1.64621640938588	NA	NA	NA	1.88071596570129	1.7948631395886	NA	1.71343507676309	1.49035521739904	NA	NA	1.51090448283187	NA	0.888337398259547	0.686329600768222	NA	0.572739263419464	NA	NA	NA	0.292869455650248	NA	0.168010456681541
NA	1.36597628029511	1.14757822142562	1.25679000536286	NA	NA	NA	NA	1.43160571960552	NA	1.40109275087504	1.38749482250617	1.0949556350922	1.149429140604	1.4970959585796	1.06071470133966	0.959096094197391	0.956355810414382	NA	1.13883370930051	1.10861792468078	1.05400398832941	0.820121755839342	0.509433063961901	0.424470068875124	0.305693711399946	0.338178177611561	0.519382987089806	0.63745711300084	0.356320890206605	0.307423378393029	0.557367821242818	0.322384663360113	0.721002337415146	0.443806541557275	NA	NA	0.125756300347662	0.202079310519049	0.657484399390122
NA	NA	NA	NA	NA	NA	NA	NA	NA	NA	NA	NA	NA	NA	NA	NA	NA	NA	NA	NA	NA	NA	NA	NA	NA	NA	NA	NA	NA	NA	NA	NA	NA	NA	NA	NA	NA	NA	NA	NA
NA	NA	NA	NA	NA	NA	NA	NA	NA	NA	NA	NA	NA	NA	NA	NA	NA	NA	NA	NA	NA	NA	NA	NA	NA	NA	NA	NA	NA	NA	NA	NA	NA	NA	NA	NA	NA	NA	NA	NA
NA	NA	NA	NA	NA	NA	NA	NA	NA	NA	NA	NA	NA	NA	NA	1.92421231543826	NA	NA	NA	NA	NA	0.674878480264737	0.764746584743957	0.70711746277652	0.722918277353201	0.895425414659604	NA	NA	0.192040780329607	NA	NA	0.789019525163707	0.234634189506139	0.560345652746032	1.23179391091123	0.5114630628166	NA	0.427533464950398	1.17356348380269	NA
NA	1.32941593823226	NA	1.44440023044167	NA	1.56081285705125	1.45209878240632	NA	1.79994588172789	1.68222843804873	NA	1.20522933187749	NA	NA	0.18904955810965	0.349177432543371	NA	0.885820558603884	NA	0.609528136964215	1.06663850898615	0.858397854869525	0.944335423582428	0.865463204822428	0.861472991729558	1.07146627933217	1.09134766110021	1.00831634153808	0.315373959672534	NA	NA	NA	0.936544155204823	0.853402495473757	0.626968512499552	NA	NA	0.346747720379852	0.208156118526583	0.285851913210294
NA	0.544963618628739	0.33242215926286	NA	NA	1.22175666789356	NA	NA	NA	1.12906764735844	1.37308872447202	1.12833180552022	NA	NA	NA	0.882853545665735	0.918633712019898	NA	1.3440715405531	NA	1.81804758849869	1.33764454960472	1.11563439374142	0.574792291921366	1.08062443498209	NA	NA	NA	NA	NA	0.772768189378115	NA	NA	NA	0.377928072457479	NA	NA	NA	0.682403617753167	0.285896808162895
NA	NA	NA	NA	NA	0.784102209171145	0.916998830363519	1.02900774971983	0.695074827502391	NA	1.49930729218441	NA	NA	1.45384802842713	NA	1.07724798553139	1.11584585554783	1.06953124793354	1.19479741258436	NA	0.909696141736285	0.91990299127008	0.905785205556828	0.823320628483164	NA	0.965038247330724	NA	0.601299119721081	NA	1.27537661665268	NA	0.373666576992952	NA	0.417165469605736	1.07492313366674	0.604106755901063	NA	0.23528695578483	0.682788868144687	0.557217312927986
NA	0.850227574090506	NA	NA	NA	NA	NA	NA	NA	NA	1.04656298178847	1.09243075569126	1.28810622824467	1.13228262876623	NA	1.70492765978092	NA	1.13207221896584	0.782865778269486	0.683517219437411	0.764498119486911	0.473513945633976	NA	0.727738542842983	1.0270552228795	NA	NA	NA	0.28299931458463	0.169063866506021	NA	0.469186583615864	NA	0.873103459691936	NA	NA	NA	1.11914859537269	0.464023515624714	NA
NA	NA	NA	NA	NA	NA	NA	NA	NA	NA	NA	NA	NA	NA	NA	NA	NA	NA	NA	NA	NA	NA	NA	NA	NA	NA	NA	NA	NA	NA	NA	NA	NA	NA	NA	NA	NA	NA	NA	NA
NA	NA	NA	NA	NA	NA	NA	NA	NA	NA	NA	NA	NA	NA	NA	NA	NA	NA	NA	NA	NA	NA	NA	NA	NA	NA	NA	NA	NA	NA	NA	NA	NA	NA	NA	NA	NA	NA	NA	NA
NA	NA	NA	NA	NA	1.3833189944721	NA	0.913700709949947	NA	NA	0.762458749117934	NA	0.534543654603172	NA	NA	NA	NA	1.94305287350656	NA	1.31737449250214	1.69013993797338	1.20743865495005	1.2756292377712	0.943831300231844	NA	NA	NA	NA	NA	NA	NA	NA	0.258584751357026	0.664921703093636	NA	NA	NA	0.474508488956426	0.973612317049399	0.273743762034974
NA	1.00098207934239	NA	0.754323383387346	NA	0.768699499931302	1.29981463167699	NA	NA	1.21475009237177	1.08090374273437	NA	0.762983310251661	0.659289782228534	0.810030945926702	NA	0.658130601377629	0.826392455928594	0.0829620974258048	0.628837854820336	0.610613126509534	1.16220501363196	0.738735282329021	0.406136350790877	0.447742080351777	0.608360550945705	NA	NA	0.998871010424251	NA	NA	NA	0.371983486412427	NA	0.20475132967007	0.375938837639015	NA	NA	NA	0.52546923623018
NA	NA	NA	NA	NA	NA	NA	NA	NA	NA	NA	NA	NA	NA	NA	NA	NA	NA	NA	NA	NA	NA	NA	NA	NA	NA	NA	NA	NA	NA	NA	NA	NA	NA	NA	NA	NA	NA	NA	NA
NA	NA	1.24390152540965	NA	1.02441456746605	1.27248642096246	1.49779625567014	NA	NA	NA	NA	1.42155743794577	NA	NA	NA	NA	NA	NA	0.470689013508964	0.501554594956993	1.14713111742052	0.509822644293961	0.34048733392887	0.787972279030965	NA	NA	NA	1.20789994194875	0.767049952205783	0.817171688873234	0.555983282056428	0.516951715360575	NA	NA	0.556175333195812	NA	NA	NA	0.571669142853399	0.350099586130409
1.03450791083938	1.26331267154654	NA	NA	NA	0.743285825853202	NA	0.831547243113242	0.617943853039381	NA	0.506187128610017	NA	NA	0.971565548223888	NA	NA	0.309527570019669	NA	0.35633016743571	NA	NA	0.380203323582378	NA	0.122505946291468	NA	NA	0.371163958737247	0.533100783736192	0.7561651700931	1.33139498580884	0.87705416739908	0.775360223803658	NA	0.856049770290885	NA	0.467905461174769	NA	0.421644174039922	0.701516203643353	0.186960864362807
NA	NA	NA	0.447173997170824	1.55555365053298	2.0201155538358	NA	2.11307588527231	1.94970366274407	1.48759664389572	0.308591645252302	2.56515860463963	NA	NA	NA	NA	1.81664260817763	2.01314141460481	1.76855062627919	2.01990345842544	0.589934431991986	2.19558020780192	0.341794949382221	NA	1.91560991128299	0.71481997306774	0.861009638536753	0.474343286574519	NA	1.30103205534812	1.69640343892602	NA	1.69231776110519	0.767778803501497	0.553244808337335	NA	NA	1.38206558178968	2.14267147108286	1.52190833266508
NA	NA	0.943940646518286	NA	1.08480678220858	0.257798380945988	NA	0.415557981803183	NA	NA	0.896368231101112	0.683819274064849	0.528803224581919	NA	0.528498649707355	0.327172784983076	0.294428971503001	NA	NA	0.424653869457974	NA	0.713503873278613	1.17192475389136	0.535936712274367	0.708999903207583	0.462234767868113	0.200415553569109	NA	NA	0.289603836030303	NA	0.581444714101235	0.666279819792406	0.736014961787739	0.343579465420629	0.187627833367082	NA	0.717603389483496	NA	0.973512514185582
NA	NA	NA	NA	1.33562061389589	1.30560846187156	NA	NA	NA	NA	0.461882514931489	0.981470581187147	0.645791285739737	1.82284509252893	1.30946525321954	NA	NA	0.697903056021948	NA	1.7368381646121	0.700192380327059	NA	1.36687176282072	1.12465564374961	NA	NA	NA	NA	NA	NA	0.745483476003714	0.555918587853452	0.755368664941973	0.664495000677082	0.548901202043798	0.335285383710306	NA	NA	0.508195922269261	1.25805634761292
1.4776069365714	NA	NA	NA	1.10936570795178	NA	0.18439154193469	NA	NA	1.64679157921023	NA	NA	NA	NA	NA	NA	NA	NA	NA	NA	0.522089843258991	NA	0.97287341841109	0.815447535022426	0.623696137226956	NA	2.23644990283121	0.873925640495635	0.80878828925035	0.402226108569171	NA	0.437195247985396	0.578667170939725	NA	0.463126725040949	NA	NA	0.229218239021443	0.145318616210582	NA
NA	NA	NA	NA	NA	NA	NA	NA	NA	NA	NA	NA	NA	NA	NA	NA	NA	NA	NA	NA	NA	NA	NA	NA	NA	NA	NA	NA	NA	NA	NA	NA	NA	NA	NA	NA	NA	NA	NA	NA
NA	NA	NA	NA	1.05246391010428	1.16006599206699	1.50013017397552	1.14092096304915	0.919877822710267	NA	NA	1.86066722931802	NA	1.71709403915846	2.00761364450063	1.60104350469997	2.06026835211095	1.8077633565265	2.11757114997391	1.56889925297829	NA	1.22949433439476	1.97738643398037	NA	1.66087030640128	1.66985240342764	1.31135124818929	NA	1.65374001675596	1.56605037633911	1.67446432565178	1.38346039085889	1.68553383154751	1.31114813955735	1.82797418881759	1.87780335203519	NA	1.63934393470673	2.16602437372951	2.30520179118788
NA	NA	NA	NA	NA	NA	NA	NA	NA	NA	NA	NA	NA	NA	NA	NA	NA	NA	NA	NA	NA	NA	NA	NA	NA	NA	NA	NA	NA	NA	NA	NA	NA	NA	NA	NA	NA	NA	NA	NA
0.813510864783597	NA	NA	1.75828782248937	NA	NA	NA	0.439198392513282	0.358822693436914	NA	0.558070803662208	0.867049350477118	NA	NA	0.840773390082719	NA	0.608662910025562	NA	0.639185387116198	NA	0.715295841396448	NA	0.193126498749887	0.676275532730896	0.970903471389679	0.913406562721201	NA	1.00361805234297	0.708437325297183	NA	0.987920355867525	NA	0.966850519611514	NA	0.700012585271361	0.89761236068297	NA	0.491202996932328	0.56138233732413	NA
NA	NA	NA	NA	NA	NA	NA	NA	NA	NA	NA	NA	NA	NA	NA	NA	NA	NA	NA	NA	NA	NA	NA	NA	NA	NA	NA	NA	NA	NA	NA	NA	NA	NA	NA	NA	NA	NA	NA	NA
NA	0.579182779945445	NA	0.499833101898432	NA	NA	0.797235750709685	0.68477243966409	NA	NA	NA	0.645997889757686	NA	NA	NA	0.801901331578527	NA	NA	NA	NA	0.582663368974395	NA	NA	0.557287680348255	1.17587736170517	0.669882977104886	NA	0.724448803837375	0.675522647152301	0.54650211061395	0.57685048704033	0.713393602657319	NA	0.747989869279454	0.426981116366113	0.431334307597533	NA	0.327580413713201	0.367490723894045	NA
NA	NA	NA	NA	NA	NA	NA	NA	NA	NA	NA	NA	NA	NA	NA	NA	NA	NA	NA	NA	NA	NA	NA	NA	NA	NA	NA	NA	NA	NA	NA	NA	NA	NA	NA	NA	NA	NA	NA	NA
0.84259283437795	NA	NA	NA	NA	NA	NA	NA	NA	1.2593655251531	NA	NA	NA	NA	NA	NA	NA	NA	NA	NA	0.783799738223307	NA	0.486041721388328	NA	NA	NA	NA	NA	0.471337864404238	NA	NA	NA	NA	NA	NA	NA	NA	NA	NA	NA
NA	NA	NA	NA	NA	NA	NA	NA	NA	NA	NA	NA	NA	NA	1.2989864686904	1.33861084377173	1.59005034052814	NA	NA	0.698488109894516	1.07967729993638	1.307809027161	1.36797014970417	NA	1.18237071516703	NA	1.34761394369181	1.21152907815174	0.869633649777714	NA	NA	NA	0.64862303299406	NA	NA	NA	NA	NA	NA	NA
0.752556155832397	NA	NA	0.353150009828101	NA	NA	NA	NA	NA	NA	NA	NA	NA	0.921822006798976	0.593127616062787	NA	NA	NA	NA	0.434047244811733	NA	0.51711820000532	NA	0.288060172222863	0.542039452905009	0.67408682601188	NA	NA	0.507869912282683	NA	0.993695803532157	NA	0.406641795155199	NA	0.744699199843978	NA	NA	0.0812172074292609	NA	NA
NA	NA	NA	NA	NA	NA	NA	NA	NA	NA	NA	NA	NA	NA	NA	NA	NA	NA	NA	NA	NA	NA	NA	NA	NA	NA	NA	NA	NA	NA	NA	NA	NA	NA	NA	NA	NA	NA	NA	NA
NA	NA	NA	NA	NA	NA	NA	NA	NA	NA	NA	1.67176978027555	NA	NA	NA	NA	NA	NA	1.30819106594727	1.32335797097815	NA	NA	NA	NA	NA	NA	NA	NA	1.07563395902435	NA	0.820628999167982	0.803629420077143	0.831625105272522	NA	0.374850022135957	1.02369361678129	NA	NA	0.486648008292728	NA
1.49593488656919	1.24195812399587	1.18149568164732	1.41508655732225	NA	NA	2.01411619167419	1.03666222478191	0.621499382981728	1.50289427795412	1.61991701130778	0.951184370278574	0.836675521879484	0.723368850262592	NA	0.461081525400963	NA	NA	1.66127068546801	0.509404265210924	2.12596683413617	1.59598167282122	0.76529985432723	0.79867975639831	0.951644355281014	0.55350131301285	NA	0.45328015361225	NA	0.298849055664578	0.325958728186738	0.302771565173467	0.420481092869882	0.553907728672527	NA	0.570735648446605	NA	0.150064253926613	0.213348068738019	0.111272408494944
NA	NA	NA	NA	NA	NA	NA	NA	NA	NA	NA	NA	NA	NA	NA	NA	NA	NA	NA	NA	NA	NA	NA	NA	NA	NA	NA	NA	NA	NA	NA	NA	NA	NA	NA	NA	NA	NA	NA	NA
NA	NA	0.674460397009608	NA	NA	0.445498229955976	0.785068851802327	0.539221220051967	0.297348586929257	0.263616859791118	NA	0.224130734278378	NA	0.379577782309876	0.355887592130211	NA	0.526686650860398	0.651637669356886	NA	NA	0.779126150593287	0.973759210163886	NA	NA	0.740224037190956	NA	NA	NA	NA	NA	NA	NA	0.503901326466367	NA	NA	NA	NA	NA	0.224660294803208	NA
NA	NA	NA	NA	1.02105251122178	1.15683978425873	0.824461150100524	0.765233053766062	NA	0.769191743100113	NA	NA	NA	1.10159764841888	NA	NA	NA	NA	NA	NA	NA	NA	NA	0.17059425323885	0.45084932958649	NA	NA	0.819636174999638	0.592011182052697	0.697833535899999	NA	0.303248213550067	0.560361113505222	0.312417473203979	0.569383045273261	NA	NA	NA	0.498219262122461	0.895810335384441
NA	NA	NA	NA	NA	NA	NA	NA	NA	NA	NA	NA	NA	NA	NA	NA	NA	NA	NA	NA	NA	NA	NA	NA	NA	NA	NA	NA	NA	NA	NA	NA	NA	NA	NA	NA	NA	NA	NA	NA
NA	NA	NA	NA	NA	NA	NA	NA	NA	NA	NA	NA	NA	NA	NA	NA	NA	NA	NA	NA	NA	NA	NA	NA	NA	NA	NA	NA	NA	NA	NA	NA	NA	NA	NA	NA	NA	NA	NA	NA
0.918556294897233	NA	NA	1.54386792093475	1.58113585142497	1.06172866439235	0.974367811996412	1.08392622584866	0.419887802902924	1.0471469634066	NA	NA	1.54533572097121	NA	1.82253085769166	0.687345022892688	1.06812129309722	NA	NA	0.807563243410824	NA	0.817105583052577	0.589649918597353	0.310360470509782	0.575833856186914	NA	NA	NA	NA	0.385997315058606	NA	0.422556283380565	0.631047758660608	0.558086165903491	NA	NA	NA	0.445581142046011	NA	0.738243868351432
NA	NA	NA	NA	NA	NA	NA	NA	NA	NA	NA	NA	NA	NA	NA	NA	NA	NA	NA	NA	NA	NA	NA	NA	NA	NA	NA	NA	NA	NA	NA	NA	NA	NA	NA	NA	NA	NA	NA	NA
NA	NA	NA	NA	NA	NA	NA	NA	NA	1.14712799148997	NA	1.46835205508315	1.81662509569987	NA	1.97655619946176	NA	1.69805176962346	1.66529681065776	NA	NA	NA	NA	NA	NA	NA	NA	0.898607693489099	NA	NA	NA	NA	NA	NA	NA	NA	NA	NA	NA	NA	NA
NA	NA	NA	NA	0.288944222752066	NA	NA	NA	0.614821736064559	0.711772586440993	0.65285614488602	0.825074066930137	1.08799983994483	0.791302332325047	1.10939027633922	0.901322167308714	1.05916346067055	NA	NA	0.956704030282971	NA	NA	NA	NA	NA	NA	NA	NA	NA	NA	NA	0.873185377412175	NA	NA	NA	NA	NA	NA	NA	NA
NA	NA	NA	NA	NA	NA	NA	NA	1.57636920473469	NA	NA	NA	NA	NA	NA	NA	0.97697346950266	0.902911686390757	NA	NA	NA	1.95276340951243	NA	NA	NA	NA	NA	NA	0.76399634548994	NA	NA	NA	NA	0.415161130994533	0.53056027109379	NA	NA	NA	NA	NA
NA	NA	NA	NA	NA	NA	NA	NA	NA	NA	NA	NA	NA	NA	NA	NA	NA	NA	NA	NA	NA	NA	NA	NA	NA	NA	NA	NA	NA	NA	NA	NA	NA	NA	NA	NA	NA	NA	NA	NA
NA	NA	NA	NA	NA	NA	NA	NA	NA	NA	NA	NA	NA	NA	NA	NA	NA	NA	NA	NA	NA	NA	NA	NA	NA	NA	NA	NA	NA	NA	NA	NA	NA	NA	NA	NA	NA	NA	NA	NA
NA	NA	NA	NA	NA	NA	NA	NA	NA	NA	NA	NA	NA	NA	NA	NA	NA	NA	NA	NA	NA	NA	NA	NA	NA	NA	NA	NA	NA	NA	NA	NA	NA	NA	NA	NA	NA	NA	NA	NA
NA	NA	NA	NA	NA	NA	NA	NA	NA	NA	NA	NA	NA	NA	NA	NA	NA	NA	NA	NA	NA	NA	NA	NA	NA	NA	NA	NA	NA	NA	NA	NA	NA	NA	NA	NA	NA	NA	NA	NA
1.96712683634215	1.47647511753761	1.4810114493478	NA	1.79908252036453	1.67804281978589	1.93312363620645	1.70110141086165	1.72042019053864	1.65414414630234	1.78589810821453	1.73539275945341	1.37642724832065	1.99968044343948	1.83886236700947	2.08769126224147	1.77551715656783	1.72478420745915	NA	1.89722179399328	1.518611056969	NA	NA	1.75362319062746	NA	NA	NA	1.95424982903464	1.92309424850057	0.602800648545763	NA	NA	1.05338821166152	NA	0.651913347926232	0.355964520278544	NA	0.417433302983442	0.439178515788745	0.740487695646779
0.964604014605985	NA	NA	NA	1.1699409081926	0.825203491720583	0.957161826948287	NA	1.07266596651068	1.2679793259907	NA	NA	NA	1.0267507957856	0.94193595880553	NA	1.04178928980351	NA	NA	NA	1.6852111221384	NA	0.868686981415917	NA	NA	1.09992180259077	NA	NA	1.53276944672548	NA	NA	0.562787147498023	0.738784592019278	NA	NA	NA	NA	0.496208925909505	0.919115821483466	0.822385319371615
NA	NA	NA	NA	NA	NA	NA	NA	NA	NA	NA	NA	NA	NA	NA	NA	NA	NA	NA	NA	NA	NA	NA	NA	NA	NA	NA	NA	NA	NA	NA	NA	NA	NA	NA	NA	NA	NA	NA	NA
1.47963394603906	1.32741602069178	2.10505443086537	1.68324184124668	1.60226700900666	1.00670778058545	1.38949301100707	0.925001558485695	1.04592078711742	1.05704163115459	1.13396946550048	0.610273309431732	0.992918306039656	NA	0.877444249283696	1.10656135955313	1.16922462500566	1.13971189098166	1.89561434343797	NA	1.72285747793117	1.08594932437941	NA	NA	NA	0.900072702700782	0.633703653102629	NA	0.785600785762391	0.984416459947244	NA	0.66817546905314	NA	NA	NA	NA	NA	NA	NA	0.412254504373441
NA	NA	NA	NA	NA	NA	NA	NA	NA	NA	NA	NA	NA	NA	NA	NA	NA	NA	NA	NA	NA	NA	NA	NA	NA	NA	NA	NA	NA	NA	NA	NA	NA	NA	NA	NA	NA	NA	NA	NA
1.64462053334364	1.58216778821971	NA	NA	NA	NA	NA	1.15537844862027	NA	NA	NA	NA	NA	NA	NA	NA	NA	NA	NA	NA	NA	NA	NA	NA	1.03924473582779	NA	NA	NA	NA	0.670383710778811	NA	NA	NA	NA	NA	NA	NA	NA	NA	0.17052889125082
1.12493245052534	NA	NA	NA	NA	0.155347093574867	NA	0.411647320832948	0.227972011941612	NA	NA	NA	NA	1.74643599505741	NA	1.22871137282353	NA	1.74064077245762	NA	NA	NA	1.75015001076326	NA	0.288215580039957	0.471375365534951	0.445311413360629	0.376983013887083	0.502862188605482	NA	NA	NA	0.358244755524375	0.221763227063738	NA	NA	NA	NA	NA	0.477634253285064	NA
NA	NA	NA	NA	NA	NA	NA	NA	NA	NA	NA	NA	NA	NA	NA	NA	NA	NA	NA	NA	NA	NA	NA	NA	NA	NA	NA	NA	NA	NA	NA	NA	NA	NA	NA	NA	NA	NA	NA	NA
NA	NA	NA	NA	NA	NA	NA	NA	0.878341773582056	1.03115612449553	1.23824478199215	0.645061620527344	NA	0.632471172550375	NA	NA	NA	1.11212086267484	NA	NA	0.683199338490623	0.536243108419966	0.569086453723296	NA	0.932236704811827	0.362955256196009	0.778229694677762	0.770479690919531	0.454569886519189	NA	0.870482311987295	0.551047686957477	0.401734150233564	0.224495052787543	NA	NA	NA	0.702616890902817	NA	0.417348680247121
NA	NA	NA	0.345731659555778	NA	0.78290469638249	NA	NA	NA	NA	NA	NA	1.94733288324609	0.734593419939285	NA	NA	0.62075371174185	0.787439234996297	NA	0.350136235725319	0.70116247258591	0.867532540570029	0.78745220090537	0.513104522874871	NA	0.193067138576386	0.47482136824687	NA	0.442918735099179	NA	NA	0.53797284833255	0.413256256049467	NA	0.475634867886255	0.384707460880428	NA	NA	NA	NA
NA	0.832059179958799	NA	0.96165273059066	NA	0.566589136208919	0.600487576467418	0.449656212327467	NA	NA	0.530911025377125	0.252924544685574	0.38734563209563	0.311585156109076	0.195710659357665	0.350984454287023	0.28513135813192	0.754491880836606	0.852984853024283	0.496666813112924	1.69782038968745	NA	0.549461684562723	0.685587461793098	NA	0.958995758458921	NA	NA	NA	0.552562614594328	0.889342959855397	0.535873596117371	0.565394799637492	NA	NA	NA	NA	NA	0.259779919903153	NA
NA	NA	NA	NA	NA	NA	NA	NA	NA	NA	NA	NA	NA	NA	NA	NA	NA	NA	NA	NA	NA	NA	NA	NA	NA	NA	NA	NA	NA	NA	NA	NA	NA	NA	NA	NA	NA	NA	NA	NA
0.579602644708246	0.409327006433673	0.622395889028886	1.18030410199574	2.60302837053857	2.90444505122155	2.04568006913385	0.454452544510846	2.27516393348407	2.07995489638859	NA	1.00589843671038	1.12079898229017	0.262457284465075	0.47427736046474	1.162307074076	2.78397228040304	1.40166097604716	2.56820098547297	0.792505034713846	0.37501127742654	0.762697596703206	1.8089059117212	0.262418390593275	NA	2.15792258919116	2.53587422238707	0.757886973154074	0.552730679234219	1.86576876387913	0.255209225833749	NA	NA	1.6558092966336	1.88542772330697	NA	NA	NA	0.316104303043618	2.72966808492131
NA	NA	1.45344216835008	NA	NA	NA	1.0036485747008	0.634529523741984	0.726801434792226	0.644928097044427	1.09337161144311	1.21834284508189	1.10366906675642	1.16016465382064	1.01949467661825	0.690775060345838	0.88653996038483	NA	1.0568928708363	1.09022671190748	0.775877697165292	1.43309257316882	1.42259379139994	NA	NA	NA	NA	NA	1.33617218729174	1.41410298065967	NA	1.17155331978768	1.15682818115298	0.852484456077942	NA	NA	NA	1.0650080219475	0.913648934438372	0.717982090196348
NA	NA	NA	NA	NA	NA	NA	NA	NA	NA	NA	NA	NA	NA	NA	NA	NA	NA	NA	NA	NA	NA	NA	NA	NA	NA	NA	NA	NA	NA	NA	NA	NA	NA	NA	NA	NA	NA	NA	NA
NA	NA	NA	NA	NA	NA	NA	NA	NA	NA	NA	NA	NA	NA	NA	NA	NA	NA	NA	NA	NA	NA	NA	NA	NA	NA	NA	NA	NA	NA	NA	NA	NA	NA	NA	NA	NA	NA	NA	NA
NA	NA	NA	NA	NA	0.878146743888024	NA	0.79434300820497	NA	0.925736590046031	0.936539039727532	0.690070709003769	NA	0.299235087705125	0.546974700727198	0.769653118215536	0.61993466484508	0.650926353739176	NA	0.803386926509424	0.919757591421942	0.371632938238895	0.267393558857318	0.596561074527479	NA	0.715267576357852	NA	NA	0.543824821403847	0.743077069191875	NA	NA	0.336794643968971	0.375420507392376	0.413090383692741	0.240761380060595	NA	0.263816350853788	0.35328597958824	NA
NA	NA	NA	NA	NA	NA	NA	NA	NA	NA	NA	NA	NA	NA	NA	NA	NA	NA	NA	NA	NA	NA	NA	NA	NA	NA	NA	NA	NA	NA	NA	NA	NA	NA	NA	NA	NA	NA	NA	NA
0.562562288094009	NA	0.612562689141504	NA	NA	NA	0.441147230481583	0.744279967413977	1.28626795823737	NA	1.09568269640688	0.982046663245491	0.740504966096315	1.02440375938066	NA	NA	0.924420011566767	0.815114461964174	NA	0.930045109303325	0.735523695870695	0.340699892722191	NA	0.637021173265493	0.480180545865495	0.8955646665078	0.62704717349769	0.580276028432865	0.115761157173092	0.747398580375828	NA	1.10662247918336	NA	0.627621895064256	NA	0.442611559044061	NA	NA	NA	0.287685465508349
NA	NA	NA	NA	NA	NA	NA	0.886472704056474	0.957029916967511	NA	0.288827756297273	NA	NA	0.994417629977349	0.897804998231421	0.683729354422333	0.875500835986244	1.05011535027199	0.887038268703304	0.805916731286095	NA	NA	NA	NA	NA	NA	NA	NA	NA	NA	NA	NA	NA	NA	NA	NA	NA	NA	NA	NA
0.552229474108437	0.463244120269447	0.718182154265281	NA	0.451644759305314	0.314399338412834	1.35062521631088	0.243765005969092	0.242413710955912	1.49730796516671	0.614543911782688	0.226970660595672	0.381491803482339	0.316765550320127	0.293320942725377	0.219986581089666	0.33184971571194	0.601722270149285	0.704813699792619	0.389135551357272	0.542019181940215	0.870041440053363	0.648506171200156	1.01630804241026	0.720785618384287	NA	0.941967847320491	0.512417887222148	0.883227465987632	0.552593473900302	NA	1.21688732646607	0.861839737731047	0.338315709867973	0.99311047385597	1.09166789866644	NA	0.612173653451813	0.830111846334601	1.82267460786947
NA	NA	NA	NA	NA	NA	NA	NA	NA	NA	NA	NA	NA	NA	NA	NA	NA	NA	NA	NA	NA	NA	NA	NA	NA	NA	NA	NA	NA	NA	NA	NA	NA	NA	NA	NA	NA	NA	NA	NA
NA	NA	NA	NA	1.2716523150912	0.756528738960738	1.13740919117521	0.743255373945913	NA	NA	0.60792303860592	0.904116800232511	NA	NA	0.634184340286106	0.66195273032115	0.762274578012067	0.687199806741662	NA	0.843004170567398	NA	0.683363157763629	0.696626742659483	NA	NA	NA	NA	0.597193132991733	NA	0.736872630987345	NA	0.668798448642766	0.703415111339467	NA	0.447563168142276	NA	NA	2.05294392036274	0.616402473931833	NA
NA	NA	NA	NA	NA	NA	NA	NA	NA	NA	NA	NA	NA	NA	NA	NA	NA	NA	NA	NA	NA	NA	NA	NA	NA	NA	NA	NA	NA	NA	NA	NA	NA	NA	NA	NA	NA	NA	NA	NA
2.04420237890279	1.39170915286191	1.33372555863715	1.3006600198203	0.924604276881649	NA	1.70078159692899	NA	2.44322853540828	NA	NA	NA	NA	NA	1.58418647267385	NA	1.33601954697359	NA	NA	1.35198906340908	1.5723258617438	1.02064649889074	1.47506338528581	NA	NA	NA	NA	NA	0.67824848906849	NA	0.795888991557943	1.10961136683647	0.860152927476368	1.94725979891765	1.72492704843701	NA	NA	NA	NA	1.43018283636154
NA	NA	NA	NA	NA	1.94337904380796	NA	NA	0.743183713385373	0.612192583919017	NA	1.35840409539526	1.24867994925823	NA	1.33637483586374	NA	1.42828723154503	1.89291003978903	2.03925876052135	NA	1.67150894635401	1.9011856256504	0.530321654832037	0.743475458809982	1.20350207052574	0.730983969835652	0.710696442993187	1.58029051588917	NA	0.522396943084793	NA	1.67493044846291	0.755840151097165	0.315702655837557	1.21119416695976	0.338909927495328	NA	1.53526611160585	1.69398307667746	NA
NA	1.52024680743326	NA	NA	1.19422543707812	1.35663630472282	1.59411031306004	NA	NA	NA	NA	NA	NA	NA	1.46345553356131	1.3182056301895	NA	NA	NA	1.58980606181533	1.27404771873048	1.14935057439141	1.11455289729786	1.7505320338448	1.49873101204167	1.08382239209385	0.515389842982689	NA	0.492629706706883	0.686080615919506	0.719526325087633	1.57282273108309	1.36136708977408	NA	0.496157133101513	NA	NA	0.876256903232583	0.479325897809591	0.470978594088165
NA	NA	NA	NA	1.54046871007698	1.29844817280436	1.29096195413691	1.05550057782437	1.1815153383175	1.25912881902848	1.01808113850031	NA	NA	0.838465836970614	1.2335466356332	NA	1.08179251937219	NA	1.33152918245982	NA	1.1596800754373	1.30602473817811	1.22003700248134	NA	1.29260922998788	1.13769171215364	NA	NA	1.05688743125489	NA	0.901791140034154	0.770391411007858	NA	0.235912772578541	0.349755932963768	0.244393473059965	NA	0.313518267394597	NA	NA
1.83482582932506	1.51770907341547	NA	NA	1.78856963174383	1.75580706790885	NA	NA	1.5261020191664	1.55666572305042	NA	1.02718908230058	NA	1.21109730079132	1.51865250631918	NA	NA	NA	NA	NA	NA	1.02871788830502	0.927203921506744	0.648553621742092	NA	0.593159033988093	NA	1.60605999956983	NA	NA	0.896128236052096	NA	0.768833157258777	NA	0.554201208978703	NA	NA	0.588950248339098	0.694211990387111	1.36559712826697
NA	NA	NA	NA	NA	NA	NA	NA	NA	NA	NA	NA	NA	NA	NA	NA	NA	NA	NA	NA	NA	NA	NA	NA	NA	NA	NA	NA	NA	NA	NA	NA	NA	NA	NA	NA	NA	NA	NA	NA
NA	NA	NA	NA	NA	NA	NA	NA	NA	NA	NA	NA	NA	NA	NA	NA	NA	NA	NA	NA	NA	NA	NA	NA	NA	NA	NA	NA	NA	NA	NA	NA	NA	NA	NA	NA	NA	NA	NA	NA
2.46248768629223	2.50693084862139	2.25721105246262	NA	2.35826601005182	NA	NA	1.75202674492509	2.50026559030347	NA	2.05494098213751	NA	2.50238502404362	NA	NA	1.21254599350111	NA	NA	NA	0.852308712141745	NA	NA	NA	NA	NA	0.669786626063981	NA	0.551153210633734	0.582846861448072	1.13772687157242	0.662954375108167	0.770799173901539	0.798926472340927	NA	NA	1.027252995493	NA	NA	0.505308944211202	NA
1.76414259860406	NA	NA	NA	NA	NA	1.93609444897576	1.49549846447438	NA	1.09529808757064	NA	NA	0.770781845218912	0.813395339428489	NA	0.964445252959303	1.07056061995617	NA	NA	NA	NA	NA	NA	NA	0.663307153757898	NA	NA	NA	NA	NA	NA	NA	0.509528848338127	NA	NA	NA	NA	NA	NA	NA
1.35367775666745	1.30566580375372	1.22037282088436	1.28406506981662	1.29836195154874	NA	2.59402388083666	NA	3.15181273558763	NA	3.16185611221028	2.62954623546726	NA	2.2634585157129	1.89749953838398	NA	NA	NA	1.70205692004574	NA	NA	0.928375820347226	0.626878740890014	1.96189064489278	NA	1.63690391828007	NA	0.585990569121462	1.48562542352818	NA	0.548224629807862	NA	NA	2.17166279295536	2.10949621689242	NA	NA	1.33817959774554	1.83470732138152	2.54273968004066
NA	NA	NA	NA	NA	NA	NA	NA	NA	NA	NA	NA	NA	NA	NA	NA	NA	NA	NA	NA	NA	NA	NA	NA	NA	NA	NA	NA	NA	NA	NA	NA	NA	NA	NA	NA	NA	NA	NA	NA
NA	NA	NA	NA	NA	NA	NA	1.11117326703355	1.16606760216851	NA	NA	NA	NA	0.534759976586513	1.99315270892156	NA	1.16419475452649	1.2168925985556	NA	NA	1.7766583319872	1.29476581853935	0.727228164141123	0.577526500174725	0.353626734191189	0.352396597044511	NA	0.140051351468099	NA	NA	NA	0.51878053039802	NA	NA	NA	NA	NA	0.151753358359767	0.350960139033227	NA
NA	3.03526865094617	NA	NA	NA	1.91132320388412	NA	1.74084571798582	NA	2.67733711433123	2.52388087181486	NA	0.610398094776431	1.00366686726655	1.80559287192438	2.04440836132637	1.90647169763526	1.55030767314024	1.49182649432894	NA	0.765404264986989	1.69455810490563	2.30227216675137	2.06939781872012	1.87504014349567	1.98543189620071	1.88330965335814	1.92174742246251	1.74029942049911	1.95329537715316	2.06153836366802	2.36037694339237	0.620495784192599	0.981712014521588	1.80329595272016	1.73979321238421	NA	2.09165230342735	2.08502798699989	2.40631429019728
NA	NA	NA	NA	NA	NA	NA	NA	NA	NA	NA	NA	NA	NA	NA	NA	NA	NA	NA	NA	NA	NA	NA	NA	NA	NA	NA	NA	NA	NA	NA	NA	NA	NA	NA	NA	NA	NA	NA	NA
NA	NA	NA	NA	NA	NA	NA	NA	NA	NA	NA	NA	NA	NA	NA	NA	NA	NA	NA	NA	NA	NA	NA	NA	NA	NA	NA	NA	NA	NA	NA	NA	NA	NA	NA	NA	NA	NA	NA	NA
NA	1.93872695319452	2.0809761804551	1.68132513269766	1.29326868003746	1.5882399165834	NA	NA	1.23692006870069	NA	NA	1.56370750316338	1.51945833177536	NA	1.3976796703433	1.13158349636177	NA	NA	2.18517190149592	1.54489264571404	1.38127809351791	1.31104126969109	1.14454172564477	1.913617862135	0.846990486777322	1.82337290158495	NA	0.58499165025449	1.6224313597523	NA	1.89354459504809	1.05442822206406	NA	NA	1.86123456648904	1.83384359132847	NA	0.48002362578515	0.220084411375786	0.643448366599941
NA	NA	NA	NA	NA	NA	NA	NA	NA	NA	NA	NA	NA	NA	NA	NA	NA	NA	NA	NA	NA	NA	NA	NA	NA	NA	NA	NA	NA	NA	NA	NA	NA	NA	NA	NA	NA	NA	NA	NA
NA	NA	NA	NA	NA	NA	NA	NA	NA	NA	NA	NA	NA	NA	NA	NA	NA	NA	NA	NA	NA	NA	NA	NA	NA	NA	NA	NA	NA	NA	NA	NA	NA	NA	NA	NA	NA	NA	NA	NA
NA	NA	NA	NA	NA	NA	NA	NA	NA	NA	NA	NA	NA	NA	NA	NA	NA	NA	NA	NA	NA	NA	NA	NA	NA	NA	NA	NA	NA	NA	NA	NA	NA	NA	NA	NA	NA	NA	NA	NA
NA	NA	NA	NA	NA	0.483899839777781	NA	1.04744464955441	0.638844416610985	0.535166264866145	0.447204657747507	0.768408266899809	NA	0.829533874867782	NA	1.33919119775036	0.895401157050925	0.824429135018713	0.516756979928644	0.796097796861428	NA	0.735016927519147	NA	NA	NA	NA	NA	NA	NA	1.05887522106463	NA	0.857249455393672	NA	NA	NA	NA	NA	NA	0.84296506718762	NA
NA	NA	1.86568627216924	NA	2.26534523493798	NA	NA	NA	2.15133293781505	NA	NA	1.9693286170063	2.10139414391254	NA	1.4748351875109	NA	0.913876040110697	0.859597613890221	NA	NA	NA	NA	0.478073410051537	0.463718959220789	0.543574490313932	NA	0.555753345511778	NA	NA	1.37453272868644	0.671308988060039	0.549303345177329	0.956427986758355	0.676239481825645	0.798629809776118	0.160550157772176	NA	0.294185993393688	0.611014700427697	NA
NA	1.38052961937837	1.97674701895254	1.28800297321916	NA	NA	1.91285931789488	NA	NA	NA	0.861316433730938	1.48244766579415	1.41675982119364	1.71984760862261	1.68028726166078	NA	1.17126531544294	1.25707693894205	0.76757244451033	1.09101296983924	0.828855174101369	0.748682244971386	1.00325335038704	1.08589818802085	1.68169258822271	1.48683504986014	1.09114609673828	1.19251651387762	NA	NA	NA	1.37120396966423	1.26638442117508	0.994482759731926	0.574680513747035	0.664586487350686	NA	0.413572400497402	0.616584504350412	0.574089830329257
NA	NA	NA	NA	NA	NA	NA	NA	NA	NA	NA	NA	NA	NA	NA	NA	NA	NA	NA	NA	NA	NA	NA	NA	NA	NA	NA	NA	NA	NA	NA	NA	NA	NA	NA	NA	NA	NA	NA	NA
0.82604234864395	NA	NA	NA	NA	1.66183956015032	1.88725417248277	1.5171701000356	1.40380029757319	NA	1.52931155742198	NA	2.46091624420692	NA	2.38172803787383	3.0446378223266	2.35203019750286	1.97808948647285	NA	NA	0.29591917665099	NA	0.701626004536245	NA	NA	2.28524483252816	1.13556010356342	NA	NA	2.26249639783288	NA	NA	NA	NA	0.294071556173049	NA	NA	0.649539858608965	0.770340575357581	NA
NA	0.865521509428563	NA	1.20372661102026	1.43791287612143	NA	NA	0.808918250446676	0.999639724908064	NA	NA	1.61468087018815	NA	NA	1.96274192131644	1.63608846612866	1.18901820306594	NA	0.847480506460066	NA	NA	0.937620807949614	1.38108781193675	NA	1.13587592113179	0.857658717093647	1.04132795336474	0.903044366437535	0.878524510843305	NA	NA	0.854620032902329	0.361252227034943	0.392858673983175	1.39043437037956	1.20650637645827	NA	0.524352182068701	1.04421252879873	1.37274200078694
1.11289112298343	NA	NA	NA	NA	NA	NA	NA	NA	NA	NA	1.37980816378642	2.06086893953038	2.03750160913181	NA	1.90043556636557	NA	1.71193375381147	NA	NA	NA	NA	0.549220728937854	NA	NA	NA	NA	1.14811423937037	1.39738254679606	1.03630008343712	1.24496683264498	NA	1.62512959316587	NA	0.780007055388867	0.65077775266325	NA	1.06046519741949	NA	NA
NA	1.14271411830031	1.29551117682608	NA	NA	NA	0.462078172589939	NA	1.61852163357786	0.629726034802007	0.799353942930327	0.695396295133693	0.739293246809885	0.730677463992581	NA	NA	1.14672389371253	0.928994577766589	NA	0.746023784904826	0.631944829443149	0.585621063007931	0.254458196501462	0.361622385332879	NA	0.381120201084855	0.361409932941055	0.660838734444102	NA	0.259234496484249	NA	0.418826265551836	0.337144390879345	0.282845191714531	0.150712720448379	NA	NA	0.562951853211334	0.325339574620019	NA
1.16311194617247	0.907996466914212	0.855433300448234	NA	0.852922961546952	NA	0.475427326063316	NA	NA	NA	NA	NA	NA	0.923136666568922	NA	NA	1.46353702945095	1.01680311412143	1.14575786584416	NA	0.490912068803948	0.381128997746469	0.633401481636674	0.745378357378518	1.19556211568206	0.926401963426596	1.03212462737845	NA	NA	1.05390492402238	1.64873769353859	0.697389376719051	1.56662426896103	1.44391152981317	1.56754428789216	0.702232784070383	NA	0.724421796744133	NA	0.611925284019345
NA	NA	NA	NA	NA	NA	NA	NA	NA	NA	NA	NA	NA	NA	NA	NA	NA	NA	NA	NA	NA	NA	NA	NA	NA	NA	NA	NA	NA	NA	NA	NA	NA	NA	NA	NA	NA	NA	NA	NA
NA	NA	NA	NA	NA	NA	NA	NA	NA	NA	NA	NA	NA	NA	NA	NA	NA	NA	NA	NA	NA	NA	NA	NA	NA	NA	NA	NA	NA	NA	NA	NA	NA	NA	NA	NA	NA	NA	NA	NA
2.02213238317951	NA	NA	2.24364778518502	2.27394594796818	NA	NA	NA	1.66854868703979	NA	1.83888947945922	1.88059009676903	2.01750751274451	2.90331888761096	1.75283176875598	2.04271384585661	2.21962555877445	1.57861701745236	1.90880176051541	1.85888776287048	2.15578990938073	2.26317461861823	0.826937860885538	2.74100229674544	2.81144669586939	2.17953426282693	2.06258276897902	NA	1.91638576542811	1.73059038730246	1.54555568285454	1.78701094660691	NA	NA	0.803590468979905	NA	NA	0.822123976002042	0.605943221829415	NA
1.45128054507621	NA	NA	1.55689745584267	0.936277988095492	1.20832549443446	1.19095163575533	0.776646510044217	0.958204177510724	NA	1.42258398808012	NA	NA	0.667002618558076	1.19489833309502	1.31190528535184	NA	1.24097813191689	NA	NA	NA	0.897950975231202	0.729842581995835	1.35743978236927	NA	NA	NA	NA	0.547184206165984	NA	NA	NA	1.33465884969622	1.18141423350892	NA	0.336938875590959	NA	0.551607390317176	0.694318585045316	0.397244541814338
NA	NA	NA	NA	0.478075414084432	0.810387196437221	NA	NA	0.428950136613295	0.581554996924288	0.29588707076619	NA	NA	0.553893462565995	0.165296747230941	0.645845731752205	0.630622230222526	NA	0.579294690364669	0.511073956833511	0.755259900057864	0.689792996976675	0.466476999147833	0.584611017274918	0.683734920071525	NA	0.702466895769697	0.906463937823221	NA	1.13773445992783	0.570399952376234	0.349077414627236	NA	0.333548406922084	0.240932152935574	NA	NA	NA	0.437179568726986	0.383972503600903
NA	1.72233368797362	NA	NA	NA	1.78852647956315	2.01939819518158	1.53872874760245	1.08569897254654	1.23938569161103	NA	2.67491031487736	1.70785747881999	1.84058087824487	1.19910139365025	NA	1.54573621948202	2.19002284947922	1.97929828146731	1.90939246267905	1.39475043187065	0.959179545283299	NA	1.75543226170853	NA	1.92704311221609	2.22990313057923	2.09294660766115	NA	2.11268935856294	2.25926697106222	1.91770239791551	1.89928121346067	0.588976133009684	1.67804718658225	0.970338356035903	NA	NA	1.63172228798911	NA
NA	NA	NA	NA	NA	NA	NA	NA	NA	NA	NA	NA	NA	NA	NA	NA	NA	NA	NA	NA	NA	NA	NA	NA	NA	NA	NA	NA	NA	NA	NA	NA	NA	NA	NA	NA	NA	NA	NA	NA
NA	1.71369506407329	NA	NA	NA	NA	1.9735641556693	NA	NA	1.85848569473732	NA	NA	NA	NA	2.41492220575083	NA	NA	NA	NA	NA	1.96311087667219	1.11608480098862	NA	NA	NA	NA	NA	NA	NA	NA	0.994875480755521	1.38514542972409	1.12327123373738	NA	NA	0.541111134958843	NA	NA	0.396069530795154	1.39253486347948
1.32173378454137	NA	NA	0.943868401807201	NA	NA	NA	1.43165078936886	NA	1.38889899037434	NA	2.06688575708416	NA	NA	2.26271399454529	2.35549436134239	1.78053174387889	NA	0.728702562565678	1.64174729546692	0.785662099529639	NA	NA	0.339820996280138	0.408310831081056	1.10121941512643	0.643643139727567	0.621380578160893	0.610989393296413	0.544757015950647	0.547542193998291	0.527946200700528	NA	0.805675050015508	0.457603417419328	NA	NA	0.287676986737493	0.473978502225461	0.661468189564656
NA	NA	NA	NA	NA	NA	NA	NA	NA	NA	NA	NA	NA	NA	NA	NA	NA	NA	NA	NA	NA	NA	NA	NA	NA	NA	NA	NA	NA	NA	NA	NA	NA	NA	NA	NA	NA	NA	NA	NA
NA	NA	1.55179672031467	1.2197761858278	NA	NA	NA	1.7146458997446	1.09920534330521	0.9744726008566	1.13280818530694	NA	NA	1.17837460136665	1.09976185611516	1.06218578815986	0.605035491524587	0.740659907557402	0.881766372044295	0.604566017834848	0.831971191568062	0.853712038117245	1.10106481871718	0.771673902292001	NA	1.50469897688115	0.711926224131289	0.767919155696007	0.468546793670333	1.18042276984927	1.08914776807815	1.73064539884314	1.5821697510591	1.60904843455603	0.387063424216228	NA	NA	1.20980894113868	0.480783114035716	0.349742231048617
0.695661932343903	0.515144298556894	0.52055953504986	NA	0.0723274847986443	0.55790463787645	NA	0.44047273281086	0.248776471662329	1.00043811030081	NA	1.11329992676125	NA	1.11378776408896	1.75080673018083	1.68287458091225	1.78693058273834	1.56710129968133	1.43046294115091	0.561769221649374	NA	NA	0.619202624135564	NA	0.610538334759216	NA	0.641353227481593	NA	NA	0.737107964371342	NA	0.714938931982003	0.404627167150943	0.438769545385669	0.417770778088232	NA	NA	0.330064364986822	0.396158196432898	0.38733956815648
NA	NA	0.80267229767864	NA	NA	NA	NA	0.924252237595211	1.52104912002942	NA	NA	0.985627070814214	0.887259230758829	1.25379482130093	0.659781106365464	NA	0.66694532219791	0.685496178250857	NA	0.578737350678692	1.67889710897181	NA	0.938447526517485	0.862399398730052	NA	NA	0.833283034492711	0.756479892822786	NA	0.772280650452988	NA	0.690173586129889	NA	0.543223329981641	0.61571564938398	NA	NA	NA	0.492984306707425	0.420057094669646
0.973263487773985	1.36652943193205	0.887576960312948	1.47395990281468	NA	NA	2.2719307009765	NA	1.26576025094809	NA	1.79713420631785	NA	1.43895991225996	0.879860653596626	1.13365147186272	NA	NA	NA	NA	1.56740673007569	NA	1.12698806493569	NA	NA	NA	NA	NA	1.7522079366182	NA	NA	1.26970680120905	NA	1.71843405544808	2.31018036884466	NA	NA	NA	NA	1.5903868012573	0.694919017002768
NA	NA	NA	NA	NA	NA	NA	NA	NA	NA	NA	NA	NA	NA	NA	NA	NA	NA	NA	NA	NA	NA	NA	NA	NA	NA	NA	NA	NA	NA	NA	NA	NA	NA	NA	NA	NA	NA	NA	NA
NA	NA	NA	NA	NA	NA	NA	NA	NA	NA	NA	NA	NA	NA	NA	NA	NA	NA	NA	NA	NA	NA	NA	NA	NA	NA	NA	NA	NA	NA	NA	NA	NA	NA	NA	NA	NA	NA	NA	NA
NA	0.403660311143319	NA	NA	NA	0.799531146282423	1.89447575184931	0.580281034913963	NA	NA	0.908706628990936	1.87703049109065	NA	0.98140746297298	1.20396502939043	1.35292119637265	NA	1.257728872094	NA	NA	1.16435791473762	1.02304474884712	0.679467061476797	0.790318200277678	0.994097291471623	1.26002610120393	0.786483444881076	0.650170609523494	0.85808927196139	NA	0.648008410286496	0.524380366213388	1.01057883322331	0.725559011186524	NA	0.260732118394886	NA	0.265071595738395	0.449020439294261	NA
2.14202422312187	NA	NA	NA	NA	1.25338525678096	1.21145128572252	1.45383485835941	1.48412772807081	1.55966741222255	1.6768814138978	1.6727346746745	NA	1.44429495633332	1.22707297267024	0.68675827813209	1.18243698895309	0.781210717642088	1.58722427308928	1.34604201648254	1.18579386109741	NA	1.05830762781376	1.00498616180462	NA	NA	1.00508679247043	1.51534027574106	0.963634459161959	0.990180112422722	0.504142489141912	NA	0.668099623068479	0.662477135450122	0.702485944389071	0.703417949698401	NA	1.13454996182007	1.31512057535054	NA
NA	NA	0.292053042746719	NA	NA	0.805728434198134	0.959566679837373	NA	NA	NA	NA	0.362566921699761	0.622821289093923	0.881118780330324	NA	NA	NA	NA	NA	NA	NA	0.695912242478008	NA	0.5407759747954	NA	NA	NA	NA	0.408942808449061	0.327076767364137	NA	0.341314145319295	NA	0.238161084774613	NA	NA	NA	NA	0.740272071076934	NA
NA	1.87006492777002	1.75621971546869	1.73856921491763	NA	NA	NA	NA	NA	NA	1.52245183138262	1.61830484412121	1.16693713639589	1.56965531013869	1.23323252969425	1.3331352540809	1.17224967082647	1.45100082994185	0.685944663524359	0.853236567125267	1.15638401219009	1.12903133408269	1.25600479581822	1.34531648986052	0.918791939801852	1.06887920354186	0.281506896232028	0.908950090388808	0.867380526918519	0.786903940123746	0.911442204264243	0.64046317620684	0.634360905032476	0.306210549104794	0.359814804216856	0.205829721795058	NA	0.116067087537865	0.551419588675827	0.820968654063694
0.696639499238518	0.508394595249701	NA	NA	NA	1.02191224727233	0.677683915123829	0.899340040165191	0.579472162452911	0.985190875276363	0.711396279605899	1.20735820933625	0.431732943991941	0.856818238056792	0.870325786801209	0.220203372611504	NA	1.48530444744221	1.74450003991493	1.72202185626497	1.09027968095105	1.13537186628011	0.998129047242002	NA	NA	NA	NA	0.75167920297463	0.515530885390919	0.831932937209039	0.97705221858732	NA	0.589266406344078	0.637038988466468	0.221556705118071	1.29695786970567	NA	NA	0.339209073258302	0.812000576191127
NA	NA	1.05683951151478	NA	NA	NA	NA	NA	NA	NA	NA	NA	2.18569528365153	1.28772437266319	NA	0.554901333847308	NA	0.347297454121573	NA	0.404182262286338	0.432703312425424	NA	0.351544545879874	0.625443498124417	NA	NA	NA	NA	NA	1.4096129140483	0.461909084268133	NA	NA	0.940887164359933	0.813138174518022	0.413279766809792	NA	NA	NA	2.58022928435282
0.953760197922233	0.45972589366747	NA	0.573872903545115	0.667816987071145	0.759652683678757	NA	0.886962835800603	0.790727397839399	NA	0.574100927004182	0.43565876822518	NA	NA	0.282908713093676	0.933847606774512	NA	0.612077190114641	0.260754584279797	0.693383113408009	0.64806108362548	0.312783123993269	0.445916283863942	NA	0.462386792452381	NA	1.95113757682811	1.56181015537004	NA	1.02827162209107	1.15465955074178	0.958140694537728	1.78753520985634	0.69923316914573	0.466984057873087	0.72690123438033	NA	0.348619525485746	0.460440907050848	0.525264318062748
NA	1.90458745628549	1.65906163594534	NA	0.935202574449288	1.23688361749909	NA	1.17645153291333	1.73664917955364	NA	1.94626737815508	1.35358255593121	NA	NA	1.69836567688626	1.6166597390008	1.82740252324294	1.44450030103163	NA	1.23440895747475	NA	NA	0.77624265874355	0.374440654802199	NA	NA	NA	NA	NA	NA	NA	NA	NA	NA	0.602756391080486	NA	NA	0.377044711082727	NA	0.505629922140029
0.682375567600171	0.540438940775872	0.808572083230767	NA	NA	0.806313656853731	0.773631993440681	0.55504025247401	1.12474915209226	NA	NA	NA	NA	1.1017204401747	NA	0.681776629636808	1.01773009450257	1.58459139171383	NA	0.927426613548293	NA	NA	0.393456395154432	NA	NA	NA	NA	NA	NA	NA	NA	NA	0.288761820542291	0.415507114273425	NA	0.238940807438019	NA	NA	NA	NA
NA	NA	NA	NA	NA	NA	NA	NA	NA	NA	NA	NA	NA	NA	NA	NA	NA	NA	NA	NA	NA	NA	NA	NA	NA	NA	NA	NA	NA	NA	NA	NA	NA	NA	NA	NA	NA	NA	NA	NA
NA	NA	NA	NA	NA	NA	NA	NA	NA	NA	NA	NA	NA	NA	NA	NA	NA	NA	NA	NA	NA	NA	NA	NA	NA	NA	NA	NA	NA	NA	NA	NA	NA	NA	NA	NA	NA	NA	NA	NA
NA	NA	NA	NA	NA	1.25217620066231	1.45096389138243	NA	NA	NA	NA	NA	NA	1.16968854890037	1.31206757706193	1.30926278865825	1.30888415251954	1.32907264136909	1.26180641164267	NA	NA	0.850137050138206	NA	0.462096411917273	0.673562761172543	NA	NA	0.698138832535945	0.230401256741844	NA	NA	0.770386757589592	NA	0.208778346177661	NA	0.197739089246994	NA	NA	0.430064671060454	NA
NA	NA	NA	NA	NA	NA	NA	NA	NA	NA	NA	NA	NA	NA	NA	NA	NA	NA	NA	NA	NA	NA	NA	NA	NA	NA	NA	NA	NA	NA	NA	NA	NA	NA	NA	NA	NA	NA	NA	NA
NA	NA	NA	NA	NA	NA	NA	NA	NA	NA	NA	NA	NA	NA	NA	NA	NA	NA	NA	NA	NA	NA	NA	NA	NA	NA	NA	NA	NA	NA	NA	NA	NA	NA	NA	NA	NA	NA	NA	NA
NA	NA	NA	NA	NA	NA	NA	NA	NA	NA	NA	NA	NA	NA	NA	NA	NA	NA	NA	NA	NA	NA	NA	NA	NA	NA	NA	NA	NA	NA	NA	NA	NA	NA	NA	NA	NA	NA	NA	NA
NA	NA	NA	NA	NA	NA	NA	NA	NA	NA	NA	NA	NA	NA	NA	NA	NA	NA	NA	NA	NA	NA	NA	NA	NA	NA	NA	NA	NA	NA	NA	NA	NA	NA	NA	NA	NA	NA	NA	NA
NA	1.09937402663959	NA	NA	1.15468742098754	0.680437572979005	0.677315169843967	NA	NA	0.813756124632411	NA	NA	NA	1.04185783819375	NA	NA	NA	NA	NA	NA	NA	NA	NA	NA	0.365346882361076	0.369249391395922	NA	0.728478309499135	NA	NA	NA	0.433581777843715	NA	0.340853947806014	0.355828350983496	NA	NA	NA	NA	NA
NA	NA	NA	NA	NA	NA	NA	NA	NA	NA	NA	NA	NA	NA	NA	NA	NA	NA	NA	NA	NA	NA	NA	NA	NA	NA	NA	NA	NA	NA	NA	NA	NA	NA	NA	NA	NA	NA	NA	NA
NA	NA	NA	NA	NA	NA	NA	NA	NA	NA	NA	NA	NA	NA	NA	NA	NA	NA	NA	NA	NA	NA	NA	NA	NA	NA	NA	NA	NA	NA	NA	NA	NA	NA	NA	NA	NA	NA	NA	NA
2.09219966296786	1.71626139450359	1.37225261069922	1.69053086437541	1.27796622020253	NA	NA	NA	NA	NA	NA	NA	NA	NA	NA	NA	NA	NA	NA	NA	1.44885661685699	NA	1.37217566710873	1.24181209180782	1.36522864359285	NA	1.2747189478102	NA	0.790769045041193	NA	NA	0.281101571454468	NA	NA	0.906380500354012	0.535693358665252	NA	NA	NA	2.0920297711692
NA	NA	NA	NA	NA	NA	NA	NA	NA	NA	NA	NA	NA	NA	NA	NA	NA	NA	NA	NA	NA	NA	NA	NA	NA	NA	NA	NA	NA	NA	NA	NA	NA	NA	NA	NA	NA	NA	NA	NA
NA	1.16104819161657	NA	1.07484800646489	1.01026634963095	NA	1.16326361567961	NA	1.81779870061652	1.83125873523019	1.62146158409187	NA	1.90873218225363	2.0171494044641	NA	NA	1.81563339473953	1.5306038921652	NA	NA	NA	0.708654433240684	0.816827021663304	NA	0.329751760335591	0.0717545120623009	NA	NA	NA	0.439113458401619	NA	NA	NA	NA	NA	NA	NA	NA	0.695881816980706	0.943292034514456
NA	NA	NA	NA	NA	NA	NA	NA	NA	NA	NA	NA	NA	NA	NA	NA	NA	NA	NA	NA	NA	NA	NA	NA	NA	NA	NA	NA	NA	NA	NA	NA	NA	NA	NA	NA	NA	NA	NA	NA
0.390028706770458	NA	NA	NA	NA	NA	0.323208810347959	0.547647155698404	NA	0.322667708850397	NA	NA	NA	NA	0.562948737446452	NA	0.717449407060516	NA	0.64806864027211	0.626627184929255	0.603775526287739	0.802250339825862	NA	NA	NA	NA	NA	1.13191680077877	NA	NA	NA	NA	NA	0.715414269936321	0.457125481434212	NA	NA	0.895118315382828	0.966741560124199	0.711458571763451
1.71532616690173	NA	2.08605759044678	NA	1.6184872030755	1.45061003945772	NA	1.19223849647789	NA	NA	1.99601902694482	1.99494309567798	1.70870212433164	1.63664738281822	1.57896874127984	2.41780897188702	1.48626356415705	1.41104914663103	NA	NA	NA	2.15694809186101	NA	NA	NA	NA	0.628976939913095	NA	0.403745072104889	0.194290589235714	NA	NA	NA	0.639105682116462	NA	0.190092631745185	NA	0.692905314724088	NA	0.68959151146776
0.587641738055138	0.634073672863331	0.837573020178218	0.871661115944315	0.57765967510584	0.627622584610075	0.578788590058542	0.350858381057828	0.169427789783515	1.70739479096303	1.69800817059247	1.83838169066868	0.502855676404592	NA	0.647903199427534	0.966634148007541	1.23518958181469	1.59641258374769	0.544070650664419	0.576206581864095	2.15146369111684	0.828479952267173	1.10278248493092	0.859514649590414	0.846393196695406	0.59005680997507	1.0099674881522	0.977319986115376	NA	NA	0.377463936311827	0.426732462506931	NA	0.405298173682775	NA	0.561319997859923	NA	0.328474266387338	NA	NA
NA	1.97667610405406	1.67288644882722	1.84947080635853	1.57199188436885	1.3323385969511	NA	1.12232107538257	NA	NA	0.831931285272876	0.994410335686693	NA	1.14877896672912	NA	1.30697238635706	NA	NA	NA	1.23676490939338	0.389069114365667	0.356755336593407	NA	0.46161834091306	0.801144876104906	NA	NA	NA	NA	1.16762968144683	NA	1.12133354979255	1.07795173367593	1.42251767296426	1.55728538859333	0.599333092914085	NA	0.869126040659667	NA	NA
NA	1.30504132178412	1.9771881250446	1.19370654902805	NA	1.22394880980795	NA	NA	1.78461050303146	NA	NA	NA	NA	2.17524220214322	NA	NA	1.82795759837893	1.91617600781226	NA	NA	NA	0.673515054137242	0.631298139799782	0.311531622319202	0.692374109394645	NA	1.29329529246216	0.731738466798717	NA	NA	1.09311912317344	NA	NA	2.03579224861148	NA	0.393110533822877	NA	NA	NA	0.554779563915214
NA	NA	1.16654944801063	NA	NA	NA	NA	NA	0.879530915609129	NA	NA	NA	NA	1.28527564138123	NA	NA	NA	0.746032834732325	NA	NA	NA	0.895114569092088	NA	0.537796175448073	NA	NA	NA	0.198466772837476	NA	NA	NA	0.497678417179543	0.479875789886888	NA	0.933677429984012	1.37664277372073	NA	0.695827791890855	0.461362934611373	NA
NA	NA	NA	NA	NA	NA	NA	NA	NA	NA	NA	NA	NA	NA	NA	NA	NA	NA	NA	NA	NA	NA	NA	NA	NA	NA	NA	NA	NA	NA	NA	NA	NA	NA	NA	NA	NA	NA	NA	NA
NA	NA	NA	NA	NA	2.29899452480811	2.29597290584575	NA	NA	1.35022921631397	1.18384781464827	NA	1.07275068276214	1.70810809595476	1.03161508623084	0.720730550648068	NA	1.96681505251144	2.35704256589282	0.581887963613123	2.01861039274255	2.36733091078083	2.08058004255976	NA	NA	NA	1.56409973903737	NA	1.45803097592904	NA	NA	NA	NA	2.13764107578851	0.404535517011737	1.98033577173622	NA	NA	0.633582763767255	NA
NA	NA	NA	NA	NA	NA	NA	NA	NA	NA	NA	NA	NA	NA	NA	NA	NA	NA	NA	NA	NA	NA	NA	NA	NA	NA	NA	NA	NA	NA	NA	NA	NA	NA	NA	NA	NA	NA	NA	NA
NA	NA	NA	0.61831870189688	NA	1.73875599070512	NA	NA	1.28686661339087	NA	NA	NA	NA	NA	NA	NA	2.46069788325147	0.508682145532668	NA	NA	NA	1.09873285929777	NA	NA	0.392822259390858	NA	0.707478676927293	NA	0.958529945303109	0.390576251379732	NA	NA	0.63668213821049	0.163528605022049	0.180991213617062	0.25809541130891	NA	NA	0.403383801433115	NA
NA	NA	NA	NA	NA	NA	NA	NA	NA	NA	NA	NA	NA	NA	NA	NA	NA	NA	NA	NA	NA	NA	NA	NA	NA	NA	NA	NA	NA	NA	NA	NA	NA	NA	NA	NA	NA	NA	NA	NA
NA	NA	NA	NA	NA	0.904915710943239	NA	NA	NA	NA	0.729364382260406	NA	NA	NA	NA	NA	0.696135320056119	0.845711381543236	NA	NA	NA	NA	NA	NA	NA	NA	NA	NA	NA	NA	NA	NA	NA	0.318518923445384	NA	0.115053540562991	NA	NA	0.507043373381118	0.712914989091391
NA	NA	NA	NA	NA	NA	NA	NA	1.10522614892467	NA	NA	NA	1.29841202591069	1.27243936626257	1.1521943451093	0.924553075059702	0.947496878777989	NA	NA	NA	NA	NA	1.26336554550076	NA	NA	NA	NA	1.05861932981905	NA	0.823253231151506	0.614283670842095	1.09120169724146	NA	NA	NA	NA	NA	NA	0.323259586679893	1.08004780038558
1.44126278927146	NA	NA	1.49036862803203	1.12660506409468	NA	NA	1.60358506155868	1.96683927173494	NA	0.761585429609094	NA	1.37128672104966	1.50809476427945	1.23348889140198	1.68832172124331	NA	NA	1.54488412072767	1.73133081876954	1.05740709630587	NA	1.17079506463196	NA	0.787301252362022	NA	0.864231302923597	0.542309446236713	0.825782914955425	0.860825609885346	1.16509580451361	2.09253756427723	1.53379802540308	NA	0.701017757133598	NA	NA	NA	0.409481934183258	0.26804283530142
NA	2.44700995075001	1.06204998131992	1.42550461966307	NA	NA	1.59830081921992	1.87398880663792	NA	NA	NA	1.97242909834191	NA	0.501834716805296	2.47465691275791	2.52725060761219	0.561782921190729	3.27420241543522	NA	NA	NA	0.749871821197881	0.826527630420211	0.152779563519853	0.246090547008656	NA	NA	1.66524046331885	NA	1.27423954474677	NA	1.50016400644328	NA	NA	NA	1.50740838577585	NA	NA	1.57628946909795	1.42883106563836
NA	NA	NA	NA	NA	NA	NA	NA	NA	NA	NA	NA	NA	NA	NA	NA	NA	NA	NA	NA	NA	NA	NA	NA	NA	NA	NA	NA	NA	NA	NA	NA	NA	NA	NA	NA	NA	NA	NA	NA
NA	NA	NA	NA	NA	NA	NA	NA	NA	NA	NA	NA	NA	NA	NA	NA	NA	NA	NA	0.431489521538878	NA	NA	NA	NA	NA	NA	NA	NA	NA	NA	NA	1.06868340607049	1.26328578947152	NA	1.07478744716734	NA	NA	1.18927957535823	NA	NA
1.33479686468176	NA	NA	NA	NA	NA	NA	1.38294729598922	NA	1.75672022464481	NA	NA	1.70366224725423	1.29045832434892	1.37656915182099	NA	NA	1.18772892300664	0.626177754743141	0.452713724499193	0.661868018874819	0.785399688114543	1.47598892495087	1.18154287526031	0.770922031318448	1.13439203613836	0.77781071495549	1.59892854166397	1.75584167112738	1.94161669737461	NA	0.910372275560791	1.10444541703455	1.86251387380375	1.63710045146352	NA	NA	0.177942242210879	NA	1.38989048133397
NA	NA	NA	NA	NA	1.6044136468019	NA	NA	NA	NA	NA	NA	NA	NA	NA	1.4731400666309	NA	NA	1.83652628060416	NA	1.67513472095727	NA	NA	NA	1.26230697452907	1.05862071582402	NA	NA	0.562586074791209	NA	NA	NA	0.708065022747886	0.485103691240459	0.685273303539865	0.373506977851438	NA	0.23551319002078	0.333560166943089	NA
NA	NA	NA	NA	NA	NA	0.41904367181257	0.925801804365978	0.965114083199024	NA	NA	0.858651749992627	NA	NA	1.42068078311567	NA	NA	NA	NA	0.62771232628463	0.436266089215699	NA	NA	0.880496895338571	1.3132882535204	NA	NA	NA	1.03276373134894	0.840909140712111	0.644913822545348	NA	NA	1.302193536775	NA	NA	NA	NA	1.00472211136019	NA
0.485656244775536	NA	0.983405097695687	NA	NA	NA	NA	NA	NA	NA	1.86497723300964	0.636422508517149	0.309539311247474	0.586663252548782	NA	NA	NA	0.381624166372358	NA	NA	NA	0.101283511104096	NA	0.357842983462987	0.32019098267036	0.394186376357544	NA	0.356842758794334	0.350123856253423	NA	NA	NA	NA	NA	NA	NA	NA	0.567651937375589	NA	0.475955569064465
NA	NA	NA	NA	NA	NA	NA	NA	NA	NA	NA	NA	NA	NA	NA	NA	NA	NA	NA	NA	NA	NA	NA	NA	NA	NA	NA	NA	NA	NA	NA	NA	NA	NA	NA	NA	NA	NA	NA	NA
NA	1.18099881958541	NA	NA	1.40437269246782	NA	NA	NA	NA	NA	NA	1.76156502944127	NA	NA	NA	NA	1.46316952454258	NA	NA	0.50685532656994	NA	1.47941880180127	0.936948400838503	NA	NA	NA	NA	NA	NA	1.26521866931539	1.26812349324753	NA	NA	0.989526853394658	NA	NA	NA	NA	0.406576576926805	NA
NA	NA	NA	NA	NA	NA	NA	NA	NA	NA	NA	NA	NA	NA	NA	NA	NA	NA	NA	NA	NA	NA	NA	NA	NA	NA	NA	NA	NA	NA	NA	NA	NA	NA	NA	NA	NA	NA	NA	NA
NA	0.377972021479437	0.979593365395204	0.716883550948799	1.08800359331897	NA	0.411137994386584	0.618957560356063	NA	NA	0.679811538450691	0.354011016649065	NA	NA	0.246707230675327	0.621552250949657	0.401027535175261	0.163891114999669	0.930429201585239	0.216613363659321	0.366402600724451	NA	NA	0.614490939396844	0.716103719828879	0.483567150849965	0.204189722962144	1.42926547538743	0.662990803530439	1.75140981057763	1.45076168525451	1.67234952638747	0.764575617363927	1.43372136566721	1.20164562988863	0.629122778253292	NA	1.57285867319805	0.418698434380932	0.400405296113399
NA	0.95022940089076	2.01657057574141	0.717216497737869	NA	NA	0.984517899916775	0.609037293957882	0.579326870531917	1.6420057390509	0.943433753363654	0.552768807259312	0.880528658955321	0.560715678455455	0.987782082281079	0.821412533718699	1.38868538313128	0.499831810756162	0.527334332708944	0.347018310220675	0.797712076562086	1.99882348962961	NA	0.834491152441779	1.34713851625965	1.59438557718257	0.954200777037309	0.951500756254518	NA	1.77589288555967	NA	1.5890582502922	1.74873658747239	0.568945335465122	0.0932969293948339	1.7176766140534	NA	0.575124870593701	0.725557013286109	1.5259279529274
NA	NA	NA	NA	NA	NA	NA	NA	NA	NA	NA	NA	NA	NA	NA	NA	NA	NA	NA	NA	NA	NA	NA	NA	NA	NA	NA	NA	NA	NA	NA	NA	NA	NA	NA	NA	NA	NA	NA	NA
NA	NA	NA	NA	NA	NA	NA	NA	NA	NA	NA	NA	NA	NA	NA	NA	NA	NA	NA	NA	NA	NA	NA	NA	NA	NA	NA	NA	NA	NA	NA	NA	NA	NA	NA	NA	NA	NA	NA	NA
NA	NA	NA	NA	NA	NA	NA	NA	NA	NA	NA	NA	NA	NA	NA	NA	NA	NA	NA	NA	NA	NA	NA	NA	NA	NA	NA	NA	NA	NA	NA	NA	NA	NA	NA	NA	NA	NA	NA	NA
NA	1.37614188816675	NA	NA	NA	1.00427754440566	0.889113332798339	0.829976759681237	0.902010494716956	NA	NA	0.458427968320072	0.645514252350732	0.479019124127483	0.770021261194001	NA	0.628657978164875	0.484856334886227	0.228593031978376	NA	0.381224817691124	0.571445412381324	0.752399813565056	NA	1.18794905742909	NA	NA	1.12854654997275	0.334079916170646	NA	0.260480323531954	0.171096958520535	0.243615579714365	NA	0.226564434986905	0.318769118535664	NA	0.692027602901855	NA	0.14532226355705
NA	NA	NA	NA	NA	NA	NA	NA	NA	NA	NA	NA	NA	NA	NA	NA	NA	NA	NA	NA	NA	NA	NA	NA	NA	NA	NA	NA	NA	NA	NA	NA	NA	NA	NA	NA	NA	NA	NA	NA
NA	NA	NA	NA	NA	NA	NA	NA	NA	NA	NA	NA	NA	NA	NA	NA	NA	NA	NA	NA	NA	NA	NA	NA	NA	NA	NA	NA	NA	NA	NA	NA	NA	NA	NA	NA	NA	NA	NA	NA
NA	NA	0.176532393028708	0.277486377336041	NA	1.02233260212595	NA	0.90594821933054	0.582550494043167	1.03718726659693	1.16403598921879	NA	1.42031705682812	1.47122599272429	1.4831645367626	1.36054949356364	NA	1.17792592694339	NA	0.56804236317669	0.396329625613209	0.678877782754353	NA	0.505582452130007	0.290477312443463	NA	NA	0.547512696250107	NA	NA	NA	0.70964837774585	0.705702578122181	NA	NA	0.485704432486547	NA	NA	NA	NA
2.35175150741118	NA	NA	NA	NA	NA	NA	NA	NA	NA	NA	NA	NA	1.75240482668002	2.16173772896929	NA	NA	NA	1.33076790417127	NA	1.52406894102589	NA	NA	NA	NA	NA	NA	NA	2.23067516743306	NA	NA	0.688919254760151	NA	NA	NA	NA	NA	NA	0.409944668801314	0.686351310004645
NA	NA	NA	NA	NA	NA	NA	NA	NA	NA	NA	NA	NA	NA	NA	NA	NA	NA	NA	NA	NA	NA	NA	NA	NA	NA	NA	NA	NA	NA	NA	NA	NA	NA	NA	NA	NA	NA	NA	NA
NA	0.843228540343487	0.374115709775121	0.478203797089747	NA	NA	0.797461722843818	NA	0.879368509162119	1.36880015956292	NA	NA	NA	NA	NA	NA	1.31113360034418	NA	0.76284196458978	0.834086575155309	1.01637609438183	0.712695886670585	1.01949806608592	1.11971300504159	NA	NA	NA	0.577055217460576	NA	1.69654681349346	NA	1.01171764424019	NA	NA	NA	NA	NA	0.439139061821791	NA	NA
NA	NA	NA	NA	NA	1.30899079995201	1.30533919803832	NA	1.22665719292761	1.23875680772627	1.28998173927373	1.10159297093227	NA	NA	1.2810265275269	NA	NA	1.42864068451941	1.28485966157471	NA	1.26894631671363	NA	NA	NA	0.50660949224282	0.478885793348003	NA	NA	0.47691472953908	NA	NA	NA	NA	0.276265814987871	1.37579414568631	NA	NA	NA	0.621145360989673	0.327624928188629
NA	NA	NA	NA	NA	NA	NA	NA	NA	NA	NA	NA	NA	NA	NA	NA	NA	NA	NA	NA	NA	NA	NA	NA	NA	NA	NA	NA	NA	NA	NA	NA	NA	NA	NA	NA	NA	NA	NA	NA
NA	NA	NA	NA	NA	NA	NA	NA	NA	NA	NA	NA	NA	NA	NA	NA	NA	NA	NA	NA	NA	NA	NA	NA	NA	NA	NA	NA	NA	NA	NA	NA	NA	NA	NA	NA	NA	NA	NA	NA
NA	NA	NA	NA	NA	NA	NA	NA	NA	NA	NA	NA	NA	NA	NA	NA	NA	NA	NA	NA	NA	NA	NA	NA	NA	NA	NA	NA	NA	NA	NA	NA	NA	NA	NA	NA	NA	NA	NA	NA
NA	0.606796868180262	NA	NA	NA	0.816475668446298	0.751137160560076	0.840124204171527	NA	0.95765161804799	NA	NA	1.2047180973651	1.11755032654999	0.943765676297316	1.03667146091505	NA	0.770310634373385	NA	1.30165454605097	0.771207857505235	0.80002378638988	0.170577913293705	0.987879131964174	0.894591450853628	0.762107104731594	0.630946684046519	NA	NA	NA	0.749790319115586	0.471521786004911	NA	0.750980216916597	NA	NA	NA	NA	0.816251278382277	0.620745546541075
NA	NA	NA	NA	NA	NA	NA	NA	NA	NA	NA	NA	NA	NA	NA	NA	NA	NA	NA	NA	NA	NA	NA	NA	NA	NA	NA	NA	NA	NA	NA	NA	NA	NA	NA	NA	NA	NA	NA	NA
2.23825377494407	NA	0.426428335213914	0.819250205161443	NA	NA	NA	0.879341184684356	1.29706685612481	0.834322098592588	0.760654685541564	0.653097390305255	NA	0.741595525812843	0.987399474509944	NA	0.917089693370684	NA	NA	0.451133335950621	NA	0.6210566458065	0.461316061251739	0.425050097176642	0.420407921489213	NA	NA	0.832215002270884	0.96953587081601	0.774960490052902	0.912925322728283	0.932491165847369	0.515429713077206	0.520035326156168	0.360047734122938	NA	NA	NA	NA	0.89436686893807
NA	NA	NA	NA	NA	NA	NA	NA	NA	NA	NA	NA	NA	NA	NA	NA	NA	NA	NA	NA	NA	NA	NA	NA	NA	NA	NA	NA	NA	NA	NA	NA	NA	NA	NA	NA	NA	NA	NA	NA
NA	1.24513519636078	NA	1.64040464967209	NA	1.14254084161704	0.791763300646219	NA	NA	NA	NA	NA	1.21905208095813	1.41371306942155	1.19470342407413	NA	NA	NA	NA	NA	0.586442032511426	1.12460246121651	0.724173650705744	NA	1.35346559207186	NA	NA	NA	0.880822357956884	NA	NA	NA	0.866130892084545	0.649869331516384	NA	NA	NA	0.238475752339113	0.316123505576839	NA
NA	NA	NA	2.09501200136235	NA	2.67578471835529	NA	1.89461515520732	NA	2.00367101097508	1.72177609113634	NA	1.63106928599588	2.20091111196997	1.28056092824743	NA	NA	0.846474027289656	NA	0.485683181518981	2.25346266374554	NA	NA	1.44080538478825	NA	1.52438355134806	0.429124335484317	NA	NA	NA	NA	0.218934665829516	0.561209643797108	0.474342477413148	NA	0.204393736387814	NA	NA	1.01625753315831	NA
NA	NA	NA	2.05944409032104	NA	0.670080303260387	NA	0.756052636410038	0.543925848749771	0.668944318257296	0.983215738083163	NA	NA	0.878821947622297	NA	0.64943682700079	0.554032580665558	NA	0.915636418622184	0.609899980376313	NA	NA	0.360676625614718	1.01799125882285	NA	0.628032525373148	NA	NA	0.597798403283815	0.568895142195919	NA	NA	NA	NA	NA	0.913942678384466	NA	NA	NA	NA
NA	NA	NA	NA	NA	NA	NA	NA	NA	NA	NA	NA	NA	NA	NA	NA	NA	NA	NA	NA	NA	NA	NA	NA	NA	NA	NA	NA	NA	NA	NA	NA	NA	NA	NA	NA	NA	NA	NA	NA
NA	NA	NA	NA	NA	NA	NA	NA	NA	NA	NA	NA	NA	NA	NA	NA	NA	NA	NA	NA	NA	NA	NA	NA	NA	NA	NA	NA	NA	NA	NA	NA	NA	NA	NA	NA	NA	NA	NA	NA
NA	NA	NA	0.554170776384788	NA	0.969074787743854	NA	NA	0.957832294906783	NA	1.30211400230037	1.43596792330245	1.08851064688325	NA	1.2878971070719	1.37753358339466	NA	1.12313903078023	1.05369612480193	NA	1.08569233253985	1.05058066690558	0.58603882750767	NA	NA	0.380437600650615	0.857019446565813	NA	NA	0.826990650746581	0.843239285843317	0.978087164980646	0.815496797427032	NA	NA	0.265036083460769	NA	0.214351327301967	NA	0.589513295799967
NA	NA	NA	NA	NA	NA	NA	NA	NA	NA	NA	NA	NA	NA	NA	NA	NA	NA	NA	NA	NA	NA	NA	NA	NA	NA	NA	NA	NA	NA	NA	NA	NA	NA	NA	NA	NA	NA	NA	NA
NA	NA	NA	NA	NA	NA	NA	NA	NA	NA	NA	NA	NA	NA	NA	NA	NA	NA	NA	NA	NA	NA	NA	NA	NA	NA	NA	NA	NA	NA	NA	NA	NA	NA	NA	NA	NA	NA	NA	NA
NA	NA	NA	0.35686301924627	0.568792949594478	NA	0.292265549585345	0.200392472305787	0.436194476425075	0.47909481053918	0.673564587907302	NA	0.793412498268969	0.857485669477222	1.06975435347996	NA	0.642788651788677	0.498699802483879	0.33603488387654	0.532341361202211	0.606526925736019	0.33271607128384	0.781939496131996	0.54439874175735	0.791552793897846	NA	1.63614052344181	0.926060234227682	NA	NA	1.55190985613544	1.52126882587499	2.14866263139817	NA	NA	NA	NA	NA	NA	1.44815634344418
NA	1.40198703975239	NA	NA	0.656755042798377	NA	0.911178173836109	NA	1.31144833116707	1.4394556937008	1.22500244522371	1.12808293176923	0.898330791739611	0.928851994642753	1.32148566358663	1.39198857947163	NA	1.22501704541664	0.73876200564243	0.862554747024954	1.30288425229504	0.948236040749508	1.48134975588169	NA	1.60578025938343	1.14355594438595	0.907157424416862	0.781977152760715	1.00785369202575	NA	0.676326853245666	NA	0.56273217987116	0.156620760403187	0.332356629302974	0.507053701246013	NA	0.935724027342252	NA	0.67288860426851
0.795685057777928	NA	NA	NA	0.747090162072392	NA	NA	NA	NA	NA	NA	0.587532850521713	NA	NA	1.56768724042867	NA	NA	NA	NA	0.701227079228308	NA	NA	NA	NA	NA	NA	NA	0.758689202360712	NA	0.719948273519084	NA	0.098497104509851	NA	0.38672154354398	0.418925910356968	NA	NA	NA	0.179819114643412	0.585942079138972
NA	NA	NA	NA	NA	NA	NA	NA	NA	NA	NA	NA	NA	NA	NA	NA	NA	NA	NA	NA	NA	NA	NA	NA	NA	NA	NA	NA	NA	NA	NA	NA	NA	NA	NA	NA	NA	NA	NA	NA
NA	1.47477886338571	NA	NA	NA	NA	1.04155149061726	NA	1.39984612659404	1.39903788730033	NA	0.512157943952581	NA	NA	NA	NA	NA	NA	1.09938499198081	0.204718498871493	0.483091658219774	NA	NA	NA	NA	NA	NA	NA	NA	0.462314841217375	NA	NA	NA	NA	NA	0.840066594943793	NA	NA	0.823912161548421	NA
NA	NA	NA	NA	NA	NA	NA	NA	NA	NA	NA	NA	NA	NA	NA	NA	NA	NA	NA	NA	NA	NA	NA	NA	NA	NA	NA	NA	NA	NA	NA	NA	NA	NA	NA	NA	NA	NA	NA	NA
NA	NA	NA	NA	NA	NA	NA	NA	NA	NA	NA	NA	NA	NA	NA	NA	NA	NA	NA	NA	NA	NA	NA	NA	NA	NA	NA	NA	NA	NA	NA	NA	NA	NA	NA	NA	NA	NA	NA	NA
NA	NA	NA	NA	NA	NA	NA	NA	NA	NA	NA	NA	NA	NA	NA	NA	NA	NA	NA	NA	NA	NA	NA	NA	NA	NA	NA	NA	NA	NA	NA	NA	NA	NA	NA	NA	NA	NA	NA	NA
NA	0.969315790607109	0.968242195591376	0.864119659371824	0.862434468452214	1.33202823987704	1.54511624190316	0.871196182963984	0.951683510163822	0.536979920507832	1.02920240721422	0.950284742337208	0.225398737020859	0.372331585557407	0.607727858124252	NA	1.50230978351059	0.175065394124659	2.23343258945109	0.771162958296984	1.38717612842549	0.898091782219614	0.831649256070966	1.1809882542971	0.707442677702811	1.1093167830439	0.817730416144519	1.03748022176821	1.15454518769846	0.894104042933409	1.59361554104366	1.05628682104722	NA	0.938491954901813	1.19509014511265	0.889957924611098	NA	0.751889323077824	0.737325919709289	0.78470594702229
NA	1.77378831763291	NA	1.29473321121048	NA	NA	NA	NA	NA	NA	NA	1.83184393113416	NA	1.88394886646112	1.73618758601502	NA	NA	1.13721388100369	1.0710814179301	0.87128841390821	1.41968919367047	NA	NA	NA	NA	NA	NA	NA	1.32004369112295	1.15468878065858	NA	0.905443037280195	0.88505784526091	NA	NA	NA	NA	NA	NA	NA
NA	NA	NA	NA	NA	1.1811842604619	NA	1.31309683683571	NA	NA	0.735826568455891	0.78504984868751	NA	0.843551358673113	1.57715725088092	NA	NA	NA	NA	NA	NA	0.86895561814059	NA	NA	NA	NA	NA	NA	0.893409534317224	1.05486758181679	NA	0.991375770133125	0.831279671783887	0.688025033728727	0.312605454100791	0.453701750566979	NA	0.339197948258642	0.588954043307798	0.605106184344853
NA	NA	NA	NA	NA	NA	NA	NA	NA	NA	NA	NA	NA	NA	NA	NA	NA	NA	NA	NA	NA	NA	NA	NA	NA	NA	NA	NA	NA	NA	NA	NA	NA	NA	NA	NA	NA	NA	NA	NA
NA	NA	NA	NA	NA	NA	NA	NA	NA	NA	NA	NA	NA	NA	NA	NA	NA	NA	NA	NA	NA	NA	NA	NA	NA	NA	NA	NA	NA	NA	NA	NA	NA	NA	NA	NA	NA	NA	NA	NA
NA	1.44456509685637	1.53628021522215	NA	1.59611069801969	1.68233229454029	NA	1.63742745411866	NA	NA	1.58711953751355	1.31060020885723	NA	NA	2.16505548213092	2.11162320914715	1.66374778517546	1.75824637744708	1.43606116734043	1.6253613280072	1.37266905645233	2.03242337703413	1.79138695660962	1.32286622127622	1.43330139665341	NA	1.33006365262852	1.81834851047171	NA	1.90448601810098	2.21088490144325	1.95120049789156	0.864616010146589	0.808614935445366	0.93308522686699	0.348700221047366	NA	1.78438618133309	0.446987191509502	1.7380256010986
NA	NA	NA	NA	NA	NA	NA	NA	NA	NA	NA	NA	NA	NA	NA	NA	NA	NA	NA	NA	NA	NA	NA	NA	NA	NA	NA	NA	NA	NA	NA	NA	NA	NA	NA	NA	NA	NA	NA	NA
1.37642963436954	1.43111766178418	NA	NA	NA	NA	1.3472190544656	NA	1.12808485082863	1.34856435283294	NA	NA	NA	1.3858789694161	1.54234751999092	2.15915662864461	1.75281494431846	NA	1.49633412803552	1.58539785332658	1.18576855037731	NA	0.893975361624265	0.810903523805425	0.759693144716833	0.825669291670667	NA	0.482570627422818	0.192632073961425	NA	0.601384112681677	NA	NA	0.65822422376573	0.841923322798696	NA	NA	0.202256289575121	0.550383714853912	0.625243007134032
0.67795383470978	NA	NA	NA	0.655340834572028	NA	1.15711981837611	1.45644490412124	NA	1.26792580242905	NA	1.22424455762792	NA	0.986252994139271	NA	1.30224614606917	0.786413902200494	0.631698520490801	NA	NA	1.46379849521063	NA	1.14709430830646	NA	0.571353712086454	1.04007182549208	NA	NA	0.791401136898184	0.804779274722696	NA	1.24748707421592	NA	NA	0.572768026660252	NA	NA	0.268199013998173	0.339143013176865	NA
NA	NA	NA	NA	NA	NA	NA	NA	NA	NA	NA	NA	NA	NA	NA	NA	NA	NA	NA	NA	NA	NA	NA	NA	NA	NA	NA	NA	NA	NA	NA	NA	NA	NA	NA	NA	NA	NA	NA	NA
NA	1.32560395851296	0.917222929893801	0.568056687951312	0.423192502093202	0.919063438695237	1.24233589569702	1.28519308214417	1.31107258670666	1.51156365599702	NA	NA	NA	1.44727033972648	1.1414150793464	NA	0.9830375286882	1.19481660385844	1.38413925384055	0.461607845167185	0.600095912172865	NA	0.502236935720076	NA	NA	NA	0.574686758108579	0.646182239426619	0.543730504013922	0.392186529914764	NA	0.379922966428948	0.728704407974761	NA	NA	NA	NA	0.242158549590011	0.373008442444813	0.255950236634319
NA	0.957451037538885	NA	NA	1.00341540405491	NA	0.857289721132413	0.723375865962844	2.19814749259113	NA	1.21690280053485	0.820182564051922	NA	NA	NA	0.907907648057793	0.836368316128874	0.747481277418902	0.847095057043515	0.630644309239513	0.456641812225025	0.253987174812645	1.30897592720793	0.701034989809305	0.794902474961414	0.800166883384649	NA	NA	0.601764301804775	NA	0.647881220901279	0.879373404183417	0.621202360328922	1.06009215999134	0.550905138571934	0.236207014015398	NA	0.860145650181503	1.10769051091284	1.78640231853306
NA	NA	NA	NA	NA	1.29960975702515	1.43502510175706	1.10031969864732	NA	NA	NA	1.65934654442407	NA	1.63823491082109	1.19927912091717	NA	1.22224789541438	NA	0.8797398467701	0.448099674028333	0.841826057011906	0.912165030592958	1.41227799562271	NA	1.61525296225221	1.28364123506316	1.07287988521737	1.60292269638795	1.17277839213545	1.49195745621549	1.35316182443458	NA	0.845494337337971	1.00907844052097	NA	1.1117364225502	NA	0.666471032327094	0.625224115900194	0.738112656875701
NA	NA	NA	NA	NA	NA	NA	NA	NA	NA	NA	NA	NA	NA	NA	NA	NA	NA	NA	NA	NA	NA	NA	NA	NA	NA	NA	NA	NA	NA	NA	NA	NA	NA	NA	NA	NA	NA	NA	NA
0.661913799341691	NA	NA	0.682838316937432	NA	NA	1.63246762765133	NA	NA	0.915862268345229	NA	NA	NA	0.365722445034171	NA	NA	NA	1.53569276954947	0.927817902149457	NA	0.341977375424899	0.183846789746799	NA	NA	0.540328003276584	1.61661162183447	NA	0.825419198563369	NA	0.752875952083271	NA	NA	0.839611569455966	NA	NA	NA	NA	0.83844526409257	0.295875435636982	0.505209312310861
1.0061885385511	NA	NA	NA	NA	1.20035672174362	NA	NA	NA	1.03243383939477	NA	NA	NA	NA	NA	NA	NA	1.23238913393917	NA	NA	NA	0.763863869351668	NA	NA	0.849637070332323	1.0081498686994	NA	NA	NA	0.407053351579283	NA	NA	NA	NA	NA	NA	NA	NA	NA	NA
NA	NA	1.26598393817598	NA	NA	1.58480165746632	1.50032639312809	1.05250329932733	0.997132434684067	NA	NA	0.957143339224691	1.05355093353175	1.7258165032535	0.927779139959212	NA	NA	NA	NA	1.23004132989551	NA	NA	1.25596048134798	1.19163880986259	1.37752698327417	1.11758603251722	1.08737846326318	NA	0.518577249010207	0.385823848869449	0.562845407745819	0.432243584852835	0.400821265548892	0.362658071513972	0.402204936315172	0.449628412201565	NA	0.361536428449685	0.394131429021087	0.282898583169499
NA	NA	NA	NA	NA	NA	NA	NA	NA	NA	NA	NA	NA	NA	NA	NA	NA	NA	NA	NA	NA	NA	NA	NA	NA	NA	NA	NA	NA	NA	NA	NA	NA	NA	NA	NA	NA	NA	NA	NA
NA	NA	NA	NA	NA	NA	NA	NA	NA	NA	NA	NA	NA	NA	NA	1.44341264211306	NA	NA	1.42944547980994	NA	NA	NA	NA	1.500801658942	NA	1.20826770006598	NA	1.46376939990738	1.01201924875787	NA	NA	0.871500459350977	0.855461486224963	0.751653843923709	NA	0.535143433364263	NA	0.174329273661329	0.235438866918271	NA
NA	1.33854256879267	NA	NA	NA	NA	NA	NA	NA	NA	NA	NA	NA	NA	NA	NA	NA	NA	0.9883847086211	NA	NA	NA	NA	NA	0.839609698908383	0.498398277822256	0.855144098158496	0.199060698752374	0.216638710012434	0.112162843050887	0.168050348844754	0.40656060105222	0.390153953337207	0.744271697948168	0.82410581102449	0.734840298094783	NA	0.95568953895243	1.25129340860799	0.461557988338603
NA	NA	NA	NA	NA	NA	NA	NA	NA	NA	NA	NA	NA	NA	NA	NA	NA	NA	NA	NA	NA	NA	NA	NA	NA	NA	NA	NA	NA	NA	NA	NA	NA	NA	NA	NA	NA	NA	NA	NA
NA	1.49587204852209	1.50533148008977	NA	0.879562631623204	NA	0.716206610987243	NA	0.429957915468176	NA	NA	NA	NA	NA	NA	NA	0.619375056895896	0.330099227029435	0.377118849349516	0.333681603584536	NA	NA	NA	0.384086695362288	NA	0.519068290891215	NA	0.779813496637705	1.12524833906074	1.3066909332306	0.750276584286437	0.560892684874353	NA	0.394075980510571	0.286675797583144	NA	NA	NA	0.174607676883433	NA
NA	NA	NA	NA	NA	NA	NA	NA	0.476866524194283	0.470179129298661	NA	0.799653608937126	NA	1.09905330134308	NA	0.693326133763433	0.695432636568548	0.814863359326174	NA	NA	0.921592272791841	0.307634075395262	NA	NA	0.726421687325447	0.743474308604827	NA	NA	0.376052994474099	NA	NA	NA	NA	0.530367427945716	0.474539094346468	0.633243477227719	NA	NA	0.756205871336975	NA
NA	NA	NA	NA	NA	NA	NA	NA	NA	NA	NA	NA	NA	NA	NA	NA	NA	NA	NA	NA	NA	NA	NA	NA	NA	NA	NA	NA	NA	NA	NA	NA	NA	NA	NA	NA	NA	NA	NA	NA
NA	NA	NA	NA	NA	NA	NA	NA	NA	NA	NA	NA	NA	NA	NA	NA	NA	NA	NA	NA	NA	NA	NA	NA	NA	NA	NA	NA	NA	NA	NA	NA	NA	NA	NA	NA	NA	NA	NA	NA
NA	NA	NA	NA	NA	NA	NA	NA	NA	NA	NA	NA	NA	NA	NA	NA	NA	NA	NA	NA	NA	NA	0.248261212599149	NA	NA	NA	NA	1.49322985799635	NA	NA	NA	NA	0.838881592870246	NA	0.452922918717889	NA	NA	0.274645133879392	0.321918764491762	0.281216836364747
NA	NA	NA	NA	NA	NA	NA	NA	NA	NA	NA	NA	NA	NA	NA	NA	NA	NA	NA	NA	NA	NA	NA	NA	NA	NA	NA	NA	NA	NA	NA	NA	NA	NA	NA	NA	NA	NA	NA	NA
1.07665364496676	NA	NA	0.434933733950615	1.24795702111575	1.28318939747968	NA	0.490397025587523	NA	0.991877250572458	0.861688585586986	0.908329109092587	0.845361057684599	NA	1.22636451085876	NA	NA	1.00206691108259	NA	0.760801069701436	NA	0.69845464433869	NA	NA	0.186817401055696	NA	1.00514746147082	NA	1.90113406746404	1.76381866871337	NA	NA	NA	NA	NA	NA	NA	0.287400174838562	0.153340594798942	0.503693449730268
NA	NA	NA	NA	NA	NA	NA	NA	NA	NA	NA	NA	NA	NA	NA	NA	NA	NA	NA	NA	NA	NA	NA	NA	NA	NA	NA	NA	NA	NA	NA	NA	NA	NA	NA	NA	NA	NA	NA	NA
NA	NA	NA	NA	NA	NA	NA	NA	NA	NA	NA	NA	NA	NA	NA	NA	NA	NA	NA	NA	NA	NA	NA	NA	NA	NA	NA	NA	NA	NA	NA	NA	NA	NA	NA	NA	NA	NA	NA	NA
NA	NA	NA	1.71287186184891	NA	NA	NA	NA	NA	1.30823667970173	NA	NA	NA	1.46616360148065	NA	NA	1.45741526452392	1.69112865177427	1.69588711737869	NA	NA	1.24996021784976	NA	NA	1.66771119502034	NA	NA	NA	NA	NA	NA	2.20181817226411	1.61369269447842	NA	2.03030357351237	NA	NA	NA	0.565369006902454	1.41042361254671
NA	NA	NA	NA	NA	0.976246363758545	NA	NA	NA	NA	1.368593747527	1.11098020290978	NA	NA	NA	NA	NA	NA	0.534894761908422	NA	0.271028491813683	0.756154180085365	NA	NA	1.06306504328086	NA	1.82438966734328	NA	NA	NA	NA	NA	0.21074733513759	NA	NA	0.362896004573866	NA	NA	NA	NA
NA	NA	NA	NA	NA	NA	1.56986349015664	NA	NA	1.54870147131181	1.96838382808485	NA	NA	NA	NA	NA	2.02675455199276	NA	NA	NA	NA	NA	NA	1.36180423660637	NA	1.21048500275879	1.50113652179017	NA	NA	NA	NA	1.16689296423893	1.04171647567257	1.09089011724901	NA	NA	NA	0.658439217272721	NA	NA
NA	NA	NA	NA	NA	NA	NA	NA	NA	NA	NA	NA	NA	NA	NA	NA	NA	NA	NA	NA	NA	NA	NA	NA	NA	NA	NA	NA	NA	NA	NA	NA	NA	NA	NA	NA	NA	NA	NA	NA
NA	NA	NA	NA	NA	NA	NA	NA	NA	NA	NA	NA	NA	NA	NA	NA	NA	NA	NA	NA	NA	NA	NA	NA	NA	NA	NA	NA	NA	NA	NA	NA	NA	NA	NA	NA	NA	NA	NA	NA
NA	NA	NA	NA	NA	NA	NA	NA	NA	NA	NA	NA	NA	NA	NA	NA	NA	NA	NA	NA	NA	NA	NA	NA	NA	NA	NA	NA	NA	NA	NA	NA	NA	NA	NA	NA	NA	NA	NA	NA
NA	NA	NA	NA	NA	NA	0.824571316889359	NA	NA	NA	NA	NA	NA	1.18912555483717	NA	NA	0.678734440261902	NA	NA	0.313173091016781	NA	NA	NA	NA	NA	NA	NA	NA	NA	NA	NA	NA	NA	0.412068969758437	0.482304064209443	NA	NA	0.452177831677195	NA	0.954025474130529
0.632200017705793	NA	NA	NA	0.882347920594368	NA	0.779999655510711	NA	NA	1.14162057799124	NA	NA	NA	NA	NA	NA	0.659404827701806	NA	NA	NA	NA	NA	NA	NA	1.42261612785837	0.593459108781826	0.632280897803755	NA	NA	0.866402855854407	NA	NA	0.340180899684937	NA	NA	NA	NA	NA	NA	NA
0.750118842890628	0.68076840818313	0.436982997723817	0.642325143966866	0.622972251939452	0.627208930889533	0.559800976172928	0.91747277396774	NA	0.303424840331175	0.220746139324398	0.386132691759338	0.295972055005831	NA	0.496369994138516	NA	0.346063656463836	0.380525182957348	NA	NA	NA	0.311859116555916	0.69658931565943	0.992904989510236	NA	NA	1.13117965350651	NA	NA	0.80830010897321	1.43012588104835	NA	0.419665786101762	0.509030312329194	NA	0.319227598969236	NA	0.573841849968952	NA	NA
0.808587487951935	NA	NA	0.98108095123548	NA	0.571358914933934	NA	0.579056766635883	0.573319903768421	NA	0.632656952526524	0.395465181967559	NA	NA	NA	NA	1.0043738308653	NA	NA	NA	NA	NA	NA	NA	NA	0.352600913138288	NA	0.389039859136282	NA	0.460681516773864	NA	NA	NA	NA	0.306439582320945	NA	NA	NA	0.46745619904641	0.832300277074486
NA	NA	NA	NA	NA	NA	NA	NA	NA	NA	NA	NA	NA	NA	NA	NA	NA	NA	NA	NA	NA	NA	NA	NA	NA	NA	NA	NA	NA	NA	NA	NA	NA	NA	NA	NA	NA	NA	NA	NA
1.78176387051006	NA	NA	NA	NA	0.499141372818599	1.05097504931825	NA	NA	NA	NA	NA	NA	1.20829838965661	NA	NA	1.2827491754229	NA	NA	NA	NA	0.98398470166749	0.686972930045655	0.703451149699728	0.797221624421301	1.00957853586607	0.927332341085116	0.0701339294728633	0.470484562588949	0.425187200867023	0.441995954936132	NA	NA	NA	0.431954815101634	NA	NA	NA	0.22428296049224	NA
NA	NA	1.32755954081377	NA	1.15059386583063	NA	NA	1.5913258603582	0.846696590747661	NA	NA	1.07437278170481	NA	0.737416849209329	NA	NA	NA	NA	NA	1.2079904037306	NA	NA	NA	NA	NA	NA	NA	NA	NA	NA	NA	0.596855384180051	NA	NA	NA	NA	NA	0.585133599720072	NA	0.340031321316985
NA	NA	NA	NA	NA	NA	NA	NA	NA	NA	NA	NA	NA	NA	NA	NA	NA	NA	NA	NA	NA	NA	NA	NA	NA	NA	NA	NA	NA	NA	NA	NA	NA	NA	NA	NA	NA	NA	NA	NA
NA	NA	0.68707201089081	NA	0.562858448989356	NA	NA	0.901681488766558	NA	NA	1.08428903719482	NA	NA	0.951627336099321	0.829956287943147	NA	NA	0.724169319492293	NA	0.444891560206137	NA	0.787359212391008	0.939899544453629	NA	0.865221325703927	NA	NA	0.652473712710718	NA	0.996030462037509	1.17932712129249	NA	0.741255377586594	0.583707147135116	0.428374165945082	0.478613640377596	NA	0.124961797543941	0.587546627870587	0.971679860890606
NA	NA	NA	NA	NA	NA	NA	NA	NA	NA	NA	NA	NA	NA	NA	NA	NA	NA	NA	NA	NA	NA	NA	NA	NA	NA	NA	NA	NA	NA	NA	NA	NA	NA	NA	NA	NA	NA	NA	NA
1.00623782475594	1.18083537380378	NA	NA	NA	NA	1.08478931093744	NA	0.874074812595815	NA	0.744314992059164	0.930197150817416	1.08064595953685	1.20142918731633	1.20165317964642	1.30278340077894	1.21986264500979	NA	1.21082782975419	1.11907179958686	NA	0.706923203456852	NA	0.905513654596697	NA	NA	NA	0.681611548400331	NA	NA	NA	0.362648913752557	0.405475705317823	NA	0.420689980701267	NA	NA	0.305152941841804	0.384644682363642	NA
NA	NA	NA	NA	NA	NA	NA	NA	NA	NA	NA	NA	NA	NA	NA	NA	NA	NA	NA	NA	NA	NA	NA	NA	NA	NA	NA	NA	NA	NA	NA	NA	NA	NA	NA	NA	NA	NA	NA	NA
0.996609774515804	1.2213632456677	0.630151783692287	0.349782160044506	0.440108813304956	0.598632101337772	NA	NA	0.359710532385335	NA	NA	NA	NA	NA	0.732995675299601	1.13324577130583	0.828836381473269	0.26683713941092	NA	NA	0.794262242659761	NA	1.15939979006403	1.11559977941533	0.978908845449634	0.921176926989664	1.1039957003574	0.768681622801616	0.426981103074745	0.153097462574751	NA	NA	NA	NA	1.86320465383708	0.265724305055189	NA	1.06267417686554	1.9473012541726	NA
NA	NA	NA	1.08551127579381	NA	0.176687875373062	NA	0.61837751651166	0.3684096980541	0.485095343614842	1.09938430673875	0.396226307212479	NA	NA	0.359582657605837	NA	NA	NA	NA	NA	0.579532227602598	NA	0.768816075781377	0.625608907714369	NA	NA	NA	0.85928061423157	NA	0.150146596116267	NA	0.403572839869156	NA	NA	1.11267584474359	0.638491757908378	NA	0.879345402146714	0.507926256923059	1.37177700276073
NA	NA	NA	NA	NA	NA	NA	NA	NA	NA	NA	NA	NA	NA	NA	NA	NA	NA	NA	NA	NA	NA	NA	NA	NA	NA	NA	NA	NA	NA	NA	NA	NA	NA	NA	NA	NA	NA	NA	NA
NA	NA	NA	NA	NA	NA	NA	NA	NA	NA	NA	NA	NA	NA	NA	NA	NA	NA	NA	NA	NA	NA	NA	NA	NA	NA	NA	NA	NA	NA	NA	NA	NA	NA	NA	NA	NA	NA	NA	NA
NA	NA	NA	NA	NA	NA	NA	NA	NA	NA	NA	NA	NA	NA	NA	NA	NA	NA	NA	NA	NA	NA	NA	NA	NA	NA	NA	NA	NA	NA	NA	NA	NA	NA	NA	NA	NA	NA	NA	NA
NA	NA	NA	NA	NA	NA	NA	NA	NA	NA	NA	NA	NA	NA	NA	NA	NA	NA	NA	NA	NA	NA	NA	NA	NA	NA	NA	NA	NA	NA	NA	NA	NA	NA	NA	NA	NA	NA	NA	NA
NA	0.586110978955057	NA	0.577213050659063	0.589489750965123	NA	0.626651258308276	0.293404097339187	0.722384269935889	NA	NA	0.674904320534098	NA	0.841608260619958	0.668157213731122	NA	NA	NA	NA	0.720651433445371	NA	0.733632534728236	0.451013622375942	NA	NA	NA	NA	NA	NA	NA	NA	NA	NA	NA	NA	NA	NA	0.219816761103575	0.250697083038301	0.707628511100761
2.63591272907514	NA	2.24060801075773	1.07849106642209	NA	2.03727216117963	2.53862064732182	1.65928605457927	NA	NA	1.71819649866219	1.3879896702998	1.65907636588966	2.10820781856954	2.14092932388805	0.439651671692886	0.620447430050426	1.84364175318317	1.33621076028322	1.43490682290804	1.35900566273911	1.06564383698091	0.59485123761168	0.650216981414589	0.997505129504755	1.0592872628914	NA	1.42828325489701	0.857247843304767	NA	0.962260303113016	0.178392094477128	0.390039880485631	NA	0.581062520140618	NA	NA	NA	NA	NA
NA	NA	NA	NA	NA	1.87631008104211	NA	NA	NA	NA	NA	NA	NA	0.841743532452117	NA	0.49243162418665	0.351964598825877	NA	NA	NA	1.17495758546861	1.00278302043028	1.40695300213041	0.947494786645633	NA	NA	NA	NA	0.923338820650027	1.08771185265559	NA	NA	NA	NA	NA	NA	NA	0.414253450512055	NA	NA
NA	1.24998099024745	NA	1.41920637777758	1.18883799702475	1.31545495860328	1.43483088775735	1.79272621492725	1.38731003103398	NA	NA	1.18784208463781	NA	1.4532415799438	1.14521640582854	NA	NA	1.41997556680843	NA	NA	1.16355376608932	1.02607898589408	NA	NA	0.546291829937353	NA	NA	0.396825359213021	0.620981332044878	NA	NA	0.474766123071497	0.347159046230943	0.386847802314352	NA	NA	NA	NA	0.232525248994338	NA
NA	NA	NA	NA	NA	NA	NA	NA	NA	NA	NA	NA	NA	NA	1.39021839933834	NA	0.622343572037922	NA	1.18341328227675	0.862355115175813	NA	NA	NA	NA	NA	NA	NA	NA	NA	0.737352342233494	NA	NA	NA	0.72469840117902	0.637271717898986	0.914505334191983	NA	0.3496500060547	0.593337799054655	1.06520256398555
NA	NA	NA	NA	NA	NA	NA	NA	NA	NA	NA	NA	NA	NA	NA	NA	NA	NA	NA	NA	NA	NA	NA	NA	NA	NA	NA	NA	NA	NA	NA	NA	NA	NA	NA	NA	NA	NA	NA	NA
0.455041996037139	0.766652219220618	0.791151814748231	NA	NA	1.30286236696736	1.02131790808926	1.36337102594914	0.947127258863269	NA	NA	1.40235536247004	NA	1.27027444765991	1.27041795606779	0.83157183205577	NA	1.06276867395054	NA	NA	0.221261476578146	0.28632950732445	1.16100255083411	NA	0.396832028414033	0.296015831835919	0.184020638715648	0.259248897021915	0.105337274561958	0.509197940495787	NA	NA	0.76453664113104	1.44647584837196	NA	0.190240986173416	NA	NA	NA	1.3137415314757
1.23597946204203	NA	NA	NA	NA	NA	NA	1.04139659838549	NA	NA	NA	NA	NA	NA	1.13421461167946	0.795501073143313	NA	0.624723960324525	NA	0.702459616313812	NA	0.930444608793052	0.677882294237492	0.653901517746245	0.628531909640096	NA	0.820731116343773	NA	1.04014307407361	NA	NA	0.690083580754397	NA	0.466409541208612	0.461798107105512	1.06332967406107	NA	0.759328582328213	0.616949724279336	NA
NA	NA	NA	NA	NA	NA	NA	NA	NA	NA	NA	NA	NA	NA	NA	NA	NA	NA	NA	NA	NA	NA	NA	NA	NA	NA	NA	NA	NA	NA	NA	NA	NA	NA	NA	NA	NA	NA	NA	NA
0.704961733979076	NA	NA	NA	1.03541312774657	NA	0.608958617674234	0.725878435890598	NA	NA	NA	1.14103909632421	1.48710711604922	1.60334341111862	0.688158472415759	NA	0.700770506892189	0.560385938705885	1.68922865575186	0.566362662817294	NA	0.777829745639932	0.528066873590804	NA	0.311576416303224	NA	0.310086660287583	0.678018687166981	NA	NA	NA	0.123562445307795	NA	1.11486711192178	0.392477500849402	NA	NA	0.0817216806866809	0.338740706075908	0.577179039904253
1.12681625209546	1.33582189903924	1.14289910561718	NA	1.19814384276178	0.463619883414044	NA	0.444825882508782	0.503986647141885	NA	NA	1.54606729625167	0.862738046592104	0.678813950567634	NA	1.06940570588911	0.604470170141281	0.798220840467833	0.662336953274144	0.658077281061296	0.31438488321394	0.264277567787685	0.607832014275063	0.794907861612674	0.347388178433701	NA	NA	NA	NA	NA	NA	0.483559129333758	0.632071978712602	NA	0.366162217143534	0.483185855501466	NA	0.134535572955233	0.415948589608632	NA
0.514115264219322	0.596509761807985	0.505716962144569	0.177239304774078	0.214613814942256	0.357101767763933	1.24012602279837	NA	NA	NA	NA	0.951352741122726	NA	1.70201783425372	NA	1.75949092150679	1.22461850739041	NA	NA	0.766880669382908	0.619925911364965	0.707460367511195	0.383067934020665	0.352682675266101	0.629825840068229	NA	NA	NA	0.502688957076319	1.0441799780885	NA	NA	NA	NA	NA	NA	NA	0.753959440715415	NA	0.555835819522773
NA	NA	NA	NA	1.62186174389307	1.62668292579354	NA	NA	NA	NA	1.15832741100024	NA	NA	1.65383416297339	1.64943093930376	2.20182097238092	NA	NA	NA	NA	2.11545903628034	NA	NA	1.47235172062237	NA	NA	2.34425458948041	NA	1.33476268565358	2.0263593053826	NA	NA	NA	NA	0.61988576223316	NA	NA	NA	NA	0.522931387884714
NA	NA	NA	NA	NA	NA	NA	NA	NA	NA	NA	NA	NA	NA	NA	NA	NA	NA	NA	NA	NA	NA	NA	NA	NA	NA	NA	NA	NA	NA	NA	NA	NA	NA	NA	NA	NA	NA	NA	NA
NA	NA	NA	NA	NA	NA	NA	NA	NA	NA	NA	NA	NA	NA	NA	NA	NA	NA	NA	NA	NA	NA	NA	NA	NA	NA	NA	NA	NA	NA	NA	NA	NA	NA	NA	NA	NA	NA	NA	NA
NA	NA	NA	NA	NA	NA	NA	NA	NA	NA	NA	NA	NA	NA	NA	NA	NA	NA	NA	NA	NA	NA	NA	NA	NA	NA	NA	NA	NA	NA	NA	NA	NA	NA	NA	NA	NA	NA	NA	NA
NA	NA	NA	NA	NA	NA	NA	NA	NA	NA	NA	NA	NA	NA	NA	NA	NA	NA	NA	NA	NA	NA	NA	NA	NA	NA	NA	NA	NA	NA	NA	NA	NA	NA	NA	NA	NA	NA	NA	NA
NA	NA	NA	NA	NA	NA	NA	NA	NA	NA	NA	NA	NA	NA	NA	NA	NA	NA	NA	NA	NA	NA	NA	NA	NA	NA	NA	NA	NA	NA	NA	NA	NA	NA	NA	NA	NA	NA	NA	NA
NA	NA	NA	NA	NA	NA	NA	NA	NA	NA	NA	NA	NA	NA	NA	NA	NA	NA	NA	NA	NA	NA	NA	NA	NA	NA	NA	NA	NA	NA	NA	NA	NA	NA	NA	NA	NA	NA	NA	NA
NA	NA	1.17988775009459	1.13172107210691	0.844419896960175	0.449097111317456	NA	NA	0.701109139345513	NA	0.734626751902176	0.904625680860161	1.0282110733461	2.02232273243961	0.728718019992925	0.473040756170842	0.501627601111822	0.767006230751628	2.05377238847799	0.305378342433433	NA	0.80354129224791	NA	0.779394964869021	NA	NA	NA	0.303535028613447	NA	NA	NA	0.543690539824788	0.568454781510426	0.19517360440541	NA	NA	NA	0.31531287686446	0.629334170171115	0.544007336284511
NA	NA	NA	NA	NA	NA	NA	NA	NA	NA	NA	NA	NA	NA	NA	NA	NA	NA	NA	NA	NA	NA	NA	NA	NA	NA	NA	NA	NA	NA	NA	NA	NA	NA	NA	NA	NA	NA	NA	NA
1.68234313847451	NA	NA	NA	1.41716475799025	NA	NA	NA	NA	NA	NA	NA	NA	NA	1.89471498712405	NA	1.42543671269178	1.86064569887815	NA	NA	NA	NA	NA	NA	NA	NA	NA	NA	0.532617838139111	0.638539158133697	NA	0.700962452565159	NA	0.344249724898042	NA	0.286688567689986	NA	0.59842365032476	0.433975431877584	NA
NA	NA	NA	NA	NA	NA	1.45586080157237	1.39848228297349	1.08175590553187	NA	NA	1.17722123353365	NA	NA	NA	1.01323392452609	NA	0.635291616545316	NA	0.409980284261668	0.870621136053912	0.452178925007593	0.849427210551454	NA	NA	NA	1.00906641671378	0.822183368790475	0.37270259141689	0.452546074250745	NA	0.291244900293798	0.180335822928518	0.475155418196714	0.333706805828933	1.80530340303292	NA	0.392391347244654	0.395360410884711	0.371155568286151
2.94993408170112	NA	NA	NA	NA	2.43185014331373	1.55057402091111	NA	2.43158860847713	NA	NA	NA	NA	1.21003654217097	2.52766083531983	NA	2.75343209359447	NA	NA	2.16160217182556	NA	1.63470019976356	NA	NA	1.53534986365428	1.78983062253485	2.36107913286651	1.29165738379049	1.09669697877101	1.37763708215781	0.820623366175135	1.31736628559163	1.25161167758499	NA	NA	0.846331158517426	NA	1.34018936910174	0.59114692084699	NA
NA	NA	NA	NA	NA	NA	NA	NA	NA	NA	NA	NA	NA	NA	NA	NA	NA	NA	NA	NA	NA	NA	NA	NA	NA	NA	NA	NA	NA	NA	NA	NA	NA	NA	NA	NA	NA	NA	NA	NA
NA	2.09018509795145	NA	NA	NA	NA	NA	NA	NA	NA	NA	NA	NA	NA	NA	NA	NA	NA	1.94993230664093	1.41587315290307	NA	1.93591266323755	1.87001992561039	1.63409237909211	1.61548486230717	NA	NA	1.10071741773385	0.985497624884616	0.792884348168907	NA	0.501400892681005	0.537077575198905	0.567034591252948	0.272328201159667	0.455526770139134	NA	0.240841616431705	NA	NA
NA	NA	NA	NA	NA	NA	NA	NA	NA	NA	NA	NA	NA	NA	NA	NA	NA	NA	NA	NA	NA	NA	NA	NA	NA	NA	1.34843985651526	NA	0.881846701755395	1.00966169932211	0.852688303199215	0.661590995931199	0.782658433532178	0.640115471291327	0.65963322584584	NA	NA	0.191861962060461	0.456747338253445	NA
NA	NA	NA	NA	NA	NA	NA	1.35136564491364	NA	1.26731152187146	NA	NA	NA	1.26793321328646	NA	NA	NA	NA	1.19590484151689	0.844473967435519	NA	0.858497032150046	1.12817774161995	1.46933111829423	1.19667236582745	1.302919830251	NA	0.959717995150113	0.903952410849808	1.2313391473019	1.01139112538955	0.851706452675304	0.717870320811187	NA	0.535358334104273	0.400648546135398	NA	NA	NA	0.541391843947253
NA	NA	NA	NA	NA	1.48471319287684	1.39062822150534	NA	NA	NA	1.21136091308066	0.970574134976762	NA	1.75452864340818	NA	1.7231993999173	NA	1.2376953155239	1.18048606275566	1.17906651720749	0.709361831593708	0.288498202594178	0.747887553713449	1.01981304037043	1.22170125865146	0.735782038697007	NA	1.14245708512547	1.03449389471544	1.04770692006874	1.80779202245047	NA	NA	NA	NA	NA	NA	0.212801103502217	0.25582344014168	0.0848559840430766
1.60609240407022	1.14851676168226	NA	1.73951030131458	0.64176372370929	1.64786881280463	1.66374043486486	1.4489520464641	0.643450305433392	1.19583219784564	0.478741960824987	1.39458652913088	NA	1.13842011579569	NA	0.423137228408881	1.26005972631553	0.708929229804221	1.20369229992516	0.597667526708318	1.65261631699431	0.747819051675108	0.837530213940517	0.678678078620724	0.587574942147364	0.768766411949619	0.643492103591945	0.734213289807142	0.867307254571239	0.718404840347467	0.68047924428209	0.442399800948953	0.135800741305897	0.533336857240591	0.733561497874232	0.242163977464058	NA	0.449684094417644	0.339633898274419	0.303340784538382
NA	1.02582643389964	1.12085257911618	NA	1.13208653818623	1.83218590325231	1.43573622349491	1.45529742208874	1.17018158648309	0.683536104564306	0.234895871315202	0.540976462478061	0.574924644250175	0.73191094003494	0.700757050316906	NA	1.4269038332281	NA	NA	1.4443901716564	0.862718775332575	0.956526412648218	0.7456805791301	0.685134161199096	0.549975989316183	0.466456474923698	0.806049302842712	0.559963255294048	NA	1.1239308301286	NA	0.610744305924329	0.966592938564233	0.412260018310995	NA	0.468899303335163	NA	0.240509071005105	0.404528481573157	0.438179624809633
0.715759849437132	NA	NA	0.835707561597879	0.91281773215226	0.6661447023379	NA	0.80272114456735	1.26974973070888	NA	NA	1.67870488257659	NA	1.88618686237636	1.36312712408596	1.34849928654836	NA	1.60193549141153	1.08182810412933	0.781952646563888	0.628917138386438	NA	NA	NA	NA	NA	NA	NA	0.584116912336816	0.424365732390226	0.326202136787342	0.453100457909982	0.205735086565611	NA	0.341548386859878	NA	NA	NA	0.468053754658703	0.633348103139797
NA	NA	NA	NA	NA	NA	NA	NA	NA	NA	NA	NA	NA	NA	NA	NA	NA	NA	NA	NA	NA	NA	NA	NA	NA	NA	NA	NA	NA	NA	NA	NA	NA	NA	NA	NA	NA	NA	NA	NA
NA	NA	NA	NA	1.23392770863936	1.51704934394922	1.52824474792621	NA	1.16983477079406	1.29410155878269	NA	NA	NA	NA	NA	NA	0.90059453847458	NA	0.530951568314391	NA	NA	NA	NA	NA	NA	NA	NA	NA	NA	NA	NA	1.3818490801274	NA	NA	NA	NA	NA	NA	0.330474207379068	NA
2.49085193336747	1.32166839077925	NA	NA	0.668089915074626	1.22261318592148	1.10426411739371	1.19006632363275	NA	1.46989039554568	NA	1.50647692528124	1.69770070690264	1.80145487590889	2.00367155485041	1.75512109919768	1.92349666985445	1.97334686211419	NA	1.70612082966719	1.40135335862269	1.44400818208976	1.0657780022112	0.882223493997356	0.777499160359575	0.888243759224576	0.808734866308595	0.736681869734145	NA	NA	NA	0.985066885488152	NA	0.694268782573185	0.817186835750526	1.08730077216507	NA	0.63359792939854	0.643756948264526	1.27928455247405
1.05916866163128	1.05875114946353	NA	NA	0.960754674692951	NA	NA	1.34494552014664	NA	NA	NA	NA	NA	NA	1.43258253905351	NA	1.32287963464282	1.0846422837793	NA	1.26495592568079	NA	1.54661981276706	0.934993591740145	NA	NA	NA	NA	NA	NA	NA	NA	0.719776046145337	NA	NA	NA	0.581547343559326	NA	0.271929636382628	NA	NA
NA	NA	NA	NA	NA	NA	NA	NA	NA	NA	NA	NA	NA	NA	NA	NA	NA	NA	NA	NA	NA	NA	NA	NA	NA	NA	NA	NA	NA	NA	NA	NA	NA	NA	NA	NA	NA	NA	NA	NA
NA	0.981502272120505	0.840732765734863	NA	0.769603887351802	0.512484947696448	NA	0.665021331860165	0.577983474093262	0.850428958443799	NA	NA	NA	NA	0.185267811311443	NA	1.50307796928929	0.736629311356699	0.150198399662361	0.27413704373504	0.540321904876591	0.328978990486926	0.315232363342457	NA	0.586950446230279	NA	0.599520440492562	NA	NA	NA	NA	2.13252018100701	0.922755815146672	NA	NA	0.526147587833956	NA	0.513612775237706	NA	NA
NA	1.0614137838973	1.03041066230409	NA	NA	1.3057496720093	NA	0.837063759913808	NA	NA	0.901137256097668	1.00537642078943	NA	1.4349823105559	NA	NA	1.21737003363969	1.23601471085	0.732682606792624	0.58651770491435	0.448658499143329	NA	0.429677368258281	NA	0.799827335292977	NA	NA	NA	0.632643714972167	NA	NA	0.341694120396393	NA	0.210713413371409	0.313524317020972	0.230304138211739	NA	0.365783615175185	0.350685842286137	NA
0.52114535060639	NA	NA	NA	NA	1.32836913162818	NA	NA	NA	NA	NA	0.521927081423377	NA	NA	NA	NA	0.808679106565428	0.362022081712095	NA	0.405112295490874	NA	NA	0.632689456957127	NA	NA	NA	NA	NA	NA	NA	NA	NA	NA	NA	NA	NA	NA	0.501540556208071	NA	NA
NA	0.58784848451666	0.751660421464339	NA	1.93056741302975	0.989637791219836	NA	NA	NA	NA	NA	NA	NA	1.16488240738621	1.308990293299	NA	0.955314585498026	NA	0.573238060216705	0.467603739722661	NA	NA	NA	NA	NA	NA	NA	NA	NA	NA	0.741144422960125	0.588383565443428	NA	NA	0.284945141592236	NA	NA	NA	NA	NA
NA	0.47112942616583	0.522876853490901	0.252109535227678	NA	0.478812562787389	NA	0.157352479411635	0.303221254620078	NA	NA	NA	NA	NA	NA	NA	0.975364331078253	0.967869824478064	NA	0.607086737822438	NA	0.323768281320152	NA	0.368148529749526	NA	0.397190861017335	0.372451095040229	0.313343148109521	0.363668468017321	0.776941977370846	NA	NA	0.611538605130045	NA	NA	0.514047097691293	NA	NA	0.744580568676178	NA
NA	NA	NA	NA	NA	NA	NA	NA	NA	NA	NA	NA	NA	NA	NA	NA	NA	NA	NA	NA	NA	NA	NA	NA	NA	NA	NA	NA	NA	NA	NA	NA	NA	NA	NA	NA	NA	NA	NA	NA
1.32263154347004	1.13845177480852	1.81695767259568	0.702661640681312	NA	0.629977980973567	0.573397679025492	0.770454254855786	0.535514565482511	NA	NA	0.764413978551933	0.862055512338481	0.826930774585342	0.762070593610743	NA	0.837984687516266	0.889419568428763	NA	0.687581264102008	1.39085417438802	0.973789470235766	1.10887867245269	NA	0.474262412515384	0.314513163689972	NA	1.2463540079971	NA	0.217233047456394	NA	NA	0.217722642991106	NA	NA	NA	NA	0.0781392924880387	0.286759218398767	0.252391789371125
NA	NA	NA	NA	NA	NA	NA	NA	NA	NA	NA	NA	NA	NA	NA	NA	NA	NA	NA	NA	NA	NA	NA	NA	NA	NA	NA	NA	NA	NA	NA	NA	NA	NA	NA	NA	NA	NA	NA	NA
0.644914211725457	NA	1.17885365600759	0.537749883343099	0.868208078230956	0.418309560976778	0.54598807232326	0.76493041243707	NA	NA	1.34911190987317	0.80194918076381	1.05066971439668	NA	0.962790638125215	0.796526147915008	0.697125694962901	0.465822582313758	NA	0.631396224832002	NA	0.725492877240607	0.653713433862367	0.607133493801778	1.4552294352996	NA	0.755641133220944	NA	NA	1.18673540722188	1.13187372922463	0.906559420705281	1.12166061420266	NA	1.72865516709655	0.919062566992089	NA	0.79170185506784	0.72459299759146	0.694618845575706
NA	NA	1.63545444341584	NA	1.7262184876589	NA	1.6784645079801	1.4636799007334	1.60292555749345	1.89540943360457	1.88389020420954	NA	NA	1.77806691360687	1.70260160725826	1.89646594087282	1.54199348538064	1.55235703987503	NA	1.21682543388336	1.47040079466341	NA	NA	1.87298405068892	NA	NA	NA	1.96188517040317	2.57415171136102	2.10998992054896	NA	2.43866408674197	2.14211559213488	NA	NA	2.39712141609478	NA	NA	2.09763046361593	NA
NA	NA	NA	NA	NA	NA	NA	NA	NA	NA	NA	NA	NA	NA	NA	NA	NA	NA	NA	NA	NA	NA	NA	NA	NA	NA	NA	NA	NA	NA	NA	NA	NA	NA	NA	NA	NA	NA	NA	NA
NA	NA	NA	NA	NA	NA	NA	NA	NA	NA	NA	NA	NA	NA	NA	NA	NA	NA	NA	NA	NA	NA	NA	NA	NA	NA	NA	NA	NA	NA	NA	NA	NA	NA	NA	NA	NA	NA	NA	NA
0.921935837215715	NA	0.857493903629314	NA	NA	1.0043875114874	0.705807554487686	NA	NA	0.912021063126626	1.84684287484923	NA	NA	0.870773086519368	1.09443955132735	1.09964978433092	2.00085815839459	1.28468216335553	1.17078809567562	NA	NA	1.36256107839856	0.55638253906442	1.21250634726572	NA	NA	NA	2.21332512755255	1.26663963299842	NA	1.41248896697209	0.947003020756369	NA	1.1530789095912	0.777534212156514	0.282675284897394	NA	0.13670019787901	2.22090298627168	1.30113956313674
1.02499800694811	NA	0.834748814198017	1.20124533738063	NA	0.501213795381997	0.760734581605977	1.09049310643787	0.89299076159433	NA	0.921731005021961	1.18619276350935	NA	1.4000668268851	1.23312832053895	NA	NA	1.52869621870723	1.20045673001585	0.785156252275299	1.14616035833561	1.55622807892579	0.412503765660801	1.55916627689596	NA	NA	0.477357389472179	NA	0.508578181655491	0.508206128400193	NA	NA	0.430798707774168	0.309476643882841	NA	NA	NA	NA	NA	NA
NA	NA	NA	NA	NA	NA	NA	NA	NA	NA	NA	NA	NA	NA	NA	NA	NA	NA	NA	1.66283376609217	1.14540764906401	1.00262990685684	NA	NA	NA	NA	NA	NA	NA	NA	NA	NA	NA	NA	NA	NA	NA	0.974852860427748	NA	1.15823517901
NA	NA	NA	NA	NA	NA	NA	NA	NA	NA	NA	NA	NA	NA	NA	NA	NA	NA	NA	NA	NA	NA	NA	NA	NA	NA	NA	NA	NA	NA	NA	NA	NA	NA	NA	NA	NA	NA	NA	NA
NA	NA	NA	NA	NA	NA	NA	0.900473208975249	0.775791714489278	NA	NA	0.360567740504125	0.519274808229352	0.680985595515868	1.04353114845959	0.931925152670205	NA	NA	NA	NA	0.754571037841953	1.02358201376139	0.620089973900517	1.06046138595944	1.40564252520529	NA	1.54452342718851	NA	0.395715877009686	NA	0.749606625140062	0.913822842816312	NA	0.801388403725151	1.16718516690575	NA	NA	0.392053206398312	0.47060743535638	0.410883110199818
NA	NA	NA	NA	NA	NA	NA	1.35691274101365	NA	NA	1.7432513642066	1.54852398459389	NA	1.14217280426467	1.04926127913394	NA	1.20474547456083	NA	0.90135374040924	0.777002207325464	1.16971072814132	1.11434719222823	0.269609047689397	NA	0.211596137392614	NA	NA	NA	1.29770038636968	0.405432116330787	NA	0.398663451302422	NA	2.04126113927847	NA	0.871599794378945	NA	NA	0.348763758057166	0.995657163170241
NA	1.95934717059795	NA	NA	1.85333509703287	1.89227882700464	1.81049077623458	1.95145246804569	NA	NA	1.75475541349909	1.98128570407457	0.868091054244531	2.05683813386062	2.05579106900593	1.70475227024485	NA	NA	NA	1.62115969862235	1.54820391926538	NA	0.924873110091729	0.905433267908188	0.904226371479406	NA	0.632334385346552	0.490928407244242	0.645290648425077	0.928057118763328	1.14829331087321	0.573737873613853	0.675110703744781	0.485775726068019	NA	0.534967528003702	NA	0.654788037683263	0.857366259318947	0.468196065485019
NA	NA	NA	0.508293910239958	2.14007618302672	0.703226784056858	NA	0.825799688638445	NA	NA	NA	0.737304861741447	1.10468370927135	0.710991101687294	NA	0.733086716762952	NA	NA	NA	NA	NA	0.737967294120757	NA	NA	0.74894419651096	NA	0.788550126892261	0.938390879447834	0.475102197129825	NA	NA	NA	NA	NA	NA	NA	NA	NA	NA	NA
1.48172963019586	NA	NA	NA	NA	NA	1.11266250691936	NA	NA	NA	NA	0.835241893977548	NA	0.723504645842843	NA	NA	NA	NA	NA	0.566012478623716	0.977559428282811	0.836098569043064	0.503688408772232	NA	0.189006258136595	0.412065056661015	NA	NA	0.869981293459783	1.51641938343141	0.468984673727369	0.140267471079625	0.667346304251528	0.252188708879379	NA	NA	NA	0.425079283520914	0.340598048383317	0.173502339410863
NA	NA	NA	NA	NA	NA	NA	NA	NA	NA	NA	NA	NA	NA	NA	NA	NA	NA	NA	NA	NA	NA	NA	NA	NA	NA	NA	NA	NA	NA	NA	NA	NA	NA	NA	NA	NA	NA	NA	NA
NA	0.697055105213863	NA	NA	NA	NA	NA	NA	NA	NA	NA	NA	1.86615482606248	NA	1.7435533268681	NA	NA	NA	NA	NA	NA	NA	NA	NA	NA	NA	NA	NA	NA	NA	NA	NA	NA	1.0200851133768	0.476407432428561	0.660442925833717	NA	0.873502636411579	NA	0.703638939149944
NA	NA	NA	NA	NA	NA	1.58083130294206	1.23615269605945	1.22659849978053	1.90227081906526	NA	NA	0.872803744971531	0.834778053330146	NA	NA	1.12397552651126	NA	NA	NA	0.678664807398565	0.615621643380217	NA	NA	NA	0.19778476393933	NA	0.62642887746096	NA	0.0877132335061212	NA	0.337103048366305	0.594642708301985	0.722076330086985	NA	0.518265790484088	NA	0.447450418490518	NA	NA
NA	NA	NA	0.791127630938574	NA	NA	NA	1.00790889758798	NA	0.547194641207594	NA	0.674905439569065	0.399963855776673	NA	0.670624377958575	0.640308896394855	NA	NA	NA	NA	NA	NA	0.516564888405353	0.550736970947859	NA	NA	NA	NA	NA	NA	NA	NA	NA	NA	0.345226120441338	0.421082979441536	NA	NA	NA	0.466300232373281
1.60616971336925	0.992376908865994	NA	NA	NA	NA	NA	NA	NA	NA	NA	1.02446633581379	1.39347354978227	NA	NA	NA	NA	NA	1.88370002642586	NA	NA	1.57989421203973	NA	1.40163404962793	1.34594997498479	1.15642542784013	NA	1.07060164089984	0.908567006892721	0.599965541894418	NA	0.394942617060845	NA	NA	0.55818164166655	NA	NA	0.542475278538238	0.880590488490768	0.772929006476908
NA	NA	NA	NA	NA	NA	NA	NA	NA	NA	NA	NA	NA	NA	NA	NA	NA	NA	NA	NA	NA	NA	NA	NA	NA	NA	NA	NA	NA	NA	NA	NA	NA	NA	NA	NA	NA	NA	NA	NA
3.22882680222359	3.13309131479527	NA	NA	NA	NA	NA	NA	NA	2.33484974946544	NA	NA	NA	NA	NA	NA	NA	2.23949980933345	NA	NA	NA	1.43536430333825	2.1583365797207	NA	NA	NA	NA	NA	NA	2.45561881341469	NA	NA	2.99714293134907	NA	NA	0.702746803173048	NA	NA	NA	NA
NA	NA	NA	NA	NA	NA	NA	NA	NA	NA	NA	NA	NA	NA	NA	NA	NA	NA	NA	NA	NA	NA	NA	NA	NA	NA	NA	NA	NA	NA	NA	NA	NA	NA	NA	NA	NA	NA	NA	NA
1.57382599325028	1.82109805823173	1.54933858937402	NA	0.686847521670809	0.650062794148384	1.16223472477295	NA	1.21098522734713	1.69931754219971	0.770391912544885	NA	0.48486762850193	0.439797988496691	NA	NA	0.599234509310148	NA	1.4550763634825	1.34345348506723	NA	1.16407842371948	0.681660539016892	0.556414600220761	NA	1.06890117534852	0.832982930674731	0.995692302003539	1.05017461011165	1.53542512470335	NA	1.33666047518092	1.22719971682753	0.292228172918022	NA	0.300238378168118	NA	NA	NA	0.459570040086322
NA	NA	NA	NA	NA	NA	NA	NA	NA	NA	NA	NA	NA	NA	NA	NA	NA	NA	NA	NA	NA	NA	NA	NA	NA	NA	NA	NA	NA	NA	NA	NA	NA	NA	NA	NA	NA	NA	NA	NA
NA	NA	NA	NA	NA	NA	NA	NA	NA	NA	NA	NA	NA	NA	NA	NA	NA	NA	NA	NA	NA	NA	NA	NA	NA	NA	NA	NA	NA	NA	NA	NA	NA	NA	NA	NA	NA	NA	NA	NA
NA	NA	NA	NA	NA	NA	NA	NA	NA	NA	NA	NA	NA	NA	NA	NA	NA	NA	NA	NA	NA	NA	NA	NA	NA	NA	NA	NA	NA	NA	NA	NA	NA	NA	NA	NA	NA	NA	NA	NA
NA	NA	NA	NA	NA	NA	NA	NA	NA	NA	NA	NA	NA	NA	NA	NA	NA	NA	NA	NA	NA	NA	NA	NA	NA	NA	NA	NA	NA	NA	NA	NA	NA	NA	NA	NA	NA	NA	NA	NA
0.537137232075826	2.19691182680271	1.1327393491659	1.13862885817433	2.21551743335711	NA	NA	NA	NA	0.763683195036628	1.4701812764982	1.20348567728112	1.51866348484892	NA	0.950883437305785	1.72670222552472	1.03518318455049	NA	NA	NA	0.60404231338911	0.293941355730142	NA	0.480848178405239	0.441371115319844	NA	0.715273961832242	0.822812263799331	0.610953824188486	0.217349262902842	1.19909180564544	0.297276726304064	0.579230198475515	NA	0.391053346510645	0.460639207284897	NA	0.717010370389387	0.649894993357018	0.66115759545027
NA	NA	1.26998617424317	NA	NA	0.922729181467059	NA	NA	NA	NA	NA	1.39690502180116	1.21150623103801	1.34204847682692	1.46661494677767	1.65064427563367	NA	NA	NA	1.16529348242254	0.830301683589722	NA	0.145368593885005	NA	NA	NA	NA	0.607746734816325	NA	NA	NA	NA	0.337053930755495	NA	0.26807733260554	NA	NA	0.319411199840022	0.210386093934652	0.35393072058853
NA	NA	NA	NA	0.66876123377438	1.17117793065574	1.07832727345755	NA	NA	2.16570800303567	2.15572761929151	NA	NA	NA	NA	1.05161945419798	1.24020452620385	NA	NA	NA	1.14100666458522	0.861507325840672	1.0917467511128	1.26052134454266	1.53051308116742	1.61399364434639	1.58707318916767	0.606823093839665	0.792174224267226	1.28657659593984	1.35601782633721	1.22737423109791	0.680056201792051	1.59079268002739	0.564654991247558	0.927617236770442	NA	0.818940300462649	0.969731658984182	1.2242876900418
NA	NA	NA	NA	NA	NA	NA	NA	NA	NA	0.836464868336695	NA	NA	NA	NA	NA	0.570479669262936	NA	NA	NA	NA	0.601347955318651	NA	NA	NA	NA	NA	NA	0.717372160272411	NA	NA	NA	0.72537345521305	NA	1.18584475345208	NA	NA	NA	0.383511915156975	0.920610768069787
NA	NA	NA	NA	NA	NA	NA	NA	0.353684896977055	NA	NA	0.503620689840445	NA	0.642749656037629	0.929943896835954	0.999488710487065	NA	NA	NA	1.03824640176782	NA	NA	0.390421526206743	0.668016194856543	0.387018091552546	0.439482536828088	0.221480781236026	0.302847238714803	1.31581589304994	NA	0.102508649119689	0.335821225714939	NA	0.499970358122512	0.645165609980928	0.339615805763564	NA	0.322897302289729	0.448692637370598	0.222101381128316
NA	NA	NA	NA	NA	NA	NA	NA	NA	NA	NA	NA	NA	NA	NA	NA	NA	NA	NA	NA	NA	NA	NA	NA	NA	NA	NA	NA	NA	NA	NA	NA	NA	NA	NA	NA	NA	NA	NA	NA
1.86583058520088	1.71137263731802	NA	1.24413289474961	NA	NA	NA	NA	NA	NA	NA	1.91487976821473	NA	NA	1.89355536535498	1.20903198161432	1.82924418459743	NA	0.966512658122928	0.595535477944264	1.69916160806323	1.67386764440537	1.73139007443201	1.69010342990681	1.8249874334979	1.86843824569135	1.63090644513146	1.48899257909918	NA	NA	1.59837165759858	NA	1.18825392930216	1.21282680430466	NA	1.26101063204559	NA	NA	NA	0.667986560676398
NA	1.57302090713759	NA	NA	NA	1.09741883604195	NA	NA	0.983504622788193	NA	NA	0.732003964270102	NA	NA	0.709405294792715	NA	1.43602607915459	NA	1.53011583673983	0.687282776426451	0.947001511472076	1.27882536289778	0.808341216159142	1.12917964143231	1.11947779368915	1.38757513138055	NA	NA	NA	1.93215867270537	2.10735821948616	2.00429042181902	1.72077345674102	1.59452766925492	1.087068736713	NA	NA	NA	NA	1.07541195687143
1.86747127073333	1.53269682240296	NA	1.40708959358788	1.66073264364203	1.07930986896223	1.76807031365737	0.542836067368701	1.56843208654746	1.72208879552012	NA	1.1920250731464	NA	1.99436276222367	1.70427177168416	1.90637055802852	1.723645218098	1.77904345932655	1.59889448944221	1.30016923104005	1.06387926424786	1.42121077031349	0.563182426158153	0.319410750665212	0.776790299277442	0.450467638524445	0.564027655686963	0.879579191240373	0.980297372983136	1.94754858174195	1.75615527819659	0.508648959724625	1.60810181082142	1.83060881621488	0.491607145473579	1.84924733754687	NA	0.911244925870708	0.69749385451785	0.425003723588193
NA	NA	NA	0.630736326510728	1.38860581924966	NA	0.74524894795986	0.557346172599495	0.975851280875107	NA	1.20817607859187	NA	NA	NA	NA	NA	1.2368549921497	1.14886958102727	1.23411024375155	1.48689654694656	NA	0.913271488359119	1.10278271468261	NA	0.860425848180925	1.32768120573815	1.32713310520315	1.20637864731827	NA	0.902604901880524	1.65406867328847	1.68337324052191	1.66182967142427	NA	1.01082353353232	0.657804514711369	NA	1.82376329052163	1.91658635003665	NA
NA	1.66159398165405	NA	1.30326932703903	1.75446979261037	NA	2.04815208795787	NA	1.99041106842739	1.99859011192273	NA	NA	NA	1.66512899562581	NA	NA	NA	NA	NA	0.652989433760954	NA	NA	NA	NA	NA	0.494458929881524	NA	NA	0.743435432676917	NA	NA	NA	NA	NA	NA	0.556800230982757	NA	NA	NA	0.358243158345173
NA	NA	NA	NA	NA	NA	NA	NA	NA	NA	NA	NA	NA	NA	NA	NA	NA	NA	NA	NA	NA	NA	NA	NA	NA	NA	NA	NA	NA	NA	NA	NA	NA	NA	NA	NA	NA	NA	NA	NA
0.659648908999209	NA	1.63698127924791	NA	NA	NA	NA	0.848398959339335	NA	NA	1.58724365523646	1.80917835932999	1.75397877582593	NA	0.688833676867295	0.896132933829329	1.58046758273216	NA	NA	1.53670526749441	NA	NA	0.554840139616609	1.90595143079625	0.636449827701011	NA	NA	1.24818645101487	0.667921883480647	0.870895554595661	0.384458106207704	1.12997242546491	0.493122205285581	1.33983743797436	0.929579929410261	1.02115232570009	NA	0.290744342088949	1.05678566910792	1.20385709557407
NA	NA	NA	NA	1.19799835204174	NA	NA	NA	NA	NA	NA	NA	NA	NA	NA	NA	0.92181847189384	0.799249563434386	NA	NA	NA	NA	NA	NA	0.400574408732081	NA	NA	NA	NA	0.169073792063771	NA	0.998276263301795	NA	NA	0.247007677782697	0.13838304076042	NA	NA	NA	0.320524276328488
NA	NA	NA	NA	NA	NA	NA	NA	NA	NA	NA	NA	NA	NA	NA	NA	NA	NA	NA	NA	NA	NA	NA	NA	NA	NA	NA	NA	NA	NA	NA	NA	NA	NA	NA	NA	NA	NA	NA	NA
2.12052045513177	0.865547272775294	0.360316343239534	0.770944471799374	0.573872019197235	1.55777894210845	1.14326342041439	0.857061369993779	1.26542091623253	1.22230762507754	1.73214904468397	1.23214280922915	1.96899818029874	1.26343885281977	1.82707464987656	1.6760312758393	1.76745773720256	NA	0.7124668079726	1.25338941127896	NA	0.495925232108607	NA	0.764030571367693	1.06159075500851	NA	0.569312416649092	0.403478936028005	0.19596188505654	0.945781413494508	NA	NA	NA	0.281285180348515	NA	0.23861283917893	NA	NA	0.443410335646635	0.65455243890728
NA	NA	NA	NA	NA	NA	NA	NA	NA	NA	NA	NA	NA	NA	NA	NA	NA	NA	NA	NA	NA	NA	NA	NA	NA	NA	NA	NA	NA	NA	NA	NA	NA	NA	NA	NA	NA	NA	NA	NA
NA	0.687904826117626	NA	NA	NA	NA	0.816261455117869	NA	NA	NA	NA	NA	NA	NA	1.14572299556956	NA	NA	NA	NA	NA	NA	NA	0.244920791615781	0.529889581350987	NA	NA	0.490198707015923	NA	NA	NA	1.47597426361215	NA	0.436056865886342	1.56246742209475	NA	NA	NA	NA	0.747832463147199	NA
NA	NA	0.28736684178525	NA	NA	NA	1.38607062763828	1.21251061315519	NA	NA	0.815452094123699	NA	NA	1.04921320943016	NA	1.03960959328218	1.93824077756062	1.42479185195241	0.611890737750748	1.75373974114743	0.965419886238064	0.546055336437312	0.28584437372918	1.57364526270184	NA	1.75099661654985	1.46056772049415	1.54596491821796	1.84161478820722	1.64551739186511	1.1357742827587	1.25561188452205	1.63756268631051	1.31733925597636	1.23922549257366	1.96822858792574	NA	1.52582899758965	0.826659758887824	0.909373189804649
0.412194499572075	1.20682583804726	NA	0.989043287458638	NA	1.5178380431323	2.22239635838502	NA	0.78130859702011	0.761374604268758	1.0360831529157	NA	1.68180018613884	0.24698097838193	1.62064023174924	NA	NA	NA	1.15102511864152	NA	NA	0.920463733645736	0.434087566489671	0.605192012972924	0.972498047960199	0.821349616864866	0.44986167584682	NA	0.929174454379053	0.359004480432761	NA	0.411292747120883	0.252469243595671	NA	0.587475484611644	NA	NA	0.282244155605173	0.35508472354084	0.55420139587864
NA	NA	NA	NA	NA	NA	NA	NA	NA	NA	NA	NA	NA	NA	NA	NA	NA	NA	NA	NA	NA	NA	NA	NA	NA	NA	NA	NA	NA	NA	NA	NA	NA	NA	NA	NA	NA	NA	NA	NA
NA	NA	NA	NA	NA	NA	NA	NA	NA	NA	NA	NA	NA	NA	NA	NA	NA	NA	NA	NA	NA	NA	NA	NA	NA	NA	NA	NA	NA	NA	NA	NA	NA	NA	NA	NA	NA	NA	NA	NA
NA	NA	1.22264564847723	NA	1.69276138019828	1.57935260534456	NA	NA	1.91139519704973	NA	NA	NA	NA	NA	0.573309635511993	NA	1.15692236475471	1.38671810704569	NA	NA	1.39209698277882	0.81438089580818	NA	2.01680557293307	NA	NA	NA	NA	NA	1.48067336204539	NA	1.66296979446699	NA	NA	NA	NA	NA	2.01135217555769	2.18518950113063	0.396056769785682
NA	NA	NA	NA	NA	NA	NA	NA	1.33463038729217	NA	NA	NA	NA	1.45097700632811	NA	0.983870636047551	NA	0.603693259484815	0.971994888105951	NA	NA	NA	0.862461115233273	NA	NA	0.816628879416093	NA	NA	NA	NA	NA	0.391255562145903	NA	NA	0.8567356235937	NA	NA	0.615302871411018	0.415816308134472	NA
NA	0.7432772236246	NA	NA	1.58105499673128	2.16453271080231	2.57971975420488	2.21091599679534	1.94383452159022	0.978095691199184	1.70667740019416	1.11678309170539	1.4089126246682	1.48610379944538	1.06809590734314	1.26527624432296	1.25017575821991	NA	0.609895973431647	0.942388125719349	1.87051487983865	1.41456000039538	0.79232244723238	1.16199466843007	NA	NA	NA	1.92328110076943	0.654717347365613	0.670797266343833	0.541871586267486	0.377352753388865	0.25496045877868	1.02520736065387	0.174440231048257	0.34061832616485	NA	1.19137053460919	2.04080398833356	0.61770669154458
1.76591104592984	1.50809724837266	1.34272424887403	NA	NA	NA	NA	NA	NA	NA	NA	NA	NA	NA	0.887619218309685	1.66687776964282	NA	0.78060889036317	NA	0.854391150947255	0.628371580481246	NA	0.207697444766383	NA	0.36206882367172	1.04203380461208	1.33243033424402	1.29299223135289	1.11441376317387	0.957698567000741	NA	1.19957909135107	0.814094389284394	0.734053354466416	1.18772324171176	1.14342473153781	NA	0.630859521183056	0.534292537079079	NA
NA	NA	NA	NA	NA	NA	NA	NA	NA	NA	NA	NA	NA	NA	NA	NA	NA	NA	NA	NA	NA	NA	NA	NA	NA	NA	NA	NA	NA	NA	NA	NA	NA	NA	NA	NA	NA	NA	NA	NA
0.791564587398597	0.737397585188324	1.03356165198424	1.4698619681799	1.01864271941857	NA	1.04321870544705	0.462963241594179	1.09813896292023	0.938098319343348	0.614268290074411	0.298939525293589	0.434846248022912	1.29507636993011	1.03451671130189	NA	0.239661808090823	NA	0.89052023874943	0.49850293826363	0.809661143545642	0.732460796192603	1.0402575987796	0.839436222599416	0.253425634439507	0.424625761062118	0.538320482036362	0.931994429901595	0.907507643123552	0.769888666764798	0.500991617570143	0.653312588269423	0.747626948960754	1.42602372134868	0.576166279625004	0.623188954416842	NA	1.19909336509199	1.05992248759353	NA
NA	NA	NA	NA	NA	NA	NA	NA	NA	NA	NA	NA	NA	NA	NA	NA	NA	NA	NA	NA	NA	NA	NA	NA	NA	NA	NA	NA	NA	NA	NA	NA	NA	NA	NA	NA	NA	NA	NA	NA
1.3578295741261	1.43350460218139	0.86111079934934	NA	NA	0.345908962936031	0.24366452084122	NA	0.20279482886032	NA	0.140354947434964	NA	NA	0.616146649062561	0.736735205107199	NA	0.847133575943999	NA	0.605579890614028	0.327326619909995	NA	0.598630660273602	0.820985788035121	NA	0.319655844115684	NA	NA	0.717458530465305	0.531605730042176	NA	NA	0.375749543413299	NA	NA	NA	NA	NA	NA	0.587911453858689	0.450713159999187
NA	NA	NA	0.443903894895416	0.294735282573986	0.573145297218107	0.887678874580921	0.310843835901094	0.181049216456948	NA	NA	0.677608535078754	0.510406609452638	NA	NA	NA	0.639366205797715	0.413902145917235	NA	0.213427808733113	NA	NA	0.341757395788154	NA	0.220197237012337	NA	NA	NA	1.95425208182649	0.332773099194913	NA	NA	0.322803503195629	0.635717823189333	NA	NA	NA	NA	NA	0.557910576681822
1.44533948407455	NA	NA	NA	1.16260394220928	NA	NA	NA	NA	NA	NA	NA	NA	NA	2.28816233841414	NA	NA	NA	NA	NA	1.04013679561732	NA	0.737504712958573	NA	NA	NA	NA	1.4249632040724	NA	NA	NA	NA	NA	NA	NA	NA	NA	1.85636105634283	NA	NA
NA	NA	NA	NA	NA	NA	NA	NA	NA	NA	NA	NA	NA	NA	NA	NA	NA	NA	NA	NA	NA	NA	NA	NA	NA	NA	NA	NA	NA	NA	NA	NA	NA	NA	NA	NA	NA	NA	NA	NA
NA	NA	NA	0.784342539110435	1.08670031849112	NA	1.0379161403451	1.42116836360109	NA	1.11481976337128	NA	0.537514782948485	NA	0.897351812287168	2.08043705733962	NA	0.969829302088354	1.01222933914896	NA	0.82940407136884	0.408500856780297	0.313431813779988	NA	NA	0.620554953442602	NA	1.08353151796246	NA	0.374691571085004	NA	NA	NA	0.53016955185969	0.436703350880967	NA	NA	NA	NA	0.291926169424174	0.219682346027383
NA	NA	NA	NA	NA	NA	NA	NA	NA	NA	NA	NA	NA	NA	NA	NA	NA	NA	NA	NA	NA	NA	NA	NA	NA	NA	NA	NA	NA	NA	NA	NA	NA	NA	NA	NA	NA	NA	NA	NA
NA	1.85864778980948	1.85588933224939	NA	NA	1.83380337613497	1.44072950492016	NA	0.786505199808311	NA	1.02878843382537	1.13984780960748	0.945741425908625	1.11184058458685	0.970671415045396	NA	1.1825829925771	NA	0.956829116110279	0.409385244272635	0.603401180474955	NA	NA	NA	NA	1.13727569807961	NA	NA	NA	NA	NA	NA	NA	NA	1.20289198433708	NA	NA	1.23253534536496	1.33848766013621	NA
NA	NA	NA	NA	0.901556866581661	NA	NA	1.53749815247543	1.39109600582477	NA	1.45904278622445	NA	NA	NA	1.73462819895869	1.59764349141517	1.72364758497727	1.32207124965609	1.14695588448841	1.12973040204074	0.862809213920196	0.57094531456791	0.279781659233964	0.520956804917358	NA	NA	0.664461569190679	1.03251413044376	0.067220402355211	NA	NA	NA	NA	0.484209253288149	NA	NA	NA	NA	0.293172015482296	NA
NA	NA	NA	NA	NA	NA	NA	NA	NA	NA	NA	NA	NA	NA	NA	NA	NA	NA	NA	NA	NA	NA	NA	NA	NA	NA	NA	NA	NA	NA	NA	NA	NA	NA	NA	NA	NA	NA	NA	NA
NA	NA	NA	NA	NA	NA	NA	NA	NA	NA	NA	NA	NA	NA	NA	NA	NA	NA	NA	NA	NA	NA	NA	NA	NA	NA	NA	0.186230169096347	0.307430777345791	0.184993798135966	0.247346744558612	0.139262177751121	0.330574384875489	0.142545142455487	0.24472526801105	0.336376908365981	NA	0.408480987757702	0.232548123427484	0.356161351483926
2.33563996256367	2.72665585994139	NA	NA	NA	NA	NA	1.6405821580477	2.0080753359655	NA	NA	1.41262856961884	NA	1.68580327212068	1.88446144686537	NA	2.31270141383945	1.68897247610796	1.40323435179268	1.93994765941772	0.709043355492047	NA	NA	0.401662238895061	0.384536992108793	1.72940936404937	0.57035390393026	NA	0.396371291142196	0.99696249779129	NA	1.29963843076855	NA	NA	1.20602686798606	NA	NA	0.789846352855054	1.21205511209587	1.76359503686126
NA	NA	NA	NA	NA	NA	NA	NA	NA	NA	NA	NA	NA	NA	NA	NA	NA	NA	NA	NA	NA	NA	NA	NA	NA	NA	NA	NA	NA	NA	NA	NA	NA	NA	NA	NA	NA	NA	NA	NA
NA	NA	NA	NA	NA	NA	NA	NA	NA	NA	NA	NA	NA	NA	NA	NA	NA	NA	NA	NA	NA	NA	NA	NA	NA	NA	NA	NA	NA	NA	NA	NA	NA	NA	NA	NA	NA	NA	NA	NA
NA	NA	NA	NA	NA	NA	NA	NA	NA	NA	NA	NA	NA	NA	NA	NA	NA	NA	NA	NA	NA	NA	NA	NA	NA	NA	NA	NA	NA	NA	NA	NA	NA	NA	NA	NA	NA	NA	NA	NA
0.806553449481428	0.630928908067801	NA	NA	1.07034933361098	1.72918657644809	1.85165099301247	1.87918505872978	0.830008677876181	1.52252312518552	1.70723037771369	NA	NA	1.62062497980804	1.72061448679786	1.47138908570899	1.77833527721705	1.9971153868161	NA	NA	1.7141399360078	0.814765469987619	0.953834659162911	NA	NA	0.283971864969286	0.20325947188984	NA	NA	0.484145499066214	NA	0.541867069748781	0.485701902478815	1.95676567824948	0.973996527647215	NA	NA	NA	0.414037816247168	NA
NA	NA	NA	NA	NA	1.37503625427774	1.30420819855022	1.28956530457291	1.32915296142453	NA	NA	NA	NA	NA	NA	0.6699596557129	NA	0.767953273842331	NA	1.05180997597286	1.21683355336769	0.642153649786949	NA	NA	0.445911876576296	NA	NA	NA	NA	NA	0.346078865013034	0.347162675903443	NA	NA	NA	NA	NA	NA	1.44312988564848	NA
NA	1.8039017788788	1.84632130713276	2.08307905733325	NA	1.06056862520123	1.07969429703511	NA	0.575607335352262	1.49094764849918	1.62795063699789	1.62929634312049	1.6600100168706	NA	1.12998856771267	NA	NA	NA	0.645357496360592	0.291561651314845	0.688325939910789	NA	0.495665482259117	NA	NA	NA	NA	NA	NA	NA	NA	1.67699465237416	NA	0.57691384249293	1.18014058699097	NA	NA	NA	0.351329782990134	NA
NA	NA	NA	NA	NA	NA	NA	NA	NA	NA	NA	NA	NA	NA	NA	NA	NA	NA	NA	NA	NA	NA	NA	NA	NA	NA	NA	NA	NA	NA	NA	NA	NA	NA	NA	NA	NA	NA	NA	NA
1.31123216411607	1.30407271213393	NA	NA	NA	1.29671585847382	NA	1.16548005503905	0.889019222475296	NA	1.37414725340314	NA	NA	1.70645777780733	NA	NA	NA	1.58901372666617	1.47707107238331	1.11339140658377	0.834856005128058	NA	NA	NA	0.743780340119781	0.658954227616693	0.47590189174181	0.58914251509373	0.848004082296425	1.04010738584571	NA	0.662692778266715	NA	0.735975943985294	0.639217222291216	0.206203381969809	NA	1.32243634773223	0.334148697172719	NA
NA	NA	NA	NA	NA	NA	NA	NA	NA	NA	NA	NA	NA	NA	NA	NA	NA	NA	NA	NA	NA	NA	NA	NA	NA	NA	NA	NA	NA	NA	NA	NA	NA	NA	NA	NA	NA	NA	NA	NA
NA	NA	NA	NA	NA	NA	NA	NA	NA	NA	NA	NA	NA	NA	NA	NA	NA	NA	NA	NA	NA	NA	NA	NA	NA	NA	NA	NA	NA	NA	NA	NA	NA	NA	NA	NA	NA	NA	NA	NA
NA	0.878946839373628	NA	NA	NA	NA	NA	0.915478255225083	0.820232005511667	NA	0.988594869636885	NA	NA	NA	1.10139670824518	NA	NA	NA	0.935323087345501	NA	0.583521448707637	0.868840985763456	NA	NA	NA	NA	0.893773064342746	NA	0.849502293390668	0.551693950480623	NA	NA	NA	NA	NA	NA	NA	0.342924425993952	0.53391236353924	NA
NA	1.03770835389927	NA	2.5186486185332	0.63993752750347	1.59483758666377	NA	1.76392144838471	1.95758003603332	1.60883409643034	1.64735462026847	1.26074046697608	NA	NA	1.33796425923029	NA	1.51523395223564	1.33158333965594	NA	1.75218507500439	NA	1.48474418689018	1.32364829972919	0.66581017763735	1.54600093082078	0.880991374954958	NA	NA	NA	0.713985192423337	NA	0.827815311089189	0.503277978865786	NA	NA	0.415672693174402	NA	0.488809258469819	0.540609743393264	0.241424665801248
NA	NA	NA	NA	NA	NA	NA	NA	NA	NA	NA	NA	NA	NA	NA	NA	NA	NA	NA	NA	NA	NA	NA	NA	NA	NA	NA	NA	NA	NA	NA	NA	NA	NA	NA	NA	NA	NA	NA	NA
NA	NA	0.6999620466902	NA	NA	0.775942330125165	NA	0.805678875259489	1.08282795564263	NA	NA	NA	1.01676139927604	NA	0.865560430406565	1.07427305763409	NA	1.15897311179614	1.17731613981328	NA	NA	NA	0.736281505762958	0.948321765609241	NA	NA	0.779522993803539	NA	NA	NA	NA	NA	NA	0.593784761629766	0.919170804400728	NA	NA	0.354751615826762	NA	0.620630511350539
NA	NA	NA	NA	NA	NA	NA	NA	NA	NA	NA	NA	NA	NA	NA	NA	NA	NA	NA	NA	NA	NA	NA	NA	NA	NA	NA	NA	NA	NA	NA	NA	NA	NA	NA	NA	NA	NA	NA	NA
NA	NA	NA	1.10427754030911	0.876517856029739	NA	1.24399803845181	0.896042748329344	NA	0.632630633553028	0.82655597896721	1.04480522360863	0.746488091491393	0.755643148739945	NA	0.539947066857338	0.726175634067686	NA	0.967212877002983	0.758877841811864	0.564363971840785	0.938913793887889	0.585115132987815	0.473822980127971	0.563619644509549	0.495159020074373	0.63845043712159	0.58805569214314	NA	0.535461176039261	NA	1.01237206651534	1.17224759636861	0.858443861034436	NA	NA	NA	0.710672189903567	0.207459420296268	1.03659581857962
NA	NA	NA	1.92447992055953	NA	NA	NA	NA	0.787039777887253	NA	0.857462987822871	NA	NA	NA	NA	NA	NA	NA	NA	1.26980110430117	0.52107850408765	0.377442403413631	0.613541694147151	1.26351145722701	NA	0.866087513869375	NA	1.01533019853619	0.978016295026132	NA	NA	0.527067651714485	0.956031609048867	0.653292826819189	NA	NA	NA	NA	0.236841025980425	0.816194766031259
NA	NA	0.383509306808923	NA	NA	NA	1.10901363499607	NA	NA	NA	NA	NA	1.32410149772004	1.23657595725996	1.46029177991873	1.39690510562279	1.02435566467564	0.944502885418149	0.835957892712617	0.869985910217732	0.628983000861302	NA	NA	NA	0.910438326189453	NA	0.666126339893732	NA	0.378474790284986	NA	0.519165989169559	1.00526693500453	0.399529632219254	0.772984156053781	0.625765683191117	NA	NA	0.673568076698458	NA	0.187244113890936
NA	NA	NA	NA	NA	NA	NA	NA	NA	NA	NA	NA	NA	NA	NA	NA	NA	NA	NA	NA	NA	NA	NA	NA	NA	NA	NA	NA	NA	NA	NA	NA	NA	NA	NA	NA	NA	NA	NA	NA
NA	NA	NA	NA	NA	NA	1.95772835290197	NA	NA	NA	NA	1.50340166972293	NA	1.65155456229595	NA	NA	1.62098883060513	1.89512758541943	1.20254007852719	NA	1.09071801864319	NA	NA	NA	NA	NA	NA	0.861620563002043	0.535364767375278	NA	NA	NA	NA	NA	NA	0.344115591892175	NA	NA	0.889805277340804	1.12101834802159
NA	NA	NA	NA	NA	NA	NA	NA	NA	NA	NA	NA	NA	NA	NA	NA	NA	NA	NA	NA	NA	NA	NA	NA	NA	NA	NA	NA	NA	NA	NA	NA	NA	NA	NA	NA	NA	NA	NA	NA
NA	NA	NA	NA	NA	NA	NA	NA	0.566701405345873	0.550400151757122	0.697727598413973	0.445769675756358	NA	0.183655424473774	0.264831298831971	NA	0.522633510385499	0.528480562646379	NA	0.232224338075241	NA	0.133285191323522	NA	NA	0.594161593941876	NA	0.652027281173647	NA	NA	NA	NA	0.317246955131785	NA	0.192304122285466	NA	0.613879210553056	NA	NA	NA	NA
NA	NA	NA	NA	NA	NA	NA	NA	NA	NA	NA	NA	NA	NA	NA	NA	NA	NA	NA	NA	NA	NA	NA	NA	NA	NA	NA	NA	NA	NA	NA	NA	NA	NA	NA	NA	NA	NA	NA	NA
NA	NA	NA	NA	NA	NA	NA	NA	NA	NA	NA	NA	NA	NA	NA	NA	NA	NA	NA	NA	NA	NA	NA	NA	NA	NA	NA	NA	NA	NA	NA	NA	NA	NA	NA	NA	NA	NA	NA	NA
1.85889606593839	1.75875280666052	1.53928636506533	1.55274021159017	1.60453754570525	NA	1.58841258200777	1.53041028354526	1.37768098730349	1.3502272334636	1.6506334419655	1.42881304703061	1.17430378624038	1.53256677579421	1.61285525637453	1.34303405844264	0.858898694765038	1.01727884998413	1.25156586834622	0.820357965460139	NA	2.43749345652249	1.4973457100198	2.11033185673811	1.35574627770833	1.27710988051438	NA	1.56643930564951	2.0646847557311	2.19288164699941	1.99426696952236	0.991467454284037	1.24779929493393	1.62544537889786	0.267512412816418	2.4220396535568	NA	0.175363823369672	2.24077006334892	NA
NA	NA	NA	NA	NA	NA	NA	NA	NA	NA	NA	NA	NA	NA	NA	NA	NA	NA	NA	NA	NA	NA	NA	NA	NA	NA	NA	NA	NA	NA	NA	NA	NA	NA	NA	NA	NA	NA	NA	NA
NA	NA	NA	NA	NA	NA	NA	NA	NA	NA	NA	NA	NA	NA	NA	NA	NA	NA	NA	NA	NA	NA	NA	NA	NA	NA	NA	NA	NA	NA	NA	NA	NA	NA	NA	NA	NA	NA	NA	NA
NA	NA	NA	NA	NA	NA	NA	NA	NA	NA	NA	NA	NA	NA	NA	NA	NA	NA	NA	NA	NA	NA	NA	NA	NA	NA	NA	NA	NA	NA	NA	NA	NA	NA	NA	NA	NA	NA	NA	NA
NA	0.720159937808841	NA	NA	0.515111605855414	0.39998875368037	0.498368618647727	NA	0.247902637257653	NA	NA	0.910897853593712	NA	1.28869729043663	0.78036996216485	0.520452757752616	0.543561090253063	0.50545087617153	0.323446556867517	0.448827479422726	0.210432156067749	0.433114918953035	0.455823323326068	NA	NA	NA	0.866528367770304	NA	0.961290239056241	0.858549215935431	1.36073712644016	0.509075225416047	NA	0.580533348565633	0.741280230706188	0.827111264297229	NA	0.215315834220114	NA	0.806820052032954
NA	NA	NA	NA	NA	1.78814892583211	NA	NA	1.40804615704194	0.939202079056177	NA	NA	NA	2.37908439407069	NA	0.692654977704383	NA	NA	NA	1.22377112816257	1.06692261962536	1.67624934769357	1.65674686208507	1.43941968274	0.66149269043182	0.7072242711254	1.51298948361832	0.685863648602371	0.893650720911025	0.785473325181269	0.78792908978582	0.952345724695704	1.12477177637303	1.7001652325481	NA	0.886384375301466	NA	0.455644679220119	1.35810932094983	1.0431153858151
NA	NA	NA	NA	1.12916719005199	NA	NA	NA	1.22627207620265	1.22977777311577	1.33329258959894	NA	NA	0.897514130077507	0.690962589600221	NA	0.696935042203179	0.449476407596892	NA	NA	1.05567250784533	0.924967213311729	NA	0.985033866708831	0.872589047434471	0.735670737094893	NA	0.898357262662945	NA	NA	NA	0.877882935432028	0.156018593910413	0.350273467813062	0.230195956139585	0.118476288389189	NA	0.355910084229699	0.819082984327135	0.957905490294442
1.11110731177002	1.3083798343378	NA	NA	1.29032304464034	1.22105526017373	0.47068896823192	NA	NA	0.556316510873814	0.525867025916746	NA	1.87610953434226	2.03162576940216	NA	NA	0.694927066902082	0.70488900771903	1.45497666728026	0.465410042216072	0.868225672893488	1.77177619045251	1.7984499692433	1.55978576131438	1.51509965840726	1.22617837422911	1.92621293323065	2.04093039778365	NA	1.81638041841209	1.08996309791067	NA	1.10573948101119	1.023323351885	0.647194535651544	0.691072483685945	NA	0.61719727534186	0.304137851754029	0.545053490001491
NA	NA	NA	NA	NA	NA	NA	NA	NA	NA	NA	NA	NA	NA	NA	NA	NA	NA	NA	NA	NA	NA	NA	NA	NA	NA	NA	NA	NA	NA	NA	NA	NA	NA	NA	NA	NA	NA	NA	NA
0.861425200264489	NA	NA	NA	NA	NA	0.979985455336626	NA	0.91361866308354	1.16905725452461	0.980748713486676	0.822979525821493	NA	0.750381931531011	0.634384264247795	NA	1.08666943712613	NA	NA	0.677260195588607	NA	NA	0.343111862532548	NA	0.527977475296426	NA	0.728433846681325	NA	NA	NA	NA	0.469140492784768	0.445780204504064	0.456955328462543	0.400479586095627	0.308950273042783	NA	0.694789962589051	NA	0.250462700481109
NA	NA	NA	NA	NA	NA	NA	NA	NA	NA	NA	NA	NA	NA	NA	NA	NA	NA	NA	NA	NA	NA	NA	NA	NA	NA	NA	NA	NA	NA	NA	NA	NA	NA	NA	NA	NA	NA	NA	NA
NA	NA	NA	NA	NA	NA	NA	NA	NA	NA	NA	NA	NA	NA	NA	NA	NA	NA	NA	NA	NA	NA	NA	NA	NA	NA	NA	NA	NA	NA	NA	NA	NA	NA	NA	NA	NA	NA	NA	NA
NA	2.13732040135902	1.46006053446988	NA	NA	1.76437143242413	NA	NA	2.0006103468964	NA	NA	NA	NA	1.29605026542051	1.61692130307826	0.972648406389647	1.42826133988714	NA	1.63599309908134	1.41859506875743	NA	1.11335829413971	NA	NA	NA	NA	0.770006422391066	0.708705539965629	0.102285266215917	0.572621817265541	1.41868548516208	0.652838301840399	0.635715932817409	NA	0.627718983265688	0.60489107420432	NA	NA	NA	NA
NA	NA	NA	NA	NA	NA	NA	NA	NA	NA	NA	NA	NA	NA	NA	NA	NA	NA	NA	NA	NA	NA	NA	NA	NA	NA	NA	NA	NA	NA	NA	NA	NA	NA	NA	NA	NA	NA	NA	NA
0.560132776072141	1.08777468470547	NA	NA	NA	NA	1.20782611326908	0.646069793025908	1.12708008293606	1.3218745035609	0.386297656323952	0.931252073723514	1.54492021588232	1.53815179011657	0.727249184841161	0.939995874035706	2.01389499273305	0.164116876282671	0.115103082034653	NA	2.36942425414322	NA	2.84367281692474	0.192077656920189	NA	2.23165863150674	0.172747449310973	0.113029052641798	0.674901881541854	NA	0.700490033523594	0.250796899916219	0.368244686461089	0.396217086492978	0.300862926243508	NA	NA	1.50661871396309	2.69144992308048	NA
NA	NA	NA	NA	NA	NA	NA	0.892852767631286	0.731370656591406	NA	0.799330533528457	NA	NA	NA	0.741365430497243	0.594747235565538	0.734435660122662	1.02168419256627	NA	0.537579398705191	0.684090877989816	0.713955871146651	NA	NA	NA	NA	NA	0.695234982026408	0.743892257509487	0.419667611453593	NA	0.545736801820114	0.519058527970142	0.57625206062735	NA	NA	NA	0.832818487817865	NA	0.847953377758748
NA	NA	NA	NA	1.68810722960016	1.55364202702389	NA	1.92909308581263	1.76381954158778	1.68994614903988	1.13681689409016	NA	1.21731152492887	0.756372333960797	NA	NA	NA	1.59682207312942	1.51150309379553	1.87383336597722	1.72010229104075	NA	1.21475901734511	NA	1.26635507822738	NA	NA	1.0063962410773	0.549799923965892	NA	0.482425572910671	NA	0.485410166118368	NA	NA	NA	NA	0.097039250041351	0.374072913598391	0.243397155353079
NA	NA	NA	NA	NA	NA	NA	1.85053510218303	NA	NA	NA	NA	1.63371112382659	1.15451494380321	1.43596203161799	NA	1.17570587446192	1.35139544704948	0.582693518960489	NA	1.11529350463047	1.2761139381774	NA	NA	1.74497471817243	1.77100053161333	1.4633938645868	0.911580904059186	1.14038342397883	0.933277122786073	1.02152932059399	1.77327598768602	1.18199931748923	0.600486886275858	0.48325639914268	0.693572813898769	NA	1.04328688710813	1.38876056882298	NA
1.29083762972064	NA	NA	NA	1.15909930393083	1.03724700566174	1.47746838913964	NA	1.50552328694763	NA	NA	NA	NA	NA	1.71421995768492	NA	1.59058770839854	1.68665544208002	NA	0.522373498471198	0.584637488027589	0.801717978335088	0.325440576167447	0.219002023393622	0.795084954657207	NA	NA	0.263549670860611	NA	1.2141613406791	1.22197912782959	NA	0.0904054107672719	NA	0.476688290621473	0.430440127061333	NA	NA	0.837556581641651	NA
NA	0.526071312457426	NA	1.04167964290048	NA	0.328554114886903	1.14610884141018	0.600982666916086	0.308423776367199	0.397094432063633	NA	1.3533824489808	0.698471760221404	0.762284359462832	0.619426401629249	0.460852323291996	0.494171862677103	0.247580469703933	0.108678295392399	0.318524843311486	NA	0.422109011312673	1.02891807696325	0.927144584594036	0.451944864444982	NA	NA	0.773023775302139	NA	NA	NA	0.539794435922833	0.750324876913704	0.255461118022862	0.019288789123231	NA	NA	0.591374728273145	0.850666452536175	0.345413800303429
NA	1.71845598688339	NA	NA	1.16751092156922	1.30193333102737	1.49720268366933	NA	1.79861970133711	2.07881574793732	2.22271812698616	2.22105086669805	NA	2.17205168809207	2.00004892184346	2.32965624097074	NA	1.83479056944291	1.29473514408868	1.14483100753476	0.892857719552358	NA	NA	NA	1.33524507635564	NA	0.506128061973548	NA	NA	NA	0.461936164436227	0.367828108359179	0.429185525404163	0.663915189575068	NA	NA	NA	0.91898894412444	0.747761782984784	NA
1.6019383893556	1.14167878519969	0.982220314799656	0.666245765989232	1.16382374808771	1.20091738798967	0.898988770367328	0.510823638487943	NA	0.688483258383316	0.346237290454359	0.590698255530752	0.409862528924259	0.734936406079988	0.654528320477543	0.333278079113695	0.631594618335157	0.695151525680866	NA	0.521373247554629	0.603984753816877	0.49354765989269	1.14105723232368	1.37411282387613	0.663097785738292	0.721363200362056	NA	NA	0.150180789377609	0.266561491838158	NA	NA	0.609210833146062	NA	0.429326109175569	NA	NA	0.209706017076926	0.412310468372996	1.00720593057149
NA	NA	NA	NA	NA	NA	NA	NA	NA	NA	NA	NA	NA	NA	NA	NA	NA	NA	NA	NA	NA	NA	NA	NA	NA	NA	NA	NA	NA	NA	NA	NA	NA	NA	NA	NA	NA	NA	NA	NA
NA	NA	NA	NA	2.11154811921761	2.17145799214396	NA	NA	NA	NA	NA	1.1686971754756	NA	NA	0.898217152107865	NA	0.816562539834566	1.32136911506792	1.56618480436066	NA	NA	2.05341958477572	NA	2.08147035617642	NA	1.15815312411094	1.64788480133701	1.51813408850657	1.86897644580745	1.12281809899761	1.51267434961022	NA	1.05899691223741	0.787798009664535	NA	0.78530588985883	NA	1.65078463003686	1.71077158080712	1.47628733137439
NA	NA	NA	NA	1.87359101999414	NA	0.996446913264495	NA	NA	NA	1.1727240959266	NA	NA	0.804669913719889	0.690308875470457	NA	0.588621176227338	NA	NA	NA	NA	NA	NA	NA	0.928009790008611	NA	NA	NA	0.916395624205993	NA	NA	0.862911696084552	NA	0.582152948929537	NA	0.444412190601641	NA	0.395587767355413	NA	0.731657950963904
NA	1.37421271877498	1.32764226846867	NA	NA	1.00665233795681	NA	1.08077478688021	0.840840303848972	NA	0.941746359309304	1.0926209270765	NA	0.895473767919203	0.854132655100007	NA	0.841311529892255	0.916026017070309	0.674300008033234	0.736324712916104	NA	1.16924414579445	1.01163702061718	0.975538851124833	1.85788071624878	NA	1.06111034106317	0.479181931719421	0.921227832065153	1.03186214819965	0.692569523622394	NA	0.416027647005778	0.708899184875228	NA	NA	NA	0.455291327976248	0.344798190331942	0.38507156241692
NA	NA	NA	NA	NA	NA	0.602011763419923	NA	0.819126542111199	0.44939577292177	0.428036609587924	NA	NA	0.382677385730715	0.678039067983318	1.40877677999723	0.460975715019003	0.465912760521698	0.429317342989895	0.484603157488996	0.703960112083292	0.520524568021226	0.53308756025853	0.417307749437902	NA	NA	0.515950544242249	0.732752579181956	NA	1.1015754877064	NA	0.879796874090278	1.38074255488663	1.38995172222342	0.561586620367351	0.344485604175418	NA	NA	1.53208808134186	1.72905057665367
NA	NA	NA	NA	NA	NA	NA	NA	NA	NA	NA	NA	NA	NA	NA	NA	NA	NA	NA	NA	NA	NA	NA	NA	NA	NA	NA	NA	NA	NA	NA	NA	NA	NA	NA	NA	NA	NA	NA	NA
NA	NA	NA	NA	NA	NA	NA	NA	NA	NA	NA	NA	NA	NA	NA	NA	NA	NA	NA	NA	NA	NA	NA	NA	NA	NA	NA	NA	NA	NA	NA	NA	NA	NA	NA	NA	NA	NA	NA	NA
1.88339832000763	1.11221643979302	NA	NA	0.854180371327046	1.71413247455633	2.00170115831749	0.900730315654008	1.74633176147411	1.88476278628139	1.82473127886382	NA	NA	1.35228212645642	1.3545258451517	NA	1.45051311236209	1.43791893206985	0.930802350666891	1.6344259351336	1.39310131697143	1.56818458402827	1.36525372969078	1.27315912060049	1.10706978106941	NA	NA	0.86427256835535	NA	1.05408735061765	1.19184615322993	1.47652831244793	1.6009614233778	0.811029594137041	NA	0.676302368229701	NA	0.791400920153414	0.776708447356655	1.35556190392737
NA	0.666150691362124	NA	0.749192069810871	0.714970280527818	0.45161093095376	0.650141274254193	NA	0.355399536626181	0.480114119561223	NA	NA	0.364053321163863	0.467424045338352	0.575041274605296	NA	0.516714187581323	NA	NA	0.375581245618564	1.21494166761594	0.836142073196675	0.452188369531423	0.431730410623313	NA	NA	NA	NA	0.446425950287745	0.736306065970804	1.87082578292536	NA	0.355384392819137	0.780140981751909	0.542779186638925	0.697137364861494	NA	0.75693659085878	0.338695000956297	0.789074341628568
NA	NA	NA	NA	1.10378813451655	0.775397079638246	0.442347558301102	NA	0.803703586423448	NA	NA	0.945011011045959	1.30455050307935	1.17721834683772	1.18340245309573	NA	0.712096410348586	0.711169201345461	NA	0.486366198173382	NA	0.743251538853967	NA	NA	0.24430847523573	NA	NA	0.768585855152844	NA	NA	NA	0.695097371274515	NA	NA	NA	NA	NA	NA	NA	NA
NA	NA	NA	NA	NA	NA	NA	NA	NA	NA	NA	NA	NA	NA	NA	NA	NA	NA	NA	NA	NA	NA	NA	NA	NA	NA	NA	NA	NA	NA	NA	NA	NA	NA	NA	NA	NA	NA	NA	NA
NA	NA	NA	NA	NA	NA	NA	NA	NA	NA	NA	NA	NA	NA	NA	NA	NA	NA	NA	NA	NA	NA	NA	NA	NA	NA	NA	NA	NA	NA	NA	NA	NA	NA	NA	NA	NA	NA	NA	NA
NA	1.16781038794697	NA	NA	NA	0.956486626118925	NA	0.590156192339896	0.943699581330716	1.30883248181093	1.02634854937141	1.217917072891	NA	0.462033269206644	NA	NA	NA	NA	1.57298870665565	NA	1.76865447400303	NA	0.740384369026554	0.65778230991761	0.149872967797825	NA	0.348614384341938	NA	0.578639962641385	0.388662934826362	NA	0.586903783970247	0.584337002952687	0.451414719198125	1.06950140465843	0.742879463057365	NA	0.537098821449077	1.75995828510598	0.461164484798725
1.25930672971275	1.39433153062316	NA	NA	1.08057646173778	NA	NA	1.38864920031578	NA	1.3874979941477	1.42447675655105	1.09626232558177	NA	1.25671908180891	NA	1.63381306988075	NA	NA	NA	1.45911230563719	NA	NA	NA	NA	0.968216939151939	NA	NA	NA	NA	NA	NA	0.86057978315157	NA	NA	0.482445978362065	NA	NA	1.57062277912587	NA	NA
NA	NA	NA	NA	NA	NA	NA	NA	NA	NA	NA	NA	NA	NA	NA	NA	NA	NA	NA	NA	NA	NA	NA	NA	NA	NA	NA	NA	NA	NA	NA	NA	NA	NA	NA	NA	NA	NA	NA	NA
NA	1.02741441429461	NA	NA	1.86591396539943	NA	2.17918460198936	1.76352736167776	1.2524738787213	1.377581648726	1.30297014461099	1.66864495937507	1.97713445137151	1.64390772518832	1.69370507276536	1.88961873196451	1.54104368295671	1.81784196861713	1.72850083982147	1.56219223426256	0.978700782957369	0.873827639474154	1.02121338041305	1.75749894052256	1.18796515144297	1.25948076707844	NA	NA	0.400663975004706	NA	0.976153821357367	0.814627614078401	0.654319612090049	NA	NA	0.538928806041888	NA	0.461610959965209	0.782437817117215	0.597496898818413
NA	NA	NA	NA	NA	NA	NA	NA	NA	NA	NA	NA	NA	NA	NA	NA	NA	NA	NA	NA	NA	NA	NA	NA	NA	NA	NA	NA	NA	NA	NA	NA	NA	NA	NA	NA	NA	NA	NA	NA
1.20184992577681	1.32397410322958	NA	1.35223301214495	1.44716617574311	1.62954765607886	1.31741381961856	NA	NA	NA	NA	NA	NA	1.95907026338355	1.36567203737606	0.797286268649966	NA	0.759899872089973	NA	NA	NA	NA	NA	NA	NA	NA	NA	NA	NA	NA	NA	NA	NA	0.327773570347354	0.289817088675463	NA	NA	NA	0.231337712937812	NA
NA	NA	NA	NA	NA	NA	NA	NA	NA	NA	NA	NA	NA	NA	NA	NA	NA	NA	NA	NA	NA	NA	NA	NA	NA	NA	NA	NA	NA	NA	NA	NA	NA	NA	NA	NA	NA	NA	NA	NA
1.00371957796601	NA	NA	NA	NA	NA	NA	NA	NA	NA	NA	NA	NA	0.502834137603305	0.656319775260866	0.535089529478162	NA	NA	NA	0.802145750492494	1.60517350659991	1.02919909887128	0.999887058365454	0.873744889327764	0.952800443345352	0.945206171899308	NA	NA	NA	0.951579921265999	NA	0.36869146354747	1.04587641623623	NA	NA	0.827081596816166	NA	1.5604469725614	0.729691358108701	NA
NA	0.982706272821584	0.959160088790488	1.21887413382271	1.43745849801663	NA	NA	NA	1.3107622448818	NA	NA	NA	0.565193429853566	1.06003728693884	1.5917391679773	NA	1.27947238020912	1.57807705769622	NA	NA	NA	NA	NA	0.789526574299823	NA	0.893709047416829	NA	NA	NA	NA	NA	NA	1.00074033021238	NA	0.511374517846057	NA	NA	0.639175664006643	NA	0.729436535705421
NA	1.65225396597554	2.06093495569978	NA	NA	0.898105291362462	1.67776609158846	0.488381136971597	NA	0.806901730631396	1.52072225082629	1.5290673087275	0.674784305321149	NA	0.740416916375548	1.05884663738727	1.40809527565899	0.862014240164051	0.448347966051451	1.4778660606495	0.959964291338352	1.49843212154202	1.3303273837007	1.44333832289425	1.64135305510314	1.69211368799436	NA	NA	0.71629153981861	NA	1.38689878795948	1.72166109120685	1.08826734028113	0.831823961263285	NA	0.299958694414491	NA	0.293101291767994	1.32705784531358	NA
NA	NA	NA	NA	NA	NA	NA	NA	1.59135674295046	1.43069019593552	NA	NA	NA	1.3186254974598	1.33714325077827	NA	NA	1.05394281322424	NA	NA	NA	NA	1.39086253076765	1.47127538039352	1.17854118370681	NA	1.09166116611929	1.02393998301932	0.988341244041493	0.760335045510323	0.869624498060711	0.712130444938841	0.606172259758996	0.328416036197401	0.326008260816561	0.167126685237576	NA	NA	0.671353235325955	0.596832988206828
NA	1.19585038926701	1.16396934437086	NA	NA	NA	1.0905947786574	NA	NA	NA	NA	NA	NA	NA	NA	NA	0.730316120205636	1.0139384855307	0.874197062707089	0.689069182662622	0.592946689465331	0.855727770819319	NA	1.3375835154747	1.20905003615896	NA	NA	NA	NA	1.16706186134844	1.23890040495354	1.23630582024585	1.01404687249648	0.748028333217188	0.743735685452532	NA	NA	0.341559115117183	0.317901900806451	0.615028784481838
NA	NA	2.08806930637437	NA	NA	NA	NA	NA	NA	NA	NA	NA	NA	NA	NA	NA	1.49565086020004	NA	1.52792739457774	1.55538921822885	NA	1.94065683017794	NA	NA	NA	NA	2.19802107564067	1.88033000846315	1.87252129598258	2.09537125171613	2.06852669958524	2.31533810457371	NA	2.10056013747878	1.95543906548419	1.73448046320561	NA	1.29699557479825	NA	NA
NA	NA	NA	1.35350308006033	1.2553630037405	NA	0.556332592956371	0.501542762003858	0.870506659708668	1.66765965680886	NA	0.763867015398962	0.883406722288833	NA	NA	NA	1.17803154995767	NA	NA	NA	0.598330856972116	0.800730118740387	0.753409638959469	0.342959655386311	0.595044219060998	1.24691831619298	0.680050000889588	0.512808082075741	0.406135020346701	0.506658339741885	1.92116503980919	0.21187369462524	1.81585493204158	NA	0.21085627050966	0.397674713818051	NA	0.558524356511317	0.471754477637261	NA
NA	NA	NA	NA	NA	NA	NA	NA	NA	NA	NA	NA	NA	NA	2.25368690494703	NA	NA	NA	NA	NA	NA	2.22178460870588	2.02803026324079	1.68617313653992	NA	2.0178063450027	NA	NA	NA	1.16048010592218	NA	NA	0.757286706888426	NA	NA	0.845091366702954	NA	0.210254996716515	1.20079944213255	0.625545282923765
1.44302623772512	NA	NA	NA	NA	NA	1.30869945618853	1.00557554103791	NA	NA	NA	NA	NA	NA	NA	NA	0.739847715376852	0.47229433238537	0.63021016050316	0.541555634451296	NA	NA	NA	NA	NA	NA	NA	0.802211360945784	NA	NA	NA	NA	NA	0.474005083400828	0.37757045344284	NA	NA	0.513530449792508	0.457990605723684	1.95649842054395
NA	NA	0.373133332092108	NA	0.560654302141657	1.1214994961233	NA	1.1220416988098	1.36365513900712	1.3218872810045	1.10762224015219	NA	NA	NA	NA	NA	NA	NA	2.58486708283348	NA	NA	1.69602072482083	1.14980733524561	0.950069340364481	1.18802852409586	NA	0.685436762953313	0.851491049262719	0.32560429599988	0.411979273222932	0.0461336631027009	0.885575175782647	0.753360523604108	1.77116763693465	1.10296686185165	0.515126297969915	NA	NA	1.21999599088836	1.30117040932331
NA	NA	NA	NA	NA	NA	NA	NA	NA	NA	NA	NA	NA	NA	NA	NA	NA	NA	NA	NA	NA	NA	NA	NA	NA	NA	NA	NA	NA	NA	NA	NA	NA	NA	NA	NA	NA	NA	NA	NA
NA	NA	NA	NA	NA	NA	NA	NA	NA	NA	NA	NA	NA	NA	NA	NA	NA	NA	NA	NA	NA	NA	NA	NA	NA	NA	NA	NA	NA	NA	NA	NA	NA	NA	NA	NA	NA	NA	NA	NA
NA	NA	NA	NA	NA	NA	NA	NA	NA	NA	NA	NA	NA	NA	NA	NA	NA	NA	NA	NA	NA	NA	NA	NA	NA	NA	NA	NA	NA	NA	NA	NA	NA	NA	NA	NA	NA	NA	NA	NA
NA	NA	NA	NA	NA	NA	NA	NA	NA	NA	NA	NA	NA	NA	NA	NA	NA	NA	NA	NA	NA	NA	NA	NA	NA	NA	NA	NA	NA	NA	NA	NA	NA	NA	NA	NA	NA	NA	NA	NA
NA	NA	0.833427550317738	NA	NA	1.03861607443066	NA	NA	0.991784465684622	NA	NA	0.616484241211862	NA	0.872565927906562	NA	0.752515174485929	NA	0.706585402416231	NA	NA	NA	0.413869540258987	0.318026710571937	NA	NA	NA	NA	NA	NA	NA	NA	1.72200646590878	NA	0.357890730951578	1.0039933818883	NA	NA	NA	0.517287466982061	0.461147293954056
NA	NA	NA	NA	NA	NA	NA	NA	NA	NA	NA	NA	NA	NA	NA	NA	NA	NA	NA	NA	NA	NA	NA	NA	NA	NA	NA	NA	NA	NA	NA	NA	NA	NA	NA	NA	NA	NA	NA	NA
NA	NA	NA	NA	NA	NA	1.59956367470826	1.38313807541542	NA	NA	NA	NA	NA	1.62292470891369	NA	NA	NA	1.21129999083733	NA	0.275233546954824	0.428833257773323	NA	NA	NA	NA	NA	NA	NA	NA	NA	NA	1.8450482357375	NA	NA	1.6485707833724	1.67332663872656	NA	1.67591456163725	1.65690313079613	1.52098223184278
0.525512219331947	0.682530866365844	0.764856623962704	NA	NA	0.401255967717545	0.545692120092193	0.426752577832521	NA	NA	NA	1.10795558973917	NA	0.542060050326578	NA	0.958630035736861	0.794378661902497	0.753196870110845	0.540874158845807	0.384620982961412	0.680899210797273	0.474305239027725	0.556203930169849	NA	0.728046915519092	1.28246722433203	1.10928505977707	NA	0.491326368821731	0.454284525908123	NA	NA	0.386385883871913	0.767821044988409	NA	0.601065892553495	NA	0.545272450197477	1.20029442095258	0.733872843051836
NA	NA	NA	NA	0.333481267757693	NA	1.47888393716699	NA	1.09665533938384	0.866466933571117	1.73557873794395	1.24503807662899	NA	NA	NA	NA	1.69106142032709	NA	NA	1.4259939217676	1.35833333743619	NA	0.808706225461607	0.780642810918312	NA	1.12243718390708	NA	NA	0.618600641574906	NA	0.880241610109757	NA	NA	0.813132519626681	0.598268482544367	NA	NA	NA	NA	NA
NA	1.77615709785268	1.64590924112174	NA	1.85242023338776	1.63346916719111	1.30177565428432	1.45229485560657	1.54423062268702	1.91215036501749	1.47604446475911	NA	NA	1.22186112473274	NA	NA	2.59248342680021	2.41077239733243	1.9641971438202	0.344236630603892	1.96191818000752	NA	1.02682216413923	0.581585403941424	NA	1.24029537493415	0.643615057108353	0.722007851540596	0.522045673213539	0.206894906897753	1.07741882070395	0.729709260028193	1.90112930552083	1.22073607706899	NA	0.900769729650501	NA	0.563614990527299	1.09194892352704	NA
NA	NA	NA	NA	NA	NA	NA	NA	NA	NA	NA	NA	NA	NA	NA	NA	NA	NA	NA	NA	NA	NA	NA	NA	NA	NA	NA	NA	NA	NA	NA	NA	NA	NA	NA	NA	NA	NA	NA	NA
NA	NA	NA	NA	NA	NA	NA	NA	0.491417888750693	NA	NA	NA	NA	1.05360049968956	NA	NA	NA	NA	NA	NA	0.650364784773663	NA	NA	NA	NA	0.67728306615705	NA	NA	NA	NA	NA	NA	NA	0.68156962151536	NA	0.434410828845979	NA	NA	NA	NA
NA	NA	NA	0.840194882314455	NA	NA	0.566496947670959	NA	0.599296966583346	NA	NA	0.667905246367742	NA	0.865889691022511	NA	NA	NA	0.71266530665496	NA	0.468273187772364	0.20398310919426	0.299542255097931	NA	NA	NA	NA	NA	0.929428593666634	0.216958638516438	0.176987874618187	NA	0.6155277785589	0.860668750888761	1.46365456725597	0.474561645370676	NA	NA	NA	1.29552307134266	0.555106881221817
NA	1.59816179459846	NA	NA	NA	0.427570005246988	NA	1.03811550350157	0.885044930961549	NA	NA	NA	NA	0.55885393610912	1.93969724537364	0.846563627609516	NA	0.480443432744708	0.877478042815602	NA	0.516966612982895	NA	0.524864111353343	0.32696631392899	0.556742097570765	0.581198587835134	0.278374238539329	0.432040812093119	0.592500738431949	0.666457786068672	1.09083901659178	0.696072929278747	NA	0.703895523153915	NA	1.18053704187887	NA	0.902235863368509	0.81907677068213	NA
NA	NA	NA	NA	NA	1.3904829087964	0.999828372842658	NA	NA	NA	NA	NA	NA	NA	NA	NA	NA	NA	NA	NA	NA	NA	NA	2.25966573682249	NA	NA	NA	NA	NA	NA	1.00933936586227	0.596653238315174	0.690974298544261	NA	NA	2.01689555673295	NA	0.204017098189773	NA	NA
1.97585593612768	1.15242518354374	NA	NA	NA	NA	NA	NA	NA	NA	NA	NA	NA	NA	NA	NA	NA	NA	NA	2.03417627157592	NA	NA	NA	NA	NA	NA	NA	NA	0.701646796225583	0.837616208447852	NA	NA	0.219744358302205	NA	0.51302323406417	NA	NA	0.274167341551078	0.408774533000156	NA
0.698778689184232	0.743064081168267	0.837632640508552	NA	0.946638329158782	NA	0.788173181947425	1.42013636991194	1.31951665112099	1.32801546418298	NA	1.11648586561891	0.827015392755385	0.655710509059383	0.86274605274131	0.462646651838347	1.03773255107539	0.865115225924683	0.73110353182653	NA	0.307856832158781	0.308660492121407	0.368218791788396	0.298569441102359	NA	NA	NA	0.566458041222915	0.386567614948604	0.302173135264954	NA	0.273069797582976	0.387051520483593	0.242515222103368	0.250166342294826	0.451596247455695	NA	0.36919374059132	NA	0.582314480288859
NA	NA	NA	1.18841402321387	0.903343903257302	NA	1.04443621859345	NA	0.892927942111728	1.04056302732065	NA	1.30238055724349	NA	1.22835515426541	NA	NA	NA	NA	NA	NA	0.593979125664362	NA	0.612984589668918	0.999377636116602	0.974941088771121	0.874933142531159	1.11362518660823	0.775983356621934	NA	0.509133551513578	0.337482968750261	0.530252212007787	NA	NA	NA	1.65826754583833	NA	1.84980214934956	1.67406399295983	0.524738268360003
NA	NA	1.33859053745526	1.22142267521363	NA	0.7458192099994	NA	0.872342303450923	0.697886654446984	0.250899713416792	0.183651748708005	0.976624568919221	1.38475024925667	NA	1.14669798975705	0.89768659170166	0.869605729049911	0.649260010474391	0.320234037529321	0.815583168453626	0.775547456712078	0.876823864759257	0.77047315244219	1.01732806365822	1.01549921820778	1.03952210016124	0.980187133963658	1.33118862546009	0.833692403569341	0.760884028728775	NA	0.362700345422796	0.463871444392023	0.661953866820562	0.280799946306287	0.329841372837845	NA	0.225998966424661	0.835986673463879	0.135700148636887
NA	NA	NA	NA	NA	0.604495443006187	0.867990239405284	NA	NA	0.996019570337476	NA	1.37771495505215	NA	NA	1.36986149551315	1.49219785997682	NA	NA	0.612762350888929	0.43514275217126	0.454476184570911	0.497287805096704	0.236354918461135	NA	NA	0.600323330016314	NA	NA	0.379375054778883	NA	NA	0.718363961027965	NA	0.545025623997637	0.800383173616728	NA	NA	NA	NA	NA
NA	NA	NA	NA	NA	2.64237787279778	1.83170715044913	2.64454815111644	NA	NA	2.13905792038087	0.907940503836071	0.872767580158802	0.777252220558312	2.33752963074145	0.791667397545489	0.952378999341017	0.795203471949089	NA	0.556238745737484	NA	NA	NA	0.833008713610314	0.649264430453987	2.28973166993576	0.762828118436565	1.08247536315963	0.720683261698252	2.14687164758209	1.06149924640895	0.654156511559674	NA	1.21092649508918	3.07763208054372	0.691941111199911	NA	1.53304190122027	1.22006936570732	2.17484965630928
NA	NA	NA	NA	NA	NA	1.36181570554752	NA	NA	NA	NA	NA	NA	NA	NA	NA	0.435013250260089	NA	NA	0.869884852421108	0.98907221991626	NA	0.500784397937013	NA	NA	1.03457262029376	NA	NA	NA	NA	NA	0.876797483014851	NA	0.614668662933989	0.622743694525182	NA	NA	0.369511671020517	NA	0.976184868701181
NA	NA	NA	NA	NA	NA	NA	NA	NA	NA	NA	1.62107470841569	NA	1.84059111676492	NA	NA	1.39466435338009	1.44013344021953	1.63421374745917	NA	NA	1.16428182214357	NA	1.12203278157759	0.90428539153836	NA	NA	NA	1.91943783934534	0.363242753346533	0.860641396422949	NA	0.833122337764572	NA	0.961781131739916	0.747783141750364	NA	0.621257815347552	0.815248981244712	0.239742672297701
NA	NA	NA	NA	NA	NA	NA	NA	NA	NA	NA	NA	NA	NA	NA	NA	NA	NA	NA	NA	NA	NA	NA	NA	NA	NA	NA	NA	NA	NA	NA	NA	NA	NA	NA	NA	NA	NA	NA	NA
NA	NA	NA	NA	NA	NA	NA	NA	NA	NA	NA	NA	NA	NA	NA	NA	NA	NA	NA	NA	NA	NA	NA	NA	NA	NA	NA	NA	NA	NA	NA	NA	NA	NA	NA	NA	NA	NA	NA	NA
0.732930862829697	NA	NA	NA	NA	1.10944002178679	1.55021708818539	1.07418240929076	1.26725130502552	NA	NA	0.461321787106288	NA	NA	0.230997510981986	NA	NA	NA	0.806319576749584	0.882151160468171	NA	NA	NA	0.411536280038041	NA	NA	NA	NA	0.645950698155847	0.490761979824315	0.693674020387328	0.158258020289736	0.403262078283235	NA	NA	0.27947314756224	NA	NA	0.359337715719488	NA
NA	NA	NA	NA	NA	NA	NA	NA	NA	NA	NA	NA	NA	NA	NA	NA	NA	NA	NA	NA	NA	NA	NA	NA	NA	NA	NA	NA	NA	NA	NA	NA	NA	NA	NA	NA	NA	NA	NA	NA
NA	1.62927409210882	1.15391125673744	NA	1.13988042054659	0.429321931948069	1.05471455541639	NA	0.922241970542911	NA	NA	0.973847382022602	NA	0.933897463928879	0.740585820345136	0.590077167770217	0.745397200450118	0.549639754882704	1.46956591764658	0.634815699543941	NA	0.720045758382935	0.54156937256526	NA	NA	NA	0.861041673588059	NA	0.927604192034066	1.38028739189756	NA	0.303922731586119	0.765159092499704	NA	NA	NA	NA	0.364864244703323	0.66723993887743	NA
1.4356419847066	NA	NA	NA	NA	1.50784134043761	1.06363190165476	0.894946780371663	0.758492283744336	1.51681208988229	NA	1.18053242186219	NA	NA	NA	NA	NA	1.04169342874646	NA	1.01438563042558	NA	1.39330584385592	0.90947844931345	NA	NA	NA	NA	NA	NA	NA	0.99846549669772	NA	NA	NA	NA	0.219857234483569	NA	0.6232439929625	0.350037876046008	NA
NA	0.936641005528299	NA	NA	NA	NA	NA	NA	NA	NA	NA	NA	NA	0.996701757770971	0.843469499202037	1.16165694741722	0.907954871939712	0.873865315585644	NA	NA	NA	0.282205365586147	0.67220530977167	0.449121299026834	NA	NA	NA	NA	NA	NA	NA	0.888435019170458	NA	NA	0.579518285658421	0.2743350520743	NA	NA	NA	0.717603627882344
1.01004276833793	NA	NA	1.15321036299149	1.16053282719795	0.902466313773489	1.00467351648185	1.0351822801769	0.764703840492168	0.932997821300419	0.6339948314642	1.22233886699439	0.978912661546835	1.14829913462946	0.998820696107686	1.06361308125287	0.637718516648333	0.636932473849	0.659312839043776	NA	NA	0.636063393075565	NA	NA	1.01969908074689	NA	0.384164261664096	NA	0.870686981692596	0.586118324814249	NA	0.616156737278042	1.74798092980422	NA	NA	NA	NA	NA	0.5053583997865	0.308134446137089
1.17442020627953	1.63013442412579	1.51870587432983	1.40315716084482	1.3102754271887	NA	NA	NA	NA	1.69539026688251	1.75235561955375	1.71743129296036	NA	NA	NA	1.62132517571551	NA	1.42050869800036	1.30642657540379	NA	0.777651686051661	0.860146163059306	0.720983097910639	NA	1.2967419329745	NA	0.818279725276516	0.757931666504695	0.547303453203327	1.16087837050166	NA	NA	0.544160906558898	0.37710951687321	0.237381007559243	0.259517056213191	NA	NA	0.146540868988022	0.460252262128642
NA	1.19945476519671	0.694880602484638	NA	NA	1.12866098571684	NA	NA	1.29159093440303	NA	NA	1.38233952500847	NA	1.35401802909163	1.11027439107901	NA	NA	1.2424313015571	0.965906746630103	0.769941675053148	NA	0.883401837514739	0.588038573245708	NA	NA	0.675771300685564	NA	0.63013806909711	0.849325297535552	NA	0.808037060521756	0.651975913865149	NA	0.602571268336467	NA	0.432821054229274	NA	NA	0.358740038991826	NA
1.95236281357815	NA	1.69410851286875	1.60605940950242	1.31109719544045	1.0090675595554	1.3107326264875	0.390090145273664	NA	NA	NA	1.82732943412093	NA	NA	NA	NA	NA	NA	NA	0.474553352619677	0.565290388200895	NA	0.577104091696691	NA	NA	NA	NA	NA	1.03153234277373	NA	1.21311172576683	NA	NA	1.12230121725489	0.873564353648125	NA	NA	NA	1.04129719081921	0.504704384375433
NA	NA	NA	NA	NA	NA	NA	NA	NA	NA	NA	NA	NA	NA	NA	NA	NA	NA	NA	NA	NA	NA	NA	NA	NA	NA	NA	NA	NA	NA	NA	NA	NA	NA	NA	NA	NA	NA	NA	NA
NA	NA	NA	NA	NA	NA	NA	NA	NA	NA	NA	NA	NA	NA	NA	NA	NA	NA	NA	NA	NA	NA	NA	NA	NA	NA	NA	NA	NA	NA	NA	NA	NA	NA	NA	NA	NA	NA	NA	NA
1.0606736990057	0.770093770521631	0.861978470759425	0.350738492861586	0.703991926316058	0.839542817038146	1.21227454550929	0.897272457593925	0.445333083681284	0.694550902226264	NA	1.30801852725253	NA	NA	0.792795077335729	0.929433423619094	NA	1.2519485460328	0.717104963591313	1.13804820758678	NA	0.535997260038915	NA	NA	0.817955018888971	NA	NA	1.14192744205494	NA	NA	NA	1.02054740454232	NA	0.873701103321492	0.525374708177264	0.353252197478695	NA	NA	0.421276011847061	NA
1.61171719721338	NA	0.135733383441982	0.62170367904333	0.699274737431454	0.65350108306842	0.420962936080527	0.72413198849745	0.991801052736933	0.769100300812751	0.74861450272926	NA	NA	0.14992154998583	0.125915050223504	0.056244696818524	0.16746838488205	2.20734450708021	0.437559141668881	NA	0.488011801891227	NA	NA	0.419056619419535	0.386684518878381	NA	0.512243592802645	NA	NA	NA	NA	0.470825662986497	NA	0.946999120608229	NA	NA	NA	0.519987762850912	0.361704720964595	0.650949823353985
NA	NA	NA	NA	NA	NA	NA	NA	NA	NA	NA	NA	NA	NA	NA	NA	NA	NA	NA	NA	NA	NA	NA	NA	NA	NA	NA	NA	NA	NA	NA	NA	NA	NA	NA	NA	NA	NA	NA	NA
0.579202411492235	NA	0.734713437532926	0.558090352351952	NA	0.862510681559019	NA	NA	NA	NA	NA	NA	NA	1.19022758097508	0.652046663280797	0.493334642507665	NA	NA	NA	0.75229705454605	NA	NA	0.718402509641691	NA	NA	NA	NA	NA	0.453950705083233	NA	NA	NA	NA	NA	0.485558327347671	NA	NA	NA	NA	NA
NA	NA	NA	NA	NA	NA	NA	NA	NA	NA	NA	1.43782642013452	1.24458084492527	1.1415397057481	1.41075194578404	1.03933467427247	0.868562880404765	0.801938341837591	0.931210572697711	0.531842082451594	NA	NA	NA	NA	NA	1.30834576628797	1.38116983617218	1.121238634741	0.684319863464584	0.860656414495771	0.698725747100157	0.529466699294218	0.354041324179	0.308981825822165	0.192680149367591	0.0678436186542523	NA	0.320484944075538	0.357651371054979	0.146448392230375
NA	NA	NA	NA	NA	NA	NA	NA	NA	NA	NA	NA	NA	NA	NA	NA	NA	NA	NA	NA	NA	NA	NA	NA	NA	NA	NA	NA	NA	NA	NA	NA	NA	NA	NA	NA	NA	NA	NA	NA
1.77006133059615	1.0838995032417	NA	1.66523730615461	NA	NA	NA	1.36771195947314	NA	NA	NA	NA	1.86508497063701	1.02079829551715	0.586490358433853	NA	1.10441102891888	NA	0.636718673468473	1.4639774617524	NA	NA	NA	1.17038057612597	NA	NA	NA	NA	1.268247425884	1.37069818281919	1.54383655691851	0.605078438349312	1.07031284391686	0.881879248931322	0.773461949616692	0.379473248855614	NA	0.0960866758069287	0.674964973601796	0.553261365575171
0.696075977600815	NA	NA	NA	NA	0.674590566866608	1.11314801448148	1.16097632051907	1.0056203514464	1.049858485032	NA	0.837959914000546	1.25417997325903	1.91831708422247	NA	0.901717887278592	0.884736895792085	1.40574638514973	0.963995854551934	0.427315126131494	NA	NA	NA	0.739181891547955	0.564452223771908	0.55015575952857	1.72265018962448	NA	NA	1.67835945113371	NA	0.767527323452591	NA	NA	NA	NA	NA	0.358884721635873	0.268666012808688	0.89576958429153
NA	NA	NA	NA	NA	NA	NA	NA	NA	NA	NA	NA	NA	NA	NA	NA	NA	NA	NA	NA	NA	NA	NA	NA	NA	NA	NA	NA	NA	NA	NA	NA	NA	NA	NA	NA	NA	NA	NA	NA
NA	NA	NA	NA	NA	NA	NA	NA	NA	NA	NA	NA	NA	NA	NA	NA	NA	NA	NA	NA	NA	NA	NA	NA	NA	NA	NA	NA	NA	NA	NA	NA	NA	NA	NA	NA	NA	NA	NA	NA
NA	1.73472678037199	1.98287345879946	1.88637844830441	1.39367852365026	NA	1.45778591434113	1.5722167972271	1.6659635130631	1.2511937356663	NA	1.84818094564645	NA	1.61646201757836	1.65183293348245	NA	1.37473438760191	1.49549183360701	1.50981211094859	NA	1.33460494628184	1.52006653974582	NA	NA	NA	NA	1.48506570379738	1.69247416108086	NA	1.66439150219515	1.37761867985929	1.54306053110685	0.960920640768464	1.54715532897933	1.1022627201351	1.61748823825936	NA	1.41026558875767	1.06453155388843	NA
NA	NA	NA	NA	NA	NA	NA	NA	NA	NA	NA	NA	NA	NA	NA	NA	NA	NA	NA	NA	NA	NA	NA	NA	NA	NA	NA	NA	NA	NA	NA	NA	NA	NA	NA	NA	NA	NA	NA	NA
NA	NA	NA	1.09427228112031	1.04376396704918	1.11966998504414	1.19065641177523	1.26730024710115	1.12668245744992	1.27720737730136	1.44728145609988	1.39349420673301	1.45712190251582	1.46304829586961	1.3665651636182	1.583245579849	1.38929871879497	1.1261190085613	1.00576135587718	NA	0.829072028508733	0.553647001981555	0.413404014867476	0.556404683915709	NA	0.274915828699104	0.321431892309292	0.735259942518454	1.01740834008915	1.19033794088141	0.832613335630032	1.17169133601279	0.473967585631742	0.851990757728723	0.630480730595885	0.935674335359452	NA	NA	0.56307548656496	0.472086401550684
1.3540103394686	1.54688720254221	NA	NA	1.64856188414885	1.62220092917084	1.48716060461968	1.82803886683088	NA	1.64400260628872	1.90715412206887	NA	NA	1.80610281528695	1.67065011508451	NA	NA	NA	NA	1.25280645703979	1.65051892107732	1.4764468178879	0.57033519857987	1.29432722705465	1.14992520648047	1.23456346502301	1.2170399910201	1.31630497351101	1.14526153456588	1.04211954111784	1.11252458335601	0.826198281039232	0.879661745311249	0.718590647653845	0.738908358733904	0.410374794896723	NA	0.485896300541798	0.51008417689523	NA
NA	NA	NA	NA	1.15176576956671	1.04009640934809	0.81943656518813	1.29074280831895	1.33722278925576	1.03092838434699	1.10759178685697	1.99460995489444	1.50554425535332	1.93591510186312	2.09001270029455	NA	1.85775429439478	1.89456400282969	1.53114223971042	0.958697622460869	0.469866037551518	0.330519105115097	1.20282409042468	NA	NA	1.16102398248558	NA	0.497384065636307	0.409618277278198	0.646851544741419	NA	0.800648702732403	NA	0.327888871837827	NA	NA	NA	0.317304493258999	NA	0.282178304860167
NA	NA	NA	NA	NA	NA	NA	NA	NA	NA	NA	NA	NA	NA	NA	NA	NA	NA	NA	NA	NA	NA	NA	NA	NA	NA	NA	NA	NA	NA	NA	NA	NA	NA	NA	NA	NA	NA	NA	NA
NA	NA	1.61555221578703	NA	1.26503560631362	NA	NA	1.25339952669684	1.09044606022089	NA	NA	NA	NA	NA	1.53187169006396	NA	1.86025312843493	1.65435230299311	NA	1.38743848332841	1.13635610196866	1.06971536367088	NA	1.24350147797569	0.769696559796009	0.744075269209608	NA	0.855700683254634	NA	0.685912962517328	0.843597549534957	0.919870031085437	NA	NA	NA	0.261402798350093	NA	NA	0.680746367531022	NA
NA	NA	NA	NA	NA	1.98639017311297	1.78631566045869	NA	1.20350712243145	NA	1.5356899309017	1.82368454655469	NA	1.39254322520018	NA	1.13112092024373	0.852141096156343	NA	NA	NA	NA	1.00831874794638	1.15362522430758	1.41809787903866	1.33369608871327	NA	1.03609335925508	NA	NA	0.324292463691687	NA	1.72220690954817	1.09036797677156	NA	NA	1.13342832436967	NA	0.845509013810127	NA	NA
NA	NA	NA	NA	NA	NA	NA	NA	NA	NA	NA	NA	NA	NA	NA	NA	NA	NA	NA	NA	NA	NA	NA	NA	NA	NA	NA	NA	NA	NA	NA	NA	NA	NA	NA	NA	NA	NA	NA	NA
0.713197475804442	NA	1.95649899709335	1.8110044183754	0.271177623785031	NA	2.25763035073224	2.26818703706971	1.99959909432669	2.03218531104454	1.65928377660808	0.366798634764663	0.515176959677334	NA	0.557497671439161	1.96284499927805	1.85331185091258	1.6218652421313	2.11447201961389	1.4557279671063	1.19653400912204	NA	1.27266989501188	NA	1.0968234356333	NA	NA	0.87495394776661	NA	NA	NA	1.70408212998456	2.36485427861896	2.00779023519586	NA	NA	NA	1.6985545800098	2.16706976555162	0.326393574035566
1.53605643675205	1.56139492235996	1.41440029734084	1.11306564590537	0.733812078409193	1.22111474844546	0.97078832138362	NA	0.329877286251099	NA	0.331405985813257	0.674202032311051	NA	NA	1.07272133929131	1.18673440902968	0.82932422499462	0.536008368620042	NA	0.291885991709996	NA	1.3610636118136	0.750048688317133	0.995037239015422	0.797118870617929	NA	0.856303538294829	NA	0.974963286104261	0.873235982959945	NA	1.26023492889	1.11032731901773	NA	NA	0.911628715845221	NA	1.13104396653842	NA	0.759604189538164
1.26787041526521	NA	NA	NA	1.13427535436419	0.943697042776566	1.78261658485439	1.65565967705565	NA	NA	1.52389322313387	1.90854643241761	NA	NA	2.49026668300522	1.97926216091705	NA	1.14484557324371	1.14078425378111	0.882102144297509	0.652616176701117	NA	0.437532726210879	0.506227658949839	0.671176526812217	NA	NA	NA	0.41624469904082	NA	NA	0.208075043954385	0.78534905836791	NA	NA	NA	NA	0.35230455783001	NA	NA
NA	NA	NA	NA	NA	NA	NA	NA	NA	NA	NA	NA	NA	NA	NA	NA	NA	NA	NA	NA	NA	NA	NA	NA	NA	NA	NA	NA	NA	NA	NA	NA	NA	NA	NA	NA	NA	NA	NA	NA
NA	NA	NA	NA	NA	NA	NA	NA	NA	NA	NA	NA	NA	NA	NA	NA	NA	NA	NA	NA	NA	NA	NA	NA	NA	NA	NA	NA	NA	NA	NA	NA	NA	NA	NA	NA	NA	NA	NA	NA
NA	NA	NA	NA	NA	NA	NA	NA	NA	NA	0.975326969161867	NA	NA	NA	1.38938217195526	1.40007743180405	1.26664625418347	NA	NA	1.20775694384858	NA	0.860504254814834	0.636835004154022	1.48908360991167	0.482909558999178	NA	0.488779764908438	0.469325057098463	1.22027054101064	0.709573821423352	0.947235936902599	1.20275653880502	NA	NA	NA	0.8662057794743	NA	NA	NA	0.46350024239838
1.51381865688562	0.78068777995867	0.481258496367051	1.89882856723675	NA	NA	0.385908059020877	0.817022267357667	1.53789586287236	NA	1.26803048575672	0.214315376780793	1.92377875022603	1.71831870464738	NA	NA	0.288851386271993	NA	1.84157353494974	NA	1.20166668120247	0.559729467696326	0.441720865736255	0.548921858834	1.76371702258259	NA	1.30599749867333	0.99471234649477	0.985388424981089	1.4555026519677	1.77678972032746	1.68852076347323	1.38844645288809	1.16979414303286	1.12320603934524	1.33397371899809	NA	0.278528437388337	1.58382223507652	0.636561593089494
0.599123801378783	0.262918938730972	0.236636904277879	NA	NA	NA	0.809500475990588	NA	0.75585826330498	NA	NA	NA	0.994957431045645	NA	NA	NA	0.834608772176901	NA	0.433718423459312	0.738013361049568	0.947143356096787	0.966276586037341	0.380184030353508	NA	NA	0.632127227625274	0.602633251055707	0.584998545721351	NA	NA	1.36068612890532	1.38900568274263	1.37039040037822	0.884118655350896	0.762461939191576	0.782427793190806	NA	0.800015857359356	0.809495132463766	NA
NA	NA	NA	NA	NA	NA	NA	NA	NA	NA	NA	NA	NA	NA	NA	NA	NA	NA	NA	NA	NA	NA	NA	NA	NA	NA	NA	NA	NA	NA	NA	NA	NA	NA	NA	NA	NA	NA	NA	NA
NA	NA	NA	NA	NA	NA	NA	NA	NA	NA	NA	NA	NA	NA	NA	NA	NA	NA	NA	NA	NA	NA	NA	NA	NA	NA	NA	NA	NA	NA	NA	NA	NA	NA	NA	NA	NA	NA	NA	NA
1.05918830482002	1.6350153583265	NA	NA	2.0160158222454	1.56620836287367	NA	1.11009994664136	NA	1.62982206750999	NA	NA	1.18679858874674	1.31847305606568	1.40491951809255	1.66859005807948	1.39941775196027	1.56485764684647	1.43262465611469	1.66856930190027	1.73578060249826	2.07667419797832	1.50669182601221	NA	NA	NA	1.74214421814025	1.39594244823629	1.52619903393334	NA	NA	0.239589899929357	NA	0.470259961890339	NA	0.326917549758395	NA	0.6082176802521	NA	1.60976795652509
NA	NA	NA	NA	NA	NA	NA	NA	NA	NA	NA	NA	NA	NA	NA	NA	NA	NA	NA	NA	NA	NA	NA	NA	NA	NA	NA	NA	NA	NA	NA	NA	NA	NA	NA	NA	NA	NA	NA	NA
NA	NA	NA	1.09916111573562	0.607177489417078	NA	0.510385529798064	NA	NA	NA	NA	0.692869440511807	0.452839351140563	NA	0.238920030691984	NA	0.701616842145384	NA	NA	NA	0.921546633140502	0.517066262841871	NA	NA	NA	NA	NA	NA	NA	NA	0.380577942231034	0.3989734007908	NA	NA	0.364505241457659	NA	NA	0.091403428479712	0.22068802159652	0.285404634129355
NA	NA	NA	NA	NA	NA	NA	NA	NA	NA	NA	NA	NA	NA	NA	NA	NA	NA	NA	NA	NA	NA	NA	NA	NA	NA	NA	NA	NA	NA	NA	NA	NA	NA	NA	NA	NA	NA	NA	NA
2.35561422760923	NA	NA	NA	NA	NA	1.46980730619523	1.5203571856143	NA	NA	NA	1.02971734386415	NA	NA	NA	NA	NA	NA	0.905744929562868	NA	1.33643144436305	1.23349181554681	NA	1.30136424988244	NA	NA	NA	NA	NA	NA	1.28417605928715	0.967257442660039	1.37872442104845	NA	NA	NA	NA	0.90883965204922	1.00326334386301	NA
NA	NA	NA	0.841050706443667	0.515834511410469	0.67053457926508	1.28707186298377	NA	NA	NA	NA	0.911314210690638	0.7852001601932	NA	0.659745743687587	0.956610859797342	0.734012329279884	NA	NA	1.11273367191521	1.02566609878065	0.834729848788732	0.987625464039746	NA	NA	0.219507848088573	0.965697950684871	0.806541804250253	NA	0.45601144994967	1.67514325427645	0.493421043553856	0.69209576593262	0.363973142440861	0.675314323421308	0.74022439697978	NA	0.56946600821653	0.52540066876374	1.03248835300277
1.1998148489482	1.48081182677243	NA	NA	1.31120325864186	NA	0.570281939470169	NA	NA	0.478273828153666	0.328420787156447	NA	NA	1.79102232400755	NA	NA	NA	NA	NA	NA	0.981851109789233	1.67821387413542	NA	1.29510670742287	0.987152749893004	NA	1.85971031532609	1.73270456312426	1.5332470155242	0.818919291193528	0.730447641277473	NA	0.634830495314196	0.395516666889506	0.439675009408361	0.318747102309413	NA	0.33888397424114	0.355430206066367	0.896023663987569
1.368816278819	NA	1.66088970317085	1.06217661281382	NA	1.21460870245535	NA	1.36298306658444	1.13237097728955	0.635343200455593	1.14302849894775	NA	NA	1.06647352229947	NA	1.63034284117635	NA	0.88982301309721	NA	0.454452266669967	NA	0.528773974520457	NA	0.404749955488141	0.364858902009931	NA	0.414020756767304	0.648054676646992	0.255342587851286	0.301427287199775	NA	NA	NA	0.159327471387521	NA	NA	NA	0.161892380103398	0.442397933881208	0.326402624228589
NA	NA	NA	NA	NA	NA	NA	NA	NA	NA	NA	NA	NA	NA	NA	NA	NA	NA	NA	NA	NA	NA	NA	NA	NA	NA	NA	NA	NA	NA	NA	NA	NA	NA	NA	NA	NA	NA	NA	NA
0.716347250703114	NA	NA	0.988746540549261	NA	NA	NA	1.26200567058619	1.24336531825399	NA	NA	1.7399897211395	NA	NA	1.62195152396495	NA	NA	NA	1.82258033681319	NA	NA	NA	NA	1.04865633238092	NA	NA	NA	NA	0.95308452258309	NA	NA	NA	0.705801034984288	0.648934379591273	NA	NA	NA	0.574959828566193	0.882041132318159	NA
1.11568220053419	NA	NA	NA	1.11667276143855	NA	0.981849941504593	0.963561866035377	0.927937107995607	0.555400891615635	0.681126259117076	NA	0.563819991707243	0.550183090354006	0.636167774424734	1.29212587743302	0.713900292364817	0.723364232462761	0.573054821042545	0.688314523077116	1.12280999473812	NA	NA	0.705701900790324	0.313339304294414	0.598257268198869	0.788272611243819	0.633490283545088	1.1482297338576	0.587758768610673	NA	0.920274482834255	0.543558364763848	1.81871379555622	0.350701403304993	0.627561547295195	NA	0.95225522516413	NA	0.934557589500499
NA	1.96946761481892	1.08354732759727	1.66294314163042	0.783718021595916	2.02512203130955	1.02620071634481	1.27184362086136	0.764873779927714	NA	0.658198134230995	0.890447131786225	1.39165765504939	0.919557896464027	0.831932397410985	0.827812944529208	1.05919932954879	0.795033011710833	0.553042509153314	1.27368644263798	0.585770932912936	NA	0.983958074255045	NA	0.83654096976362	1.31518822067406	1.11816828967802	1.42009914135512	NA	1.06091466314554	1.34320647087152	0.190820624919043	0.374082451735308	NA	0.933339791259649	0.540862644134718	NA	0.981245757990645	0.600482147938663	0.437409790732974
NA	NA	0.699866088029919	NA	0.976275573741656	0.807556617971469	0.80380252275877	NA	NA	0.941762856091504	1.15052612826831	NA	NA	0.891566300719395	NA	0.884080270076002	0.868547240306324	0.87412697386494	NA	0.692467925387417	NA	0.456519827219577	0.572425566255346	0.716809022988818	NA	0.927299513885806	NA	NA	NA	NA	NA	0.19465541406491	0.453473258997966	NA	NA	NA	NA	0.296103176816432	0.275854326299703	0.489297846655031
NA	1.98960485203326	NA	NA	2.26202376812637	2.1422102049673	2.39126635243162	2.30990218377705	1.73226577428351	1.86529283522109	NA	1.64331306958235	1.5605579011112	1.34647191684489	2.0839178307297	2.15329176500248	2.27509674767146	2.15993977324105	NA	2.12408736825866	1.69619787374697	NA	1.27643160160703	1.5539156194889	1.36837037554444	1.43167150548058	NA	0.898792977256397	0.674768344108355	1.16242263124208	0.594444239949069	NA	NA	0.966326354632875	0.506633106062984	NA	NA	NA	0.833259031609597	0.774783339313513
1.7645399461352	NA	NA	NA	NA	1.6026778910881	1.21600504745068	NA	1.31557276289412	NA	1.45267731959306	1.47369960630388	NA	1.38503767886767	1.95200323251136	1.80713269713997	1.67716130386087	NA	1.19170341876532	0.997500012448636	NA	0.965682433191947	0.850615457753479	NA	NA	0.2782560482167	NA	0.798407072115503	NA	NA	NA	0.640968635211195	0.400282514981587	0.285082846858366	NA	0.203480368382226	NA	NA	0.434625500466691	NA
1.22185495196896	1.86795953910598	NA	1.24167462900247	1.20059976751735	1.20838028076801	0.97891107764314	0.684755254322013	NA	NA	1.08438284713815	1.00408020879972	1.63094009795807	1.45696757452031	0.76244964145583	NA	1.07370579279958	1.0623529176601	0.95985129361612	0.741337873521795	0.739233046227922	0.430959568798004	0.581528420460232	0.445930928153808	0.299831919223953	0.627347274592523	0.495793191690277	0.395741665794786	NA	0.0885496952421599	NA	0.491224335414572	0.461534971938585	0.313374691825418	0.934420249178112	0.789606338508466	NA	0.352758420643199	0.337008801438397	0.48281025404629
1.27954143598168	NA	1.46219978541098	NA	1.6229455402442	NA	1.35590960537429	1.13147130164862	0.726850815786943	NA	NA	NA	1.00601854523669	1.34871581271639	1.49900833678573	NA	1.01486715037671	NA	1.07795834448326	1.04388072256837	1.07149416916604	1.0915374790231	0.709175082784363	0.840510914258088	1.51171082830685	0.782012820199951	0.469669090653683	0.993620058893128	0.451869396126329	0.94252906399278	0.617226138940781	0.576368554597391	0.421490839988717	0.533005612366633	0.184911979186952	0.419310777305687	NA	0.361121278391622	0.426184880148849	0.296855940830697
1.27898110729766	2.06406138619089	1.22437554887569	NA	NA	1.26411390442012	NA	1.27424458031744	NA	NA	1.3544237464379	NA	1.56072187161939	1.5700005778338	NA	NA	1.10063504718301	1.62190041169872	1.33697642520828	1.26369946446922	1.1047959136534	0.835315533004151	1.54746357632778	0.81906575749191	0.634202900339349	0.836171888918463	0.814268003846969	NA	0.809025866987092	0.475972772109839	0.708326324799123	0.425614172794263	0.701464158734507	0.389387755629321	0.689379523045293	0.647596401642502	NA	2.10094873758456	0.659675714727979	NA
NA	NA	NA	NA	NA	NA	NA	NA	NA	NA	NA	NA	NA	NA	NA	NA	NA	NA	NA	NA	NA	NA	NA	NA	NA	NA	NA	NA	NA	NA	NA	NA	NA	NA	NA	NA	NA	NA	NA	NA
0.922984553026508	0.998540311090098	NA	1.25576462302355	1.11010012983633	1.42633135133619	1.01256357727208	1.15399166246172	0.811140024408376	NA	0.938457388213695	0.767337426785365	NA	0.393010785420544	NA	NA	0.441392531716494	0.438172053772211	0.870907724892401	0.667410074673872	0.582932974663081	0.526205833117195	0.289203096585963	0.432229834976562	0.699849350043436	0.896311507695186	NA	0.691432534409375	0.916827184280301	NA	NA	0.606182686570792	0.469049762053216	0.162537851819589	0.471395365863763	NA	NA	0.394168604531724	0.91529525303332	NA
NA	NA	NA	1.87319299136142	NA	1.09275782090782	1.5296871030794	1.69350500323814	1.09749193405781	NA	NA	NA	NA	2.07708571595672	NA	NA	2.01663935635954	1.91067304366327	1.92273199170715	NA	1.63606995181991	1.29758551525924	1.39240542991294	1.21867341058654	NA	NA	NA	NA	0.856490249743052	NA	0.347197941098359	0.550725694931076	1.58309216170493	1.3294499307911	NA	NA	NA	0.377665416625039	0.522850347483021	1.14334460714101
NA	1.08541356286128	NA	NA	NA	0.806105763457871	NA	0.58673147682605	NA	NA	0.663638106628929	0.923028893899533	1.25371904336273	1.52995954257603	NA	NA	NA	1.44186071415814	NA	NA	1.39461570648362	0.953030374920268	NA	NA	NA	NA	NA	NA	NA	NA	0.424853985621631	0.60753587593542	0.687536889882045	NA	0.392443855493986	0.510311046621908	NA	0.352194855752309	0.576870156535939	0.298882514176369
NA	NA	NA	2.15790901954027	NA	NA	NA	NA	NA	NA	NA	NA	NA	NA	NA	NA	NA	1.58308559637769	1.73498894052638	NA	NA	NA	NA	NA	0.725570289167354	NA	NA	0.888901840947638	NA	NA	1.07148011416382	0.930325829896447	0.55086649672068	NA	0.319076643178447	NA	NA	NA	NA	NA
0.739506784672837	0.724330172558716	0.699457446400516	NA	0.159458019255288	0.675559469655882	NA	0.468993901495809	NA	0.240510014112035	0.332248174649781	0.538468492415823	NA	0.419109213518539	0.686297006064522	NA	0.384660080419861	0.382040139854179	0.642088409512175	0.353763838027719	0.711033432638628	0.724082643851466	0.623008533126626	0.858954939351941	NA	1.15619785160664	1.29741705504099	1.21764929768227	NA	2.35870662450227	NA	0.552206445567774	NA	0.506356160603249	0.782951983343295	1.52881378236168	NA	0.803622922494812	0.417289227354987	1.31619916573712
NA	1.00297956017993	NA	NA	0.819669057348147	0.462976554974934	0.463081781104813	NA	0.542693561596306	NA	NA	NA	NA	0.784007496625218	NA	NA	0.847454473305535	0.227232653736059	0.508610910170341	NA	0.912448308530934	NA	0.713411443228885	0.693858243273716	0.368474171986809	NA	NA	0.728548784824549	1.59140859560273	NA	NA	0.205873728156912	0.339911364860551	0.448955090827779	0.265748220519524	NA	NA	1.12827709498299	0.251145259997445	0.363759744503501
NA	NA	NA	NA	NA	NA	NA	NA	NA	NA	NA	NA	NA	NA	NA	NA	NA	NA	NA	NA	NA	NA	NA	NA	NA	NA	NA	NA	NA	NA	NA	NA	NA	NA	NA	NA	NA	NA	NA	NA
0.501303698720047	NA	0.287666618153463	NA	0.110475529993768	0.250426047446728	0.457464331320684	0.306836271763218	0.639809674826196	NA	NA	NA	1.26220059002405	NA	NA	0.781682269082729	NA	NA	0.664382661733675	NA	0.101991222852806	0.182069792630907	0.668477682598185	NA	NA	NA	NA	0.557067396023931	0.726330171697696	NA	NA	0.96884828049129	0.583039407751573	0.299863935089346	0.178200363925538	0.607077396981621	NA	NA	NA	1.1019284325478
NA	NA	NA	NA	NA	NA	NA	NA	NA	NA	NA	NA	NA	NA	NA	NA	NA	NA	NA	NA	NA	NA	NA	NA	NA	NA	NA	NA	NA	NA	NA	NA	NA	NA	NA	NA	NA	NA	NA	NA
NA	NA	NA	NA	NA	NA	NA	NA	NA	NA	NA	NA	NA	NA	NA	NA	NA	NA	NA	NA	NA	NA	NA	NA	NA	NA	NA	NA	NA	NA	NA	NA	NA	NA	NA	NA	NA	NA	NA	NA
NA	NA	NA	NA	NA	NA	0.602643391250955	0.470062793697096	0.45649142050325	NA	0.583188756428017	NA	0.509758340221182	0.6147728358062	NA	0.477136286070832	0.45519629171696	NA	NA	NA	NA	0.420351562554802	NA	NA	0.987230062864562	0.933001248272419	NA	NA	0.774904171326364	NA	NA	0.221160186513984	NA	NA	NA	0.392279727136982	NA	0.369633417401902	0.343418936584493	1.03486482002539
NA	NA	NA	NA	NA	NA	NA	NA	NA	NA	NA	NA	NA	NA	NA	NA	NA	NA	NA	NA	NA	NA	NA	NA	NA	NA	NA	NA	NA	NA	NA	NA	NA	NA	NA	NA	NA	NA	NA	NA
NA	NA	NA	2.15645570973414	NA	NA	1.94092112311264	NA	2.27857652575122	NA	2.38135401580225	NA	NA	1.77264369190912	NA	NA	1.83542171159714	2.4590473601662	1.90844354605403	NA	1.6398858141839	NA	NA	NA	0.995682647621095	0.534952911232152	1.65013299144679	NA	NA	NA	NA	NA	1.12905925477057	NA	NA	NA	NA	NA	1.00081382136916	1.43109622670028
NA	2.37451604654065	NA	2.75169527210503	2.80893612073504	2.31758489184391	NA	NA	NA	NA	NA	NA	NA	NA	1.54856917789187	NA	NA	1.45843333576394	NA	NA	1.04719827313031	0.939929065938292	NA	0.828050152306767	NA	NA	NA	NA	NA	NA	NA	NA	NA	NA	NA	NA	NA	0.527147048975733	0.597240841012397	0.776417393751161
0.889284857362765	0.483174993460639	NA	0.244861988778428	0.45030779908042	1.18651582007691	1.2686956067702	0.73639460908389	0.631152296401651	NA	1.11089491621186	0.977364707829116	0.730259026143637	0.694261705972132	0.648690968171172	0.841806053637196	0.92536079820159	0.718953872335552	0.760482456821886	0.677681342367628	0.627963582917231	0.75444277453471	0.772496663542755	NA	0.495796486417512	0.515735602237181	NA	0.611950879052986	0.371727887945023	NA	0.50919071307203	0.177612692152227	0.723736678876084	NA	NA	NA	NA	0.333525292997062	NA	NA
0.840612264375762	NA	1.15954341350821	NA	NA	NA	NA	0.869148266010376	NA	NA	NA	NA	NA	0.821553587525717	1.11404406123135	NA	NA	1.28593909674872	NA	0.994651230214384	0.976627723044741	NA	NA	0.401679691117485	0.580311863444383	0.29379527133634	0.573702120911031	NA	1.41906382244528	NA	NA	NA	NA	0.698652471846066	0.618142712381002	NA	NA	0.474283150565289	NA	0.605339346028429
1.48787575095719	NA	NA	NA	NA	NA	0.137704051869613	NA	0.224724756164399	0.420560978534182	0.382048487448686	NA	NA	0.303976146622073	NA	0.530443505578764	1.06595143635217	0.482205582575357	0.725213540358187	1.23615196315665	NA	0.695816486771967	NA	NA	0.432087511377895	0.613341137716936	NA	0.300058922070778	0.342608009608888	NA	NA	0.845885370824066	0.508373132190813	1.45532329589774	0.972878701664085	1.3572471864218	NA	0.488690245409112	NA	0.579482901997618
2.42335620009804	2.6051523333094	NA	1.82373991098055	0.759945895986127	0.709097402248938	0.871230644956082	0.542267842545787	0.546837191944946	NA	NA	2.86427126791166	NA	1.44248205869641	1.67028734573812	2.05228472708909	1.56839389913151	0.479096248707222	0.352121767921587	1.2525510443648	0.64020193617134	1.29483652214999	1.05614437834887	NA	1.20821448704374	1.25701334028642	0.49336335549702	1.29172551608276	0.642404706618553	1.41814147179557	1.7658117056308	2.67615424341847	2.88065175787518	2.05930825368541	1.34778137689626	1.59308169594109	NA	2.01206423935466	1.19798238320877	NA
0.532838334025776	0.690779067970235	NA	0.875831460990515	0.52269259652463	0.465070677404825	NA	NA	0.686783107685944	0.652027432027117	NA	0.882153961394397	NA	NA	0.578124997742691	NA	0.584030996649503	NA	NA	NA	NA	1.5357978845933	1.15751375405439	NA	NA	NA	1.63994535813554	NA	NA	0.626356724000176	NA	0.494320300503791	NA	NA	NA	0.944706648324135	NA	0.260621162053756	NA	NA
2.01312243239999	NA	NA	NA	NA	NA	NA	NA	NA	NA	NA	NA	NA	NA	NA	NA	NA	1.0412136886729	0.958221860137806	0.980795118109599	NA	NA	1.07088706176842	0.797949632562677	0.647391078234601	NA	0.926656150444168	NA	1.09813688502648	0.623216441490478	0.630826099082219	0.875779391442522	0.532614605031777	0.314507750308955	NA	NA	NA	0.494954514857189	NA	0.884743459770931
NA	2.04068578996105	NA	2.13478431642352	NA	1.47533818757022	1.77762870489732	1.9574727829961	1.72486148926851	NA	2.13255254639578	1.78617728917058	2.51886796454373	1.74219178243905	NA	NA	2.18526606535492	2.26161711191127	2.43060282035654	1.62899039984467	1.71390101529564	2.01334935887295	1.37117594482541	1.14840412519962	1.71903940589377	1.32490536176775	1.5311169829194	1.54278935262538	1.40565473385598	1.83532905348395	NA	NA	1.8742079172363	NA	NA	NA	NA	2.32343759221483	2.01900782931339	1.50834617986829
2.07049413545571	NA	NA	NA	NA	NA	NA	1.28949811018045	NA	0.753703157586444	1.19047754311027	0.468562563477003	0.299074928479425	NA	NA	0.341223846356471	0.418459151057716	1.28203011982388	1.29051475919285	NA	1.50803873652376	NA	0.809873943024039	0.57708580963138	1.47661061444867	NA	1.29403155970396	0.919825873423731	NA	1.38197118495085	1.60867180755863	0.609011101113209	1.2871196825614	NA	1.28318772076925	0.457971867733056	NA	1.2917600738812	0.413545807718812	1.38067881709031
2.11274921186014	1.92634960051201	NA	1.94207012696359	NA	1.89110658040119	NA	NA	NA	2.15242450252382	NA	2.50678715411805	NA	NA	2.27757836280628	2.23139943315606	2.18010887258562	1.620020026374	1.8449059145779	NA	1.41031020218355	1.03995341825096	0.99416554114752	NA	0.927309341832601	1.00043768666166	0.966972352028972	NA	0.854182384362805	NA	NA	NA	0.841731832895489	0.833249720762027	NA	NA	NA	0.510734584642519	0.833984070954619	0.51398922932094
NA	NA	NA	NA	NA	NA	NA	NA	NA	NA	NA	NA	NA	NA	NA	NA	NA	NA	NA	NA	NA	NA	NA	NA	NA	NA	NA	NA	NA	NA	NA	NA	NA	NA	NA	NA	NA	NA	NA	NA
NA	NA	NA	NA	NA	NA	NA	NA	NA	NA	NA	NA	NA	NA	NA	NA	NA	NA	NA	NA	NA	NA	NA	NA	NA	NA	NA	NA	NA	NA	NA	NA	NA	NA	NA	NA	NA	NA	NA	NA
NA	NA	NA	NA	NA	NA	0.134867787360904	NA	NA	NA	NA	0.840907142551672	NA	NA	1.0106432148465	0.863064783351499	NA	0.863336508020263	0.732196961164934	NA	NA	0.814384216250177	1.07032652221921	0.504656527029833	NA	0.443928157514779	0.349845683377798	0.610134041925677	0.632878548551265	0.457005650889154	NA	NA	0.523337411659986	NA	0.243938799732187	NA	NA	0.533792618117379	0.698304464414075	0.385236630308359
0.973395689051224	NA	NA	NA	NA	NA	0.434013182049759	NA	NA	NA	NA	NA	NA	NA	NA	NA	NA	NA	NA	NA	0.791686047218536	NA	1.12633967964752	NA	0.903392319190824	NA	0.634481098786778	NA	0.420450571369359	0.830463317173281	0.526230756067325	0.744555887136199	0.611131476991904	NA	NA	NA	NA	0.432262936963964	NA	0.611564634558293
NA	1.07706180501447	1.86077194499968	1.60283682748222	1.55054480984322	1.80179866569341	1.736415712802	1.67333992074465	NA	NA	1.7754067625497	NA	NA	NA	NA	1.8199479901874	1.79639520050742	1.8074112535981	1.05292351677146	NA	NA	NA	0.399780690061572	NA	0.504120679807477	0.82235103700798	0.610252006109452	1.39921542616667	0.563907865619703	0.518235235699139	NA	0.565691549397141	1.79724002444413	1.8666383572989	1.67627551738472	0.705140710042694	NA	1.27061873934674	0.536199631442596	1.08409925615825
NA	NA	NA	1.45596597153692	NA	1.14889594886178	1.45939654139241	1.24324189851569	NA	NA	1.05640565172696	NA	0.971988949538578	0.800679085130807	0.881650541179154	1.20754723407418	NA	0.782630011802395	0.701115793087329	0.522007441777639	NA	NA	1.48752093382619	1.78358033652227	1.64702397107777	1.46273588797997	1.76198469885288	1.9355367513907	2.34153232847315	1.64292474114351	NA	1.53246928924515	NA	1.94298282707148	NA	NA	NA	2.42526875994045	2.10235808610188	NA
NA	0.771421139427964	NA	NA	NA	NA	NA	NA	NA	0.300323984493638	1.4137720165478	0.451995961599944	NA	0.560484133716244	NA	NA	0.645882249029646	0.470685974759372	0.443231396264083	0.358983452574525	1.42667931198233	NA	NA	NA	1.58791060820828	0.71854201482893	NA	NA	NA	1.12499683107703	NA	1.3744882777411	1.17619549849093	1.01754593065503	1.34240727085226	NA	NA	0.686498824246618	NA	0.178784396686463
NA	NA	NA	1.50722549740321	NA	NA	NA	0.724747976282743	NA	NA	NA	1.01665488579889	NA	NA	NA	NA	NA	NA	NA	NA	0.758256960443586	NA	NA	NA	NA	NA	NA	NA	0.728053409772543	NA	NA	NA	1.22288158002437	NA	NA	NA	NA	1.07141537939373	0.297112093609481	NA
NA	NA	NA	NA	2.24303589989389	1.31672371512649	1.27416200757146	1.14598097020221	0.934341165697425	1.51043527249537	1.30305028449909	1.89062213179007	1.74821677625044	NA	2.14666794018481	0.651442425870299	NA	NA	NA	NA	0.951125096920779	NA	0.90196002892007	NA	1.04978746725399	NA	NA	NA	0.663653086509031	NA	NA	NA	NA	1.3031354560193	NA	NA	NA	1.16132190735847	0.6426931173093	NA
1.02402118603136	NA	NA	NA	NA	0.946352897909156	NA	NA	0.644934542234794	NA	NA	0.595064361313093	NA	NA	NA	NA	NA	NA	1.09068129554479	NA	NA	0.368543671515939	NA	0.61415708415151	0.789148321206135	NA	0.68570204485878	0.883006217882593	NA	0.725782163315875	NA	0.503769012007927	0.801930490458569	0.473432646980955	0.354013482928102	NA	NA	NA	NA	0.51609601025748
NA	NA	NA	NA	NA	NA	NA	NA	NA	NA	NA	NA	NA	NA	NA	NA	NA	NA	NA	NA	NA	NA	NA	NA	NA	NA	NA	NA	NA	NA	NA	NA	NA	NA	NA	NA	NA	NA	NA	NA
NA	NA	NA	NA	1.10932574605386	NA	0.882648458295497	1.32563018467252	1.14860557584445	1.10217088616899	1.02594554886193	1.05153372551631	1.59230609875564	1.0297654572683	0.808844749674081	NA	1.55564551806552	0.925793215750468	1.0935312637863	0.699389127320816	1.0875705920931	1.05535408742437	0.905388680339019	1.13919383315223	1.23798492191584	NA	1.06297299864876	1.11177732838916	1.20342383067779	1.24264651047269	NA	0.966691155154337	1.11650883401555	1.43490073118935	0.251268271258246	1.3418238912104	NA	0.570916613055905	0.23175012476203	0.278104658036261
NA	NA	NA	NA	NA	NA	NA	NA	NA	NA	NA	NA	NA	NA	NA	NA	NA	NA	NA	NA	NA	NA	NA	NA	NA	NA	NA	NA	NA	NA	NA	NA	NA	NA	NA	NA	NA	NA	NA	NA
NA	NA	NA	NA	NA	NA	NA	NA	NA	NA	NA	NA	NA	NA	NA	NA	NA	NA	NA	NA	NA	NA	NA	NA	NA	NA	NA	NA	NA	NA	NA	NA	NA	NA	NA	NA	NA	NA	NA	NA
NA	0.654397297128391	NA	NA	NA	NA	NA	NA	NA	NA	NA	1.67612092713974	NA	NA	0.899775845764733	2.05872987515757	1.98621645181837	0.555558803027941	NA	NA	1.22448449213658	1.49407832016297	NA	0.870296569872227	0.39257379392495	1.09813683004725	NA	NA	NA	0.382158615691323	0.176199670971093	NA	0.675329219085066	0.56590313180195	0.11317452543575	0.318490582905955	NA	0.580678323027712	0.823922003677176	0.306416796948202
0.377600027341904	NA	NA	NA	0.820491822042368	NA	0.644570509807125	NA	0.683821113061947	NA	1.952023824792	1.41462952277374	NA	1.26634347761009	0.96357472220691	NA	1.20351138497804	NA	NA	0.921508421028219	0.39280048021094	NA	0.733349928267549	0.868212556227955	1.06030958101552	1.43409697843592	NA	0.846771176177557	NA	NA	1.20604390055402	NA	1.1963196792755	NA	0.68042045243682	NA	NA	NA	0.529188462281882	NA
1.07681701884105	NA	NA	NA	1.57847933629672	NA	1.15075447448787	NA	0.896595118106117	1.02824217603223	1.05804470454529	1.00219335089284	NA	0.953261268090595	NA	NA	1.16109466284349	NA	1.31741269676514	1.13365021927846	2.50988564234699	0.735271570537432	1.01422107542191	0.932417137997919	0.866909952231963	0.9804833942735	0.793020333290174	0.629577789751381	NA	NA	0.717481977218034	0.553879746534096	NA	NA	NA	2.09995106157042	NA	NA	0.99903916192499	NA
NA	2.03018410816125	1.0897871839416	1.63894095992179	0.999071420961988	NA	NA	0.8990640683762	NA	NA	NA	NA	NA	NA	0.57633548149267	0.693940442986023	NA	NA	NA	NA	0.494783637487299	0.446950122387419	NA	1.04416510536392	NA	NA	NA	0.360121200021798	0.636841064755139	NA	0.585622789994907	NA	0.357726197231503	0.666795822018925	0.748593998391643	NA	NA	0.50287449498568	NA	NA
NA	NA	NA	NA	NA	0.817104732797759	NA	0.939047437042932	0.842117428476594	NA	1.04317687256239	0.872036298404134	1.30338414233543	NA	NA	0.931940985776469	1.17417166438128	NA	NA	0.590751555210022	NA	1.04128939338204	NA	NA	0.857192019219204	0.567505915002717	NA	0.0890839068808159	NA	0.377837467194738	NA	NA	NA	NA	NA	NA	NA	NA	0.110312290316103	0.328983681117619
NA	NA	0.686320984833446	NA	2.27698632168956	NA	NA	NA	NA	NA	NA	NA	NA	NA	0.972016278470423	0.382482874860773	0.781149022775765	NA	NA	0.649745767389391	NA	NA	NA	NA	NA	NA	NA	NA	NA	NA	1.11319956268183	0.714747892163643	NA	1.54891077166332	1.49805315264665	1.65845758502961	NA	0.280481206099007	0.55298650759922	NA
NA	NA	NA	NA	NA	NA	NA	NA	NA	NA	NA	NA	NA	NA	NA	NA	NA	NA	NA	NA	NA	NA	NA	NA	NA	NA	NA	NA	NA	NA	NA	NA	NA	NA	NA	NA	NA	NA	NA	NA
0.234433825481699	0.552150274311287	0.631306664338459	NA	0.945316598933888	0.445978616997021	NA	0.661294921775373	0.490576352174756	NA	NA	NA	NA	NA	1.72263051335868	1.74954425527481	1.62579448483377	1.82259498042602	1.4448763316096	1.30432232989561	NA	1.1471637547853	1.10635314366195	0.551724437192494	NA	NA	NA	NA	0.485684202396985	0.942094155823396	NA	NA	0.534415138542109	NA	1.28199850160633	1.33615471735682	NA	0.801780428020988	1.30790454925297	1.1772475488887
NA	0.166934874191045	NA	NA	0.21226335291437	NA	0.725734749834676	NA	0.759551366269877	0.806767504724996	0.434319695096952	0.796110365766266	NA	NA	NA	NA	0.847493962975768	NA	0.729360521887437	0.443449617419395	0.618120876302303	NA	NA	NA	NA	NA	NA	NA	NA	NA	NA	NA	NA	0.547939242755823	0.404087864475237	0.935312940665959	NA	0.648057177874203	0.305202818204061	0.19374415076766
NA	NA	NA	NA	NA	NA	NA	NA	NA	NA	NA	NA	NA	NA	NA	NA	NA	NA	NA	NA	NA	NA	NA	NA	NA	NA	NA	NA	NA	NA	NA	NA	NA	NA	NA	NA	NA	NA	NA	NA
0.944166792480626	0.859342192887395	NA	0.980876039962334	NA	0.702752804356521	0.738377720883698	NA	0.626595654192474	0.812837195779887	NA	0.682093211317059	0.812613029939002	NA	0.789892892289413	NA	0.641987345439715	0.692231368824985	0.886965933074716	0.680668346817826	0.971858711299873	0.916374119572835	0.789737901051373	NA	NA	NA	NA	0.526905459494735	0.549805004144211	0.682193674407447	0.476012639246962	0.4809057810034	0.462114298775898	0.735901879167881	NA	1.08098475289578	NA	0.604770906908939	0.783203233217696	NA
NA	NA	NA	NA	NA	NA	NA	NA	NA	NA	NA	NA	NA	NA	NA	NA	NA	NA	NA	NA	NA	NA	NA	NA	NA	NA	NA	NA	NA	NA	NA	NA	NA	NA	NA	NA	NA	NA	NA	NA
NA	NA	NA	NA	NA	NA	NA	NA	1.56440855532571	1.59116290653141	1.66897461308244	1.53509577987332	NA	NA	1.44743162986849	NA	NA	NA	NA	NA	NA	1.12972210938682	1.02765173658898	NA	0.943345264456452	0.85875363510567	NA	0.627175029309049	NA	1.06205981360298	1.22232913067522	NA	NA	0.256466536914216	NA	NA	NA	NA	NA	0.41205701516894
NA	NA	NA	NA	NA	0.464705709459553	1.31497082053463	1.38906762839869	NA	NA	1.48888797010319	NA	NA	1.04630414241654	NA	1.19000058681512	NA	1.34830230286361	NA	1.1272502842536	0.81593464699504	0.863685839313429	NA	0.534050879142314	0.3372766353822	NA	NA	NA	0.780107832774654	NA	NA	0.844438433266668	0.897598073279676	NA	NA	NA	NA	NA	NA	0.804972191734712
NA	NA	NA	NA	NA	NA	NA	NA	NA	NA	NA	NA	NA	NA	NA	NA	NA	NA	NA	NA	NA	NA	NA	NA	NA	NA	NA	NA	NA	NA	NA	NA	NA	NA	NA	NA	NA	NA	NA	NA
NA	NA	NA	NA	NA	NA	NA	NA	NA	NA	NA	NA	NA	NA	NA	NA	NA	NA	NA	NA	NA	NA	NA	NA	NA	NA	NA	NA	NA	NA	NA	NA	NA	NA	NA	NA	NA	NA	NA	NA
NA	NA	NA	NA	NA	NA	NA	NA	NA	NA	NA	NA	NA	NA	NA	NA	NA	NA	NA	NA	NA	NA	NA	NA	NA	NA	NA	NA	NA	NA	NA	NA	NA	NA	NA	NA	NA	NA	NA	NA
0.680221720440814	0.765143579152322	0.227630192134658	0.446173634461661	1.57994949407188	1.82411339063382	1.74179562674394	0.328299003002267	0.977353002787914	1.23317210406176	NA	1.14845645459371	0.249314667353125	1.11115344276074	0.583458597653093	NA	0.282071511673979	0.427979492574209	0.293606991325833	NA	2.600417709612	NA	NA	2.02703636706652	NA	0.301297899342519	NA	NA	0.724559282641974	NA	NA	0.347818157947558	0.344277579547623	NA	0.331040709042466	NA	NA	2.20120703418932	2.23062302063264	2.11713486502877
NA	1.56362250092274	1.2887077286274	1.71064199076735	1.15730106692733	1.02813025543516	NA	0.566178432473711	0.611105339652322	0.999663422361249	0.976172660431914	0.335157828257375	NA	0.74466946082864	NA	NA	0.408336699720514	0.642290706801067	NA	0.55628443835733	NA	0.319642621247142	0.245574300976491	NA	0.368785799525606	NA	0.309890380331525	NA	NA	0.293698578164562	NA	0.126593021782488	0.479532944618963	0.65945170775303	NA	NA	NA	NA	0.259088706935747	NA
NA	NA	NA	NA	NA	NA	NA	NA	NA	NA	NA	NA	NA	NA	NA	NA	NA	NA	NA	NA	NA	NA	NA	NA	NA	NA	NA	NA	NA	NA	NA	NA	NA	NA	NA	NA	NA	NA	NA	NA
NA	NA	1.4228931446574	NA	NA	1.05455027031489	NA	1.18026239080525	1.06220943224351	NA	NA	NA	NA	1.5400634643468	1.41402491963698	1.3559900244881	1.87374797619143	1.8562660720159	NA	NA	NA	NA	NA	NA	0.934559642036584	NA	NA	0.502536845643368	0.487828340283898	NA	NA	NA	NA	NA	0.43247364668237	NA	NA	0.663084777621524	0.569892087110463	0.605033938465916
NA	NA	NA	NA	NA	NA	NA	NA	NA	NA	NA	NA	NA	NA	NA	NA	NA	NA	NA	NA	NA	NA	NA	NA	NA	NA	NA	NA	NA	NA	NA	NA	NA	NA	NA	NA	NA	NA	NA	NA
NA	NA	NA	NA	NA	NA	NA	NA	NA	NA	NA	NA	NA	NA	NA	NA	NA	NA	NA	NA	NA	NA	NA	NA	NA	NA	NA	NA	NA	NA	NA	NA	NA	NA	NA	NA	NA	NA	NA	NA
1.14285050380963	1.2597766239295	1.71233522295471	NA	1.26190236371108	1.72946719730283	1.96955365939587	2.13280778114216	1.84822113231645	1.93674446146001	2.31808942025866	1.62770938993448	NA	2.24507784929487	1.6176348287708	1.35587278270494	1.26938194728112	0.838888594524792	1.33683855251409	1.37248387865501	NA	1.67503383466756	NA	1.18553495855549	1.1978792146314	1.07141651173271	NA	0.902485585623048	NA	0.585349820690756	0.68273514854037	0.520345042726074	0.409740769112161	0.457682762382929	NA	0.397499005310638	NA	2.22571512964916	0.334095594642929	0.659381672972304
0.374296035640371	NA	NA	NA	NA	NA	NA	NA	0.804106543770163	NA	0.837355544005376	NA	0.670872060231722	NA	0.880744724092143	0.826777538852303	0.969632418741128	0.809498208349138	0.824008394138014	NA	1.07204045183535	NA	0.300673409520245	NA	NA	NA	NA	NA	NA	NA	NA	NA	NA	NA	NA	0.768921294837913	NA	0.175113314654656	NA	0.583344846930255
NA	NA	NA	NA	NA	1.75747629102254	NA	NA	NA	1.22493618309715	2.00788551395931	1.89478965613808	NA	1.74791025423259	1.56643876746941	1.68505855757176	NA	NA	NA	0.232190285826085	2.22882220361855	NA	2.53923705690189	NA	NA	NA	NA	1.31489615151982	1.10251063852613	NA	NA	NA	NA	NA	NA	NA	NA	NA	NA	2.77824464439632
0.754023974162665	0.684198084440055	1.18749826037425	NA	0.84785511884014	0.493066924944132	0.848873854991288	0.734244971800079	0.652029310601023	1.11521526286723	1.098934697268	0.730935478238621	0.707681552100718	1.72188908964373	0.367492188731728	0.596859134871499	0.454878655580948	0.542276660215815	NA	0.496354004858809	0.0567360531836997	NA	0.692731969227797	0.966852332140743	1.32263849545969	0.630374428984171	0.385739445510421	0.288114003405643	1.41971561886444	1.71742510068413	NA	0.342002329375585	1.79276425825239	0.421573937429511	0.225983364521981	0.60298193831675	NA	0.462906139262584	0.367191632896473	NA
NA	NA	NA	NA	NA	NA	NA	NA	NA	NA	NA	NA	NA	NA	NA	NA	NA	NA	NA	NA	NA	NA	NA	NA	NA	NA	NA	NA	NA	NA	NA	NA	NA	NA	NA	NA	NA	NA	NA	NA
NA	NA	NA	NA	NA	NA	NA	NA	NA	NA	NA	NA	NA	NA	NA	NA	NA	NA	NA	NA	NA	NA	NA	NA	NA	NA	NA	NA	NA	NA	NA	NA	NA	NA	NA	NA	NA	NA	NA	NA
1.16318200849719	NA	1.01847051836646	1.12111364698052	2.52364775087126	1.10540454644194	1.09024218584136	0.678330139418311	0.89114521685627	1.13078117439116	0.921559750945606	1.17102499948747	0.957832721191829	1.43764534908599	1.59672693535424	1.51975602466874	NA	1.18762588111253	1.22537821303418	0.7670488110696	0.487146731039642	0.584185518049215	1.23815407109145	NA	1.40249542220193	NA	1.21076527081999	1.02595598257567	0.583738238924107	0.17391500732215	0.524271226967458	0.531335227639616	NA	2.63884883250518	NA	0.538503527609391	NA	NA	0.986568210699284	0.803520001490001
1.799216628155	NA	NA	1.39578852200181	NA	1.34189592326653	NA	NA	0.538283882143846	1.12938118086898	0.328483351550433	0.678349512642256	0.97746483227069	NA	1.0380416270157	NA	0.867493236772093	1.3067565631541	1.63546413873019	0.717026789903571	NA	1.18501468917175	1.43577601245249	1.31231878552228	NA	0.910291043295491	NA	NA	0.629812119676811	0.328844423969206	NA	0.842956791794053	NA	NA	0.520447260055782	0.781430582271238	NA	NA	0.30851295043451	0.994915992231259
NA	NA	NA	NA	NA	NA	NA	NA	NA	NA	NA	NA	NA	NA	NA	NA	NA	NA	NA	NA	NA	NA	NA	NA	NA	NA	NA	NA	NA	NA	NA	NA	NA	NA	NA	NA	NA	NA	NA	NA
0.82025455295597	NA	NA	NA	NA	0.641795858987764	NA	NA	0.715347205180433	0.328379626496488	1.33206969683981	NA	NA	1.09660913618781	NA	1.21530689990622	NA	0.594638167260546	NA	NA	NA	NA	NA	NA	NA	NA	NA	NA	NA	0.349135029323587	NA	0.366485880219759	0.495869485300892	0.412300330366638	0.604482790650875	0.267546726239928	NA	NA	NA	0.508626666111912
NA	NA	NA	NA	NA	NA	NA	NA	NA	NA	NA	NA	NA	NA	NA	NA	NA	NA	NA	NA	NA	NA	NA	NA	NA	NA	NA	NA	NA	NA	NA	NA	NA	NA	NA	NA	NA	NA	NA	NA
NA	NA	NA	NA	NA	NA	NA	NA	NA	NA	NA	NA	NA	NA	NA	NA	NA	NA	NA	NA	NA	NA	NA	NA	NA	NA	NA	NA	NA	NA	NA	NA	NA	NA	NA	NA	NA	NA	NA	NA
NA	0.334624628951262	NA	0.409858746056066	0.220156649258371	0.734505708500179	1.07668066443408	1.3868033365844	1.15442628763215	1.09950897370073	1.02686680669625	0.76902812940406	0.861656981888669	NA	0.699637343254201	1.14669399739582	0.250274591134905	NA	0.292493420031855	0.464824162513499	0.464676273663312	0.568876172538002	NA	0.667146885653754	0.817110972557401	NA	0.378027861639953	0.51697283018436	0.655476839754765	0.605779936398988	NA	NA	0.568752007799973	NA	1.15467736655031	NA	NA	NA	0.324911220028571	NA
NA	NA	NA	NA	NA	NA	2.086491643713	NA	NA	2.09867705255007	1.90660986161705	1.91587215688407	2.09523656609307	1.88879847360757	NA	0.91763721274401	2.27482483158857	2.17569576761791	2.1777315260102	NA	1.60071526335248	1.61962519208534	1.37093833348952	0.511335900281842	0.860364592751911	NA	1.43240819136207	1.46110342744049	0.724006323446198	0.517772952823149	0.640450258698835	0.624544341315904	NA	0.663102663149883	0.513120702777615	0.978280960296039	NA	NA	0.874970172319506	0.545415703369872
NA	NA	NA	NA	NA	NA	NA	NA	0.516230177283802	NA	0.175179636481348	0.495637803754579	NA	NA	NA	0.641344632032458	NA	NA	0.657359459259392	0.347892294776778	NA	0.337511232759855	NA	0.654098426409777	0.992865811945452	NA	0.652285048550396	1.18187797249852	NA	0.790302671888445	0.667777847791982	1.07259903123467	0.630759518417554	0.38760870627645	NA	0.43328710744657	NA	NA	0.817564451935822	NA
NA	NA	1.01229679229762	NA	NA	NA	NA	1.18484497406065	1.49450981028673	NA	1.20034646761613	1.03620351091842	NA	1.00502810315168	0.964025129458368	0.980183324124534	NA	NA	NA	1.03572093099007	1.21935914010638	NA	NA	1.48635418192872	1.36367102910968	2.75721992842666	NA	NA	NA	NA	NA	NA	NA	0.380340695571907	0.797020383863905	NA	NA	1.20258512668141	NA	NA
NA	1.36971512266905	NA	1.26860995590153	NA	1.70785731122821	NA	NA	1.8557248982086	NA	1.86515290349618	1.59040235839302	NA	NA	1.46699299512257	1.92716060173085	NA	0.735929959498476	1.34477607998028	1.28123400305733	NA	0.985983887600903	NA	0.52660084031143	NA	0.586493038031753	NA	0.892259229985306	0.711313854579023	NA	NA	NA	NA	NA	NA	NA	NA	NA	0.874406238168959	NA
NA	NA	NA	NA	NA	NA	NA	NA	NA	NA	NA	NA	NA	NA	NA	NA	NA	NA	NA	NA	NA	NA	NA	NA	NA	NA	NA	NA	NA	NA	NA	NA	NA	NA	NA	NA	NA	NA	NA	NA
NA	1.63774444099583	NA	1.58487347287132	NA	2.03167046825125	NA	1.36739129905734	1.6664255640848	1.67087419678379	1.80756754968125	NA	NA	1.99097375840052	2.08994517133211	2.00757631046564	NA	1.28890508288853	NA	NA	1.40127325810211	NA	NA	NA	1.01626216835392	1.18328212635293	0.949481218048262	0.433102352344296	0.927637189547505	NA	NA	NA	NA	0.493414455882505	0.718796596340398	0.248664445515446	NA	NA	0.732770638969587	0.72605339735001
NA	NA	1.72655089489675	NA	NA	1.9594293349563	NA	NA	NA	NA	1.82450326350621	1.90670553073397	NA	1.95606709418945	NA	1.55586060345368	NA	1.05602249372806	1.42235553738334	1.40470375130512	NA	1.34823344163891	1.72428993915408	2.04560155288333	NA	NA	3.2284420627549	NA	1.34971076254111	NA	NA	NA	NA	0.792100875222485	NA	NA	NA	1.01655587977462	1.41346938880612	0.887931612828524
0.604188125610413	NA	0.525714137036162	0.620409451899099	NA	0.970911910445195	NA	1.17111741278325	0.957101771418308	NA	0.676634877156371	1.15003458463224	0.991547909956223	NA	1.32258983645139	1.29276874562215	NA	1.49535650610201	0.999472461286233	0.950065289394324	0.766730092267533	0.249438189006883	0.77583155642471	0.431923659974704	NA	0.71207763931876	0.917196510471097	NA	NA	1.23572443035956	1.21555685383735	0.997862093225192	NA	1.51635053042854	0.976115999803798	1.41780675502047	NA	0.511644493332922	1.67590128700028	0.974176500203396
NA	0.516346455380557	NA	1.05408900418781	NA	0.914556725712496	NA	1.03191605479028	NA	NA	0.568011390488932	1.03401904252651	NA	NA	NA	NA	0.71439180169046	0.519771188397588	0.320384698249323	NA	1.30541383628737	0.981751519483322	NA	0.522418710677805	0.576488468162257	0.595343799662168	0.874893730226356	1.01904223306649	1.12154851920979	0.607705721706731	NA	0.130263498324285	NA	NA	NA	NA	NA	0.851969434584805	0.201749565607422	NA
NA	NA	NA	NA	1.57057400942502	NA	NA	NA	NA	NA	1.06642028258024	1.86878077637499	NA	1.82797279932519	1.94221050713453	0.90502879778642	NA	0.993493462528883	NA	0.819741103901374	NA	NA	1.39452150561455	1.47218266389689	1.5504528236085	NA	NA	2.7338582122091	NA	NA	NA	NA	NA	0.463028471121222	NA	1.07832317686332	NA	0.268958351686954	0.546668471549181	NA
1.76113980193432	1.49586579484093	NA	NA	NA	NA	1.54593202023236	NA	1.17129238580599	1.35916054532745	1.3398883791066	1.52189726596878	NA	1.09178024920666	NA	1.27206750222232	1.08329118014998	0.992509988773308	NA	2.44562288154067	0.625320952755012	0.93225120370256	NA	0.990601600727273	NA	NA	NA	0.75952751804946	NA	NA	NA	0.922060167526623	1.04484133122623	0.76001844050521	0.361163601321906	0.447462082691294	NA	0.458894576480437	0.142310053068282	0.572604619796949
NA	NA	1.38073172413838	NA	NA	1.54461726556733	NA	1.33854330766842	NA	2.55175309512613	1.77658625582529	1.31293824090724	NA	NA	1.54343002523032	1.14125237903067	NA	1.2101404420144	NA	1.02430848209648	NA	0.493749460932631	0.83629504718737	0.840841603521223	NA	0.795454068619947	1.14487502589123	NA	NA	NA	NA	NA	0.315958888986379	NA	NA	0.458437150732889	NA	NA	1.20919987173756	NA
1.40436051252693	NA	1.64503172032511	NA	NA	1.37403121804245	NA	1.70835825267876	NA	1.50219073211766	NA	NA	NA	NA	NA	0.936965706834643	0.887509166960795	0.853368850957187	NA	NA	NA	NA	NA	NA	NA	NA	NA	1.13243914643731	NA	0.862860885793312	NA	NA	0.348216826372864	NA	0.846564890366857	NA	NA	NA	1.13809477873798	0.856646002625635
NA	NA	NA	NA	NA	NA	NA	NA	NA	NA	NA	NA	NA	NA	NA	NA	NA	NA	NA	NA	NA	NA	NA	NA	NA	NA	NA	NA	NA	NA	NA	NA	NA	NA	NA	NA	NA	NA	NA	NA
1.7350024014947	NA	1.96653139999379	1.54054012582015	1.56613899263132	1.42752827589023	NA	2.04411589062005	1.66074180548993	1.40630331133454	NA	1.56977803627154	1.25124175615998	1.86881846897348	NA	1.72585743345478	2.16741233130193	1.93452075076222	2.14010335543699	1.57889149935781	NA	1.26313227206815	1.69935685478941	2.14731919721199	1.49306477413758	2.60404801403442	0.606014483355423	NA	NA	0.647192267710298	NA	0.460540138555618	0.336960072648114	NA	0.633874104980069	0.889535923556025	NA	NA	0.39910749400685	0.637014345504132
NA	NA	NA	NA	NA	NA	2.10306043285135	1.73416878210932	NA	NA	NA	NA	NA	NA	1.31227634028451	NA	NA	1.55645382066871	NA	NA	0.850657296374808	0.57031701191841	0.283195313654025	0.375424484848457	0.297857819591274	NA	0.428258158729754	NA	0.501819845238869	NA	NA	NA	NA	NA	0.36523081976076	0.842372284727898	NA	0.354399887803647	0.0947052317222885	NA
1.32038297354387	1.57269272395866	NA	NA	NA	NA	NA	NA	1.6461757402972	NA	NA	NA	NA	NA	1.30875112883582	NA	NA	1.49112944674652	1.59851849426687	1.47247003303193	NA	NA	1.2442889433366	NA	NA	NA	NA	0.972305980485892	NA	NA	NA	0.765867958852947	0.983663612705157	NA	NA	0.405640932694212	NA	NA	0.610561932661579	0.393551144356882
NA	NA	NA	1.16049612648519	NA	NA	NA	NA	NA	NA	NA	1.40447939810357	1.50599217116445	0.980501605211058	NA	NA	1.18025854107811	0.817993416532168	1.85006628510688	NA	1.13500460759562	NA	NA	NA	0.851137865166782	NA	NA	NA	NA	1.80251512764629	NA	NA	0.318145672263748	NA	NA	NA	NA	NA	0.431514703707901	NA
NA	1.74877380558385	NA	0.765340105016337	0.811356391028579	1.47702663448242	NA	NA	1.34817655455823	NA	1.3120491680724	1.27718575561494	NA	1.11246658752507	1.70179270315203	0.909002632675207	0.847045728297641	NA	NA	NA	NA	0.98719292646433	0.647171072447692	NA	0.777724620562125	NA	NA	NA	NA	NA	NA	NA	0.578248591650657	NA	NA	NA	NA	0.224490969732559	0.365619315376801	NA
NA	NA	NA	NA	1.63410112972525	1.71069688914497	1.87226476581726	NA	NA	1.52384643632194	1.63417975509018	1.5103367520632	1.47664108858037	1.14530846690705	NA	NA	NA	NA	1.42781081378646	1.49102732951889	1.06298124857691	NA	0.425884796194401	0.337454001094118	NA	NA	NA	NA	NA	NA	0.406370019286865	NA	NA	0.904718048365166	NA	0.293265953505941	NA	NA	0.680853158746452	0.35227851018972
NA	NA	NA	1.67019257322248	1.47908853886991	NA	1.47871293053775	1.82883549869992	1.13383521168557	1.40653787600452	1.12084065629785	1.36318256389156	2.30905625652929	1.10911905140001	0.97821324149929	NA	0.852067828994953	1.81044246700192	1.68979633904747	1.19666989438101	0.880565078546034	0.510172025636478	0.425235590816626	1.16731394765806	1.20204384163181	0.433390212701058	NA	1.58750107380944	2.29317007223743	2.12688409832659	2.36660951310638	0.577781292656101	0.318111423050399	1.54580718251622	0.407248388870678	NA	NA	NA	0.397446200955818	2.18237904448793
NA	NA	NA	NA	NA	NA	NA	NA	NA	NA	NA	NA	NA	NA	NA	NA	NA	NA	NA	NA	NA	NA	NA	NA	NA	NA	NA	NA	NA	NA	NA	NA	NA	NA	NA	NA	NA	NA	NA	NA
0.907510759581571	0.502300074956863	1.62217415144963	0.469906824553855	0.654832001829379	0.944097307021891	1.04275200850697	1.04896528005157	NA	NA	0.548538773116676	1.18795186395462	1.77866531806675	0.320040204204513	0.289788400307107	0.374537254590247	0.508931491709633	0.782197926024498	0.306682903257571	0.931757529958041	1.23178026420104	NA	1.93680039646052	0.160942284833654	NA	0.799730496024676	0.884206828370951	1.26019773395609	0.844243499794995	0.63147242256088	1.40022300726342	0.859408264070918	0.557797925065104	NA	0.712608509823998	0.228789760676461	NA	2.08798312377367	1.9229128323858	NA
NA	NA	NA	NA	NA	NA	NA	NA	NA	NA	NA	NA	NA	NA	NA	NA	NA	NA	NA	NA	NA	NA	NA	NA	NA	NA	NA	NA	NA	NA	NA	NA	NA	NA	NA	NA	NA	NA	NA	NA
0.637405742258652	0.367158939927123	NA	NA	0.286944694276491	0.409071122024671	0.498677604001268	0.631713491537065	0.862993959434219	NA	0.767413269235005	0.71670443498897	NA	NA	0.719657335441005	NA	NA	0.654058688860993	0.829976642963854	0.548517250221528	NA	1.52688437775561	0.518236291542214	1.13645227424005	1.09502927879583	NA	NA	1.07431612260051	0.74179976167374	NA	0.821342161877837	NA	NA	1.11858845498216	NA	0.636015385739677	NA	0.565151996509054	0.322507772971742	NA
0.970749097765546	NA	NA	NA	1.53862943957653	NA	NA	1.67769264629144	NA	NA	NA	NA	NA	1.88219191537834	1.67961269894082	1.02372127900821	1.3263774577099	1.22036417245581	NA	1.38665928847631	NA	NA	1.46303050677833	NA	2.25636076870257	1.3276316099965	NA	1.38419958345075	0.964037750250753	1.08938854508866	NA	1.0112072855075	0.620885881028214	0.417844370216778	0.295105084482783	0.337510210487467	NA	0.346877225804522	0.526425864020089	NA
NA	NA	NA	NA	NA	NA	NA	NA	NA	NA	NA	NA	NA	NA	NA	NA	NA	NA	NA	NA	NA	NA	NA	NA	NA	NA	NA	NA	NA	NA	NA	NA	NA	NA	NA	NA	NA	NA	NA	NA
0.484946452227711	NA	NA	0.995364786657799	0.850020540132719	1.41249923138513	1.34318680230593	NA	1.86507962073315	NA	NA	1.05772253425255	1.05350776195591	NA	NA	NA	NA	0.939123396154057	1.53960088262834	1.8837329538473	0.828393997658285	0.814850831858771	NA	NA	NA	0.548347670734754	0.498780626702723	NA	0.484382464107915	NA	NA	1.29040999004508	0.318694577900045	0.26857726776942	1.10912783670677	1.89825939466511	NA	NA	0.344989114473899	1.38641687776285
NA	NA	2.07645290226259	NA	NA	2.4702605712569	NA	NA	1.5526895780008	1.5036017744382	1.26488510713177	1.88792484046325	NA	NA	1.43370824390052	NA	1.0340612761011	1.23776215885647	1.13469919395444	1.11343845431186	1.30339803356538	0.554961960538003	NA	0.731732291048122	NA	0.61006446187421	NA	NA	0.867453100576352	1.24279804673618	0.395477155307377	0.252928214107097	NA	NA	0.880194108083964	NA	NA	NA	0.402487202477521	0.338219693830704
NA	NA	1.08413139969671	NA	0.756867604143943	0.785308792693262	0.720913140523745	NA	0.451995211920417	NA	0.439697866240358	0.883653542649613	1.40583286887313	NA	1.05509808143058	1.0859285320242	1.10195646779899	0.98040376218642	NA	0.663575955114643	0.362877987472808	0.234882428749606	0.375340959714277	NA	0.272031932567327	0.567966357834105	1.81915114864583	NA	NA	NA	NA	0.392576955232488	NA	0.470673827002547	0.562888472595895	NA	NA	NA	0.559854647269671	NA
NA	NA	NA	NA	NA	NA	NA	NA	NA	NA	NA	NA	NA	NA	NA	NA	NA	NA	NA	NA	NA	NA	NA	NA	NA	NA	NA	NA	NA	NA	NA	NA	NA	NA	NA	NA	NA	NA	NA	NA
1.04971698352525	NA	NA	NA	NA	1.11713850378664	NA	1.53174950200505	NA	2.20483583845436	1.17750519309639	NA	1.85688618712747	NA	NA	NA	2.14500457622327	1.80991516967409	1.54795941340503	1.38233753023646	1.07081014213779	0.956711797785723	0.679921874179083	NA	NA	0.49135392908743	NA	0.907999230243049	1.42825760306801	NA	NA	0.644629210153661	NA	0.533424632641099	0.754885137356009	NA	NA	0.480202099784708	1.22754685143472	0.668300400358917
NA	NA	0.574218820682099	NA	NA	1.02106523048301	NA	0.803168170397812	0.639003545690434	NA	1.00214036649833	1.34212831391715	0.954056161919119	1.03943303715011	NA	NA	1.4018639072032	0.908658494961816	0.889303746601844	1.35605834965396	0.427721046602915	0.532703640719489	0.290966570778018	0.211084661289632	0.542902126117996	0.388181044299143	NA	NA	NA	NA	NA	0.323812167423251	0.116840332928141	0.348812283466454	NA	NA	NA	0.217624461063707	NA	NA
NA	NA	NA	NA	NA	NA	NA	NA	1.33968250303463	NA	NA	1.68484404065943	NA	1.58899674768399	NA	NA	1.456942705554	0.963395591174821	NA	1.52639540269677	1.94152968641048	1.16736221013626	0.314418208330712	1.06456555161022	NA	1.40341988670632	0.911635819689408	0.687906617493181	NA	NA	NA	0.411334975366046	1.31368901370787	0.905949011208616	1.08008456989628	NA	NA	0.554590816507731	0.93465299108475	0.332178280819755
NA	NA	NA	NA	NA	NA	NA	NA	NA	NA	NA	NA	NA	NA	NA	NA	NA	NA	NA	NA	NA	NA	NA	NA	NA	NA	NA	NA	NA	NA	NA	NA	NA	NA	NA	NA	NA	NA	NA	NA
NA	NA	NA	NA	NA	NA	NA	NA	NA	NA	NA	NA	NA	NA	NA	NA	NA	NA	NA	NA	NA	NA	NA	NA	NA	NA	NA	NA	NA	NA	NA	NA	NA	NA	NA	NA	NA	NA	NA	NA
NA	NA	NA	NA	NA	NA	NA	NA	NA	NA	NA	NA	NA	NA	NA	NA	NA	NA	NA	NA	NA	NA	NA	NA	NA	NA	NA	NA	NA	NA	NA	NA	NA	NA	NA	NA	NA	NA	NA	NA
1.14600060691585	1.28275183719479	1.13347457381708	NA	NA	1.46188964246419	NA	1.45461554673567	1.06008606174853	0.992609850826823	NA	NA	0.653927846906208	1.25478659499733	0.829855268226366	0.938935343258419	0.6833628676513	0.546844288668276	NA	0.549249896068799	NA	0.640539712570864	0.40107462690438	0.427209882592496	NA	0.783844436415125	0.716757241861702	0.634110262366503	0.410953358703468	1.85236775547051	0.54160494847006	0.697443584570069	0.638172842988691	0.487361333152954	0.945196286079819	0.393386364895357	NA	NA	NA	NA
0.857760499875392	NA	NA	NA	NA	1.52788975046775	1.32210488610505	0.957698290373963	1.04024133371788	NA	1.00491178844348	NA	1.38615548989821	1.39934972728908	1.06159439564549	1.51762768115351	NA	1.00434224541903	NA	1.2176687286131	1.21678753648562	NA	0.89919273434738	1.01316516084391	0.865273066754436	1.1277271119927	NA	NA	0.652455914195054	0.357637646971982	0.441331132329945	0.344518366594865	NA	NA	NA	NA	NA	0.0857248040441135	NA	1.5346213178152
NA	NA	2.2432140577457	NA	1.87936209626805	1.37470797688571	0.968263496409624	NA	NA	NA	NA	1.57762542411806	1.3015277552178	NA	NA	1.39815142815798	NA	NA	NA	NA	NA	0.818090757870909	0.487424646002424	0.619409591427152	0.604072875931679	0.355441805669858	0.19074026400287	NA	1.13900180061616	0.660345523715048	0.465625695419192	0.517898432851955	0.700392194304238	NA	NA	0.511758166031085	NA	0.338727075181254	0.270120499646179	NA
NA	NA	NA	NA	NA	NA	1.51288821839561	1.45543664548886	1.39088729736682	0.785761896584558	1.17537196331792	1.01183253412785	0.440934687877482	NA	NA	0.60238632356579	NA	1.10782226195981	NA	0.373094107260044	0.258092084820662	0.341183359838293	0.246273645520365	0.612994179405175	NA	NA	0.617446224332771	0.757347490014683	NA	0.615120060535581	0.699847333497648	NA	NA	NA	0.390621823982116	NA	NA	0.390983295595964	0.499159143003891	0.822027266044714
NA	NA	NA	NA	NA	NA	NA	NA	NA	NA	NA	NA	NA	NA	NA	NA	NA	NA	NA	NA	NA	NA	NA	NA	NA	NA	NA	NA	NA	NA	NA	NA	NA	NA	NA	NA	NA	NA	NA	NA
NA	0.765796092692179	NA	NA	1.12492502553549	NA	1.82128142077682	1.21918031410929	1.44889055351991	NA	1.24522499590183	NA	0.306271108899391	1.03036253854684	1.53550137726854	NA	0.914021206586498	NA	NA	NA	NA	NA	NA	NA	1.35059661410968	NA	NA	1.07777546934774	1.34701654882558	NA	NA	NA	NA	0.210520126915849	0.612972559169474	NA	NA	1.03772840668334	1.26353093596811	1.35551026437212
NA	0.745869452072434	NA	NA	NA	NA	NA	2.11282483010576	NA	NA	2.14769597361936	NA	NA	1.44443380538732	NA	NA	1.81488841862583	2.05906684972789	2.12011283470868	NA	1.66187312114615	0.871694761560541	NA	0.548145370067541	NA	NA	NA	NA	0.453513705879312	NA	NA	NA	NA	NA	NA	NA	NA	NA	0.285949913651647	0.834616525079064
NA	NA	NA	NA	2.06392480054197	NA	NA	NA	1.63101352978732	1.90914238750539	2.16427177269572	2.1162323494488	NA	1.74997856185141	NA	1.52090346663618	1.5008265045309	1.36443382757838	NA	NA	NA	0.776471465054524	1.13788489302451	0.988994011276662	0.830862133771674	NA	NA	1.39659083388217	NA	NA	NA	NA	NA	0.685480824200593	NA	NA	NA	0.487380396652661	0.670000546638222	0.851257047471554
1.19730538671485	0.854679793141397	2.3485134946314	0.97753256685983	2.1714998672657	0.706739121738709	0.763888390207433	2.31533378436559	2.02835301041662	2.2364301810567	NA	NA	2.52446298722278	0.886905562212048	1.09778117968837	1.34794073773325	1.42455986528313	NA	1.8244701753148	2.63254942005562	1.42591751009314	NA	1.29165377600695	NA	NA	NA	1.96934015149208	NA	0.972101508435132	0.560808316747118	2.52512170842232	NA	NA	NA	NA	0.990717857450038	NA	NA	NA	NA
NA	0.429554281650153	NA	NA	0.702996562088723	1.2129904050726	NA	NA	1.19545004516825	NA	NA	NA	NA	0.744913181690418	NA	NA	0.417702656444143	0.414038800307342	NA	NA	0.459621904561527	0.731391204390528	NA	1.40814746221716	1.20116842709075	NA	NA	NA	NA	NA	NA	NA	NA	NA	0.162927547293403	NA	NA	NA	NA	1.1098455071251
NA	NA	NA	NA	NA	NA	NA	NA	0.592152220433628	NA	NA	NA	NA	0.813512936552971	NA	NA	1.11452612561178	NA	1.00684630779912	NA	NA	NA	NA	0.940126261583551	NA	NA	NA	NA	NA	1.31476187443124	NA	1.20148480912586	NA	NA	NA	0.62104936233774	NA	0.499153652350649	NA	0.386035266127749
0.276931620082658	0.468194299584089	NA	NA	0.284114921222792	0.51959632957479	NA	0.750112148635352	0.508146740253624	NA	0.53410769998662	NA	NA	0.758318129182943	0.952651053005091	0.981247403270651	NA	1.07077427926017	0.5565861052426	0.413987835959255	0.158216641704184	NA	NA	NA	0.537589529581228	NA	NA	NA	NA	0.664827475982804	0.679733389605049	NA	0.509318381614261	0.304872080378681	0.536545717695466	0.843046991034828	NA	0.481848921040201	0.327983896267122	0.490616474644747
NA	NA	NA	0.670254089641179	NA	0.408403938905835	NA	NA	NA	NA	0.543083295411271	0.503746380757233	NA	0.389093771532792	NA	0.417563694953842	NA	NA	NA	NA	0.439917797735828	0.454462560738424	0.287111398295823	0.313797790763478	0.557928957041593	0.538189171375075	0.843019760907772	NA	1.14515062044534	NA	1.36325561821989	0.64673927535528	0.366658169771441	0.283116090028958	0.33429752801723	0.0690179125639932	NA	NA	NA	NA
NA	0.94795999402378	0.711704505656987	NA	NA	0.595490474128537	NA	NA	NA	NA	NA	0.954387767333073	NA	0.654427701665513	NA	1.11893790769122	NA	NA	0.679693185909275	NA	1.8754282756492	NA	NA	NA	NA	NA	NA	NA	NA	NA	NA	NA	NA	NA	NA	NA	NA	NA	NA	NA
NA	NA	NA	NA	1.04670051146613	0.696101309017232	1.16438727689736	NA	0.800780243639314	NA	NA	0.731382099987686	NA	0.969050093682314	0.793720932750268	0.733212098730046	1.0582229668852	0.598401372507899	NA	0.654295094352348	0.778496363588057	0.435288601791196	0.439263910429212	0.68506542185015	0.644074207768329	NA	0.899468494410456	1.09027147902429	0.521096321921157	1.73320271758799	NA	0.800274597561182	0.268725939716686	0.405605394773067	NA	0.440655514950418	NA	0.20480369928275	0.541674136813748	NA
2.66706674954071	NA	2.69235579935498	NA	NA	NA	2.25618548571834	NA	NA	NA	NA	NA	NA	NA	NA	NA	NA	2.35874656834488	2.04330604975038	NA	NA	NA	NA	NA	NA	1.43610616100818	NA	NA	NA	1.13348690170035	1.18151220558468	0.830015495493859	NA	NA	NA	NA	NA	3.27079740751922	NA	0.603777524125895
NA	1.51751334889573	NA	NA	NA	NA	NA	NA	NA	NA	NA	NA	NA	NA	NA	NA	NA	NA	NA	NA	NA	NA	NA	NA	0.528694125247775	NA	NA	0.531849291433263	0.336592972084309	NA	1.05789877447368	NA	0.441812338595657	0.36574555437267	0.309086402669943	NA	NA	0.386864329696165	0.588585076822131	1.08220809869695
0.861364578306172	0.517069323477882	0.369722348494766	0.186066623503819	0.437290144914839	NA	0.309130939200709	0.760987738044846	0.69170611362884	0.696889065344816	1.04637863055471	0.382516604785595	NA	0.752890041085972	0.93087396883224	NA	0.92032999697542	NA	NA	0.310140061101345	1.19711842135581	0.555262867110591	NA	NA	1.35464960536318	0.573491784466635	0.526622625943315	1.43336577997608	0.354282715802854	1.80671736817504	1.59027635482216	1.56034614931702	1.67461865916357	1.73771248339445	0.340039308568809	NA	NA	0.521220107904485	1.74456816220369	1.08776434157679
NA	1.14231882568258	NA	NA	1.38547293318605	0.92842451194031	NA	1.28639723108676	0.962537343962701	NA	0.963601143812214	0.928373989822168	1.17344321672124	1.20106940505605	0.918382649478346	1.60600591042886	0.71952029200737	0.700968473388831	0.925794240658893	0.90556430711065	0.90035728851816	1.07537477140705	0.683931120772043	0.406510257642194	NA	NA	NA	0.495730035683776	NA	0.223994379674509	0.302561838762	0.185644072199423	NA	0.322279785267186	NA	0.138625999799513	NA	NA	0.261636325471554	NA
NA	NA	NA	1.07520334783901	0.858572827045852	0.860414293347532	NA	NA	0.972292226665208	NA	NA	0.905784523676545	1.47872872025681	NA	0.764810251859615	0.786178348266357	NA	0.734206864868578	0.536120912790399	0.379680656761852	0.414258920634629	0.477088356459198	0.0496216453354426	0.0985122589584014	0.389575003473956	0.530333678898065	NA	0.524690697777567	0.626319843851639	0.363087762220417	0.921956223296805	NA	0.893805986544971	0.665583322161783	NA	0.498591968694704	NA	0.444129181397746	0.653980707332516	NA
NA	NA	NA	NA	NA	1.15865452596255	NA	1.24136695287269	NA	NA	NA	NA	NA	NA	NA	1.18739710385629	NA	NA	NA	NA	NA	NA	0.870090608975063	0.682222252101734	0.98735553814592	0.861708619439147	NA	0.731889618483694	NA	0.859680738897365	NA	1.09204643728475	0.70779608753371	0.730540669266602	0.555892184758754	0.273487846895559	NA	0.470083989941623	0.610139791599781	0.848995427907148
NA	NA	NA	NA	NA	NA	NA	NA	NA	NA	NA	NA	NA	NA	NA	NA	NA	NA	NA	NA	NA	NA	NA	NA	NA	NA	NA	NA	NA	NA	NA	NA	NA	NA	NA	NA	NA	NA	NA	NA
NA	NA	NA	NA	NA	NA	NA	NA	NA	NA	NA	NA	NA	NA	NA	NA	NA	NA	NA	NA	NA	NA	NA	NA	NA	NA	NA	NA	NA	NA	NA	NA	NA	NA	NA	NA	NA	NA	NA	NA
NA	NA	NA	NA	NA	NA	NA	NA	NA	NA	NA	NA	NA	NA	NA	NA	NA	NA	NA	NA	NA	NA	NA	NA	NA	NA	NA	NA	NA	NA	NA	NA	NA	NA	NA	NA	NA	NA	NA	NA
NA	NA	NA	NA	0.437515294793189	0.658557628814576	0.389736942806207	0.437218273885384	0.674300424124571	NA	NA	0.841512051264244	NA	NA	NA	NA	0.21300774032752	0.522817388809458	1.81412521379161	0.265455553701006	0.576600826425125	1.39971352974388	0.703928951804263	0.506016755041953	0.269243319062081	NA	0.33482268969593	NA	1.08177283429207	NA	1.28077999584594	1.05292654230693	NA	0.572886843617838	NA	0.616821913607274	NA	0.135838248895469	NA	0.416361577431161
NA	NA	NA	NA	NA	NA	2.297329487657	1.90594544308225	2.34404932999881	NA	NA	NA	NA	1.20037922488184	NA	1.34201993364386	1.26675558809221	1.52271822501267	NA	1.59530970556157	NA	0.967982471769446	0.80700132425108	NA	0.875953611733583	NA	NA	NA	NA	0.320131691476754	NA	NA	0.64212784283539	0.816446276042264	NA	NA	NA	0.519749295468408	NA	NA
NA	NA	NA	NA	NA	NA	NA	NA	NA	NA	NA	NA	NA	NA	NA	NA	NA	NA	NA	NA	NA	NA	NA	NA	NA	NA	NA	NA	NA	NA	NA	NA	NA	NA	NA	NA	NA	NA	NA	NA
NA	NA	NA	NA	NA	NA	NA	NA	NA	NA	NA	NA	NA	NA	NA	NA	NA	NA	NA	NA	NA	NA	NA	NA	NA	NA	NA	NA	NA	NA	NA	NA	NA	NA	NA	NA	NA	NA	NA	NA
NA	NA	NA	NA	1.00989695945827	0.937833858760278	NA	0.927237321170417	0.720620241681648	0.386346554925687	0.583698061362889	0.649104415091077	NA	0.879155011261882	0.491057633597366	0.82166148899745	0.973364105005783	0.844024303368986	NA	NA	0.612695128486844	0.332634134049399	0.435620097980926	0.439607717164573	0.649926852453904	0.278599978128187	NA	NA	0.970240435903955	0.608324132212965	NA	NA	0.185886670536941	0.337412681755277	NA	0.665975238467775	NA	0.271294806623109	0.364837262731837	0.655088304527492
NA	NA	NA	NA	NA	NA	NA	NA	NA	NA	NA	NA	NA	1.73314004619398	1.74180215923637	1.64307605019877	NA	1.7565705861142	NA	NA	1.11538970825507	NA	NA	0.433074737835913	NA	NA	NA	NA	0.908097161302779	NA	2.25805970848362	NA	NA	NA	NA	0.980488037728352	NA	NA	NA	NA
NA	NA	NA	NA	NA	NA	NA	NA	NA	NA	1.00344164341812	NA	NA	NA	1.00850088238132	NA	NA	NA	NA	NA	NA	NA	NA	NA	NA	NA	1.08411082172986	NA	NA	NA	NA	0.966811719724106	NA	NA	NA	NA	NA	0.250787486574025	0.364948255308413	NA
0.930907135320817	0.887954507841784	NA	NA	NA	NA	1.66096617512411	NA	NA	0.963260711951375	0.987935222376251	1.29264047054355	1.09819293860278	1.17600130762366	1.33211695051916	NA	0.623349908959002	0.991253401687405	NA	1.42391515925583	NA	1.15373107800518	0.723315851523045	1.31650914860209	0.863477890320003	NA	1.20272849073481	1.25957784411952	NA	0.887124959683454	NA	NA	NA	NA	NA	0.550756848368792	NA	0.259581973749065	0.275872093409639	0.278082953691705
NA	1.38565737750933	0.413817191740104	NA	NA	0.722645415964812	0.363660702616602	0.1605056037623	0.205801262904661	0.693399115315119	NA	NA	0.432795633175095	0.790736592780538	0.539734337658543	0.343195927547308	1.48757313258177	0.232964948272142	0.29758925504031	0.459535933235043	0.420157219313872	1.45796589292829	1.56172860876571	0.11655694517567	1.07201446791448	1.26625889766812	1.49463201620093	0.876660004836871	1.58056770806167	0.427561017659562	1.92988106141875	0.216865910903104	NA	0.28545527932653	0.326452272367163	1.6615453754932	NA	1.42130826764305	0.391139730709164	1.49815908056528
NA	NA	1.08246596996359	NA	NA	1.16946279042782	1.04152795546377	NA	NA	NA	NA	0.888818596304983	1.03002760246236	1.11781053586697	1.09690431252726	NA	1.23197857638607	NA	NA	NA	NA	NA	0.0696473579597058	0.564329004806727	NA	NA	NA	NA	NA	NA	0.612948684587964	NA	NA	0.205877122710123	0.369198925437034	NA	NA	NA	0.449442983148188	0.492184853208522
NA	NA	NA	NA	NA	NA	NA	1.10456121073723	NA	NA	1.18587265899488	0.385225100397305	NA	NA	1.15519025312398	NA	NA	NA	NA	NA	NA	NA	NA	1.04148333339639	0.91343105153875	1.20365416856613	NA	0.772560800187639	0.757426116955094	NA	NA	NA	0.973137001741874	0.694497311028914	NA	0.325016235662229	NA	0.273879986794931	NA	NA
NA	NA	NA	NA	0.827416670505897	1.19036640868355	0.893145565019951	NA	NA	0.582208153382628	0.835668130374267	1.17109779148894	0.962944805044925	0.19885884153492	0.244384914537745	1.22665596017058	0.150910441325769	NA	NA	NA	0.428504994509604	NA	0.617340442917639	NA	NA	NA	0.881174988461876	0.894069321356227	0.730826792084499	NA	NA	1.00235941341225	NA	NA	0.743872713491524	NA	NA	0.392013328793908	0.822184384656006	1.18514193977969
NA	0.716779107337602	0.560928679223078	0.764442710015641	0.763883764995257	NA	NA	NA	0.31965842485446	0.491782097130876	0.321517488205549	0.288438817629703	NA	NA	0.376793696445668	NA	0.660187052286164	0.612635414028892	0.207642865190872	0.499198442511955	NA	NA	0.323024835669324	NA	NA	NA	NA	NA	NA	0.249689109749762	NA	0.324913761287406	NA	0.452386442401304	0.665383714764286	NA	NA	0.344901338557933	0.159756882482782	0.320018280278351
NA	NA	NA	NA	0.414809902356074	NA	NA	1.0877580781956	NA	NA	NA	NA	NA	NA	NA	NA	NA	NA	NA	NA	0.607118944791986	NA	NA	NA	NA	NA	NA	NA	NA	NA	NA	NA	NA	NA	NA	NA	NA	0.417379763125159	0.284342966764205	0.0913585053243869
NA	0.720704266696282	1.1276155981971	1.13770993630584	1.25561468592745	0.281226407161341	NA	0.839988650067945	0.769100594619285	NA	0.746526413210427	0.902639944090407	NA	0.997628327947547	NA	1.19162522550941	1.39585980403878	1.09031202430881	0.57090293988729	0.769624934347796	1.06909425543021	0.989853795262596	0.752981376820633	NA	0.645831063148534	NA	0.65721444667496	NA	1.00214885818769	0.863343958154531	0.43357060724693	NA	0.383162669754846	0.246160897493474	0.484482587035849	0.221398938217215	NA	0.421211968801254	0.362847547775783	0.534969831391756
NA	NA	NA	NA	1.63637976880337	NA	1.86254724262364	1.62711614457596	NA	NA	2.00765601506322	NA	NA	NA	1.94224563000389	1.66624658180037	NA	1.85349813265708	1.67815544974714	1.58156147199753	NA	NA	NA	NA	2.34959276393226	1.15872939751298	NA	NA	0.641342267261885	0.405813738117578	0.478969704186173	1.06375819661062	0.721590702282952	NA	NA	NA	NA	NA	NA	0.571058780667819
NA	NA	NA	NA	1.189473820588	0.777516086526643	0.670377263329144	NA	1.03564979256154	NA	1.20543706898545	NA	NA	NA	1.82381615095239	NA	1.76767861966976	NA	NA	NA	NA	0.741118595554478	0.980829257866517	1.19422760476349	NA	1.03858336000958	1.28479685413897	NA	1.34113397960188	NA	NA	NA	NA	0.588788000515046	0.754115252230738	NA	NA	0.332094985203689	NA	NA
1.25574775005374	0.844504226106629	1.26409974475565	1.06786559826582	1.23100732717757	1.00499102121684	0.951161163511297	0.865415098950213	NA	1.11012561544399	NA	0.692891561130745	1.17141987082658	1.21668781154139	0.629631517909138	0.721726751431348	1.18497676303992	NA	1.01826685158114	0.542447402090581	0.486075668162349	0.621753332853765	0.473269534700671	0.409271520990863	0.48908438588791	0.309305893839213	0.371252736367242	1.01801673349777	0.992146738738632	0.927339240374166	1.18761460254371	0.258891443089667	0.549609214859263	0.619574948885628	0.472973581821142	0.54846104014628	NA	0.323948874308192	0.376134843618526	0.336319992695045
0.610567949730733	NA	0.850101686769267	1.05869246620733	0.625877960810314	NA	1.16016468676722	NA	0.758505933833881	NA	1.10472214494391	0.850140364144798	NA	1.08382941603065	0.873063884672835	NA	NA	NA	0.741131022618703	NA	NA	0.620204189950727	NA	0.512181461156241	NA	NA	0.780790477678385	0.771430256680861	0.526734544025021	NA	NA	0.798377068123993	NA	0.404144407421473	0.141844188376807	0.162475306907931	NA	0.409105300852617	NA	0.322162215140712
0.786893698566946	NA	0.832085893287327	1.12751774379187	1.36340589975675	0.784882563825669	0.747383835104217	NA	0.516715528380018	NA	1.29054900546147	1.82236726726048	NA	NA	NA	1.55088370945847	NA	1.84866719414426	NA	0.733678330322173	NA	0.829806480173248	0.817718963680458	1.22375736616233	NA	NA	NA	NA	1.06706640141843	0.74977844967933	NA	0.591524898320191	0.275376151168243	NA	NA	0.189401090037561	NA	0.539568910530307	NA	0.481340911666867
NA	NA	NA	NA	NA	NA	NA	NA	NA	NA	NA	NA	NA	NA	NA	NA	NA	NA	NA	1.47553895089849	NA	NA	NA	NA	NA	NA	NA	NA	1.07539142199065	1.24715043778816	0.658413494489276	NA	NA	0.321102652452088	0.480473666953178	0.271304552321265	NA	NA	0.193848332118509	NA
2.02283585957707	NA	2.04124880410641	NA	NA	0.738979091204385	NA	NA	NA	NA	NA	NA	NA	NA	1.43683839842265	NA	NA	1.5584641041419	NA	NA	NA	NA	NA	0.681570055398492	NA	NA	NA	NA	NA	NA	NA	NA	NA	0.330290525682809	NA	NA	NA	0.248461420630535	0.609199772953825	NA
NA	NA	NA	NA	NA	NA	NA	NA	NA	NA	NA	1.23570533952788	NA	2.03186897435578	1.86993718702405	NA	1.41999706818231	1.64361451588738	NA	NA	NA	NA	NA	0.705522257751138	NA	NA	NA	NA	NA	NA	NA	1.06707531866103	NA	NA	0.161552108816016	NA	NA	NA	0.229637748761599	0.239069322389373
1.13899378752103	NA	NA	NA	NA	0.444698749621954	0.806191459154406	NA	NA	NA	0.895494633043279	0.879430954985173	NA	0.924607319984066	NA	0.880218575263695	NA	0.555939616039146	0.438731050597672	0.487505103645839	0.830471411684764	0.591714725280231	NA	NA	NA	0.395512381536422	0.647002260177526	0.787448708389985	NA	0.530049235114524	NA	NA	0.361438484131761	0.22074882385179	NA	0.486259738705734	NA	0.120378964488724	0.297195062631795	0.576535796950529
NA	NA	NA	1.7184510007098	1.66397327912719	1.33883433730131	0.868657231836577	NA	NA	NA	NA	0.368117408808306	NA	0.106917047694129	NA	1.37810122465196	0.675808345995793	NA	NA	1.01711548091681	1.75278999334108	NA	NA	NA	0.637514859200644	0.601417803338435	NA	NA	NA	NA	NA	NA	NA	1.04459586900902	1.06097677596774	NA	NA	0.351506165672612	0.350096271283606	NA
NA	NA	NA	NA	NA	NA	NA	NA	NA	NA	NA	NA	NA	NA	NA	NA	NA	NA	NA	NA	NA	NA	NA	NA	NA	NA	NA	NA	NA	NA	NA	NA	NA	NA	NA	NA	NA	NA	NA	NA
NA	NA	NA	NA	NA	NA	NA	0.224185823309165	0.489581135598229	0.637641262530213	NA	0.752935658073123	NA	1.42788598158448	1.42862892738338	1.31538222166316	0.82469734805293	NA	NA	NA	NA	0.358233305732014	0.495272698491926	0.493001498677522	NA	0.839089949977786	NA	NA	NA	0.829200514772397	NA	1.17585412477616	0.565760955664999	NA	2.10618371023315	NA	NA	NA	1.51724404058723	1.25707007567902
NA	NA	NA	NA	NA	NA	NA	NA	NA	NA	NA	NA	NA	NA	NA	NA	NA	NA	NA	NA	NA	NA	NA	NA	NA	NA	NA	NA	NA	NA	NA	NA	NA	NA	NA	NA	NA	NA	NA	NA
NA	1.18271399912064	NA	NA	NA	NA	0.768262594344893	1.0051703070065	NA	0.260973041004063	0.918778859220419	1.13392198694692	1.03260405599354	0.919828559411047	0.868527360080872	NA	1.16297024129943	NA	NA	NA	0.688356065774616	0.213615648732412	0.713496635837659	NA	NA	NA	NA	NA	0.76286927878325	0.499630969586128	0.520001874281768	0.158553267644763	0.302274422876052	NA	NA	0.305254173808465	NA	0.581827495454181	NA	NA
NA	NA	NA	NA	NA	NA	NA	NA	NA	NA	NA	NA	NA	NA	NA	NA	NA	NA	NA	NA	NA	NA	NA	NA	NA	NA	NA	NA	NA	NA	NA	NA	NA	NA	NA	NA	NA	NA	NA	NA
NA	NA	NA	NA	NA	NA	NA	NA	NA	NA	NA	NA	NA	NA	NA	NA	NA	NA	NA	NA	NA	NA	NA	NA	NA	NA	NA	NA	NA	NA	NA	NA	NA	NA	NA	NA	NA	NA	NA	NA
1.40859984424482	NA	NA	NA	NA	1.26320674897142	NA	NA	1.3778097362669	0.923481442816075	NA	1.02943657663015	NA	0.885959050935886	1.32651842208004	NA	1.2120226898414	1.35582055559211	1.50862185454614	0.695809276912273	NA	NA	1.4695048279319	NA	NA	NA	NA	NA	0.459997713099584	0.467355478529297	NA	NA	NA	0.810112058906637	NA	NA	NA	0.385604013482156	0.259761876239874	0.490719459655275
NA	NA	NA	NA	0.250601866023488	0.563237062160355	0.168275402245148	NA	NA	NA	NA	NA	NA	NA	0.296901719411949	0.859433071414741	0.485080736259138	NA	1.55424843679161	NA	0.497372928496753	NA	1.32672368235597	NA	NA	NA	0.918967799160514	NA	NA	0.980708251025637	NA	NA	0.727068630806217	NA	NA	NA	NA	0.361079749436205	0.862525265551688	NA
NA	NA	NA	NA	0.766889725333925	1.99584046722732	0.947549438717538	0.840241847153596	NA	0.785307735122618	NA	0.672766159376288	NA	0.646002749290896	0.68432545022319	0.762684026070234	0.840417316636444	0.479184792651227	0.648061939905734	0.647819308690138	0.885147968439113	NA	0.694333487822221	1.1490263224844	1.11058328886764	NA	1.25775244650522	NA	NA	NA	NA	1.40283026035232	NA	NA	NA	NA	NA	1.26208065297453	NA	1.08205562074505
NA	NA	NA	NA	NA	NA	NA	NA	NA	NA	NA	NA	NA	NA	NA	NA	NA	NA	NA	NA	NA	NA	NA	NA	NA	NA	NA	NA	NA	NA	NA	NA	NA	NA	NA	NA	NA	NA	NA	NA
NA	NA	NA	NA	NA	NA	NA	NA	NA	NA	NA	NA	NA	NA	NA	NA	NA	NA	NA	NA	NA	NA	NA	NA	NA	NA	NA	NA	NA	NA	NA	NA	NA	NA	NA	NA	NA	NA	NA	NA
NA	NA	NA	NA	NA	NA	NA	NA	NA	NA	NA	NA	NA	NA	NA	NA	NA	NA	NA	NA	NA	NA	NA	NA	NA	NA	NA	NA	NA	NA	NA	NA	NA	NA	NA	NA	NA	NA	NA	NA
NA	NA	NA	NA	NA	NA	0.908931640081822	NA	NA	NA	NA	NA	NA	NA	NA	1.29127377196079	NA	NA	NA	0.67686443993016	NA	0.3551986291844	0.239151000725707	NA	0.451122381471386	NA	NA	NA	NA	0.917644466862022	NA	1.39152020277887	0.953126559126433	NA	NA	NA	NA	0.417748518019256	0.338137528679772	NA
NA	0.384859509011516	0.30739155967364	0.133436238316709	NA	0.654390751862558	NA	NA	NA	NA	NA	NA	NA	NA	0.698969648371574	NA	NA	0.680626597179918	NA	NA	0.72815734949011	NA	NA	NA	NA	NA	NA	NA	NA	NA	NA	NA	NA	0.177498482867393	NA	NA	NA	0.67413385542915	NA	NA
2.98609016114075	NA	NA	0.880632108497584	NA	NA	NA	NA	NA	NA	NA	NA	NA	NA	NA	1.61065983288847	NA	1.83964035986953	1.82101416756192	NA	1.33199009570525	NA	2.21474591444027	2.42196457006466	NA	NA	NA	NA	NA	NA	1.93173344632655	NA	1.10676510933523	1.51071675411692	1.30935144278407	NA	NA	NA	NA	NA
NA	NA	NA	NA	NA	NA	NA	NA	NA	NA	NA	NA	NA	NA	NA	NA	NA	NA	NA	NA	NA	NA	NA	NA	NA	NA	NA	NA	NA	NA	NA	NA	NA	NA	NA	NA	NA	NA	NA	NA
NA	NA	NA	0.668068379960254	NA	NA	1.17130038675498	NA	NA	NA	NA	NA	NA	1.34493189903641	0.701500605156048	0.61001125498186	0.679513182383225	NA	NA	NA	NA	0.865886655932706	0.172594804284227	NA	NA	NA	NA	NA	NA	NA	NA	0.8152802872884	0.975114029492623	NA	NA	1.71225742135271	NA	0.939531029587939	NA	0.689176228709115
1.46680167540517	NA	0.752116546407931	NA	0.969643209929628	1.86219871983271	0.663438074165228	1.54618631600947	0.563474874602403	0.182526394546111	NA	0.948947370243456	0.321928322611092	1.69557156540998	0.406699493555129	0.377937198036523	0.422510179778783	0.200470627225271	NA	1.45674310453979	0.40396010238888	NA	0.429822721255506	NA	0.279830631040513	NA	NA	0.68217191983746	0.750268764258165	NA	0.962057670363018	0.709902145934787	1.61185296383808	1.19882346964377	0.423496564830552	0.797023997425131	NA	NA	0.756705609801171	1.08746066369033
NA	0.711857427897552	NA	NA	0.991982048312139	1.14825438375141	NA	0.251787764277044	NA	NA	NA	NA	NA	NA	NA	NA	NA	NA	NA	1.06112586244978	NA	0.687027129058362	NA	1.5219829581578	NA	NA	NA	NA	NA	1.09092899169653	NA	0.873148820711224	NA	NA	NA	NA	NA	0.275016923577272	0.770931444476045	NA
NA	NA	NA	NA	NA	NA	NA	NA	NA	NA	NA	NA	NA	NA	NA	NA	NA	NA	NA	NA	NA	NA	NA	NA	NA	NA	NA	NA	NA	NA	NA	NA	NA	NA	NA	NA	NA	NA	NA	NA
0.998281000529517	NA	NA	0.738670430712862	0.722846159610616	0.855185937798185	1.00581532964472	NA	0.868650210318263	NA	NA	0.411585033565204	NA	0.981769403132892	0.9099500170183	NA	NA	0.975953987820745	0.701770423891842	NA	0.806183508340886	NA	0.473260872351992	NA	0.271383129535138	NA	NA	NA	NA	NA	NA	0.272690502503916	NA	0.296771864456952	1.2165511774603	0.260478110232844	NA	0.552546489695826	0.401474041255175	NA
NA	NA	NA	NA	NA	NA	NA	NA	NA	NA	NA	NA	NA	NA	NA	NA	NA	NA	NA	NA	NA	NA	NA	NA	NA	NA	NA	NA	NA	NA	NA	NA	NA	NA	NA	NA	NA	NA	NA	NA
NA	NA	NA	NA	1.1097593336243	NA	1.08260712077071	NA	NA	NA	1.36977743198868	NA	0.900637171544216	NA	NA	NA	NA	NA	NA	1.10694353199217	0.675987300062741	NA	NA	0.75985211858814	NA	NA	NA	NA	NA	NA	NA	NA	1.56269573534361	0.302856395710661	0.433208782437121	NA	NA	0.26616050746327	0.388159918925499	0.754112135188079
0.7847490383675	NA	NA	0.921813227674067	0.920437220011323	1.2273124712025	NA	NA	NA	NA	NA	NA	NA	NA	1.31626995835071	NA	1.19049182788431	NA	NA	NA	NA	NA	NA	NA	NA	1.04539999445868	NA	NA	NA	NA	NA	1.50737523260225	NA	NA	1.58319197162595	NA	NA	1.84989504203075	NA	NA
NA	NA	NA	NA	NA	NA	NA	NA	NA	NA	NA	NA	NA	NA	NA	NA	NA	NA	NA	NA	NA	NA	NA	NA	NA	NA	NA	NA	NA	NA	NA	NA	NA	NA	NA	NA	NA	NA	NA	NA
NA	NA	NA	NA	NA	NA	NA	NA	NA	NA	NA	NA	NA	NA	NA	NA	NA	NA	NA	NA	NA	NA	NA	NA	NA	NA	NA	NA	NA	NA	NA	NA	NA	NA	NA	NA	NA	NA	NA	NA
0.775440376841837	NA	0.763115955515691	NA	NA	0.59322246441342	0.992549138552063	1.00645419704044	0.875192997595952	NA	NA	0.466976082046864	NA	0.350744919839209	0.238053704397383	NA	0.232593032918331	NA	NA	0.525328546835306	0.30048995592341	NA	0.511206990512765	0.606386925646155	1.97915899736902	NA	NA	NA	NA	0.644022204572121	NA	0.852145619071735	NA	NA	0.503259982557683	0.854131523407609	NA	1.23815564218916	NA	NA
NA	NA	NA	0.375902495608531	NA	0.427792347935319	NA	NA	NA	NA	NA	NA	NA	NA	NA	NA	NA	0.757260729120331	NA	NA	NA	NA	NA	NA	NA	NA	NA	NA	NA	NA	NA	NA	0.680683209212744	NA	NA	0.656988142773678	NA	NA	NA	NA
NA	1.35671070975315	NA	NA	0.872329349882336	0.703407592572482	NA	1.27567644566444	1.75407459388473	NA	2.09305318551556	1.65823378325796	NA	NA	NA	1.97703580550424	1.50148361764643	2.08252349547995	NA	1.49057795147739	1.57900938338071	NA	NA	0.318970944848463	0.69963464659942	0.566440282984795	NA	0.811545139990334	0.578070891560254	NA	0.137189158391886	0.704825643998216	0.274376779760431	NA	0.44311654845425	0.429539331445676	NA	NA	0.37397455343516	NA
2.02205326883406	NA	NA	NA	NA	NA	NA	NA	1.49744632275252	1.28358288467074	1.04606700492569	NA	NA	1.29617031304132	NA	1.52345962202206	0.321479836982624	1.24224083930419	NA	NA	NA	1.58667060465568	NA	NA	1.5738908407955	0.971462934877922	1.10844290323155	NA	NA	NA	NA	0.20885529743865	0.621683943210809	0.462032339607718	0.698458823157925	NA	NA	1.12352801970887	0.681860494473334	1.01911000086094
NA	NA	NA	NA	NA	NA	NA	NA	NA	NA	NA	NA	NA	NA	NA	NA	NA	NA	NA	NA	NA	NA	NA	NA	NA	NA	NA	NA	NA	NA	NA	NA	NA	NA	NA	NA	NA	NA	NA	NA
NA	NA	NA	NA	NA	NA	0.973897358641136	1.14194452075188	1.17761666604739	0.839487917983921	1.12309830548822	0.761242477379164	NA	NA	0.754051210740772	NA	0.610339153650976	NA	0.539814501662633	0.935903070915186	NA	NA	NA	NA	NA	NA	NA	0.330846118638838	0.264672928587064	NA	0.390730581290739	0.171034774326785	1.07375706702113	NA	0.709168549698358	NA	NA	NA	NA	0.455019855071759
NA	NA	1.2364373950219	NA	NA	NA	2.02097860505067	NA	NA	NA	NA	2.13777869059211	NA	NA	1.91917285101415	NA	1.67705757145891	1.58528260704008	NA	0.808816242770263	NA	0.615154733348702	0.683931804533928	0.959485696201957	0.818084452793452	NA	0.723270763697805	0.53959079170396	0.872148732287189	0.687534453913855	0.864301750794308	1.09291204952481	0.766226818430583	0.552243886782674	NA	NA	NA	0.401694845389384	NA	0.61569820828243
0.991665651730062	NA	0.775403919779204	1.08092552224714	NA	0.581119877335471	NA	NA	0.858968842435295	0.810867525279097	0.611656729483348	NA	0.546561085507517	0.57767815217755	NA	NA	1.42035353811549	0.80232233871162	0.738517531459318	0.76274245100778	0.872786631698296	0.757338555943592	1.42822621393823	1.02487878993732	NA	1.79767870920819	0.107340242725398	0.986905566758567	0.859376460965683	NA	NA	NA	0.722979243762602	0.866865372384096	0.540899378546767	0.269110017364086	NA	0.223190181908694	0.719999225959457	NA
1.4103106813524	1.84976357753979	NA	NA	2.44140700817449	NA	1.71520689399407	1.62406039361049	NA	1.50896963656255	1.56465457148979	1.82539843762782	1.90587392612985	1.91455825913583	1.51767995663962	1.49492167681946	1.72501169205148	NA	1.55817090452153	0.940497615327652	0.53407106719876	0.444319795846572	NA	NA	NA	NA	NA	NA	NA	0.663866885052865	NA	NA	NA	NA	NA	1.35619696893094	NA	0.503145733314707	0.398163084882814	NA
0.482916515137802	0.798590846967727	0.959586063541142	0.697754981090131	NA	0.59960740008845	NA	NA	0.6374914829549	0.293057765049735	0.377106908742657	0.488820371354316	0.314621003978271	0.363169891199146	0.602211779342185	0.474725665398544	NA	0.582215602778555	0.396765863617015	0.463894888937377	0.684114051220837	0.968437714830042	NA	1.0180427865769	1.30462515587611	0.639332259259608	NA	0.743920131313149	0.607381942119654	0.846604455615137	1.14882462637753	0.996378682819359	NA	0.168354992944163	1.15056107295182	1.02691921473656	NA	0.257552663275461	1.64621756982041	0.32160710384994
0.911747550610624	0.83438437468133	0.791524018883138	NA	1.65740489206804	0.597242082026298	1.05973939854547	0.559964734492421	0.727587633411848	0.332622973750299	0.576051993125853	1.31568266579581	1.49665907347609	0.847639500822893	0.928780355010635	NA	1.14461385801425	0.796969337186657	0.577668543755263	0.673257020234249	0.76779445146566	0.736324987996365	1.4181354760987	1.36355138590908	1.27559539991446	NA	1.53074021667727	1.18845429198993	1.08000286803066	1.16021819019925	1.87938187857744	NA	NA	NA	1.0052293834443	NA	NA	0.518961372442585	0.916574918852386	1.98217638854299
NA	NA	NA	NA	NA	NA	NA	NA	NA	NA	NA	NA	NA	NA	NA	NA	NA	NA	NA	NA	NA	NA	NA	NA	NA	NA	NA	NA	NA	NA	NA	NA	NA	NA	NA	NA	NA	NA	NA	NA
NA	NA	NA	NA	NA	NA	NA	NA	NA	NA	NA	NA	NA	NA	NA	NA	NA	NA	NA	NA	NA	NA	NA	NA	NA	NA	NA	NA	NA	NA	NA	NA	NA	NA	NA	NA	NA	NA	NA	NA
NA	NA	1.83557103048429	NA	NA	NA	1.12815364863953	1.45161752976457	1.22719015784709	1.05232060580204	NA	1.18722559766347	0.784868194663548	1.56540089113467	1.01698494827644	1.22497877114918	0.753126782208445	NA	NA	0.556688345191117	1.52407017515034	1.34010636784355	NA	NA	1.22379425701664	NA	NA	NA	0.949082291367192	NA	NA	NA	1.3134192517719	1.32604418280324	NA	1.04859259316735	NA	1.14762911448061	0.493590676383244	NA
1.70411224892942	1.08639857153782	1.06216832000038	0.972877066689665	NA	0.820470914763213	0.688175445475091	1.04838917096833	0.750446508678576	NA	0.957436573873078	0.658538452160296	NA	NA	NA	NA	0.842968197420071	NA	NA	0.367496356697393	NA	0.566716064053547	NA	1.24730033493078	1.57356860568055	NA	1.09763735113065	1.4370668515978	NA	0.646464085569164	1.06044977074241	0.832929092905371	NA	0.676491310600192	0.681685478304949	NA	NA	0.362377801184836	NA	NA
NA	NA	NA	NA	0.535447576117122	NA	NA	NA	1.4867023898283	NA	0.551573191910363	NA	0.577556289922301	0.593382431419208	0.482258102728405	NA	0.463589533814805	0.465302970985688	NA	NA	NA	0.60571922002492	1.28544554712279	NA	1.37564491126199	NA	2.05825177135582	NA	1.43557623270105	NA	NA	0.814380593062735	NA	NA	NA	NA	NA	0.624183274473893	0.586139215684352	NA
NA	NA	0.323438145727491	NA	0.722473492818925	0.708684362042492	1.28434792198053	0.492330650114409	1.30305145127825	2.40926776311108	2.02301013387632	2.15605293954194	2.36452643050896	1.08531804785525	NA	NA	2.30314892481945	0.98665457350732	0.527361669557039	0.660445701820936	0.882070605217768	0.708379293315538	0.351071408508561	1.28976777888669	0.869845476863739	0.889529733856976	0.705990244797858	1.2603311623876	NA	1.59477775996916	1.76990059286979	1.12868506524841	1.98960985804372	1.37424641815929	1.33778095081248	1.2057685261839	NA	0.737260784304542	1.08695081986734	NA
NA	NA	NA	NA	NA	NA	1.04759811265715	1.51298082158499	NA	1.91001525246058	NA	NA	NA	NA	1.25288808439049	NA	NA	NA	NA	NA	NA	NA	1.09652427069613	1.37507059528926	NA	NA	NA	0.83003244574905	NA	NA	NA	0.48745009698849	NA	NA	NA	0.358537458851953	NA	0.397535197083233	0.548815249666602	NA
NA	NA	NA	NA	NA	NA	NA	NA	NA	NA	NA	NA	NA	NA	NA	NA	NA	NA	NA	NA	NA	NA	NA	NA	NA	NA	NA	NA	NA	NA	NA	NA	NA	NA	NA	NA	NA	NA	NA	NA
0.917035187664866	1.28277296130761	0.922472309947505	NA	0.606516544127817	1.66500211539545	0.311394170770245	0.306168654415677	0.211756437828252	0.768489996460842	1.23436687476977	1.35675178382471	1.41876486482535	0.73566942023865	1.16080180574604	0.274702049110702	0.297091100137643	0.429087639486194	0.347262137703947	NA	0.403480355833082	0.329846892064195	1.01223623646963	1.53789886008024	0.614988620580132	0.82397115458397	1.26334594116007	1.16015481280192	0.84293024690804	1.492205199504	NA	0.519038612666425	0.421183148938263	1.25856427420235	0.517879536407758	1.30592695479178	NA	1.68341777532531	0.253623290395324	1.45750553563239
1.00152802556089	0.984115132008199	NA	NA	NA	NA	0.810672380066494	1.8788887011756	NA	NA	0.798582983513353	NA	NA	0.799483036046631	NA	2.15524284687363	NA	NA	NA	0.388100819792934	NA	0.729523731461391	0.89603023215183	0.940953575926636	NA	NA	NA	0.944326964591408	1.35816225242103	NA	NA	0.922537012940548	1.06299431750172	NA	NA	NA	NA	0.23219818818139	0.40985955984939	NA
NA	NA	NA	NA	NA	NA	NA	NA	NA	NA	NA	NA	NA	NA	NA	NA	NA	NA	NA	NA	NA	NA	NA	NA	NA	NA	NA	NA	NA	NA	NA	NA	NA	NA	NA	NA	NA	NA	NA	NA
NA	NA	NA	NA	NA	NA	NA	NA	NA	NA	NA	NA	NA	NA	NA	NA	NA	NA	NA	NA	NA	NA	NA	NA	NA	NA	NA	NA	NA	NA	NA	NA	NA	NA	NA	NA	NA	NA	NA	NA
2.06038173492287	1.5369005087838	NA	NA	1.34981877737823	NA	1.1099801351089	NA	1.05895390956414	NA	0.976197045045471	0.977091628504224	1.41160027805201	NA	NA	1.32199186737818	1.26209778860873	NA	NA	0.856040484351304	0.830568169331576	0.615875202233934	0.51908769004604	0.559731247017102	NA	0.727362254894198	NA	NA	NA	0.299593636787458	NA	0.689720370511097	0.278500677385172	0.1913931429886	NA	1.03927972756014	NA	0.477083956678479	NA	NA
NA	NA	NA	NA	NA	NA	NA	NA	NA	NA	NA	NA	NA	NA	NA	NA	NA	NA	NA	NA	NA	NA	NA	NA	NA	NA	NA	NA	NA	NA	NA	NA	NA	NA	NA	NA	NA	NA	NA	NA
NA	NA	0.409490255950902	NA	NA	1.03897683736218	NA	NA	0.777590599673499	NA	NA	0.671245014920053	NA	0.343044374401704	0.0961567106558253	NA	NA	0.750280331847683	NA	NA	NA	NA	0.571740392133993	0.441621144659373	0.240474662211846	0.258370142564547	NA	0.443233684411207	0.456063802248495	0.336482892881359	NA	NA	NA	0.381311026233757	0.25009249537694	0.565955490170183	NA	0.500271607621279	NA	NA
NA	NA	NA	NA	NA	NA	NA	NA	NA	NA	NA	NA	NA	NA	NA	NA	NA	NA	NA	NA	NA	NA	NA	NA	NA	NA	NA	NA	NA	NA	NA	NA	NA	NA	NA	NA	NA	NA	NA	NA
NA	NA	NA	NA	1.86758511692042	NA	NA	1.95608008285966	1.99377029782779	2.0136531267046	NA	1.50897431815201	1.1974060787352	1.03363127255661	1.09373350614318	1.40225574698955	1.33923482195637	1.55903575280361	1.85930359034175	1.62080045875518	1.36585984953679	NA	NA	2.77129836941823	NA	NA	2.3869095937245	0.718125383287281	NA	0.727162229420028	NA	0.371080512966132	NA	NA	0.616715291646057	0.475727392625784	NA	NA	0.498899660340583	NA
1.33633827104063	0.766926225753733	NA	0.682737469993253	NA	0.466907033385069	NA	1.11715893881004	NA	1.15096409590113	NA	1.27090997409614	NA	NA	1.27491251737657	1.70825694781852	1.22452749426904	NA	NA	NA	0.602897643784405	0.586357532419513	0.656349545089195	NA	0.143366647961371	0.213077273353521	0.194675340534287	0.69373624645576	0.393219978205573	NA	NA	NA	NA	0.530644418643122	NA	0.509759763071449	NA	0.414375696482451	0.669046392042767	0.569245730280906
NA	NA	NA	NA	NA	NA	NA	NA	NA	NA	NA	NA	NA	NA	NA	NA	NA	NA	NA	NA	NA	NA	NA	NA	NA	NA	NA	NA	NA	NA	NA	NA	NA	NA	NA	NA	NA	NA	NA	NA
NA	NA	NA	NA	0.565881059166838	0.688231549451222	1.53978318246411	NA	0.54335680389477	NA	1.03925486377949	NA	NA	1.6277922878883	1.8042977534959	NA	NA	1.22182192140465	2.23374747463092	1.70579408944907	NA	NA	0.673371773516811	NA	NA	NA	NA	NA	0.419170832686996	0.479439152305849	NA	0.325830173652629	NA	NA	0.340920533135924	0.481157182154225	NA	NA	1.9794905294541	NA
NA	NA	NA	NA	NA	NA	NA	NA	NA	NA	NA	NA	NA	NA	NA	NA	NA	NA	NA	NA	NA	NA	NA	NA	NA	NA	NA	NA	NA	NA	NA	NA	NA	NA	NA	NA	NA	NA	NA	NA
1.3217215499885	1.61552168454236	NA	1.09040603333705	NA	2.03526470696135	1.95594268325232	1.73037591767257	1.66281740478848	NA	1.15723827595903	NA	NA	1.07985625444877	1.4790809573308	1.5691923130287	1.34659443729995	1.02073513883331	0.940648958713397	0.94008060415533	0.982402761315691	0.966851242631748	0.765500201600205	1.00599689636527	NA	0.584944839401291	NA	1.04467369060468	1.2370252786997	0.79987126928146	NA	0.481729731182912	NA	NA	NA	0.708731750345069	NA	0.531273835579368	NA	NA
2.51751323753829	NA	2.06097925815106	NA	NA	2.39223481751524	2.26614624999539	2.7069166513971	NA	NA	NA	NA	NA	2.60525978418898	2.43720608692108	NA	2.26681921838732	2.29966061743015	2.37092070062035	NA	NA	1.5609700836438	0.634206722414302	0.856417993589809	0.76234442214583	NA	1.21395312818703	NA	0.843515828214199	NA	0.952491127267423	NA	0.394064331634535	NA	NA	0.189672959061139	NA	NA	NA	0.589522913486056
0.580303107346691	NA	1.31266298843095	1.30216924613178	1.302709511254	1.36352522349564	1.03511813956195	1.41758304862471	0.997440596418108	1.15880761047623	1.55134486094324	1.47511474845289	1.62834811193356	1.57085986748695	1.44288950969751	1.19637878152266	1.20200376314461	1.68502263909194	0.878341775354523	1.03622193379887	2.00540936488827	0.630588548976469	NA	1.59021204053829	NA	1.65676975735449	0.627779883194956	0.843976606002004	0.909371963745781	0.832750880503699	0.965445634545042	0.852456703652264	0.580574865551955	0.294395861786237	0.688572847881783	0.519528075259565	NA	0.268765408601985	0.566291345961477	0.60433915935319
NA	NA	NA	NA	0.676509255374647	0.464577780617217	0.408060476601472	0.526464215275807	NA	NA	0.832553349197141	1.2600036051781	NA	NA	1.70763509284379	NA	1.27083934168377	1.15811742909978	0.924810195675337	NA	0.449071682120216	0.423856217417167	0.752084778651777	0.465744298733497	NA	NA	0.39900930290543	0.439885085705051	NA	0.814135073360342	0.688161284034643	1.19399017856806	NA	NA	NA	NA	NA	0.530907939033847	NA	NA
0.80556298565932	NA	0.635881236083339	NA	NA	1.03351268969484	1.37424575594845	NA	NA	NA	1.02955380320965	1.36286829411424	NA	NA	0.97663460976018	1.11786968856263	1.29472277253729	1.73967407659936	1.70730508638514	NA	1.160194207106	NA	1.10454108619489	0.645672570024224	NA	NA	NA	0.111746534419897	0.677417718662349	NA	NA	NA	NA	NA	0.450767713153162	NA	NA	0.566716835962494	0.626787687659933	0.376036279339904
NA	NA	NA	NA	NA	1.51539083665923	NA	NA	NA	1.13656497466489	NA	NA	1.24797100166823	1.23600892587428	1.4351776487933	1.90381264368241	1.12762551117056	1.28590479458138	NA	NA	1.18993887844438	1.25338928193966	1.12667437467998	NA	1.06116366349721	1.16420364637816	1.55544442064576	NA	0.581801369050684	NA	NA	NA	0.691512104544269	NA	0.565829739251383	NA	NA	0.895176331311116	NA	NA
NA	NA	NA	NA	NA	NA	NA	NA	NA	NA	NA	NA	NA	NA	NA	NA	NA	NA	NA	NA	NA	NA	NA	NA	NA	NA	NA	NA	NA	NA	NA	NA	NA	NA	NA	NA	NA	NA	NA	NA
NA	NA	NA	NA	NA	NA	0.8213995018107	0.77442996167164	0.628262375458735	1.398166399429	NA	NA	NA	0.157223183557395	0.694206671782119	0.790124325191766	0.703914236110566	0.613306635668536	0.620275405829302	NA	1.00960126081587	NA	0.349009834456669	NA	0.802743944190841	NA	NA	NA	NA	NA	0.758671866548147	0.568876834698735	0.805474541862868	NA	0.523233932208706	0.86629409395849	NA	0.308598813875368	NA	1.0424726346016
NA	NA	NA	NA	1.29847301821147	NA	1.0636833029918	0.784596602425709	NA	NA	NA	0.755124865546958	NA	0.532296360133376	0.763907337317636	NA	0.442893082750888	0.543079455021807	0.656533364455027	NA	NA	NA	NA	0.269672925888866	NA	NA	0.422493440683728	NA	0.507186358134136	NA	NA	NA	0.906385388272357	NA	NA	0.591806719105926	NA	NA	0.615679377492428	0.637512168070881
0.834772499722638	NA	0.825327915930343	1.21825212142673	NA	NA	NA	NA	NA	NA	NA	NA	NA	0.726531727402559	NA	NA	NA	0.783531078014297	0.875365946101897	0.818816889165706	0.252797029721934	0.186744343203508	0.374435168282179	0.718275714737159	0.838811101988772	NA	NA	NA	NA	NA	1.24135974198258	NA	0.908038347229391	NA	NA	NA	NA	0.590441865036628	NA	0.891983468285677
NA	NA	NA	NA	2.07043215921319	NA	2.12968369316649	NA	1.8959037301671	2.24227833424588	1.98485320041901	NA	NA	2.60390205475736	2.63692671308617	NA	NA	NA	1.79359017343492	NA	1.35055202323826	1.14745411250926	1.24341280026041	1.43164317767498	1.61685774053961	1.21790388195733	1.90612700498641	NA	1.16656312908788	NA	1.76404663886497	NA	NA	0.63169813067658	1.01393763080488	NA	NA	1.3636883951479	NA	NA
NA	NA	NA	NA	NA	NA	NA	NA	NA	NA	NA	NA	NA	NA	NA	NA	NA	NA	NA	NA	NA	NA	NA	NA	NA	NA	NA	NA	NA	NA	NA	NA	NA	NA	NA	NA	NA	NA	NA	NA
NA	NA	NA	NA	NA	NA	NA	NA	NA	NA	NA	NA	NA	NA	NA	NA	NA	NA	NA	NA	NA	NA	NA	NA	NA	NA	NA	NA	NA	NA	NA	NA	NA	NA	NA	NA	NA	NA	NA	NA
1.22850898074516	1.41193566886274	NA	NA	NA	0.790601875944129	1.09736977075408	NA	0.475790708834907	NA	0.749141584345938	NA	0.686265664868732	0.344372698140561	NA	0.763499267586075	0.420805928474219	0.306935000078849	0.379757566141618	NA	0.411293316485703	0.459413741800002	NA	0.599645331922645	0.703039701084965	NA	0.821618947840192	0.803540175542996	0.442316680390008	NA	0.649421859349538	NA	NA	NA	NA	0.553530276561457	NA	0.148278359069184	0.570200794740076	NA
NA	1.14731423231006	1.09607338022971	0.768798259787406	1.05305696470099	0.842269928273539	0.930298260472972	NA	1.06097318148645	NA	1.13664512005587	NA	1.21945146571171	1.60280753660471	1.2995668496899	1.33544761519186	0.757628995849712	0.839165041273134	1.0439249168606	0.766005915688064	NA	1.362600084835	1.12253684346171	1.08313600964587	1.28532761235681	NA	NA	1.16303393416716	1.28424522466965	1.38725547850111	NA	NA	NA	1.57370738875868	NA	1.418855938383	NA	0.933884477573667	NA	0.459882153731597
NA	NA	NA	NA	NA	NA	NA	NA	NA	NA	NA	NA	NA	NA	NA	NA	NA	NA	NA	NA	NA	NA	NA	NA	NA	NA	NA	NA	NA	NA	NA	NA	NA	NA	NA	NA	NA	NA	NA	NA
1.22617805007058	NA	0.748715563693489	1.7477611546869	1.505757337402	NA	2.00419798670808	1.75675209163293	1.79189664029702	0.533009218281924	0.412664074031385	0.824962386311604	NA	0.459706572667904	0.424620065359191	0.397248596636419	0.578766201032343	0.459821517509967	NA	NA	1.73262188063778	0.760829006783371	NA	NA	0.688090337364959	NA	1.66423814289583	1.77734266288967	NA	0.379757450599592	0.305747764647908	NA	0.121840247777158	NA	NA	0.340803806307505	NA	NA	0.415684219676541	0.30804782720158
NA	NA	NA	NA	NA	NA	NA	NA	NA	NA	NA	NA	NA	NA	NA	NA	NA	NA	NA	NA	NA	NA	NA	NA	NA	NA	NA	NA	NA	NA	NA	NA	NA	NA	NA	NA	NA	NA	NA	NA
NA	NA	NA	NA	NA	2.09848799877895	2.28546046787386	1.80551637706792	NA	NA	NA	NA	NA	1.82504329295339	1.8508017808095	1.96273799041447	1.74973034199841	NA	NA	NA	1.3562421605647	NA	1.43540311193188	1.22992801987911	NA	NA	NA	NA	NA	NA	NA	NA	0.499647665715429	NA	NA	NA	NA	NA	NA	0.22854704085264
NA	NA	NA	NA	NA	NA	NA	NA	NA	NA	NA	NA	NA	NA	NA	NA	NA	NA	NA	NA	NA	NA	NA	NA	NA	NA	NA	NA	NA	NA	NA	NA	NA	NA	NA	NA	NA	NA	NA	NA
NA	NA	NA	NA	NA	NA	NA	NA	NA	NA	NA	NA	NA	NA	NA	NA	NA	NA	NA	NA	NA	NA	NA	NA	NA	NA	NA	NA	NA	NA	NA	NA	NA	NA	NA	NA	NA	NA	NA	NA
0.619834977320476	0.589611120426029	0.552830647858585	0.501109210323941	0.792368926461064	0.631022144527504	NA	NA	0.543870518990432	0.734946303829066	0.410315235760404	0.671460878712973	1.04287384623134	NA	NA	NA	0.671375208320663	0.272659248393399	NA	0.313569044954824	0.310673751882371	0.632049897582517	0.925086863542811	NA	NA	NA	NA	NA	NA	NA	NA	NA	1.25783812121536	NA	1.93623232043111	NA	NA	NA	2.15367972526757	NA
NA	NA	1.6988029916172	NA	1.49107713273125	NA	NA	1.21070275189285	0.995599957709137	NA	NA	NA	NA	0.909054193212629	0.994704464325404	1.29269096422873	NA	NA	1.07624483820406	1.15110413067401	NA	NA	0.824411653266948	NA	NA	NA	NA	0.672472935939188	NA	NA	0.579960147089429	0.402913244428512	0.338987623254942	NA	0.579287087519058	NA	NA	NA	0.505648158330323	NA
NA	1.17563682766844	NA	1.76737063938243	NA	NA	0.211498428573959	NA	NA	0.594621114428151	NA	NA	NA	NA	0.523925459743975	NA	NA	0.629181760208022	NA	0.890892630610392	NA	1.06144903917177	NA	0.803522745534132	0.93398358272498	0.938167374112233	0.847024044361815	0.598116742478046	1.01540739661205	1.04709581222769	1.2322748731073	1.29328437486783	0.478648064412969	0.375530314236831	1.1893666446876	0.734351754485103	NA	0.877125496894568	NA	0.614644468630537
NA	NA	NA	NA	NA	0.744945780165922	NA	NA	0.767872975130049	NA	NA	NA	NA	NA	NA	NA	NA	NA	NA	NA	0.392880055094269	0.338399738681055	NA	0.917837452878947	NA	NA	0.694734302560741	0.713555926065705	0.542866212290479	0.516208960627725	0.693033891059998	0.154971031909963	NA	0.420087591946865	0.580050456544959	0.470230243581339	NA	NA	0.408533748571799	0.380449619051006
0.524534605278065	NA	NA	NA	NA	NA	NA	NA	0.753574086337483	NA	NA	NA	NA	NA	1.1684057762045	1.1229474738808	NA	1.02065770826496	NA	NA	NA	0.732559066199113	NA	NA	NA	0.64235860346121	0.932361357279552	1.0269353588785	NA	NA	NA	0.759247316601143	NA	1.21658766749565	NA	NA	NA	0.46807264639219	NA	0.887750621568318
1.83491489545094	1.39002577188367	NA	1.49725332265235	NA	1.552604471835	NA	1.36096634399381	1.21911767876323	NA	0.617834182677452	NA	NA	0.963558640035559	NA	NA	NA	NA	NA	NA	NA	NA	1.02237957927794	NA	NA	NA	NA	0.974067074347326	NA	NA	NA	0.699337107740423	0.36276874904824	NA	NA	NA	NA	NA	0.654651069498017	0.678159904630328
NA	NA	NA	NA	NA	NA	NA	NA	NA	NA	NA	NA	NA	NA	NA	NA	NA	NA	NA	NA	NA	NA	NA	NA	NA	NA	NA	NA	NA	NA	NA	NA	NA	NA	NA	NA	NA	NA	NA	NA
NA	NA	NA	NA	NA	NA	NA	NA	NA	NA	NA	NA	NA	NA	NA	NA	NA	NA	NA	NA	NA	NA	NA	NA	NA	NA	NA	NA	NA	NA	NA	NA	NA	NA	NA	NA	NA	NA	NA	NA
NA	NA	1.11341337442074	NA	0.716919899706682	NA	NA	1.6314888016385	NA	0.879950633448	NA	NA	NA	NA	NA	NA	NA	0.228428014808332	NA	NA	0.366601096983998	0.374209457660213	0.339902044300268	NA	0.657683963486399	NA	NA	NA	NA	0.584219813315182	0.632891135152642	0.591992956490401	NA	NA	0.408414978908095	0.293854773120232	NA	0.330110610980019	NA	NA
2.64043771938141	2.74837168941248	2.88822587730059	2.05229606327746	2.10241565009451	2.01670200561524	2.81538157134123	1.85910673828193	1.90282901324438	1.97014704315467	3.29946422040671	3.1434308895103	3.42335941309534	NA	3.10896981710336	3.43857948875761	1.82444864662846	NA	3.50687475687636	NA	NA	3.55176284196084	2.91431585812784	3.18880935095167	3.5402337292742	3.44357969041147	1.88597948156171	1.62613840145878	3.65189484890732	3.30440253607104	3.3639323124996	0.869842582246248	3.4403892561121	3.53567310915111	3.54810955035044	3.24081660233687	NA	NA	3.45250454125523	2.30737860955783
NA	0.890626469592846	1.22205527990404	0.945296793570111	NA	1.27065010625874	NA	1.74661219872687	1.46873492304778	NA	1.17312990229723	0.814961036151709	0.366479616199017	0.222435792452661	1.29201864759293	NA	1.39421578878925	0.69861979958469	0.463257077049999	0.463835919360938	NA	0.824484959247008	0.289844765566086	0.540646316159949	0.267473674384883	NA	0.951404875565171	NA	0.333048512652482	NA	0.575221535600189	0.305390103677976	0.510972957362203	0.314315025534641	0.205297822967708	0.195797301020304	NA	NA	0.527420984142734	NA
0.791644528206847	0.983761985391421	1.57564222948594	NA	0.897274465095367	0.605898887603456	0.909361172568273	NA	NA	1.50536240790352	NA	0.790935079323014	NA	1.11872950871098	1.11057013039299	1.15412895400727	NA	0.759132997650895	NA	NA	NA	NA	NA	0.3042521529717	0.459841404593138	NA	0.785915715490328	0.626891021594737	0.479554715919554	NA	0.219276283570703	0.26490371512266	0.571142038185229	0.334852021412956	NA	0.161002526028797	NA	0.351804201175305	0.577500805219943	0.367069894467313
0.972370847245958	0.838606245856867	0.794668964594426	0.972360561335335	0.888882056506588	1.08808009993292	0.67872482802169	0.875715999505976	0.57050887297566	0.590763228048898	0.4918456378136	0.816244652977868	0.644981219534461	0.877635374535526	0.700048725494065	0.502785792616262	0.216835308932329	0.42865532270595	0.266235077263854	0.796079075268965	0.396409574848039	1.05281376794251	1.39073568958675	0.626705389550882	1.58903530157369	1.30927337938262	0.869902708474994	1.25560676816977	0.816058191123808	1.20733796863231	1.07792306681323	0.871939614078768	0.896531765191633	0.89499190637827	0.827018282891905	0.836397529101112	NA	0.956139354143999	1.06691393096251	0.893513957955083
NA	NA	NA	NA	NA	NA	NA	NA	NA	NA	NA	NA	NA	NA	NA	NA	NA	NA	NA	NA	NA	NA	NA	NA	NA	NA	NA	NA	NA	NA	NA	NA	NA	NA	NA	NA	NA	NA	NA	NA
0.495235729761411	1.12705913595436	NA	0.291163062357508	NA	0.820926214737909	0.620354780581392	NA	NA	NA	0.560484399448699	1.01194485927655	0.751957788650186	1.12556807440762	0.662951443845218	NA	NA	0.936576063987127	1.41826159899496	NA	NA	1.39910036066086	0.328700941039246	0.485611656854466	0.577626919236397	NA	NA	NA	0.673555337663548	0.491642645350836	NA	0.82138650020945	0.213064871302123	NA	0.662855321522578	0.505109852204699	NA	0.436401777869903	0.305220575253681	0.305474758938079
1.82274402841672	NA	1.58559109303307	NA	1.85621612842193	1.26174332558433	1.37954064698317	NA	1.38445854034443	NA	NA	1.22353897707651	NA	1.17466629793852	0.848903445088117	NA	0.970035938863164	2.05321343467142	1.35518183392917	1.45757047228564	NA	0.801952065173723	1.01545119765409	1.08279496752839	0.688593835561036	1.17681551076695	0.954260742060083	NA	1.0086889659916	1.18829649018042	1.08776221829627	0.709823448332218	NA	1.21173747595944	0.807937265789708	0.73497073314694	NA	0.452793150122681	0.447587590185756	0.408753310801314
1.10954385957224	0.682853588460385	NA	NA	0.923051320417188	NA	NA	NA	0.795864192944519	NA	1.14925218906023	1.25734560931963	NA	NA	NA	1.12104511953707	0.720945521024697	0.730305945881108	0.963787742949322	0.853493147366235	NA	NA	0.774568560522255	NA	NA	0.560034814886875	NA	0.524696989797855	NA	NA	NA	NA	NA	1.48134522730684	NA	0.237075418884411	NA	NA	NA	0.111647006409033
NA	NA	NA	NA	NA	NA	NA	NA	NA	NA	NA	NA	NA	NA	NA	NA	NA	NA	NA	NA	NA	NA	NA	NA	NA	NA	NA	NA	NA	NA	NA	NA	NA	NA	NA	NA	NA	NA	NA	NA
1.32625272712269	NA	0.673043309333762	NA	0.508740882792784	NA	0.730241998179112	NA	0.985677304932228	NA	NA	0.92628802073968	NA	1.27956728550743	1.53311648999699	NA	1.50621718028964	1.39041460614086	1.23462891346438	1.11206680170216	0.382809521388559	0.561146148211998	NA	1.29538586628122	0.853817824757893	0.484367500379327	0.934837823256658	NA	0.850866633210678	0.959305293316285	NA	0.669326717405488	0.61299579393408	NA	NA	NA	NA	NA	0.484503650749178	0.690361004876261
0.664800762453363	NA	NA	0.341351257709761	NA	0.728956848414966	NA	0.290198160943303	0.356549018420325	NA	0.612245724408804	NA	NA	1.3549877907445	1.054619057148	0.671250960416751	0.503180784525137	0.419802378284162	0.893249796615499	0.873776711602679	NA	0.537251788766375	0.644573158269061	NA	0.522015089763221	NA	NA	0.959579851536001	NA	NA	NA	NA	NA	NA	NA	0.502285036040064	NA	0.605836958499422	NA	0.389747287094992
NA	NA	NA	NA	NA	NA	NA	NA	NA	NA	NA	NA	NA	NA	NA	NA	NA	NA	NA	NA	NA	NA	NA	NA	NA	NA	NA	NA	NA	NA	NA	NA	NA	NA	NA	NA	NA	NA	NA	NA
NA	NA	NA	NA	NA	NA	NA	NA	NA	NA	NA	NA	NA	NA	NA	NA	NA	NA	NA	NA	NA	NA	NA	NA	NA	NA	NA	NA	NA	NA	NA	NA	NA	NA	NA	NA	NA	NA	NA	NA
NA	NA	NA	1.84909291420423	0.650611279135594	0.5847082098839	NA	0.557332910563096	NA	NA	NA	NA	NA	NA	NA	NA	NA	0.652131033753113	1.79424722874262	0.376098120517123	NA	0.493374871270479	NA	0.181329949943071	0.256021795795967	0.328099262215433	0.370976843044085	0.538624821174237	NA	NA	0.202775515641643	0.554667886530866	0.470949481316399	0.591329187023008	NA	NA	NA	0.337494490864591	0.428493369907604	1.89366725852474
NA	1.37864008899967	NA	1.30551683867261	NA	NA	1.52854598473498	NA	1.02996411500931	2.05440947530493	NA	NA	1.67021732539852	1.1317015491085	0.974604916480243	1.04142318146087	0.571526172427537	1.17431540180364	1.124996795541	1.03213227883613	0.609432417134366	0.633215514858994	0.578478631214486	1.51637868736232	1.39079986226859	NA	NA	0.377586767401945	NA	1.00914488727998	0.87967059749686	NA	0.559071708062892	0.408355692055966	0.566608725385848	1.10769335139749	NA	0.417272433361159	0.563964009623314	0.794823809606096
NA	NA	NA	NA	NA	NA	NA	NA	NA	NA	NA	NA	NA	NA	NA	NA	NA	NA	NA	NA	NA	NA	NA	NA	NA	NA	NA	NA	NA	NA	NA	NA	NA	NA	NA	NA	NA	NA	NA	NA
NA	NA	NA	NA	NA	NA	NA	NA	NA	NA	NA	NA	NA	NA	NA	NA	NA	NA	NA	NA	NA	NA	NA	NA	NA	NA	NA	NA	NA	NA	NA	NA	NA	NA	NA	NA	NA	NA	NA	NA
1.3573956243394	1.56493849805067	NA	1.41241540461303	1.27324703475005	NA	1.14840768151031	0.993242671994288	0.681537549613442	0.677020469920745	NA	NA	NA	0.196513752480864	0.471092903174487	0.712399940032513	0.551923760951388	0.367182975188647	1.46997691987843	0.965693231906012	NA	NA	0.915137478984938	NA	NA	NA	1.52853064320299	NA	NA	NA	NA	NA	NA	0.934111288103904	NA	NA	NA	0.75404758209617	NA	NA
1.45781628685558	1.84803961749777	NA	NA	NA	NA	NA	NA	1.42730795728597	NA	1.49211950339486	NA	0.879389976512795	0.933086082452379	NA	1.19243159752698	NA	1.76744771849621	1.43558012964286	NA	NA	1.01585094175116	0.750354194858338	0.755850581466366	NA	0.743432953223587	NA	NA	NA	0.492181640306804	0.689933855091695	0.245000408622819	0.793811236227233	0.249797276819934	0.380615098042841	0.280934104518838	NA	NA	1.50981986054792	NA
NA	NA	NA	1.54789990048856	NA	2.06131510125828	1.42149010552316	0.974194193810291	NA	NA	NA	NA	0.9946390857193	NA	NA	NA	1.30169817246316	NA	NA	NA	NA	NA	NA	NA	NA	NA	NA	0.99169322148445	NA	0.948409811572399	NA	1.03565303612313	0.570130493512829	0.461944345422397	0.339731175794238	0.304715411819941	NA	0.578817360666624	0.461789401846233	0.737687766491604
NA	NA	NA	NA	NA	NA	NA	NA	NA	NA	NA	NA	NA	NA	NA	NA	NA	NA	NA	NA	NA	NA	NA	NA	NA	NA	NA	NA	NA	NA	NA	NA	NA	NA	NA	NA	NA	NA	NA	NA
NA	NA	NA	NA	0.818938016013461	NA	NA	NA	0.993194657076125	NA	NA	NA	NA	NA	0.613877340822786	NA	NA	NA	NA	NA	NA	NA	NA	NA	0.617766876808507	NA	NA	NA	NA	NA	0.538366142236463	0.36668893456196	NA	NA	0.310483062796414	NA	NA	0.221148475068839	0.333342167243283	NA
NA	NA	NA	NA	NA	NA	NA	NA	NA	NA	NA	NA	NA	NA	NA	NA	NA	NA	NA	NA	NA	NA	NA	NA	NA	NA	NA	NA	NA	NA	NA	NA	NA	NA	NA	NA	NA	NA	NA	NA
NA	NA	NA	NA	NA	NA	NA	NA	NA	NA	NA	NA	NA	NA	NA	NA	NA	NA	NA	NA	NA	NA	NA	NA	NA	NA	NA	NA	NA	NA	NA	NA	NA	NA	NA	NA	NA	NA	NA	NA
NA	NA	NA	NA	NA	NA	NA	NA	NA	NA	NA	NA	NA	NA	NA	NA	NA	NA	NA	NA	NA	NA	NA	NA	NA	NA	NA	NA	NA	NA	NA	NA	NA	NA	NA	NA	NA	NA	NA	NA
NA	NA	NA	NA	NA	NA	NA	NA	NA	NA	NA	NA	NA	NA	NA	NA	NA	NA	NA	NA	NA	NA	NA	NA	NA	NA	NA	NA	NA	NA	NA	NA	NA	NA	NA	NA	NA	NA	NA	NA
NA	0.558811595724655	0.744318073105468	NA	0.66569347026675	NA	0.541302552323803	1.19400262252056	0.431961904952551	0.552060658133539	0.901356955565026	NA	NA	0.878766258870392	NA	NA	NA	NA	NA	NA	1.57448558352307	0.802986670198637	NA	0.43893854223973	NA	NA	NA	NA	NA	NA	NA	1.62195301322988	0.668776860905911	1.51038361211959	0.530306966242295	0.761339140407883	NA	0.288483481616347	0.419063339173978	0.571358384399036
NA	NA	NA	NA	NA	0.754773266400761	NA	NA	1.2204157222191	1.17897215321841	NA	NA	NA	NA	NA	0.690437362442413	NA	NA	NA	NA	NA	NA	0.790555334769852	NA	NA	NA	NA	NA	NA	1.08305346898336	0.697994816689889	0.170432170190776	0.252601490767259	NA	NA	NA	NA	0.429917326816372	NA	NA
NA	NA	NA	NA	NA	NA	NA	NA	NA	NA	NA	NA	NA	NA	NA	NA	NA	NA	NA	NA	NA	NA	NA	NA	NA	NA	NA	NA	NA	NA	NA	NA	NA	NA	NA	NA	NA	NA	NA	NA
NA	NA	NA	NA	0.329443305232588	0.887281565086943	NA	1.18765862015976	1.33944075025997	0.94434257094109	1.03482656622489	1.2373785736559	NA	1.04439461052814	0.853458524176191	1.19136501718626	NA	NA	0.887103859318941	0.90307474816386	NA	0.406072359587913	0.465223542512227	NA	NA	NA	NA	0.895198088866643	1.22863477847554	NA	NA	NA	1.08424639986953	NA	NA	0.602977560108251	NA	0.109051881880164	0.373169617933648	0.17811580975035
NA	NA	NA	NA	1.28745589808163	NA	NA	NA	1.18453759445791	NA	0.820043663601306	NA	0.423230227953673	0.390434366982536	0.24921877654028	NA	0.329995374999376	0.532380828880498	NA	0.654174822118715	NA	0.529979359430376	0.770435305153727	NA	1.14788151111049	NA	NA	NA	0.613717305162294	0.982831695710668	NA	NA	NA	0.475417802336646	NA	0.643045417810887	NA	NA	NA	NA
NA	NA	NA	NA	NA	0.73697295268567	0.618417846209143	NA	NA	NA	NA	0.723840365089991	NA	0.733229931347474	NA	NA	NA	NA	NA	NA	NA	0.911510624445493	0.55857809349155	NA	0.712084539870683	0.524826345171788	0.296702155308118	NA	0.43699826743467	0.289193845672739	NA	NA	0.251632895662313	0.321283249008017	NA	0.221114748770078	NA	NA	0.424401791259394	0.617944460065828
NA	NA	NA	NA	NA	NA	NA	NA	NA	NA	NA	NA	NA	NA	NA	NA	NA	NA	NA	NA	NA	NA	NA	NA	NA	NA	NA	NA	NA	NA	NA	NA	NA	NA	NA	NA	NA	NA	NA	NA
NA	NA	NA	NA	NA	NA	NA	NA	NA	NA	NA	NA	NA	NA	NA	NA	NA	NA	NA	NA	NA	NA	NA	NA	NA	NA	NA	NA	NA	NA	NA	NA	NA	NA	NA	NA	NA	NA	NA	NA
NA	NA	NA	NA	NA	NA	NA	NA	NA	NA	NA	NA	NA	NA	NA	NA	NA	NA	NA	NA	NA	NA	NA	NA	NA	NA	NA	NA	NA	NA	NA	NA	NA	NA	NA	NA	NA	NA	NA	NA
NA	NA	NA	NA	NA	NA	NA	NA	NA	NA	NA	NA	NA	NA	NA	NA	NA	NA	NA	NA	NA	NA	NA	NA	NA	NA	NA	NA	NA	NA	NA	NA	NA	NA	NA	NA	NA	NA	NA	NA
NA	NA	NA	NA	NA	NA	NA	NA	NA	NA	NA	NA	NA	NA	NA	NA	NA	NA	NA	NA	NA	NA	NA	NA	NA	NA	NA	NA	NA	NA	NA	NA	NA	NA	NA	NA	NA	NA	NA	NA
NA	NA	NA	NA	NA	NA	NA	NA	NA	NA	NA	NA	NA	NA	NA	NA	NA	NA	NA	NA	NA	NA	NA	NA	NA	NA	NA	NA	NA	NA	NA	NA	NA	NA	NA	NA	NA	NA	NA	NA
NA	0.831098732189716	0.788012520524634	0.418832203628374	0.729614900394305	0.627489679510786	0.862881122575941	0.612963027390069	0.58847230638365	0.375074784306659	0.497804510646368	0.865332723075923	0.97111402972854	0.813958360747548	0.64630333783843	NA	1.01776617909896	0.544493217787752	0.82233106560946	0.356592678254105	0.376183075915983	0.609752850041423	0.726227588904868	0.59214319893603	0.397094551173363	0.536321053986935	0.835803168817145	1.01893873940474	0.737508646033907	0.718121223221606	0.485545252921837	1.3193120225669	0.669613829163433	0.667487506621535	0.71158851194788	0.880126599383357	NA	0.280925294514827	0.576558703042462	0.478774063588351
NA	1.04014694607779	NA	0.551452776181784	0.90004283837912	0.540261440458601	0.608495119390269	0.986083213259352	0.604298248440339	0.843969634902758	0.692331664227075	1.06390018873593	1.04632820654661	0.852329042595451	0.813136247628103	NA	1.11065900989576	1.00289830484858	0.857802325840506	0.317993190747903	0.271436023168219	0.608232327985503	0.453887519636833	0.849708891572664	0.173193727934103	0.759388318534054	1.73332760002056	0.83629495146979	1.61138926807916	NA	NA	0.305217785100632	0.82410210364206	0.654502759671515	NA	NA	NA	0.213052791373508	0.249950011090505	1.05760123501446
0.767246495185106	0.845937266712678	NA	NA	0.545119099160658	NA	NA	NA	0.827795192606715	0.893959347499067	0.701726758217729	0.439439366267082	NA	0.291657031010353	NA	0.288272357573406	0.542341690260351	0.14099461158765	0.211802481907569	NA	NA	0.994926386168351	NA	NA	NA	NA	0.377973658573233	NA	1.12944564343191	NA	NA	NA	NA	NA	NA	NA	NA	0.276344035821457	NA	NA
NA	NA	NA	NA	NA	NA	NA	NA	NA	NA	NA	NA	NA	NA	NA	NA	NA	NA	NA	NA	NA	NA	NA	NA	NA	NA	NA	NA	NA	NA	NA	NA	NA	NA	NA	NA	NA	NA	NA	NA
NA	NA	NA	NA	NA	NA	NA	NA	1.47848431940947	1.51397598028309	NA	0.691358753884636	1.04495237314195	NA	1.26992501416126	1.09234097569567	0.979072672280152	1.2149496934861	NA	NA	0.39297252333713	0.239806658880884	NA	0.44181479647225	NA	NA	0.395945632073064	NA	NA	NA	NA	0.517387208335107	NA	NA	0.40784968797137	NA	NA	0.377888631159947	NA	NA
1.19169836546096	1.40984708940134	NA	0.726871799928976	1.37002818526338	0.403663901705663	0.310134672998162	0.771832797563889	0.354368133568429	0.670924513849194	0.452117438108152	0.743433852957126	0.481688926598944	0.560904964821593	0.200932507600394	1.73233060810588	0.224927923380308	0.803479636304458	1.52585966908781	0.262791901012675	NA	0.661140697985287	0.470302846771467	0.646380337393576	NA	0.505420264582528	NA	0.546482795087837	NA	NA	0.570146863767771	0.510202851619617	1.06161879313083	0.56854544338597	0.496236524506607	0.448467686714899	NA	0.365473560987506	0.174231646149831	0.29258438979375
NA	NA	NA	NA	NA	NA	NA	NA	NA	NA	NA	NA	NA	NA	NA	NA	NA	NA	NA	NA	NA	NA	NA	NA	NA	NA	NA	NA	NA	NA	NA	NA	NA	NA	NA	NA	NA	NA	NA	NA
0.842770085230226	1.29178038046124	1.4608883767652	0.832480359340782	NA	1.36803949595742	1.18771417887748	0.947897336836278	0.967578002423283	0.784068210924205	0.700817395547984	0.584973572894953	0.944457545650001	0.648946952076208	1.0621398492914	NA	0.677972430350458	0.733609592627126	0.762050647103844	0.700305468816699	0.536681728180923	NA	NA	NA	NA	0.435353540125777	0.364197260608532	NA	0.53883854908872	NA	NA	NA	0.360589766902379	0.450352330436151	0.476260103819056	0.257643308187221	NA	NA	0.416605627685979	NA
NA	1.99329717514863	NA	NA	1.79112570931816	NA	1.08053117586661	1.38344983513026	1.75600157568683	2.37547909083923	2.61026338589167	NA	2.49911782063981	2.22603373103336	NA	NA	2.09146777700654	1.88374391179994	1.66736011174145	1.61485692447425	1.5288710413953	1.7194537697983	2.06941369076814	NA	2.22929747705017	NA	2.02495886110499	2.0201456260408	NA	NA	NA	2.51560382609986	2.46538666857876	NA	0.965969237339796	NA	NA	0.521999261049064	2.1055429500531	1.28971409119345
NA	NA	NA	NA	NA	NA	NA	NA	NA	NA	NA	NA	NA	NA	NA	NA	NA	NA	NA	NA	NA	NA	NA	NA	NA	NA	NA	NA	NA	NA	NA	NA	NA	NA	NA	NA	NA	NA	NA	NA
NA	NA	NA	NA	NA	NA	NA	NA	NA	NA	NA	NA	NA	NA	NA	NA	NA	NA	NA	NA	NA	NA	NA	NA	NA	NA	NA	NA	NA	NA	NA	NA	NA	NA	NA	NA	NA	NA	NA	NA
NA	NA	NA	NA	NA	NA	NA	NA	NA	NA	NA	NA	NA	NA	NA	NA	NA	NA	NA	NA	NA	NA	NA	NA	NA	NA	NA	NA	NA	NA	NA	NA	NA	NA	NA	NA	NA	NA	NA	NA
NA	NA	NA	NA	NA	NA	NA	NA	NA	NA	NA	NA	NA	NA	NA	NA	NA	NA	NA	NA	NA	NA	NA	NA	NA	NA	NA	NA	NA	NA	NA	NA	NA	NA	NA	NA	NA	NA	NA	NA
1.24268702567019	0.502947101341822	1.06137314362194	NA	0.882618952766795	0.613020726901176	0.770008667850734	1.05908974001597	1.13231599474257	1.37242215715172	0.73149708161111	0.757667883205787	0.652219948611509	0.547778622938791	1.008291285858	1.07222530676597	0.568868705664803	0.588837467630468	0.8899132502765	0.434725188899664	1.02296245150511	NA	0.453573227945832	0.68592662057216	1.05556550648988	0.607826674636312	NA	0.758577833451513	0.508639679543394	0.179782015184953	0.773780338591533	0.936472403439141	0.785726769047871	1.52163211860919	0.43045844206798	NA	NA	NA	0.552023508907213	0.231932520049696
NA	0.568497483880509	1.53170183895659	NA	NA	1.37544559235454	1.17248635781729	1.31282308402322	2.33706883508028	NA	NA	1.41595019523333	1.70135220131334	1.30136040543621	NA	1.6724442037084	NA	0.92194729703569	1.12345361986723	NA	NA	1.72626218994409	2.37252914220118	NA	1.94893070033434	NA	0.310097280712593	0.501233890185899	1.17639068384793	1.59617825728772	NA	NA	1.5741521344311	1.4567409064709	NA	0.994766195105514	NA	0.463247006528083	NA	NA
NA	1.66233548932567	2.36336963999187	1.74059135651638	1.9002376175105	1.48559055238954	NA	2.49610395600459	1.98757552405901	1.6291982687992	0.721962850978707	0.864785713746424	NA	NA	NA	NA	1.60326560807061	1.41246881257679	NA	1.39145705879647	2.11456538130569	NA	NA	0.964259696006343	1.26595027453222	2.63495508265318	1.17208242234285	1.32773385639941	0.189704023547508	0.107980671004718	1.2451704915299	0.966814059884834	0.86904386957086	0.982239803584072	0.96700879763751	1.2067979884999	NA	NA	0.545269098427111	0.837079986805333
NA	NA	NA	NA	NA	NA	NA	NA	NA	NA	NA	NA	NA	NA	NA	NA	0.618967836326074	0.9130356375452	NA	0.587623211001907	NA	NA	NA	1.04111432679198	NA	NA	NA	NA	NA	NA	NA	NA	NA	NA	0.958020948115435	0.659781845130547	NA	NA	NA	NA
NA	1.29109049083492	1.17142158649401	1.00310533090292	1.29653875074216	1.34478052535374	1.82954302750716	NA	NA	1.06274388419062	1.04273824269163	NA	NA	NA	NA	0.740175518883518	1.01198941526139	NA	1.00902930023765	1.11602643341087	0.803991679084795	0.53352067196603	NA	NA	NA	0.912059989566092	0.884395689630664	0.648954249699966	1.26539824649428	NA	NA	0.487187428550361	0.308064427235623	0.896324211915249	0.566940634012304	0.359630320149631	NA	0.411703173927538	0.474658221242853	0.500923943856238
0.955404322456408	0.871402104402953	NA	0.772061799067039	0.458252044016632	0.50384652766303	0.2301235347537	0.301167778463566	0.305523149879923	0.429799605497287	NA	0.597913924611366	0.368318701728193	0.348883444156458	2.36587910477118	NA	0.89635423053252	0.594250090737158	0.339356942319403	0.508117192978385	0.756612950453854	NA	NA	NA	NA	NA	NA	1.57503862024743	NA	NA	NA	NA	NA	0.793417273861572	NA	0.220322169992122	NA	1.04110309555032	0.290805812363258	0.386450193626003
NA	NA	NA	NA	NA	NA	NA	NA	NA	NA	NA	NA	NA	NA	NA	NA	NA	NA	NA	NA	NA	NA	NA	NA	NA	NA	NA	NA	NA	NA	NA	NA	NA	NA	NA	NA	NA	NA	NA	NA
NA	NA	NA	NA	NA	NA	NA	1.54705872536321	0.809651545701395	NA	NA	NA	NA	NA	NA	1.97497859942228	NA	NA	NA	NA	NA	0.881541595297725	NA	0.347572717359936	NA	0.56047865979648	0.73589499487764	NA	NA	NA	NA	0.295260767449677	NA	NA	0.362091181258827	NA	NA	0.331399641601757	0.77336653688588	0.350908598986102
1.18944809926149	NA	0.887742731679054	NA	NA	0.660847454190323	0.615949441262135	0.692540947295366	0.717528190637683	1.53656893748487	0.741229336608955	1.83993796974548	NA	1.50653016236778	1.11596606856168	NA	0.838918006672501	0.890472324184128	1.26317842597844	0.539304015851623	NA	1.18036228385748	1.1025418598193	0.89154498024139	0.51447054372471	0.910188007348702	0.483224846647528	NA	0.731615681868623	NA	0.520957202486712	0.481819963927362	NA	NA	0.433063576421928	0.709535946798348	NA	0.479537746340373	NA	0.533443601214545
NA	NA	NA	NA	NA	NA	NA	NA	NA	NA	NA	NA	NA	NA	NA	NA	NA	NA	NA	NA	NA	NA	NA	NA	NA	NA	NA	NA	NA	NA	NA	NA	NA	NA	NA	NA	NA	NA	NA	NA
NA	NA	NA	NA	NA	NA	NA	NA	NA	NA	NA	NA	NA	NA	NA	NA	NA	NA	NA	NA	NA	NA	NA	NA	NA	NA	NA	NA	NA	NA	NA	NA	NA	NA	NA	NA	NA	NA	NA	NA
NA	NA	NA	NA	NA	NA	NA	NA	NA	NA	NA	NA	NA	NA	NA	NA	NA	NA	NA	NA	NA	NA	NA	NA	NA	NA	NA	NA	NA	NA	NA	NA	NA	NA	NA	NA	NA	NA	NA	NA
NA	NA	NA	NA	NA	NA	NA	NA	NA	NA	NA	NA	NA	NA	NA	NA	NA	NA	NA	NA	NA	NA	NA	NA	NA	NA	NA	NA	NA	NA	NA	NA	NA	NA	NA	NA	NA	NA	NA	NA
NA	NA	NA	NA	NA	NA	NA	NA	0.916084885371785	NA	NA	NA	NA	2.3489845473086	2.2199748604831	NA	NA	NA	2.19570246129336	NA	NA	NA	NA	1.2799153591589	1.75660536714421	1.54248196058451	NA	1.18781591385168	1.58537549712489	1.36276658434133	NA	0.424551108777473	0.56030753705636	NA	0.889889067700467	0.448613261907087	NA	0.536733835461668	NA	0.736895051447117
NA	NA	NA	NA	NA	NA	NA	0.908275804301725	1.13235539997537	NA	NA	1.2101830427978	NA	1.56554512859362	NA	0.743448435938055	0.757177304326889	0.341580761313066	NA	0.789715143194127	1.23499201212188	1.55178635890249	1.31838132630749	NA	1.22813184406009	NA	1.17303043492389	NA	1.20129006886135	1.5791694465554	NA	0.893643974905721	1.67183783189633	NA	0.615473369793474	NA	NA	1.06145429899273	NA	0.426720991688116
NA	NA	NA	NA	NA	NA	NA	NA	NA	NA	NA	NA	NA	NA	NA	NA	NA	NA	NA	NA	NA	NA	NA	NA	NA	NA	NA	NA	NA	NA	NA	NA	NA	NA	NA	NA	NA	NA	NA	NA
NA	NA	NA	NA	NA	NA	NA	NA	NA	NA	NA	NA	NA	NA	NA	NA	NA	NA	NA	NA	NA	NA	NA	NA	NA	NA	NA	NA	NA	NA	NA	NA	NA	NA	NA	NA	NA	NA	NA	NA
1.01183682929288	0.733450713577503	0.943047286035259	1.13124432471128	1.21219185609908	1.13926787319157	1.15720826132299	1.44142865154514	0.954614521360467	NA	2.60470646123977	1.32115470450849	0.824812553174349	1.33278299258232	0.478451274944393	0.649153922547027	1.03605590321012	NA	NA	1.06845650786283	1.4515927061803	1.68855771201532	NA	NA	2.31967183674448	NA	2.04634834619301	NA	2.20522929997613	NA	NA	0.615998488964534	NA	1.0031424350441	NA	0.707082135954853	NA	0.255845094636248	0.210306516635137	0.268283365707429
NA	0.494979325247831	1.97045571861654	0.795262060375177	0.639714095597906	0.880278941593003	0.800878762683382	1.02250831189509	NA	NA	0.80075480309674	0.501328101079701	0.997762710656966	0.850517504637157	1.12130142613546	NA	1.50918434419218	NA	NA	0.471128765722397	0.35953074889426	NA	0.681367620513722	NA	0.734763326642541	NA	0.925840167483166	NA	NA	0.703925606143629	NA	0.339355864974447	0.33847218080443	0.422740659446491	0.372007488836323	0.378107910447362	NA	NA	0.533279680643061	0.432115549241911
NA	NA	NA	NA	NA	NA	NA	NA	NA	NA	NA	NA	NA	NA	NA	NA	NA	NA	NA	NA	NA	NA	NA	NA	NA	NA	NA	NA	NA	NA	NA	NA	NA	NA	NA	NA	NA	NA	NA	NA
NA	NA	NA	NA	NA	NA	NA	NA	NA	NA	NA	NA	NA	NA	NA	NA	NA	NA	NA	NA	NA	NA	NA	NA	NA	NA	NA	NA	NA	NA	NA	NA	NA	NA	NA	NA	NA	NA	NA	NA
NA	NA	NA	NA	NA	NA	NA	NA	NA	NA	NA	NA	NA	NA	NA	NA	NA	NA	NA	NA	NA	NA	NA	NA	NA	NA	NA	NA	NA	NA	NA	NA	NA	NA	NA	NA	NA	NA	NA	NA
NA	0.579110795852963	NA	NA	0.3536622939672	0.651343275398409	NA	1.55692477839091	0.9966575498359	0.636796984870518	0.596114569167588	0.459026917972993	1.66087490055905	0.700359757470782	0.679663095713012	0.532938154377196	0.694495918961056	0.423044128671216	0.223503119752638	1.36182148597599	NA	0.87593882399632	1.56057802867608	0.379731626207384	NA	1.61352295738198	NA	0.422445758738357	NA	NA	1.33969796657836	NA	0.521802413747022	0.67798826969091	0.377165563683374	0.986048761622155	NA	NA	0.519779064725956	0.716326386086725
1.33925630047159	1.64739726921453	NA	NA	NA	0.88613719772323	0.957857729946998	0.882535566835244	0.71082386490812	NA	1.04659913775275	1.95821650965683	NA	NA	NA	NA	1.87943074918275	NA	NA	1.93323820087699	0.516042890257004	0.29468660806762	0.388013423773589	0.63925041966873	0.33301701427293	NA	NA	0.486586319002432	0.460362278959237	NA	0.815376009464759	0.668325740470323	NA	0.273578112457154	NA	0.753047668939824	NA	0.463544877200396	NA	0.538422939107474
2.33131241165743	NA	NA	NA	NA	NA	NA	NA	NA	NA	NA	2.04888753666485	NA	1.68417076092419	0.970196845111896	NA	NA	0.84768325882666	NA	NA	2.57779751841218	NA	1.31103052923798	1.82440438184531	1.68032250751248	1.5249445839895	NA	NA	0.935394090130245	NA	NA	NA	NA	0.546570875962745	NA	0.274180756016115	NA	NA	0.464494444129326	NA
NA	NA	NA	NA	NA	NA	NA	NA	NA	NA	NA	NA	NA	NA	NA	NA	NA	NA	NA	NA	NA	NA	NA	NA	NA	NA	NA	NA	NA	NA	NA	NA	NA	NA	NA	NA	NA	NA	NA	NA
1.44889246342265	NA	1.07119610622521	NA	1.7095124155647	1.62254649062584	NA	NA	1.52963716962259	NA	NA	1.66876051370352	NA	1.78338583218704	1.48058561320938	1.40847702998165	1.65270025413402	1.56875543422609	NA	NA	NA	NA	NA	1.18726253107074	1.80755629102059	NA	NA	2.44658749425819	NA	NA	NA	0.751144012241867	NA	0.950620087938388	NA	NA	NA	0.652686605597545	0.826898699145819	NA
2.71396270762385	NA	NA	NA	NA	1.99025030096761	1.74338430070733	2.11021130278773	NA	1.86988978046497	NA	NA	NA	1.58235389912166	NA	NA	NA	1.59716827660876	1.59769879799731	NA	NA	NA	NA	NA	NA	NA	NA	2.05169955804494	0.22245864609344	NA	1.41134627511978	1.54084967246039	0.772453062745508	NA	1.71764035186649	NA	NA	0.272160263258749	1.69762115706829	1.65784819943434
NA	0.686214164738134	NA	1.79779457786007	NA	0.911543039241285	NA	1.54408246916713	0.84978115220669	NA	1.05838418728933	NA	0.748786120894827	0.726075218582994	1.09052746040106	NA	NA	1.05219923922801	NA	0.898095391844794	0.516828834784524	NA	NA	0.403549549214553	NA	0.0952053729982325	0.754405742182571	0.340578610396756	NA	NA	NA	0.398560182415094	0.386658253896228	NA	NA	NA	NA	0.543034629247309	0.448018497093482	0.62367819651678
1.17925581007841	NA	NA	1.35563894842329	NA	NA	0.58503940312444	NA	NA	0.567691240307854	0.606588720402162	NA	NA	0.57365047357853	0.759080596864164	0.771753924686526	NA	NA	NA	NA	NA	NA	1.68519014682292	0.819094864784864	1.14127953304273	NA	NA	NA	0.628137361231097	NA	NA	0.261109048221401	NA	NA	1.58802310077118	NA	NA	NA	0.489351989992665	NA
NA	NA	NA	NA	NA	NA	NA	NA	NA	NA	NA	NA	NA	NA	NA	NA	NA	NA	NA	NA	NA	NA	NA	NA	NA	NA	NA	NA	NA	NA	NA	NA	NA	NA	NA	NA	NA	NA	NA	NA
NA	1.66705987423881	1.64840345716878	NA	1.27991419762026	NA	NA	NA	2.00975894686086	NA	NA	NA	2.77347023240703	NA	NA	2.19752193893043	NA	NA	NA	NA	1.39351793362802	NA	NA	0.770385315654585	0.78487284553455	NA	NA	NA	NA	NA	NA	NA	NA	NA	NA	NA	NA	NA	0.921588919057212	0.722256648110942
0.910960550023086	0.794005090839092	NA	NA	0.789345622789556	0.608448495272624	0.25175103446927	0.452291597529016	0.932104877421933	1.09323817913762	NA	1.07835207054526	0.894508775007807	0.987456321588796	0.606839904470934	NA	NA	0.921264655086628	NA	NA	1.09520054643942	1.14021039740394	NA	0.479337042410493	NA	0.978938013736108	NA	1.36918135441087	1.64025845306664	0.956241458449977	0.40222070848588	0.227760713517605	NA	0.459488425898388	1.89700921058272	NA	NA	0.375947259339576	NA	0.274689585446802
NA	NA	1.69595131306795	1.23051019495157	NA	NA	NA	NA	NA	1.09844602208813	NA	NA	NA	0.796149023329311	1.25065645769811	1.17743177438637	1.44365790216815	NA	NA	0.585946402810143	0.908762525425798	0.757103638039663	0.724095322595484	1.10564659831833	1.34035927276876	NA	NA	1.55247459793079	NA	1.46104015268769	1.2165274627483	0.939438496678497	1.19813986202978	NA	NA	1.23124170267311	NA	1.00480588640075	0.941340785266667	0.804261928528164
NA	NA	NA	NA	NA	NA	NA	NA	NA	NA	NA	NA	NA	NA	NA	NA	0.793022808198172	NA	NA	0.658760030260231	NA	NA	NA	NA	NA	NA	NA	NA	1.0780104333816	NA	0.750106792342176	0.495019231652761	1.42803194854881	0.510196758963927	0.466047826095772	0.284540965822048	NA	0.269455357605182	1.21677052082744	1.03879109106598
NA	NA	NA	NA	NA	NA	NA	NA	NA	NA	NA	NA	NA	NA	NA	NA	NA	NA	NA	NA	NA	NA	NA	NA	NA	NA	NA	NA	NA	NA	NA	NA	NA	NA	NA	NA	NA	NA	NA	NA
NA	NA	NA	NA	NA	NA	NA	NA	NA	NA	NA	NA	NA	NA	NA	NA	NA	NA	NA	NA	NA	NA	NA	NA	NA	NA	NA	NA	NA	NA	NA	NA	NA	NA	NA	NA	NA	NA	NA	NA
NA	NA	NA	NA	NA	NA	NA	NA	NA	NA	NA	NA	NA	NA	NA	NA	NA	NA	NA	NA	NA	NA	NA	NA	NA	NA	NA	NA	NA	NA	NA	NA	NA	NA	NA	NA	NA	NA	NA	NA
NA	NA	NA	NA	NA	NA	NA	NA	NA	NA	NA	NA	NA	NA	NA	NA	NA	NA	NA	NA	NA	NA	NA	NA	NA	NA	NA	NA	NA	NA	NA	NA	NA	NA	NA	NA	NA	NA	NA	NA
NA	NA	NA	NA	NA	NA	NA	NA	NA	NA	NA	NA	NA	NA	NA	NA	NA	NA	NA	NA	NA	NA	NA	NA	NA	NA	NA	NA	NA	NA	NA	NA	NA	NA	NA	NA	NA	NA	NA	NA
NA	NA	NA	NA	NA	NA	NA	NA	NA	NA	NA	NA	NA	NA	NA	NA	NA	NA	NA	NA	NA	NA	NA	NA	NA	NA	NA	NA	NA	NA	NA	NA	NA	NA	NA	NA	NA	NA	NA	NA
1.04982663622218	NA	0.930317547065333	NA	NA	0.35597195933341	0.85706202976853	NA	0.304129072061198	NA	NA	0.423008585214437	0.750981272521064	NA	0.710060396991628	NA	NA	0.80455912957513	0.47154131775993	0.242844857338697	0.430664464715194	NA	0.428724966965634	NA	NA	NA	NA	NA	NA	0.845976391588493	0.889774443355721	NA	0.743704834467698	1.4370098740868	0.706262908727005	NA	NA	0.766689089159991	NA	NA
NA	0.653980647547386	1.91849349630918	NA	1.95233928420723	0.501710867966256	0.544130383738776	0.85543479466486	NA	NA	NA	NA	NA	NA	0.607357307322693	0.617812718328089	0.217210469573221	0.272888656491496	1.42483003443149	NA	1.06585169151291	0.915616953207742	NA	NA	0.636730874280607	NA	0.560301759203762	NA	NA	0.617592314614756	0.923055424813309	0.734016048377044	0.558965333819854	0.480089171815705	0.58908584044718	0.552920240841262	NA	0.965436574238735	0.362351943793241	0.205208604170748
NA	NA	0.653994737594786	0.551205440813996	NA	2.49897257661958	0.229868063565739	NA	0.594712003328741	NA	NA	1.06659045060733	2.00162190485733	NA	1.54563231669298	0.790909801175896	NA	1.1788696306274	NA	NA	NA	0.580694391127312	1.52823797549966	1.5047388143983	1.62388536628455	1.31428940586065	NA	1.66679693847427	0.724561593737801	NA	NA	0.43884672165248	NA	0.822956592762977	0.22218747259974	NA	NA	NA	NA	0.687832781769434
NA	1.88598359442944	2.16687467607657	NA	NA	1.83621648845584	NA	1.50739110252484	NA	2.0049985248958	NA	NA	NA	NA	NA	2.81656085907956	1.61604108561259	2.6808195990287	NA	1.0648903127497	1.27662688954721	2.32819631791049	2.30182770537821	2.33796637190838	1.6753696522732	1.87750072844967	NA	2.59659030215019	2.55562201794419	2.37596341993291	0.844352859804315	0.572948538470368	NA	NA	NA	0.964068640710403	NA	NA	NA	NA
NA	1.82357160423061	NA	NA	NA	1.83187160176045	0.472695236469388	1.97899304475885	NA	NA	NA	1.81991399869662	0.705226195072158	0.639750242915819	0.412590847041038	NA	NA	0.601090032634502	NA	1.28937423553845	0.850525034937673	1.05929204740383	NA	0.457166713584358	1.2893262884445	NA	NA	NA	0.655245103230702	NA	NA	1.94715187942319	NA	0.576298478442905	1.86191461142957	NA	NA	NA	NA	0.348593389435445
NA	NA	NA	NA	NA	NA	NA	NA	NA	NA	NA	NA	NA	NA	NA	NA	NA	NA	NA	NA	NA	NA	NA	NA	NA	NA	NA	NA	NA	NA	NA	NA	NA	NA	NA	NA	NA	NA	NA	NA
NA	NA	NA	NA	NA	NA	NA	NA	NA	NA	NA	NA	NA	NA	NA	NA	NA	NA	NA	NA	NA	NA	NA	NA	NA	NA	NA	NA	NA	NA	NA	NA	NA	NA	NA	NA	NA	NA	NA	NA
2.17927697068578	NA	1.70073264234794	NA	NA	NA	NA	NA	1.2024290444419	1.52784152985995	1.17556954616656	NA	1.12905721524049	NA	NA	NA	0.637454764409355	1.11368220390461	NA	1.21881722520258	0.393892610274932	NA	0.784806263766823	NA	0.370082513877428	NA	NA	NA	NA	NA	NA	NA	NA	0.632232469950715	NA	NA	NA	NA	0.64147192446404	0.562967029465426
NA	NA	0.432002651012441	NA	0.978630808692495	NA	NA	0.335983091088698	0.670550217246492	NA	1.02694996862427	1.18189654302361	NA	0.920473388675159	NA	0.562581148497473	NA	0.886544506023264	1.07097043716239	NA	NA	NA	NA	NA	0.552930182416774	NA	NA	NA	0.425831394234677	NA	NA	NA	NA	NA	NA	NA	NA	0.399053040043054	0.365462175878369	NA
1.58210472097432	NA	NA	1.47873105443932	NA	NA	NA	NA	NA	NA	1.73256855206317	NA	NA	1.58729920123094	1.40579111967117	NA	NA	1.51764677326135	1.6322191354042	1.48163192773243	NA	NA	NA	NA	NA	NA	0.489774639455221	NA	0.715597118166603	NA	NA	1.36403215186728	0.517876719776016	0.695838726885028	0.273184153216115	NA	NA	0.67419828296752	0.569541608142784	NA
NA	NA	NA	NA	NA	NA	NA	NA	NA	NA	NA	NA	NA	NA	NA	NA	NA	NA	NA	NA	NA	NA	NA	NA	NA	NA	NA	NA	NA	NA	NA	NA	NA	NA	NA	NA	NA	NA	NA	NA
0.959917661940068	2.41147074440214	1.32978310767873	1.49258195787031	1.30008686717541	0.913310052256388	0.761510085106097	0.631615922578023	0.33450533517575	0.566121254831189	NA	NA	1.30435001813	1.27520953845041	1.12556343900855	NA	1.68843071282097	0.0988784256581762	0.202908756529208	0.414122316650066	0.749310942648194	0.80620024668832	1.41273847677006	1.7100226361662	1.83462334805522	1.79398701937753	1.76077477747019	1.67848863305254	1.68629603218765	1.90391614425144	2.3891047624546	2.34719831255193	NA	2.06031220679834	1.93368878235327	2.20967546586382	NA	NA	NA	NA
0.696218012437602	1.74419551371387	0.745822755369945	1.15470208226599	1.69870214777937	1.60577979917015	1.02989319474496	NA	1.64715572305496	NA	1.70577551175319	NA	NA	0.395260668901595	0.613615862591685	0.630451631431161	1.54036603090172	0.550103440015419	0.444573473892056	0.908907830235982	0.66298415605947	0.556648342866541	1.15358566833357	0.718318362116765	0.815075578199991	0.69002877037185	0.720716632217181	0.866677972832479	1.09197165613007	0.9289757598612	NA	0.786853638158879	1.08863492982859	0.701016317585452	0.587725096093968	0.608615983886907	NA	NA	0.577919334967685	0.818006821041389
NA	NA	NA	NA	NA	NA	NA	NA	NA	NA	NA	NA	NA	NA	NA	NA	NA	NA	NA	NA	NA	NA	NA	NA	NA	NA	NA	NA	NA	NA	NA	NA	NA	NA	NA	NA	NA	NA	NA	NA
1.18005296067685	1.2644111504662	0.779070496838566	NA	0.498435869823274	NA	0.301741517982445	NA	NA	0.570897623926175	0.987380723482672	0.839424564022773	NA	0.547581893007507	0.797503216730383	0.889225771711671	0.776663888940564	0.729419828696943	1.28089531029568	1.33723940226187	NA	1.4614993051394	1.48989755881328	0.481274654068165	0.550089844392553	NA	1.68924913472383	0.672433298055357	0.693811143551553	0.697179049617731	0.624871411164325	NA	1.80799795406171	0.361570702140749	NA	0.211935948260735	NA	0.358570390270575	0.304198068571883	0.345161696201451
1.27194220860356	NA	NA	0.861958254872527	NA	1.30594858689635	NA	NA	1.27502241364279	NA	1.33324271475277	NA	1.7194144083612	1.66890726910481	1.44372953827531	1.56518322420554	NA	NA	NA	0.907298177927271	NA	0.990351794202372	NA	0.993897494549363	0.89848301448189	NA	NA	NA	0.725137284427707	NA	NA	0.475246954720948	0.695307000618738	1.09680767340844	0.209715334140637	0.454208068899425	NA	NA	0.425223315440614	NA
0.776470672076881	NA	NA	NA	0.836742050607156	0.819979374372832	NA	NA	NA	NA	NA	0.420827403168573	NA	0.543194418825197	0.0859182598427005	NA	NA	0.735387523722112	NA	0.205716003398111	0.553729481224165	0.463122241095582	0.186382260418817	NA	NA	0.621233889899025	NA	NA	NA	NA	0.528445853702082	NA	NA	NA	0.454232916448566	NA	NA	0.471154611899227	0.561685444111314	0.525358179665808
1.97531264469859	0.740848806926562	NA	NA	0.676059017470059	0.298379605132978	NA	NA	0.948862275152183	NA	1.26018795348641	1.23183454425585	1.36353349085989	1.27670385288283	0.719076556894302	0.927037953937713	1.32003325899083	1.17078010509388	0.302478710115566	0.691092020834658	0.525047140205848	1.03158532390072	1.18421482681796	0.484266457267417	0.810401460447567	0.933187378812115	NA	1.18892333926432	0.299449652068974	0.266057489794159	0.159230215134867	0.82006303542785	0.3212686408678	0.586969552523464	0.4929009325277	0.632375534164277	NA	NA	0.61220802910468	0.722023668900461
NA	NA	NA	NA	NA	NA	NA	NA	NA	NA	NA	NA	NA	NA	NA	NA	NA	NA	NA	NA	NA	NA	NA	NA	NA	NA	NA	NA	NA	NA	NA	NA	NA	NA	NA	NA	NA	NA	NA	NA
NA	1.69235604635257	NA	NA	NA	NA	NA	NA	1.9433880493116	NA	NA	1.99170068357024	NA	NA	NA	1.95935617230439	NA	1.9853604842647	NA	NA	NA	NA	NA	NA	NA	NA	NA	NA	NA	1.58851241773173	NA	1.44016707422197	NA	NA	1.77612177965612	2.06596535909189	NA	NA	1.72852409378257	1.30424289641
NA	NA	NA	NA	NA	NA	1.72354439219082	1.146255356707	0.907851520824954	0.798046332899451	NA	1.31999270453456	1.20228722185363	0.978881966763565	NA	NA	0.794898841220961	0.894333183808673	0.799367212116987	NA	0.317543821785781	0.366423368934663	0.925915462329198	NA	NA	0.850433513635964	NA	NA	NA	NA	NA	1.17165135029877	0.698141377651555	NA	0.260635664652341	0.408697318990941	NA	0.200776797343531	0.3239374262137	0.642348265262614
NA	1.04666894186012	NA	NA	NA	1.55208473699326	1.8546817790386	NA	NA	NA	NA	NA	NA	NA	NA	NA	NA	1.84633152548208	1.61758999718084	0.857970990440825	NA	1.37044942746289	1.42127887072313	0.997144777211457	0.92482900764476	NA	NA	0.581087078994822	0.684454623651682	NA	NA	0.521564294752814	NA	NA	NA	0.379273643612856	NA	0.132232503120944	NA	0.658710021760686
2.00167158729776	NA	NA	1.72531133749187	NA	2.15774760182042	0.232530446137231	2.32358954273381	2.87117410465811	2.40160632264206	2.36478213601334	2.79896542360119	NA	NA	NA	NA	2.61291911849901	NA	NA	2.25760525777902	1.97706923213708	1.78396899643613	1.7734062478876	1.71501170623478	0.498668472838731	NA	NA	1.5367194779817	1.39221878748501	NA	NA	NA	1.91328714679596	1.99445949566027	NA	NA	NA	2.04936753207138	2.17421800452568	NA
1.58597031671633	NA	0.905007763347284	NA	1.54120581572088	1.06958603533829	0.774072760810818	NA	0.820207218483337	NA	1.13529904392734	NA	NA	NA	1.54621748675978	NA	1.52043505966362	1.43553763458402	1.35390416270964	NA	NA	NA	NA	0.654883865389903	0.621090853883111	1.48212908171949	NA	0.684287446626064	NA	NA	NA	NA	NA	NA	NA	NA	NA	NA	NA	NA
NA	NA	NA	NA	NA	NA	NA	1.67859837626082	NA	1.34806501597729	NA	NA	NA	NA	1.72296870553544	NA	1.45018606093408	1.82440916279143	NA	1.30402227302632	1.43551616618052	NA	NA	0.753265308620924	NA	NA	NA	0.739473388707718	0.385273433123504	0.628111214004753	0.821522977065142	0.744661816402931	NA	NA	NA	NA	NA	0.359228343711491	0.31807255503345	NA
NA	1.85221811180987	NA	NA	NA	NA	0.370898176944303	NA	NA	NA	NA	1.82287910683603	NA	2.07691369619348	NA	NA	1.50164470694292	1.60412694463637	1.04968131747902	NA	1.12985937182206	1.28155434096671	1.26525313247897	NA	0.398094538292954	NA	NA	0.260560944319567	NA	NA	0.365087882880121	0.613490103920753	NA	0.358730352194243	0.15028373406633	NA	NA	0.36879045873671	0.522047103682392	NA
NA	NA	NA	NA	NA	NA	NA	NA	NA	NA	NA	NA	NA	NA	NA	NA	NA	NA	NA	NA	NA	NA	NA	NA	NA	NA	NA	NA	NA	NA	NA	NA	NA	NA	NA	NA	NA	NA	NA	NA
NA	NA	NA	NA	NA	NA	NA	NA	NA	NA	NA	NA	NA	NA	NA	NA	NA	NA	NA	NA	NA	NA	NA	NA	NA	NA	NA	NA	NA	NA	NA	NA	NA	NA	NA	NA	NA	NA	NA	NA
1.47971308218308	1.67696764769735	1.93890374306618	NA	NA	1.08226365100082	0.620659637299819	0.134043415809676	NA	0.807607216374215	0.974150800211893	1.3589716141901	1.11999669861009	NA	1.03752781058975	1.28600205373485	NA	NA	0.545116885587065	NA	0.698769293305172	1.71971891034331	0.420238411485919	1.17237325333815	0.204940414236299	0.631284066563061	NA	0.46975361861214	0.454705777240637	0.195289652113377	NA	1.53297818312355	0.955626935743359	0.875114536110386	0.153148126951327	0.216699182031594	NA	NA	1.51473121024928	NA
NA	NA	0.758014051758427	0.82651595300538	0.627957098141846	NA	1.14700223727759	1.00676156230396	1.19139292779472	NA	1.36143070260658	1.24340904783572	NA	NA	NA	1.20404544997352	NA	0.795977416680939	0.356619034123651	0.354645549830142	0.820144514583753	0.444175966424545	NA	0.413851830865599	0.341835616319799	0.719282961423792	0.819963408494611	0.597166545704756	0.275768482063974	0.660877979707016	0.978072564762772	0.0472868840055471	0.205145924045178	0.35281120843768	0.436531029346916	0.991575060462247	NA	0.452123767470267	0.33136321024864	NA
NA	NA	NA	NA	NA	NA	NA	NA	NA	NA	NA	NA	NA	NA	NA	NA	NA	NA	NA	NA	NA	NA	NA	NA	NA	NA	NA	NA	NA	NA	NA	NA	NA	NA	NA	NA	NA	NA	NA	NA
NA	1.5028178129782	1.85876257232842	1.57614945484154	1.72275125672981	NA	NA	0.762155900020612	0.956101797076921	NA	NA	NA	0.675347526220208	1.27794611335829	1.19673091770293	1.34830779464936	1.49718045675826	NA	NA	0.927426233501551	NA	1.17599216653326	1.36254423953504	1.25958538883787	NA	0.125897065008313	NA	NA	0.870992125726667	0.557026332629769	1.18528652428077	0.906219222512806	NA	0.98309542307157	NA	NA	NA	NA	0.319686181379101	0.342432647843428
NA	NA	NA	NA	NA	NA	NA	NA	NA	NA	NA	NA	NA	NA	NA	NA	NA	NA	NA	NA	NA	NA	NA	NA	NA	NA	NA	NA	NA	NA	NA	NA	NA	NA	NA	NA	NA	NA	NA	NA
NA	NA	NA	NA	NA	NA	NA	NA	NA	NA	NA	NA	NA	NA	NA	NA	NA	NA	NA	NA	NA	NA	NA	NA	NA	NA	NA	NA	NA	NA	NA	NA	NA	NA	NA	NA	NA	NA	NA	NA
NA	NA	1.09488534837427	NA	NA	1.32383775326432	1.39942017103667	NA	2.10129439444181	NA	1.6866719225367	1.29207913802543	NA	1.73026157670798	1.98568798836642	1.41714190147442	1.32628867315914	1.14456726449416	1.28324855830181	1.92778127162998	0.840349261843471	NA	0.248344468422812	0.515658377937189	0.904548945823095	0.798505876390037	NA	0.893192228707974	0.561950616328429	NA	1.06821378657307	NA	0.32110105682122	2.06451763182556	NA	0.518010817148462	NA	0.361727414276002	0.267600102619574	0.582019480050983
0.329237460802142	0.813010018226675	0.872095068421869	0.640868229169965	NA	0.402939812446914	0.589536344974151	NA	0.609703667738399	0.455183305785771	0.320777787864508	NA	NA	1.24286030729773	NA	NA	1.18473930179698	1.33315002110259	0.970879288243003	0.934433908276818	NA	NA	0.208121294514446	NA	NA	NA	NA	NA	1.05472605717726	0.633128924182527	NA	NA	0.95371255114785	0.781839386323795	NA	0.446918310770416	NA	NA	NA	0.40326898573441
NA	NA	NA	NA	1.35488882517903	NA	NA	NA	NA	NA	NA	NA	NA	1.44567891458025	NA	NA	NA	NA	0.587725412150463	0.514613588844254	1.81620717334064	1.36138339677713	1.30016510748736	1.2121755529585	NA	NA	NA	NA	NA	0.794507245939468	0.667202974365453	0.561426394277978	NA	0.343368079610195	0.441394192504932	0.766315440957758	NA	0.427986997743553	NA	0.408376121446669
NA	NA	NA	NA	NA	NA	NA	0.801625741931283	0.754533827405957	0.916071930106082	NA	1.37027550307838	NA	NA	0.544913471738598	NA	NA	0.203669093095261	0.404944392764753	0.990039000679701	0.496769586233481	0.760196306351152	1.07298527958787	0.255293953293218	0.188355346086704	NA	0.873561530830864	1.23756767298892	NA	NA	0.530023646445794	0.480517207535531	0.942780721911641	0.573026625473085	0.461488186762015	NA	NA	0.358537227521903	0.307808631833151	0.987835534816203
NA	NA	NA	NA	NA	1.15294111663137	NA	NA	1.26083073871819	NA	1.07839056048894	NA	NA	0.999917679541348	NA	NA	NA	NA	NA	NA	NA	NA	1.19834153108329	1.171800087673	0.655483781785803	0.533477095631904	NA	0.486813540748991	0.37589672547575	NA	NA	0.375417575942234	NA	NA	0.46290164932218	NA	NA	NA	NA	NA
NA	NA	NA	NA	NA	NA	NA	0.839890035597815	0.721517815990762	NA	0.494218589123906	NA	NA	0.627858580745877	NA	0.543323086257887	NA	0.787560113998782	NA	NA	0.53492521638367	NA	NA	NA	NA	0.413989590074214	0.938070353928575	NA	NA	0.842618471992603	NA	0.856709531542031	NA	NA	0.59691327797534	NA	NA	0.336251394692274	0.282200531970478	NA
NA	0.752194243022321	0.690811353757288	0.354465413987206	1.73246277028736	0.584701874024818	1.0250708218857	0.47069369184869	0.567403864495298	0.76531699977578	NA	1.22453484390384	NA	1.71830043388603	NA	1.24496560635681	NA	0.962754406715606	0.94759228800644	0.744215030030774	1.55769613955236	NA	1.34660970828894	0.299867097569327	NA	0.988222438528245	0.493460859959194	0.75705590069133	0.629917302824118	1.12326279467469	0.530122162946962	0.897348978492042	1.43839847468291	0.30366463732762	0.995116854883371	1.26334179064798	NA	0.496839604189989	0.535444767898498	1.97645822383881
1.43142211371611	1.86106662031246	1.74132702296602	1.11629468342981	NA	NA	NA	NA	NA	NA	NA	NA	0.633834951568006	NA	NA	NA	NA	NA	1.59067680862425	NA	NA	1.25700996451958	0.952370766758534	NA	NA	NA	2.09214844997987	NA	1.1093400325103	1.12268572045141	NA	0.362998269593449	NA	0.608568937547419	NA	NA	NA	0.754311990568624	0.191273188016999	NA
NA	NA	NA	NA	NA	NA	NA	NA	NA	NA	NA	NA	NA	1.17832683720138	NA	1.40584709411901	0.749153986458808	0.897414295067938	NA	NA	NA	NA	NA	NA	NA	NA	NA	NA	NA	NA	NA	0.646903428156814	NA	0.456564033278053	0.261367194413864	0.312648738571004	NA	0.449609231355971	0.55958893150912	0.577943933199256
0.496960526543783	NA	NA	NA	0.536044208914945	0.745744071443097	0.633093379804077	NA	NA	NA	NA	1.3190013603757	NA	NA	1.44777061558859	NA	NA	NA	NA	0.819266324647348	NA	NA	NA	0.481834301500454	0.552654767333816	NA	NA	0.774050054600789	0.492675471878521	0.915256883872644	0.913077219148882	NA	NA	0.372128598345762	0.778775280165351	0.564182554023257	NA	0.371908793123752	0.343928864777475	0.225322707154153
NA	NA	NA	NA	NA	NA	NA	NA	NA	NA	NA	NA	NA	NA	NA	NA	NA	NA	NA	NA	NA	NA	NA	NA	NA	NA	NA	NA	NA	NA	NA	NA	NA	NA	NA	NA	NA	NA	NA	NA
NA	NA	NA	NA	NA	NA	NA	NA	NA	NA	NA	NA	NA	NA	NA	NA	NA	NA	NA	NA	NA	NA	NA	NA	NA	NA	NA	NA	NA	NA	NA	NA	NA	NA	NA	NA	NA	NA	NA	NA
NA	NA	NA	NA	1.54666314768437	NA	NA	NA	NA	NA	1.04174990733067	NA	NA	NA	NA	NA	1.44816552889807	NA	1.24347378589553	0.438739288161429	1.20092739510824	1.15724520340097	NA	NA	NA	NA	NA	1.71766187025217	0.961288276854543	NA	NA	0.444418173258701	NA	0.712957322271594	NA	NA	NA	NA	NA	NA
NA	NA	NA	NA	NA	1.83298257612097	NA	NA	NA	NA	NA	NA	NA	NA	1.56648260409068	NA	1.42181294367488	NA	NA	NA	1.86660970186088	1.02116227833856	NA	NA	NA	NA	1.30726628034353	NA	1.4708652292518	NA	NA	0.749043778698622	NA	0.420245391511016	NA	NA	NA	0.34236173844591	NA	0.803295094920075
NA	1.23386986770633	1.29376398072583	NA	NA	1.27014216992175	1.26163785418801	NA	NA	NA	NA	NA	NA	NA	1.53001771424213	NA	NA	NA	NA	1.51081008134833	1.71990197089334	1.40694380113446	0.78303447918748	1.04767634037268	NA	0.959222678285825	NA	NA	NA	NA	NA	0.920314084567825	0.715937191582734	NA	0.891083368978111	NA	NA	NA	NA	0.741054369930955
NA	NA	0.971640613209494	NA	NA	0.85671229379056	NA	0.765387332454373	0.836130711900152	0.670189147648444	NA	NA	1.11732442521476	1.20682044378277	1.6026965869581	1.56007932604221	NA	0.890241271350833	0.720155379604973	NA	0.517638073180396	0.444465568139714	0.399925816578102	0.599827050061407	0.325554615787302	NA	0.378729471544593	0.233523876292659	0.631704418541056	0.696220994434809	0.936272387064779	1.1875299832375	0.733579751332763	NA	0.111848884566284	0.530933568114271	NA	0.229634888428235	0.425785072288155	0.670504511882452
NA	NA	0.529396314344731	0.976577883803536	NA	1.15400022865855	0.340012294879679	0.318147459460897	0.917404730301964	NA	0.811272233819931	1.1879901638596	NA	NA	0.988141506461819	NA	1.277596354783	1.28188858992101	1.1852645245331	0.525460592472739	NA	0.835503106280622	NA	1.07951596626392	1.29775542100516	1.03722994548302	0.945803503008536	NA	0.573769201031037	0.477658953486517	NA	NA	1.49604120032723	0.510281477430596	0.964665479107432	0.494676203717898	NA	0.294246493904178	0.438536262519839	0.460404119094174
0.961439808586867	0.904443128812003	0.881097168901326	NA	NA	NA	1.12782572388786	NA	NA	NA	NA	NA	NA	NA	NA	1.00229591864607	1.6154160017923	1.62657349671888	NA	1.34708437748977	NA	0.83912500052781	NA	1.19445299637677	1.01271387133142	NA	1.04846252875509	1.83812247763723	0.82935979539489	NA	0.852459815260002	0.574774177171102	1.92580476585656	0.835596733383807	0.773251492897509	NA	NA	NA	0.691610011363038	0.656166827996081
NA	NA	NA	NA	NA	1.36159461110483	NA	0.401048998566389	0.73747927644839	1.20967717674789	0.505385845773868	NA	NA	NA	NA	NA	0.780699300587736	0.680062807708822	NA	NA	NA	1.45821635189183	NA	1.95094610565299	1.52399029533661	0.846896560293477	0.948057423963443	1.08192600898495	1.03678270978638	NA	NA	1.03910007499287	NA	1.46825999386228	NA	NA	NA	NA	NA	NA
NA	NA	1.1716289538984	NA	NA	NA	NA	0.743319675775734	0.745784340647059	0.890936737976322	NA	NA	1.11487112370063	1.317554501335	1.35366579453989	1.28221886674791	NA	0.841476880552813	0.879342084441757	NA	NA	NA	0.590498001804065	NA	0.411256066728209	NA	0.339115406618686	NA	NA	0.565841854158159	NA	NA	NA	NA	0.331312514991407	0.271876437046508	NA	NA	0.511164122926281	NA
NA	NA	NA	NA	NA	NA	NA	NA	NA	NA	NA	NA	NA	NA	NA	NA	NA	NA	NA	NA	NA	NA	NA	NA	NA	NA	NA	NA	NA	NA	NA	NA	NA	NA	NA	NA	NA	NA	NA	NA
NA	NA	NA	NA	1.03949687086414	NA	NA	NA	NA	1.88808659602871	NA	NA	NA	NA	NA	NA	NA	NA	NA	0.368815028401157	NA	1.80733436826132	0.473546045153661	0.910959936761115	1.01527468324216	NA	NA	0.599881547482282	NA	NA	NA	0.878812793221978	NA	NA	NA	NA	NA	NA	0.592029694702901	NA
2.60843557510453	NA	NA	NA	NA	NA	2.40328576068666	NA	NA	NA	2.01004914160394	NA	0.912810114125383	1.9140257307272	1.95232458871555	NA	3.01557709165103	2.59895816561396	NA	1.37542648161281	NA	NA	NA	NA	NA	2.77906553716189	0.804378417759966	2.61182813324568	NA	NA	NA	NA	0.268037762173258	NA	NA	NA	NA	1.67081690253152	2.24043446552178	1.92589989513054
NA	NA	NA	NA	NA	1.03046879859753	NA	NA	NA	NA	NA	1.63011701948195	NA	0.601443126690286	NA	0.783135191207248	0.508308028126856	NA	NA	NA	NA	0.600007433337462	NA	1.35003975086238	NA	NA	NA	0.30268177645154	NA	NA	NA	0.483656520970124	0.375491153806878	NA	NA	NA	NA	NA	1.06062732952237	1.24494730382574
NA	NA	NA	NA	NA	NA	NA	NA	NA	NA	NA	NA	NA	NA	NA	NA	NA	NA	NA	NA	NA	NA	NA	NA	NA	NA	NA	NA	NA	NA	NA	NA	NA	NA	NA	NA	NA	NA	NA	NA
NA	NA	NA	NA	NA	NA	NA	NA	NA	NA	NA	NA	NA	NA	NA	NA	NA	NA	NA	NA	NA	NA	NA	NA	NA	NA	NA	NA	NA	NA	NA	NA	NA	NA	NA	NA	NA	NA	NA	NA
NA	0.852020240962948	NA	NA	1.66438813444961	0.174832486268071	0.96051886061987	0.57270481372053	0.806668296508372	0.754746706036994	0.205787926215109	0.8035405899226	NA	NA	NA	0.213261957010959	0.977868362087345	0.603104977127092	0.213758963869635	NA	NA	NA	0.316305521086318	0.540423560203929	0.317286080254339	0.517539286875033	NA	0.44685858089431	NA	0.296878264585728	NA	0.3592982982899	0.877035839901112	0.577018555513051	0.189553379551596	0.448927097776626	NA	0.0566983853760771	0.509688816248015	NA
NA	NA	1.17746668943246	NA	NA	0.725518597831963	0.979690676460691	NA	0.32678235120925	NA	NA	0.654859855015667	0.588257665026899	0.612537167846485	0.538336651740654	0.816588002165569	0.748329152210604	NA	0.988687426930245	0.664953427419938	NA	0.779012539874864	0.787383223642713	1.04970060725258	1.00152444226607	NA	NA	0.959327355785449	NA	0.665790520537031	0.450059123708989	0.935351883548991	0.54138139910567	NA	NA	0.182000062517643	NA	NA	0.25513688514061	1.02402760709167
NA	NA	NA	NA	NA	NA	NA	NA	NA	NA	0.991026281417172	1.10287307208854	NA	1.18880994532894	NA	NA	NA	0.7828092277184	0.380305044817321	NA	NA	NA	NA	NA	0.357374859122448	NA	NA	NA	NA	NA	NA	0.315217016988799	NA	0.579570985175814	NA	NA	NA	NA	0.339915229328804	NA
NA	NA	NA	NA	NA	NA	NA	NA	NA	NA	2.25794470262764	NA	2.42849340002323	1.00495477260235	NA	NA	NA	0.966002605820456	NA	NA	NA	NA	1.25521226577881	2.19869518583631	0.361403439449688	1.09079925933029	0.472786356352177	0.346857941719068	NA	0.41774078132117	0.141028630693731	0.140326170800107	0.805271543914078	0.535792061629879	0.945658936573564	0.111244549344387	NA	1.445815589794	1.18002010406835	NA
NA	NA	NA	NA	NA	NA	NA	NA	NA	NA	NA	NA	NA	0.335973702380874	NA	0.281202692653683	0.49280436372376	0.751162214362341	NA	NA	0.531545287599636	0.271936274462666	NA	NA	NA	NA	NA	NA	NA	NA	NA	NA	0.413334496386164	0.526776813666644	NA	0.406288132471989	NA	NA	0.137388503284903	NA
NA	NA	0.494177755086854	NA	0.675654049483488	NA	NA	NA	1.55178275651793	NA	NA	NA	NA	0.0676646251279026	NA	0.786586994918204	NA	NA	0.768021883588672	NA	NA	NA	NA	0.548889816385613	NA	NA	NA	NA	0.344930923542327	NA	0.675126226080413	NA	NA	0.125192410594286	0.411829730646379	NA	NA	0.420169383082328	0.64737741120106	1.53877221657126
NA	NA	NA	NA	NA	NA	NA	NA	NA	NA	NA	NA	NA	NA	NA	NA	NA	NA	NA	NA	NA	NA	NA	NA	NA	NA	NA	NA	NA	NA	NA	NA	NA	NA	NA	NA	NA	NA	NA	NA
NA	NA	NA	NA	NA	0.848964016210679	0.939765250915546	1.55397435188254	0.410131446266886	0.884571164122454	NA	0.504477083378584	2.10534887534976	1.42774144145587	1.39578294139423	1.4430913116733	NA	1.21492356444756	NA	1.83389038770338	1.7740639173019	NA	0.342765556592001	NA	1.10586429483676	0.963850533576232	0.74519350911971	0.658267196385154	NA	0.59181697156832	1.11161891149816	NA	NA	0.757211304788643	NA	NA	NA	NA	0.743158159983735	0.213203924895974
NA	NA	NA	NA	NA	NA	NA	NA	NA	NA	NA	NA	NA	NA	NA	NA	NA	NA	NA	NA	NA	NA	NA	NA	NA	NA	NA	NA	NA	NA	NA	NA	NA	NA	NA	NA	NA	NA	NA	NA
NA	NA	NA	NA	NA	NA	1.4903147068139	1.2595620615763	1.33679851174551	NA	1.6993732908717	NA	1.82299728727305	NA	1.9328084685058	1.99920159632198	1.80737645582293	NA	NA	1.36247520440588	1.2540527633438	NA	0.878137429894511	0.840656721879362	NA	0.781383201020189	NA	0.363676873964903	0.733493697771343	0.661347075688727	NA	0.469185548142918	0.787701443694862	NA	NA	NA	NA	NA	0.172724257910824	0.182673370768425
NA	NA	NA	NA	NA	NA	NA	NA	NA	NA	NA	NA	NA	NA	NA	NA	NA	NA	NA	NA	NA	NA	NA	NA	NA	NA	NA	NA	NA	NA	NA	NA	NA	NA	NA	NA	NA	NA	NA	NA
NA	NA	NA	NA	NA	NA	NA	NA	NA	NA	NA	NA	NA	NA	NA	NA	NA	NA	NA	NA	NA	NA	NA	NA	NA	NA	NA	NA	NA	NA	NA	NA	NA	NA	NA	NA	NA	NA	NA	NA
NA	NA	NA	1.2053201567254	NA	NA	1.36874890659149	NA	0.782302202254161	0.934290771667111	NA	0.924060596299411	NA	0.61571162143883	0.587482209881448	NA	NA	0.922188840889781	NA	0.469506116807769	1.58051978865755	0.753607905374668	1.34028939404077	NA	0.878768788575199	1.38041797144503	NA	2.13678486717723	NA	0.653648841913058	0.822061201533739	NA	NA	0.570838832636988	2.12903350147668	NA	NA	2.70341844313347	NA	2.44173910532082
NA	0.924214176722157	NA	NA	NA	0.726030821365012	NA	0.738834533414364	NA	0.880115111280247	NA	NA	NA	NA	NA	NA	0.472395113352463	0.230895932578934	NA	0.279915335699559	NA	0.453148807571639	NA	NA	0.6226597561451	NA	NA	0.40970791783241	NA	NA	0.98211117954137	0.576635340227448	NA	0.732934180995952	NA	NA	NA	0.766272900087044	NA	0.470066157790093
1.60605290913685	NA	2.2145652221718	NA	NA	2.27619238788164	2.56597837789424	2.64549365156314	2.64401931870432	2.52314151900476	NA	1.52720075767921	NA	2.52413741204173	2.79871766809951	NA	NA	2.80019426033599	NA	NA	2.28071763730878	2.09130919073671	1.83411315280852	1.88101437466144	1.16078998711481	1.21611627651938	1.66443702770891	1.42856803604577	1.62893342268317	1.55184428408533	1.64359367705513	NA	1.32346863582217	1.27017547657551	1.07681581593826	NA	NA	0.615720708643002	0.554728877898497	NA
NA	NA	NA	NA	NA	NA	NA	NA	NA	NA	NA	NA	NA	1.19049836453486	NA	NA	1.20671333703215	NA	NA	NA	NA	NA	NA	NA	1.03413667582552	0.985987888509823	NA	NA	NA	NA	1.42499710287591	0.875385654794495	NA	NA	NA	NA	NA	NA	NA	NA
NA	NA	NA	1.50281113786757	1.09988824969693	1.19316219922077	1.21071932043484	NA	1.19558504089607	1.24607631872714	1.1415821640546	1.17673165765273	NA	1.07677873510835	0.67604947749517	0.759016360563915	NA	0.767688222346227	NA	0.709331895574242	NA	0.241736664525596	NA	0.51115977646221	1.54678572137329	NA	NA	NA	0.623431478613716	NA	NA	0.310078722114354	0.380072312730284	NA	0.315271572239184	0.183663579468671	NA	NA	0.534722401901136	0.521646566370583
NA	1.3738436430037	NA	NA	NA	NA	NA	NA	NA	NA	NA	1.64263268077705	1.44311009772233	NA	1.45441267645291	NA	1.32529007258181	NA	1.44429229304354	1.67233939107862	NA	NA	NA	1.90165608042445	1.00740022124203	NA	NA	0.670289021212921	NA	NA	NA	NA	1.80626767009101	0.477264548806508	1.59686133413653	0.50185090800121	NA	1.66345134606871	1.1728068954466	0.428189525105308
0.601065229720269	1.02843582737201	NA	NA	0.567011372128861	0.628403833199914	0.565519562226837	0.381803829305302	NA	NA	0.64960022156674	NA	NA	1.27170785126242	1.2961614198376	1.04716633015769	1.07949890458009	0.903897118390357	0.817229163663939	0.565123930768928	0.205547350414259	NA	1.01925912320561	0.867286658837077	0.80561485129918	NA	NA	NA	0.765910375837098	0.883793916332444	0.524357102354081	0.673293871876762	0.601035816205934	0.507582133331958	0.338049277699884	0.217956927720845	NA	0.441879317522457	0.566310033966805	0.491525331992258
2.4998398526053	0.742536734702676	1.6511498965996	NA	1.26337744795438	1.00558555372136	0.962827350704849	0.609844731567243	1.89716447124017	0.516691349405279	NA	1.94169435812573	2.13404469924599	NA	NA	NA	1.67227457289451	NA	0.579664592499769	NA	NA	NA	NA	0.878572275491292	NA	0.732074551673778	NA	0.443520513102907	NA	0.6816012479819	0.949781543065613	1.53405022631227	1.51729097716915	NA	2.14170701250273	2.50775099811614	NA	0.262395370082942	1.6160670441716	0.563062003182372
1.29780516689785	NA	NA	NA	1.05776240357447	1.06930528133966	NA	1.61027210052838	2.30966081110618	0.896384695704708	NA	0.862209654889244	2.26758873804383	0.859500874175129	0.767834214471528	NA	1.04274727180727	0.914442082419744	0.812956715494359	NA	NA	NA	0.291719449256839	NA	NA	NA	0.635189120581191	0.771168292199277	0.729171614864273	NA	NA	0.719594447398644	0.761071674722128	NA	0.284395094047998	0.468267367988503	NA	0.466446360998147	0.510653059550468	0.740758494828008
NA	NA	NA	NA	NA	NA	NA	NA	NA	NA	NA	NA	NA	NA	NA	NA	NA	NA	NA	NA	NA	NA	NA	NA	NA	NA	NA	NA	NA	NA	NA	NA	NA	NA	NA	NA	NA	NA	NA	NA
NA	NA	NA	NA	NA	NA	NA	NA	NA	NA	NA	NA	NA	NA	NA	NA	NA	NA	NA	NA	NA	NA	NA	NA	NA	NA	NA	NA	NA	NA	NA	NA	NA	NA	NA	NA	NA	NA	NA	NA
NA	NA	NA	NA	NA	NA	NA	NA	NA	NA	NA	NA	NA	NA	NA	NA	NA	NA	NA	NA	NA	NA	NA	NA	NA	NA	NA	NA	NA	NA	NA	NA	NA	NA	NA	NA	NA	NA	NA	NA
NA	NA	NA	NA	0.611520052219853	NA	1.06479944494341	0.688320062510008	0.908929728952098	NA	1.38691300359848	NA	NA	NA	1.17549520970062	1.17608482170148	0.7774245651543	0.887571982568801	NA	1.01570836868973	NA	0.737274147047002	NA	0.739647598335216	0.527877411167603	0.677177523634218	1.2116941567546	NA	0.778643863297509	NA	NA	0.306998960547213	NA	0.316927147256643	NA	NA	NA	1.02979396220752	0.122802318417372	NA
NA	NA	NA	NA	0.637201802917278	NA	NA	NA	1.0148949528559	0.898732823426511	0.665984660039183	NA	0.485690895082961	NA	0.519276835831317	NA	NA	0.558233801805011	0.657124326606426	NA	0.276719533307485	NA	0.686918984028956	0.739962895039986	NA	0.650487929188564	NA	NA	NA	0.311263632587412	NA	0.693455031444609	0.528719983773871	0.517826394453009	NA	0.430315645736739	NA	0.554228377467644	0.586787714311339	0.584989856164554
NA	NA	NA	1.0874093092567	0.824750829917738	NA	NA	1.0610607310361	0.640923304723698	NA	NA	0.70717270185944	NA	NA	1.02973631775959	NA	NA	0.886557954677866	NA	0.364096405402429	NA	NA	NA	0.303649250289177	0.473926289267869	0.259184074010822	NA	NA	0.746156220893711	2.18224687989066	NA	0.206446062938675	NA	NA	NA	0.430675251217301	NA	1.0660345103007	0.428386314553622	0.142751582070828
NA	NA	NA	NA	NA	NA	NA	NA	NA	NA	NA	NA	NA	NA	NA	NA	NA	NA	NA	NA	NA	NA	NA	NA	NA	NA	NA	NA	NA	NA	NA	NA	NA	NA	NA	NA	NA	NA	NA	NA
NA	NA	NA	NA	NA	1.38822542022342	1.05157238449887	NA	NA	NA	NA	NA	NA	NA	1.06800142355444	NA	NA	0.946740602685559	NA	NA	NA	NA	NA	NA	NA	NA	NA	NA	1.00745865134683	NA	NA	1.28647727465007	NA	2.61581474209514	NA	NA	NA	NA	0.97634335931607	NA
1.32632635319887	NA	1.27820307768654	NA	NA	1.52674337986471	NA	NA	1.17562789472903	NA	NA	NA	NA	NA	0.721764969274448	NA	NA	0.338744397924016	NA	NA	1.03627966939873	NA	0.962348769836297	NA	NA	NA	NA	NA	1.11606734352451	NA	NA	NA	0.627909876024343	0.368081816677999	0.598237529612108	NA	NA	0.660995032661178	1.22685607814178	0.75794232008779
1.80965082623575	NA	NA	NA	1.70830139566505	NA	1.33492555612965	NA	NA	NA	1.85116098737305	1.16768829771776	NA	1.5142343159077	0.957307759536364	NA	NA	1.88038632449761	1.8926511926062	1.56672625500238	0.729354971220294	0.669306099138914	NA	0.242619627170925	NA	NA	NA	NA	NA	NA	NA	1.082065820907	0.639209121663262	NA	NA	NA	NA	0.224587257824745	0.365229011856839	0.36115753581366
NA	NA	NA	NA	NA	NA	NA	NA	NA	NA	NA	NA	NA	NA	NA	NA	NA	NA	NA	NA	NA	NA	NA	NA	NA	NA	NA	NA	NA	NA	NA	NA	NA	NA	NA	NA	NA	NA	NA	NA
NA	NA	NA	NA	NA	NA	NA	NA	NA	NA	NA	NA	NA	NA	NA	NA	NA	NA	NA	NA	NA	NA	NA	NA	NA	NA	NA	NA	NA	NA	NA	NA	NA	NA	NA	NA	NA	NA	NA	NA
NA	NA	1.84458274599795	NA	NA	NA	NA	NA	NA	NA	NA	1.4654720904932	NA	1.46451176363803	1.35370079314443	NA	1.03449363973408	0.748135753233647	NA	NA	NA	NA	NA	1.36119305859937	1.35604435309473	NA	1.57836235454153	1.35846609206668	1.222482503717	0.784921258291544	0.976777672296032	0.506963552881235	NA	0.877011909808377	1.6204851085727	NA	NA	0.41039503652386	NA	NA
NA	1.26434298225295	NA	0.2650353469392	0.936690799752917	0.740686508992243	NA	1.26258251876933	0.960990664484895	1.21458581166122	NA	1.03346840213758	1.10368881623057	1.07446419876637	1.05313998962326	1.11523146728216	0.76091369474801	0.730769000747018	1.04595116596362	NA	1.01735711893373	0.398131108401259	0.495064424971119	NA	0.5361912804423	0.281636022639054	0.580798737621797	NA	0.633992491889299	NA	0.340023429016163	NA	NA	0.4665940863128	0.428780506015462	0.674330969044081	NA	NA	0.634479816524271	0.629537574066792
NA	NA	NA	NA	NA	NA	NA	NA	NA	NA	NA	NA	NA	NA	NA	NA	NA	NA	NA	NA	NA	NA	NA	NA	NA	NA	NA	NA	NA	NA	NA	NA	NA	NA	NA	NA	NA	NA	NA	NA
NA	NA	NA	NA	NA	NA	NA	NA	NA	NA	NA	NA	NA	NA	NA	NA	NA	NA	NA	NA	NA	NA	NA	NA	NA	NA	NA	NA	NA	NA	NA	NA	NA	NA	NA	NA	NA	NA	NA	NA
NA	NA	NA	NA	NA	NA	NA	NA	NA	NA	NA	NA	NA	NA	NA	NA	NA	NA	NA	NA	NA	NA	NA	NA	NA	NA	NA	NA	NA	NA	NA	NA	NA	NA	NA	NA	NA	NA	NA	NA
NA	NA	NA	NA	NA	NA	NA	0.815899950851062	NA	NA	NA	NA	NA	NA	NA	NA	NA	0.800576119263273	NA	0.863802093972898	0.66914480237181	NA	0.497116803744042	0.744123833532	0.3491671713042	0.207809094111364	NA	NA	NA	NA	NA	NA	NA	NA	NA	NA	NA	0.145267811793442	0.489935113224797	NA
NA	NA	NA	NA	NA	NA	NA	NA	NA	NA	NA	NA	NA	NA	NA	NA	NA	NA	NA	NA	NA	NA	NA	NA	NA	NA	NA	NA	NA	NA	NA	NA	NA	NA	NA	NA	NA	NA	NA	NA
NA	NA	0.940273164465462	NA	NA	1.12490480175332	NA	0.996020077605856	1.24422326118865	1.35696635797451	NA	1.6421100954827	0.804806170480662	0.351500087024756	0.177289828543128	2.10772925537458	1.11818923763582	NA	0.845929551953177	NA	NA	0.68241209466836	0.856269955365275	NA	1.21063861470532	NA	1.51513198002188	1.40705037925883	1.56100656649787	0.697895596253314	0.721554427295142	1.28507724981311	0.998497524569842	0.909221094060025	0.562939672028503	0.439343308778621	NA	0.596942865814975	0.273874230895592	0.956632139148948
NA	NA	NA	NA	NA	NA	NA	NA	NA	NA	NA	NA	NA	NA	2.60458350132022	2.21950542561443	2.2155681868916	NA	1.99929029072154	1.78773182695325	2.30878316122794	NA	1.76122316539758	1.78611643594819	NA	NA	NA	NA	NA	NA	NA	NA	NA	NA	1.47019683397749	1.01807024193366	NA	0.495102615202205	1.56576653122153	0.786027890617328
0.871652388518686	NA	NA	0.790738679225665	0.805079374579718	0.944799032788669	0.558902539790892	NA	NA	0.947219646787527	NA	NA	0.60876038701303	NA	0.914514450347965	NA	NA	0.55916742867422	0.32441234403919	0.526712525109683	NA	0.954498851835394	0.439951334139646	NA	0.301576039984644	NA	NA	0.35903476258662	NA	0.384263805416315	0.312285964233561	0.512423158184575	0.253562690764712	0.204088201788157	0.108035412037257	NA	NA	0.126991864855502	0.212677996842532	NA
NA	1.37374296559288	NA	NA	1.60512778852096	NA	NA	NA	0.830340310068696	NA	NA	1.12767534623094	NA	1.17320421425667	1.41928093008793	NA	NA	1.15599876929748	0.942718898032978	NA	NA	NA	0.630413609601268	0.411520231817855	NA	NA	0.841401351199874	0.742868440315883	0.661244019667403	NA	0.539543586905326	0.864232601799795	NA	0.633877165142117	0.395534150465163	NA	NA	NA	NA	0.869971190453345
0.867328528141234	1.38769396654853	1.32256910437894	NA	1.26110510074711	NA	1.23070212750742	NA	0.667522862008488	NA	0.462383940710334	NA	NA	NA	0.473072035850357	0.326100345536982	0.502340606038071	1.68619236796016	NA	0.289481826760033	1.61089494958595	NA	0.663037057759801	NA	0.895647140909888	1.4634880819187	NA	0.259816733958199	0.548821822897786	0.727007885202414	NA	0.501895038678102	0.789812209008302	1.06456619391773	NA	NA	NA	0.838630709501526	0.411147312658799	0.208538648778213
NA	NA	NA	NA	NA	NA	NA	NA	NA	NA	NA	NA	NA	NA	NA	NA	NA	NA	NA	NA	NA	NA	NA	NA	NA	NA	NA	NA	NA	NA	NA	NA	NA	NA	NA	NA	NA	NA	NA	NA
NA	NA	NA	NA	NA	NA	NA	NA	NA	NA	1.1925852921923	NA	NA	0.713146989655333	0.631900848496057	NA	NA	0.678568285915334	NA	NA	NA	NA	1.59311090869871	NA	NA	NA	1.16220450623023	NA	NA	0.89679969162788	NA	NA	NA	NA	NA	0.364794516381051	NA	NA	NA	NA
NA	2.10925178930037	2.09492644355618	2.26297501308221	NA	1.24647138752476	1.0215393091848	0.796435553364955	1.1142429561946	1.10529368861051	1.2210327151925	2.19545181791251	1.37535382975162	1.5733009085831	1.44779353507406	1.38448644562848	1.30076798154543	NA	1.75179579266306	0.963706280469333	1.24665834230356	0.962373142049083	0.712262703360614	NA	1.07236064564784	0.536831210381495	NA	NA	NA	NA	NA	NA	NA	NA	NA	NA	NA	0.407793647842482	0.616156960331315	NA
NA	NA	NA	NA	1.61542491314907	NA	NA	NA	NA	1.95864138950628	NA	NA	NA	NA	NA	NA	NA	1.2647358452397	0.78160259226007	0.800447037191779	0.91659015445628	NA	NA	0.331555167621783	0.197688697687168	0.482648054411053	NA	0.123449491362324	0.806013255897344	0.684161622705046	1.72653251529318	NA	0.543047767511505	NA	0.809079245384126	NA	NA	0.710389387549715	0.512221742261015	0.780666919597828
NA	NA	NA	NA	NA	1.67450095347378	1.38393672126075	1.19120654475029	1.64659936480402	1.60338746220439	NA	1.10580260360832	NA	1.04389074225911	1.23780668259636	1.27544077110538	NA	1.21456664004895	1.00718982242751	0.72545414797541	0.466235889742519	NA	0.580983879410342	NA	NA	NA	NA	NA	NA	NA	NA	NA	0.371984871060549	NA	NA	NA	NA	NA	NA	0.609712155584875
NA	0.781425210435773	0.620284290505434	NA	0.578030682582166	0.701592091262038	0.913313561669181	NA	NA	NA	NA	1.36485723212819	NA	NA	1.75102535955999	NA	1.40588748363385	NA	1.08984597038103	NA	NA	0.85645935841442	1.08373484047788	0.986137036250149	1.46703401090768	1.67098089984924	NA	NA	NA	0.556206778057313	NA	NA	NA	0.421064592763092	0.35328574386643	NA	NA	NA	0.534863737940929	NA
NA	NA	NA	NA	NA	NA	NA	NA	NA	NA	NA	NA	NA	NA	NA	NA	NA	NA	NA	NA	NA	NA	NA	NA	NA	NA	NA	NA	NA	NA	NA	NA	NA	NA	NA	NA	NA	NA	NA	NA
NA	NA	2.66804262083755	NA	2.36186893002362	2.1943402336727	2.32968023354952	2.56236121976403	NA	NA	1.93003250077372	2.45755217666107	NA	NA	2.75654409550194	2.4410049832478	2.51718582482853	2.03158337357772	2.26193219820563	1.799888402051	1.60422865787274	2.06780161450606	NA	1.84746972781516	1.9525040000398	NA	2.69775653553404	NA	NA	2.02361694313858	2.03777812579031	1.97528057520627	NA	NA	1.31359884842693	NA	NA	1.65780647735935	1.88406738708442	1.93432019407332
NA	NA	NA	NA	NA	1.02891738540092	NA	NA	NA	NA	0.586142107979141	NA	NA	0.531733735275877	NA	NA	NA	NA	NA	0.569603215018005	NA	NA	0.890090990220195	NA	NA	NA	NA	NA	NA	NA	0.366094545025131	NA	0.333022584974962	NA	NA	NA	NA	0.320011888620848	NA	0.586399671340658
NA	NA	NA	NA	NA	NA	NA	NA	NA	NA	NA	NA	NA	NA	NA	NA	NA	NA	NA	NA	NA	NA	NA	NA	NA	NA	NA	NA	NA	NA	NA	NA	NA	NA	NA	NA	NA	NA	NA	NA
1.05799349447053	0.979481315576477	NA	NA	NA	1.39970863043428	NA	NA	NA	NA	2.03759611798324	NA	1.28902215038128	1.43738638363437	0.697769935969449	NA	NA	1.26705970398967	NA	NA	NA	1.13179637366478	NA	1.74673623805196	NA	1.7808451968347	1.7106968699701	NA	1.19266959613619	NA	1.12360169602119	1.62643752145056	NA	0.921245426562485	0.899543529802687	0.522308233957207	NA	0.685120074543183	1.16592322931465	NA
NA	1.25180842946525	1.5449213761859	NA	NA	NA	1.29147208440146	0.881103359785832	NA	1.59942041376071	1.00526788768778	1.39800782814668	NA	NA	1.71144335499936	1.74083829601702	1.62019326955626	1.54600585694217	1.73119494143279	1.5556764321568	1.55300412953761	1.03569065261165	0.965115789330531	NA	0.912898684778907	0.831185877306892	NA	NA	NA	1.6816417963246	NA	NA	NA	NA	NA	0.740307586281405	NA	0.288217296545434	0.437381248556663	NA
0.794403802255177	NA	NA	NA	NA	0.522050319117343	0.45272997026764	0.245940703898143	NA	0.418261096804103	NA	1.16382758078947	1.03678765439881	1.19510506527367	NA	NA	1.20669959817888	1.08926668929361	NA	0.529243680627668	0.602264635938318	0.487514758001222	NA	0.502600867140414	NA	NA	NA	NA	NA	NA	NA	1.24675977622972	0.902280650483099	NA	NA	0.909744144397748	NA	0.740644180663353	0.627259806748342	0.905812331021992
1.10870251366059	NA	1.13341307948184	NA	0.840334915469151	0.632560471079231	NA	NA	NA	NA	NA	NA	NA	NA	0.712254543367642	0.850664859887944	0.859827241893815	NA	0.855970944396311	0.734409697162401	0.44203484631742	NA	NA	0.678880419810561	0.75939560571708	NA	0.321613828923405	0.268107820484729	NA	NA	NA	0.464566560437393	0.753643744578879	0.831510151318364	NA	0.283351087680927	NA	0.568870120036398	NA	NA
NA	NA	0.618491950300901	NA	NA	1.65007028867298	0.720519939634709	0.257678424932708	0.381615265744532	0.730038812973961	NA	1.15689925201683	0.830085930185239	0.702699122489388	NA	NA	0.358525118745639	1.25113502885959	NA	NA	NA	0.300875719189845	NA	NA	NA	NA	NA	NA	NA	0.665383110223143	NA	NA	NA	NA	0.385812309879457	0.51898213945359	NA	0.400748285809197	NA	0.2231857676354
NA	NA	NA	NA	NA	NA	NA	NA	NA	NA	NA	NA	NA	NA	NA	NA	NA	NA	NA	NA	NA	NA	NA	NA	NA	NA	NA	NA	NA	NA	NA	NA	NA	NA	NA	NA	NA	NA	NA	NA
1.08823407839966	NA	NA	NA	NA	NA	NA	0.732738878852695	NA	1.03520108569581	1.14966463188747	NA	NA	NA	NA	0.580999751638674	NA	1.26729408534633	NA	0.649646119861713	NA	0.37219025894619	0.274875988049782	NA	0.425837742865992	0.472697520462964	0.388522368902023	NA	0.369577240111271	0.354557239927971	0.492978124183426	0.612008999591318	0.498706738770239	NA	NA	0.558545941381455	NA	0.613352746885117	0.460242289380596	0.679900936554131
1.19238257433499	1.07495270509482	1.16748731508274	1.24584984790024	1.00079802403674	0.696313527543692	NA	1.19931504872771	NA	0.52725289537373	0.580556192414113	NA	NA	NA	0.382208108677431	NA	0.959759038872633	0.728966588386384	1.3024338229562	0.948146185167911	0.984133710794714	1.15437125070027	1.47965257846586	NA	NA	1.94403720848194	NA	NA	NA	NA	NA	1.30221362719019	NA	1.51933410202769	1.36821972685188	NA	NA	NA	NA	NA
NA	NA	NA	NA	NA	NA	NA	NA	NA	NA	NA	NA	NA	NA	NA	NA	NA	NA	NA	NA	NA	NA	NA	NA	NA	NA	NA	NA	NA	NA	NA	NA	NA	NA	NA	NA	NA	NA	NA	NA
NA	NA	NA	NA	NA	NA	NA	NA	NA	NA	NA	NA	NA	NA	NA	NA	NA	NA	NA	NA	NA	NA	NA	NA	NA	NA	NA	NA	NA	NA	NA	NA	NA	NA	NA	NA	NA	NA	NA	NA
NA	NA	NA	NA	NA	NA	NA	NA	NA	NA	NA	NA	NA	NA	NA	NA	NA	NA	NA	NA	NA	NA	NA	NA	NA	NA	NA	NA	NA	NA	NA	NA	NA	NA	NA	NA	NA	NA	NA	NA
NA	NA	NA	NA	NA	NA	NA	NA	NA	NA	NA	NA	NA	NA	NA	NA	NA	NA	NA	NA	NA	NA	NA	NA	NA	NA	NA	NA	NA	NA	NA	NA	NA	NA	NA	NA	NA	NA	NA	NA
NA	NA	NA	NA	NA	NA	NA	NA	NA	NA	NA	NA	NA	NA	NA	NA	NA	NA	NA	NA	NA	NA	NA	NA	NA	NA	NA	NA	NA	NA	NA	NA	NA	NA	NA	NA	NA	NA	NA	NA
NA	NA	NA	NA	NA	NA	NA	NA	NA	NA	NA	NA	NA	NA	NA	NA	NA	NA	NA	NA	NA	NA	NA	NA	NA	NA	NA	NA	NA	NA	NA	NA	NA	NA	NA	NA	NA	NA	NA	NA
1.59411015706109	NA	1.8266504176666	NA	1.93826528825925	1.89551253415443	NA	NA	2.76256299796409	NA	NA	NA	NA	NA	NA	NA	NA	NA	NA	NA	NA	NA	NA	NA	2.01586219597474	NA	NA	NA	NA	NA	NA	NA	NA	NA	0.721005538334499	NA	NA	0.617324048360517	NA	0.360806814765009
1.19283504285269	1.9399773512461	1.7521357605423	NA	NA	NA	1.64844459263972	1.49039613830209	NA	NA	1.06671258698069	1.21879532767309	NA	0.854544715228928	1.57824536411049	NA	NA	1.2247090073024	1.03053369552491	0.83773232178137	1.00317862955117	1.15764149325596	0.491062509097603	0.848239828628977	0.149544911826653	1.54738600994992	1.57193676811563	1.07197614545969	0.833771193754708	0.429653939194905	NA	NA	NA	NA	NA	0.431869191372499	NA	0.188959866870768	0.435888687560305	NA
0.639327644804956	NA	NA	0.81297384660769	NA	NA	NA	0.57664299359367	NA	NA	1.01038222837828	NA	NA	NA	0.97336075028696	NA	NA	NA	NA	NA	0.669806606947996	NA	0.34407784681535	NA	0.48894607270512	NA	NA	NA	0.942262682384425	NA	NA	0.458596913355963	0.946651157987057	0.139159890275206	0.300173246848834	0.501372986695712	NA	NA	0.202720088061203	NA
NA	NA	NA	NA	NA	NA	NA	NA	NA	NA	NA	NA	NA	NA	NA	NA	NA	NA	NA	NA	NA	NA	NA	NA	NA	NA	NA	NA	NA	NA	NA	NA	NA	NA	NA	NA	NA	NA	NA	NA
NA	NA	NA	NA	NA	NA	NA	NA	NA	NA	NA	NA	NA	NA	NA	NA	NA	NA	NA	NA	NA	NA	NA	NA	NA	NA	NA	NA	NA	NA	0.423285809401286	0.0986668766197108	0.0694623813918282	0.244647447285339	0.34379052235754	0.252732120454973	NA	0.037568635973992	0.235968122854291	0.469322931017455
NA	NA	NA	0.542613570002562	0.200885667070048	NA	0.486092930220283	NA	NA	NA	NA	NA	NA	1.22472710947613	0.24138396324557	NA	1.39867924631397	NA	NA	0.563415777216622	NA	NA	0.520511409415637	NA	0.614100378379825	0.120547875547519	NA	NA	0.680403358412275	NA	NA	NA	0.299799956211538	NA	NA	NA	NA	NA	NA	0.197308722238176
NA	NA	NA	NA	NA	NA	NA	NA	NA	NA	NA	NA	NA	NA	NA	NA	NA	NA	NA	NA	NA	NA	NA	NA	NA	NA	NA	NA	NA	NA	NA	NA	NA	NA	NA	NA	NA	NA	NA	NA
0.7049588819434	0.927034195948846	2.1410255321481	1.31151039239504	1.24300140601177	1.23278105369652	1.93851929238731	1.57728703903705	1.33846615550108	1.80281218997269	1.52448673306198	2.00384469789127	1.53525532848544	1.51255904595049	1.37976069019929	1.5791872199012	NA	1.40964246282663	NA	NA	NA	NA	1.09232283684276	1.04806091536725	1.61111602017012	1.29335685785873	0.852253851763612	0.497099143160682	0.948813840551969	NA	0.537409624265466	0.0860124323959475	0.97492121336683	2.14760523565338	NA	1.86693477313752	NA	1.47776986414413	0.946629003477323	0.713302257590415
NA	NA	NA	NA	NA	NA	NA	NA	NA	NA	NA	NA	NA	NA	NA	NA	NA	NA	NA	NA	NA	NA	NA	NA	NA	NA	NA	NA	NA	NA	NA	NA	NA	NA	NA	NA	NA	NA	NA	NA
NA	NA	NA	NA	NA	NA	NA	NA	NA	NA	NA	NA	NA	NA	NA	NA	NA	NA	NA	NA	NA	NA	NA	NA	NA	NA	NA	NA	NA	NA	NA	NA	NA	NA	NA	NA	NA	NA	NA	NA
NA	NA	NA	NA	NA	NA	NA	NA	NA	NA	NA	NA	NA	NA	1.31500714021654	NA	NA	NA	NA	NA	NA	NA	NA	3.36695534272654	NA	3.29652265244434	NA	NA	NA	NA	NA	NA	2.00814501643942	2.1262417147909	NA	NA	NA	NA	2.54032034435015	2.8790019880063
1.03154196691378	NA	NA	NA	NA	NA	NA	NA	NA	NA	NA	NA	NA	NA	NA	NA	1.78637035454328	NA	NA	NA	NA	NA	NA	0.887155030099458	NA	NA	NA	NA	0.632532025725641	NA	NA	NA	0.908407674206219	0.3544761321517	0.519731875830814	0.505999511305405	NA	0.583780666536315	0.27783692999791	0.310449748642799
2.12526428671873	0.485825016917968	1.34050128040508	0.79916293747155	0.246975923287881	1.59831778132406	1.99233418380534	1.54706531337488	1.52275332968603	NA	1.39336125152013	0.529339447039947	1.03370373065219	1.45722664599158	1.49648292119663	NA	1.85168346994015	NA	0.41432280000408	NA	1.08871078228415	1.29601185194525	2.02217391299732	0.875073839776647	0.357132694402322	NA	1.99765357781079	1.33938766260618	0.0776933641449024	0.541530918673909	0.936341158636076	0.760568455768829	0.633166780777056	1.44054450991071	NA	1.73213552426996	NA	NA	1.87686270976466	0.706956910036925
NA	NA	1.21079331338225	1.06889226426035	NA	1.33282005336817	1.50359382661804	NA	1.8512899924638	0.938058585253311	1.08073449189977	NA	NA	1.45993713684988	NA	NA	1.41990941289564	NA	NA	0.909246045793585	NA	0.808681365235888	0.378221250115927	NA	0.732281598312889	NA	NA	0.707923715512483	0.752790921086594	NA	0.526798781377657	NA	NA	0.376099259493051	0.427363674179598	NA	NA	0.286822190715233	0.530423262276347	NA
NA	NA	0.780912642813947	1.4292676109169	0.561739375561778	0.711984994572854	NA	NA	1.17617828576243	1.13654619090467	0.452115816912305	NA	0.960432027478755	NA	0.804070514206785	0.578905794850195	NA	0.327255723477821	0.649010745090808	0.401168606676904	0.263173208422176	0.239367363671257	0.175528478102117	NA	NA	NA	NA	0.507941289876361	0.346199090897824	0.62361756573399	NA	0.412502785569865	0.330587532187895	0.318080105284834	0.349467873615586	0.338549070408742	NA	0.128766891432118	NA	0.467341701002855
1.24127438070983	0.348758872812479	0.30046825777796	0.227747029802811	0.63803592779921	NA	NA	NA	0.477436797104477	NA	NA	0.504196549926094	NA	NA	2.34499678397361	0.559190308218765	0.715232554031161	0.625761831253432	NA	NA	0.80261071933537	0.570623736624134	NA	0.477421753604838	0.525455081690955	0.539697862085789	NA	NA	NA	NA	0.64734065128856	1.03765518027245	0.674745819124021	0.655430708011947	NA	NA	NA	NA	0.402617443239501	0.340503555253207
NA	1.36931815613208	1.47246950950137	2.34221438774311	2.04461505512147	NA	2.22835878279012	3.16634113871283	0.575300354664432	NA	2.46261272398898	2.85239005410838	NA	2.90121128622833	3.32208683462146	2.8702864574666	3.14288583895464	3.0803816002914	2.57901259612964	2.28886012892146	2.85073975117347	1.85203456369337	0.397877436679571	NA	0.536403319869197	NA	NA	0.202816847973467	0.93363275990395	0.648933871553914	1.06852020809872	0.240741322683908	0.751824390911363	0.285824147470074	0.155571679883562	0.33970881142562	NA	0.552519708979192	1.59638153043044	0.689403971918713
0.752933937614561	0.805326437367532	0.830831007394843	NA	NA	NA	1.22758087301816	0.873245520303478	NA	NA	0.52983195496519	NA	NA	0.649886657915539	0.891550148687614	NA	1.09151193843257	NA	0.873092566711535	0.380040289720561	0.660419847015025	NA	0.726454886883214	0.664336790203954	NA	NA	NA	1.03162001746994	NA	0.64410602159708	NA	0.878773357000305	NA	NA	0.496647968932901	NA	NA	NA	0.470828823548406	0.345288116428042
NA	NA	NA	NA	NA	NA	NA	NA	NA	NA	NA	NA	NA	NA	NA	NA	NA	NA	NA	NA	NA	NA	NA	NA	NA	NA	NA	NA	NA	NA	NA	NA	NA	NA	NA	NA	NA	NA	NA	NA
NA	NA	NA	NA	NA	1.3115653655236	0.919030390415728	1.24153202893569	NA	NA	1.64016296971819	1.78825707776272	1.48290384096864	NA	1.39437877507322	NA	NA	1.2612428154909	1.40623760469644	NA	NA	NA	NA	0.57191643565345	0.862232073479498	NA	1.03457947346421	0.974659408455698	NA	NA	NA	NA	NA	0.296962797937323	NA	NA	NA	NA	NA	0.424591203178682
0.77516155861271	NA	NA	NA	NA	NA	1.21909704098101	NA	NA	NA	1.33181750200328	NA	NA	NA	NA	NA	1.3953341565568	NA	NA	1.38766707886432	1.04106025504188	NA	0.554435083579793	0.450525807564058	NA	NA	0.427140202714336	NA	0.969495445832713	NA	NA	NA	0.264531207670226	NA	NA	NA	NA	0.248860003984223	0.720872337993157	0.711940171268336
2.25873713458421	2.0537503475612	1.99012480293804	1.94328530125443	1.52559717900785	0.449898296657589	1.81976619055675	1.71956738150019	1.41597888751578	2.20530223235694	1.91683025535716	2.23554687648324	1.34774975912413	2.15261625996741	0.592471496755203	NA	NA	0.831827597787693	NA	2.15314958271816	0.769175652225694	0.859014673996011	NA	0.795115712885423	0.688588034505718	0.996068860326879	NA	0.979267281914093	0.552443339869899	0.431613313057223	1.90075758363796	0.545670660150427	0.967550045345524	1.06744598500187	0.147591874769504	1.16676352288979	NA	0.75637015067927	0.521565624629794	1.32545031613991
NA	NA	NA	NA	NA	NA	NA	NA	NA	NA	NA	NA	1.7662537804824	NA	NA	1.52044522120737	1.11712738097287	1.19870810937642	1.23358961845003	NA	NA	NA	1.17791535722945	1.55099840052902	0.590471340330881	1.30217776263087	0.674879053368843	0.92719877083036	0.844561553245542	0.591614146786201	0.953347680345178	0.694486357209331	0.524169920955472	0.372632470936005	0.488991252142231	0.427394375635091	NA	NA	0.486338414974242	0.605956713053089
1.81520904289068	1.86585158737988	NA	0.582752902124361	1.77054175211565	1.66792080246041	NA	1.45703928885846	NA	NA	1.81274692481232	NA	1.54373921208017	1.5343843721528	1.59393186667585	NA	NA	NA	NA	NA	1.09034613101002	NA	1.32160611958996	1.51012563745405	0.639248965141266	1.90413154492047	NA	1.87959877308029	1.68056384779542	1.79414808821512	0.92015677423471	1.34781246489531	NA	0.850330200362282	NA	0.5646845766539	NA	NA	1.22976534497645	1.53152842918751
NA	NA	NA	NA	0.807365190681617	NA	1.11238071355887	NA	NA	NA	NA	1.68873282741622	NA	1.32600126625243	NA	NA	NA	NA	NA	NA	NA	NA	0.880311236323807	NA	0.865012413933531	1.04285526855951	NA	0.414492612797981	NA	NA	0.53241423499823	0.625033168168252	0.406936445324518	NA	0.372035628309847	NA	NA	1.26761420324635	0.636206371629882	0.490891049834586
NA	NA	NA	NA	NA	NA	NA	NA	NA	NA	NA	NA	NA	NA	NA	NA	NA	NA	NA	NA	NA	NA	NA	NA	NA	NA	NA	NA	NA	NA	NA	NA	NA	NA	NA	NA	NA	NA	NA	NA
NA	0.323983177718081	NA	NA	NA	0.671808710780688	0.754498155253682	0.813205023180834	NA	NA	NA	0.880969409397628	0.998695639154434	0.942697908453455	NA	1.27493219846838	NA	NA	NA	0.990721885610929	NA	0.340389500484641	NA	NA	0.172966109623791	0.496792675455715	NA	NA	0.700104472580273	0.466064350760161	NA	NA	NA	0.259320342191054	0.581963759319873	NA	NA	0.276160678025945	1.37723417355267	0.866343418670575
NA	1.16547606664135	0.918777304205157	0.998222091377944	NA	0.723859635781655	1.3760544899559	NA	1.10336130350635	1.33227027825813	NA	1.51221216882311	NA	NA	NA	NA	NA	NA	1.4367562026891	NA	NA	2.32659287414406	NA	NA	NA	NA	NA	1.06703949209564	1.02973121954289	NA	0.911688608001802	0.951100568568785	0.917330150373432	1.32198496916335	0.549266680795932	0.306762854374056	NA	0.19979683099253	0.537248339829091	0.415146521363631
NA	NA	NA	NA	NA	NA	NA	NA	NA	NA	NA	NA	NA	NA	NA	NA	NA	NA	NA	NA	NA	NA	NA	NA	NA	NA	NA	NA	NA	NA	NA	NA	NA	NA	NA	NA	NA	NA	NA	NA
NA	NA	NA	NA	NA	NA	NA	NA	NA	NA	NA	NA	NA	NA	NA	NA	NA	NA	NA	NA	NA	NA	NA	NA	NA	NA	NA	NA	NA	NA	NA	NA	NA	NA	NA	NA	NA	NA	NA	NA
NA	NA	0.927830623571571	NA	0.587554984454543	NA	0.862851782967078	NA	NA	NA	0.522016254461895	0.540976865320719	0.807908132808738	0.931787879033489	0.938347008485111	0.965775049658044	0.749599527735908	NA	NA	0.247876601409259	NA	0.422085636835487	0.0580597447819946	0.388968595051509	NA	NA	NA	0.337965031562274	NA	0.324170856998039	NA	0.520099659675802	0.720720142900916	0.155235695366703	0.483185775130546	0.454796867017134	NA	NA	0.127366397733809	0.312344528822222
NA	NA	NA	NA	NA	NA	NA	NA	NA	NA	NA	NA	NA	NA	NA	NA	NA	NA	NA	NA	NA	NA	NA	NA	NA	NA	NA	NA	NA	NA	NA	NA	NA	NA	NA	NA	NA	NA	NA	NA
NA	NA	NA	NA	1.00807245049497	NA	NA	NA	NA	NA	NA	NA	0.963892141681382	NA	NA	NA	NA	NA	NA	0.317797247125757	1.36580021139172	0.672894003163494	NA	NA	0.646956998590629	2.13043874451514	NA	0.446645851849189	NA	NA	NA	0.851943455352543	NA	NA	NA	NA	NA	NA	0.922333761215961	NA
NA	NA	NA	NA	NA	NA	NA	NA	NA	NA	NA	NA	NA	NA	NA	NA	NA	NA	NA	NA	NA	NA	NA	NA	NA	NA	NA	NA	NA	NA	NA	NA	NA	NA	NA	NA	NA	NA	NA	NA
NA	0.898910303291858	NA	NA	NA	0.69637631330938	0.718967424514282	0.740517980628831	0.66597960047412	NA	0.998199616036516	NA	NA	1.13510814959819	NA	NA	1.12901077561473	1.00690284048416	0.811538668484677	NA	NA	1.24651960220566	NA	0.320861811665295	0.602535917263506	NA	NA	NA	NA	1.25794878201753	0.40033008361925	0.264636339810803	NA	NA	NA	NA	NA	0.332511201648965	0.430680807746932	0.999089732312936
1.91948481099678	1.95106098117224	0.979667451992432	NA	0.536944278378858	0.678349512007578	0.99185547930618	1.40402224616065	1.94482261598613	1.15416864511224	NA	0.681737109486818	NA	NA	1.19836357769892	1.2582799433295	1.49469565279393	1.71868050684981	1.64408409603494	0.853994405981883	1.62609512041915	0.773384042297512	0.693079778630322	NA	0.654317605495753	0.498770111668215	0.414606522042052	0.412507829819286	0.713856740636697	0.550179463466298	0.38270116354672	0.505310806092437	0.535194615156862	0.581850788163762	0.542835799050925	0.279150150210178	NA	0.186023855332447	0.491523942503294	1.7968607296357
NA	0.734775090813631	0.265506171958126	NA	NA	NA	1.15262844408827	NA	1.25421864897526	1.22101601968097	1.00197300726235	NA	1.08279890817883	0.789677013023048	1.14953956338832	0.587464192377783	1.20062986729894	1.07648105284114	NA	NA	1.16510923893667	NA	0.273517106651287	NA	0.32006472186855	0.343113600356147	0.159288432036126	0.191209672970748	NA	NA	0.305808193857082	0.585029705727356	0.516901228811689	0.492855529347878	0.495456736116344	0.483142550191459	NA	0.664082517100229	0.570446263960894	0.415275492168452
NA	NA	NA	NA	NA	NA	NA	1.67971540518116	NA	NA	NA	NA	NA	NA	NA	NA	NA	1.27227285848563	1.20930296512001	NA	1.56849224372606	0.468368644150686	0.539560508674507	0.196857391205923	0.564323954287164	0.725612858656961	NA	NA	0.411558998504036	0.438521519822866	0.484105116868061	0.511228725963167	0.606604040859835	NA	NA	0.232115806399082	NA	NA	0.396983833020691	NA
0.562576873874581	NA	0.581424732002597	0.701820973448916	NA	0.958229733081191	0.557715903649262	1.00143093718535	0.648127354838202	NA	NA	NA	0.885046490811736	1.20459105367421	0.979993634376091	NA	NA	NA	0.682028535380622	0.474517301397533	0.61467071382144	0.74182333656991	0.541799612478645	0.446316849080753	0.469678557094054	0.213720058537274	NA	0.161704230672895	0.51108379674057	NA	NA	0.766071590356924	0.457054239685872	0.406512685217183	NA	0.387123375171392	NA	0.304426844101208	0.53661773143924	0.251087085248132
NA	NA	0.937023150351901	NA	NA	NA	1.11519010503933	1.0567471399228	NA	0.873043087509988	1.2778575333689	1.1575379280693	NA	0.80016799800388	0.634895812854528	NA	1.20287419199276	1.00041468488056	NA	1.01292749927149	NA	0.478195068305123	0.624695471779536	0.755551581359335	0.530849640160488	0.807191964385032	1.15977480453191	0.794907064853044	NA	0.495439111003004	1.23399102417129	0.545664530509651	0.787258345117243	0.985261309844489	0.997027971147158	0.79196436247351	NA	NA	0.584260625177663	0.57904444033634
NA	NA	NA	NA	NA	NA	NA	NA	NA	NA	NA	NA	NA	NA	NA	NA	NA	NA	NA	NA	NA	NA	NA	NA	NA	NA	NA	NA	NA	NA	NA	NA	NA	NA	NA	NA	NA	NA	NA	NA
NA	NA	NA	NA	NA	NA	NA	NA	NA	NA	NA	NA	NA	NA	NA	NA	NA	NA	NA	NA	NA	NA	NA	NA	NA	NA	NA	NA	NA	NA	NA	NA	NA	NA	NA	NA	NA	NA	NA	NA
NA	NA	NA	NA	NA	NA	NA	NA	NA	NA	NA	NA	NA	NA	NA	NA	1.97273759332879	NA	NA	NA	NA	NA	NA	NA	NA	NA	NA	NA	NA	NA	0.62014884268571	0.827689553516916	0.37248445873181	0.0723765589423227	0.474362072326287	0.448348599485329	NA	0.372342904219614	0.188396688653585	0.038134487972327
2.08214180106723	0.433162960215282	1.02320110920602	NA	NA	1.27955798993105	NA	1.10717095070957	NA	1.28223850716479	1.44905078879444	NA	NA	1.67356336628866	1.60527254806453	1.276818502914	1.85692344134975	2.03316153574258	1.99469103880517	1.82255842580694	NA	0.51238649772236	0.541696524544974	0.54453057788474	0.72633127836	NA	0.616854546138139	0.186741161382882	NA	0.88649257278485	2.20987015783878	0.774703743146446	1.27217199440013	0.852674911453492	1.08415498248851	0.134983104333932	NA	0.365260085330511	1.21414845124361	1.29030632181014
NA	1.55234573811974	NA	1.54886605798046	NA	NA	1.03685056562626	1.017482040884	1.16929755815654	NA	1.27320651488676	1.05754895828542	0.780437038385349	NA	NA	NA	NA	NA	NA	0.299741945495902	NA	1.28017068398633	1.25669830577559	1.329795256636	NA	NA	1.46034430678952	NA	NA	1.11900801073083	NA	1.19486168272537	0.898649182042169	0.974899651596634	NA	0.37344509363947	NA	NA	NA	1.39677571333748
1.34640408867016	1.0748374211564	NA	NA	NA	NA	NA	NA	NA	NA	NA	NA	0.770195464841343	0.557487443708757	1.02238885498766	NA	NA	1.0159606351383	NA	NA	1.02439750428484	NA	NA	1.32382574808186	NA	NA	1.1438140615639	NA	NA	NA	NA	NA	1.17117952765371	0.873607884958991	0.588319731802558	0.471008656442624	NA	0.620572017666273	0.408136639118062	1.09762705138604
NA	NA	NA	NA	NA	NA	NA	NA	NA	NA	NA	NA	NA	NA	NA	NA	NA	NA	NA	NA	1.36728962255384	NA	NA	NA	NA	NA	NA	NA	0.447010051722494	0.54637362629469	NA	NA	NA	NA	0.341367927594476	NA	NA	NA	NA	1.02946873531216
NA	NA	NA	NA	NA	NA	NA	NA	NA	NA	NA	NA	NA	NA	NA	NA	NA	NA	NA	NA	NA	NA	NA	NA	NA	NA	NA	NA	NA	NA	NA	NA	NA	NA	NA	NA	NA	NA	NA	NA
NA	NA	NA	NA	NA	NA	NA	NA	NA	NA	NA	NA	NA	NA	NA	NA	NA	NA	NA	NA	NA	NA	NA	NA	NA	NA	NA	NA	NA	NA	NA	NA	NA	NA	NA	NA	NA	NA	NA	NA
NA	NA	NA	NA	NA	NA	NA	NA	NA	NA	NA	NA	NA	NA	NA	NA	NA	NA	NA	NA	NA	NA	NA	NA	NA	NA	NA	NA	NA	NA	NA	NA	NA	NA	NA	NA	NA	NA	NA	NA
NA	NA	NA	NA	0.466441836297728	NA	0.466642315932971	NA	1.0584196368084	NA	0.375774339923754	NA	NA	NA	NA	NA	NA	1.53532492316596	NA	0.548335650919875	NA	1.82651190195766	NA	1.72817274204358	NA	1.69804504221982	NA	0.535619406353433	0.381614417532722	NA	1.01697049908684	0.60683883266664	1.50276428550562	1.55225286293373	0.986004931546841	0.551387426329695	NA	0.850880945189304	0.250608368983999	1.03547642493325
NA	NA	NA	NA	NA	NA	0.833586431326697	0.630627806768753	NA	NA	NA	0.963439329005285	NA	1.06305495312979	0.926716170095125	NA	NA	1.12039760065157	NA	0.977278832302851	0.613050438543517	1.03846768265848	0.483837580621494	0.273362858650697	NA	NA	NA	1.01918793478975	0.410358524598244	0.698648699873508	NA	0.268458711418709	0.50608807804629	0.754624060367197	NA	NA	NA	0.856155438999048	0.991279685705356	NA
NA	NA	NA	NA	0.396089803633488	NA	NA	NA	NA	0.501868858848366	NA	NA	NA	NA	1.50905430695364	NA	NA	NA	NA	0.488589691559616	NA	NA	0.684771301020893	0.562990638163267	0.759954041704374	0.538753752776993	NA	NA	0.728725532612017	0.534927728437116	0.715597082896141	0.775587156891345	0.767779236375926	NA	0.747933376797091	0.69390080544522	NA	0.546164437504087	0.571444003174994	0.867266557121887
NA	NA	NA	NA	NA	NA	NA	NA	NA	NA	NA	NA	NA	NA	NA	NA	NA	NA	NA	NA	NA	NA	NA	NA	NA	NA	NA	NA	NA	NA	NA	NA	NA	NA	NA	NA	NA	NA	NA	NA
NA	NA	NA	NA	NA	NA	NA	NA	NA	NA	NA	NA	NA	NA	NA	NA	NA	NA	NA	NA	NA	NA	NA	NA	NA	NA	NA	NA	NA	NA	NA	NA	NA	NA	NA	NA	NA	NA	NA	NA
1.28359232342359	1.21961604639795	NA	NA	NA	2.13126619443183	NA	1.74540645994692	1.67546968193315	1.96928087997411	NA	NA	2.51303408413092	NA	2.61132893505468	NA	NA	NA	1.80656799073146	1.65123135731976	2.34245943627813	1.72157783711555	1.65302988405508	1.64042178979961	1.64898245954491	2.41831352962328	NA	2.45796160092558	2.59124880650793	NA	NA	2.10464605562708	NA	1.83529456829546	1.70237274720698	NA	NA	NA	NA	NA
NA	2.59140526297791	2.47934811667402	NA	NA	3.17983512824797	3.09844405383567	NA	2.59909421486945	NA	NA	NA	NA	NA	3.0321306843738	NA	2.74843814884855	2.29341377652052	NA	NA	3.14098645556779	2.91621681176925	NA	3.15568294161618	NA	2.86945956941466	NA	2.09873897158975	NA	NA	NA	NA	NA	2.75492922104273	2.02007809648016	1.61019087332093	NA	1.7212967253759	0.968193884436326	2.20505042319865
NA	NA	NA	NA	NA	NA	NA	NA	NA	NA	NA	NA	NA	NA	NA	NA	NA	NA	NA	NA	NA	NA	NA	NA	NA	NA	NA	NA	NA	NA	NA	NA	NA	NA	NA	NA	NA	NA	NA	NA
NA	NA	1.83633957976981	NA	1.8361947034754	1.44964152631047	1.69479559572174	NA	1.64088387655356	NA	NA	NA	NA	1.20406512694996	0.722859561529983	NA	1.54922519916115	1.22839199862188	1.62249348111869	NA	NA	NA	NA	0.246582643709825	0.498676906905909	NA	0.73760862786444	NA	NA	NA	NA	NA	NA	0.768030527434733	NA	NA	NA	NA	0.702740176465247	0.950431444516152
NA	NA	NA	NA	NA	NA	NA	NA	NA	NA	NA	NA	NA	NA	NA	NA	NA	NA	NA	NA	NA	NA	NA	NA	NA	NA	NA	NA	NA	NA	NA	NA	NA	NA	NA	NA	NA	NA	NA	NA
NA	NA	1.22098174927082	NA	1.53997588934151	0.743219924513146	0.724468066870006	NA	NA	NA	0.472844301039676	NA	NA	0.490489747858864	NA	NA	NA	NA	NA	NA	NA	NA	0.480695863843435	NA	1.24734360054176	NA	1.13870212562617	0.795008806872561	NA	0.728090149177491	NA	NA	NA	0.558289874795399	0.936436776903692	0.551536752453704	NA	1.59439458580335	1.80641092463315	1.46082658517873
NA	1.25021520690125	NA	NA	0.668123541013176	1.55309984564521	NA	1.05581864462232	NA	NA	0.980399945995796	NA	NA	1.22365411587991	NA	0.948220441753395	0.565990405917117	0.714311109332117	0.948726003383569	NA	0.623632997107773	0.701750207277667	0.603474568264779	1.08317549150646	NA	0.746101213581082	NA	0.731709652715978	0.851868294327856	NA	0.754618566725212	0.762222232991638	0.89971006894426	NA	NA	NA	NA	0.604737340332581	NA	0.452536045922877
NA	NA	NA	NA	NA	NA	NA	NA	NA	NA	NA	NA	NA	NA	NA	NA	NA	NA	NA	NA	NA	NA	NA	NA	NA	NA	NA	NA	NA	NA	NA	NA	NA	NA	NA	NA	NA	NA	NA	NA
NA	NA	NA	NA	NA	NA	NA	NA	NA	NA	NA	NA	NA	NA	NA	NA	NA	NA	NA	NA	NA	NA	NA	NA	NA	NA	NA	NA	NA	NA	NA	NA	NA	NA	NA	NA	NA	NA	NA	NA
1.60392484514006	1.77711486723137	NA	NA	NA	NA	1.23987459462919	NA	1.32703567680424	0.825490157503993	NA	0.291073272355393	NA	NA	NA	NA	0.735425118232205	NA	NA	NA	NA	NA	NA	NA	NA	NA	NA	NA	NA	NA	NA	0.658422189298869	NA	NA	NA	0.343165697845931	NA	0.414937960630272	NA	NA
NA	NA	NA	NA	NA	NA	NA	NA	NA	NA	NA	NA	NA	NA	NA	NA	NA	NA	NA	NA	NA	NA	NA	NA	NA	NA	NA	NA	NA	NA	NA	NA	NA	NA	NA	NA	NA	NA	NA	NA
NA	1.31804348722425	0.521623314992894	NA	NA	0.941224431740118	NA	0.794433294867124	NA	1.84910410380671	NA	NA	NA	0.952531286950614	0.951332046856606	NA	NA	1.12327606701601	NA	NA	NA	0.504176838970374	NA	0.333864127551606	NA	0.666505133995163	0.421691114018346	0.812748851024351	0.526628266170984	NA	NA	1.25487184895541	NA	0.643903970460032	1.05934199696902	1.13964267115703	NA	1.33683976287058	0.394417662482031	0.275130449177815
0.623227550567773	0.551084412534126	NA	1.20614254788532	NA	0.44583683088917	NA	0.464162985444403	NA	0.938743644316404	NA	0.696125061511328	NA	0.219620022215026	NA	1.11671531966709	0.928890141478309	NA	0.94857571149875	0.358656362411632	NA	NA	0.744883603112219	0.283062510371072	0.737607022518156	0.469198154461197	0.410427277346098	0.360538086342338	0.614704363028793	0.321861965469991	NA	1.29919870406583	0.216484642504821	0.732810996382978	0.745105579753178	NA	NA	0.712400210715662	0.732607679060189	0.753889597307299
1.35022189958621	NA	NA	NA	0.784674874511788	0.795365180094486	NA	1.01263312757476	1.36714466464468	NA	0.940955577409821	1.3240095671211	NA	1.88466986722268	1.7483180539713	1.96860202504545	NA	1.28699783120549	1.59451160925012	NA	NA	1.32112218913371	0.836836636448905	0.932244515314235	NA	1.00702889305018	NA	0.761898911453625	NA	0.239811131938201	NA	0.19427367101091	0.265694357106135	NA	0.959728234630715	0.353189111370814	NA	NA	0.266256046215628	0.643842824820942
NA	NA	NA	NA	NA	NA	NA	NA	NA	NA	NA	NA	NA	NA	NA	NA	NA	NA	NA	NA	NA	NA	NA	NA	NA	NA	NA	NA	NA	NA	NA	NA	NA	NA	NA	NA	NA	NA	NA	NA
NA	NA	NA	NA	NA	NA	NA	NA	NA	NA	NA	NA	NA	NA	NA	NA	NA	NA	NA	NA	NA	NA	NA	NA	NA	NA	NA	NA	NA	NA	NA	NA	NA	NA	NA	NA	NA	NA	NA	NA
1.26121408898094	1.52729276355869	1.20654662155324	NA	NA	NA	1.22814603700589	0.851489188530984	NA	NA	1.00691773947002	0.631953941290765	0.849770980252913	0.830121007905	0.894290195257319	0.667155145701138	0.746052670823578	0.890638344422189	0.718710230999651	0.834174011645745	NA	0.580611624993859	NA	NA	0.547634058163754	NA	NA	NA	NA	NA	NA	NA	0.306576587821685	NA	0.306176652286599	0.350627859775254	NA	0.470514496015968	NA	NA
1.48646659783471	1.57064145029745	NA	NA	NA	2.01395773605086	1.48689389264589	NA	NA	1.41680328714499	1.47212888116307	0.788636651390769	0.898780020682132	NA	0.947608912404729	NA	0.785122887435215	0.810584583544918	NA	0.845068891689971	0.80898764549507	0.322171525198714	0.531550836071641	0.932720494241669	NA	2.10699989384482	NA	NA	NA	0.300915049955107	NA	NA	NA	0.548658537652133	NA	NA	NA	NA	0.583222463078612	NA
NA	NA	1.31877966120527	1.65324791028527	1.3781368027138	NA	1.62540350975626	1.43507338507904	NA	1.6602389722262	0.686207768042417	0.833637972863892	1.01792031831034	0.593878642042984	0.461137183541949	0.967922732980407	1.28668158639137	NA	1.45699055042437	1.53812188443021	1.700373069237	0.984549286953895	NA	1.34343199855625	1.25167644571841	1.01965633885907	NA	NA	NA	1.0508356662377	0.975383455066802	0.788539743060118	0.891318778890531	NA	0.618343525921134	0.412855056295371	NA	1.07367605919254	0.800626305676943	1.00235022543459
NA	NA	NA	NA	NA	NA	NA	NA	NA	NA	NA	NA	NA	NA	NA	NA	NA	NA	NA	NA	NA	NA	NA	NA	NA	NA	NA	NA	NA	NA	NA	NA	NA	NA	NA	NA	NA	NA	NA	NA
NA	NA	0.657130083688306	NA	NA	NA	0.320504497124537	NA	NA	NA	NA	0.599407947741637	NA	0.891122662852658	NA	NA	0.846625320667538	NA	NA	0.323071501924927	NA	NA	0.471639425504073	0.397759533522566	NA	NA	NA	NA	0.52802434459501	0.511215481231905	0.748038474366627	NA	NA	NA	0.522168088640717	0.496610906533344	NA	NA	0.319970155199871	0.851358560922459
NA	NA	NA	NA	NA	NA	NA	NA	NA	NA	NA	NA	NA	NA	NA	NA	NA	NA	NA	NA	NA	NA	NA	NA	NA	NA	NA	NA	NA	NA	NA	NA	NA	NA	NA	NA	NA	NA	NA	NA
NA	NA	NA	NA	NA	NA	NA	NA	NA	NA	NA	NA	NA	NA	NA	NA	NA	NA	NA	NA	NA	NA	NA	NA	NA	NA	NA	NA	NA	NA	NA	NA	NA	NA	NA	NA	NA	NA	NA	NA
2.39109288624981	NA	NA	0.327993572209011	1.12931686869638	1.23219119456598	0.764768128420127	1.04445439548277	1.12975372066145	NA	1.86940534865992	0.73832606685942	0.808513116701464	NA	1.09146725557243	NA	0.946049499735208	1.42398592853659	0.790003731973241	NA	NA	NA	NA	NA	1.04073015896889	NA	NA	1.2073613176972	NA	NA	NA	NA	0.697973911099325	0.337885503576645	0.594055537068441	NA	NA	1.03411479264175	NA	NA
0.998182034839567	1.07965618366827	1.02828292039432	NA	NA	0.853208947634254	NA	0.815669571023872	0.54538688350398	NA	0.564915920973581	0.457778062912978	NA	0.384838168624166	0.733201375677194	0.887110977283537	0.721212402915684	1.12710735256385	0.840157989943218	0.769129689558771	1.01196036996565	0.782225149692106	2.01221336008369	0.94797239618692	NA	0.766069961578624	NA	NA	NA	0.470348806666904	NA	0.41604642055723	0.402653350282063	NA	0.425798583677933	0.25862732432462	NA	0.574335845282187	0.834158357895989	NA
NA	NA	NA	0.703134683504674	1.10307932374766	1.26310148377404	NA	1.01461206469421	1.25247714335382	NA	1.25429707684936	NA	0.973002923965765	0.716060266733545	NA	NA	NA	1.36776545994699	1.27287450534965	NA	NA	1.68956396971537	1.37535079198454	1.48951780208608	1.38168949229906	NA	1.52760234442131	NA	NA	NA	NA	NA	NA	NA	NA	NA	NA	1.39655873703697	NA	NA
NA	0.791095585538029	1.16796581772713	NA	NA	1.37212347794002	1.33485016441695	1.02765895362144	NA	NA	0.998914174902984	NA	NA	0.649633722356159	NA	NA	0.897533853083367	NA	NA	NA	NA	NA	1.4344224475891	1.14617653547923	NA	NA	NA	0.448033371233232	NA	NA	NA	0.800132585697951	NA	0.648109313885432	0.48726802275961	0.607659269863022	NA	1.53764494558013	0.496032989716854	NA
NA	NA	NA	NA	NA	NA	NA	NA	NA	NA	NA	NA	NA	NA	NA	NA	NA	NA	NA	NA	NA	NA	NA	NA	NA	NA	NA	NA	NA	NA	NA	NA	NA	NA	NA	NA	NA	NA	NA	NA
NA	NA	NA	NA	NA	NA	NA	NA	NA	NA	NA	NA	NA	NA	NA	NA	NA	NA	NA	NA	NA	NA	NA	NA	NA	NA	NA	NA	NA	NA	NA	NA	NA	NA	NA	NA	NA	NA	NA	NA
NA	NA	NA	NA	NA	NA	NA	NA	NA	NA	NA	NA	NA	NA	NA	NA	NA	NA	NA	NA	NA	NA	NA	NA	NA	NA	NA	NA	NA	NA	NA	NA	NA	NA	NA	NA	NA	NA	NA	NA
0.733580494931825	0.862100649881203	NA	NA	NA	0.594451373364842	0.738759367146931	0.604844030060607	0.418539574628834	0.404599074254498	0.49263223028714	0.708969188395227	0.879148773684151	0.433386330442625	0.799217567702107	NA	0.468566230746574	1.00409309588659	0.63134403491069	0.902985347407784	0.690755034703184	0.539496347740775	0.420309066387713	NA	1.23771242348329	0.600056712774807	0.465601110270512	NA	0.813001689576815	1.72267437409325	NA	0.553455222573417	0.554658356422961	1.11976926095262	NA	0.619123390953574	NA	NA	1.44730821814455	0.980486837270733
0.96831493419547	0.882187811012555	1.76534349470236	NA	0.55021711764209	0.696153717649259	0.998216674870305	1.65688659502477	1.06984440099257	NA	NA	2.1075474965656	1.02916579447887	NA	1.37213833183378	0.796043593572791	0.898466739262983	NA	1.09714041099179	1.18409111990689	NA	NA	1.49335484326649	0.799220593607021	0.739152852440176	0.352594688671976	1.40527427855675	1.13356559922511	1.05922620378206	2.02417436432978	1.42483654182566	NA	NA	NA	NA	NA	NA	0.759775775876333	0.701219999349467	1.27919948315411
NA	NA	NA	NA	NA	NA	NA	NA	NA	NA	NA	NA	NA	NA	NA	NA	NA	NA	NA	NA	NA	NA	NA	NA	NA	NA	NA	NA	NA	NA	NA	NA	NA	NA	NA	NA	NA	NA	NA	NA
NA	1.05387668224709	NA	0.55019715689829	NA	NA	0.583075284791248	NA	0.80664040903439	NA	NA	NA	NA	0.709675696688459	NA	0.995834760390987	NA	0.857089317259436	0.750982071300729	1.02642853191449	NA	NA	0.399841992406179	0.46914501235606	NA	0.576753255129526	NA	0.664962248968372	NA	NA	0.480838642441183	NA	0.64310751685256	NA	0.179927899102307	0.404045864881917	NA	NA	0.961976922954563	0.685618314773796
NA	NA	NA	NA	0.940443353535081	NA	NA	NA	NA	NA	NA	NA	0.607726618816475	1.71799412101294	NA	0.302523216317522	1.74528785047663	0.606309178860893	NA	0.611632192214841	1.50792712693768	1.2594490172894	NA	1.71284594129073	NA	NA	NA	0.396356103600973	0.14490341153245	NA	NA	NA	NA	NA	NA	NA	NA	NA	0.263943014023841	NA
0.74024684257083	1.08136824859653	NA	1.27620959619046	NA	0.711288996728066	0.636090950973949	NA	NA	0.623812164270893	0.712741114596696	0.195218760887598	NA	0.32502664192999	0.618230590187762	0.629346246115687	0.811986036615543	0.595291277015495	NA	0.47246578629193	NA	NA	NA	NA	NA	NA	NA	NA	NA	NA	NA	NA	NA	NA	NA	1.88861519126669	NA	NA	NA	1.65893819130264
NA	NA	NA	NA	NA	0.845254206091873	0.752098711446317	NA	0.884298139825474	NA	NA	0.936714575087523	NA	NA	NA	NA	NA	0.480504413245826	NA	0.81177480752363	0.981711327884897	NA	0.561751960607222	0.368370121842763	0.453795982151693	0.33954250613672	0.290440332217606	0.347511806487411	NA	NA	NA	0.104701044364115	0.328451322993422	0.274091403737526	NA	NA	NA	0.179779072490148	NA	NA
1.71555260027614	NA	NA	0.586072238703926	0.842809811472238	1.2485580737332	0.776242800739184	0.391568539559863	NA	NA	0.349481138473601	0.2968621704838	NA	NA	1.09078974469713	NA	NA	NA	NA	NA	0.438239858441877	NA	0.970664765706	NA	NA	NA	NA	NA	0.677543114873101	NA	NA	NA	NA	NA	NA	NA	NA	NA	1.22072458374874	NA
NA	NA	NA	NA	NA	NA	NA	NA	NA	NA	NA	NA	NA	NA	NA	NA	NA	NA	NA	NA	NA	NA	NA	NA	NA	NA	NA	NA	NA	NA	NA	NA	NA	NA	NA	NA	NA	NA	NA	NA
NA	NA	NA	NA	NA	NA	NA	NA	NA	NA	NA	NA	NA	NA	NA	NA	NA	NA	NA	NA	NA	NA	NA	NA	NA	NA	NA	NA	NA	NA	NA	NA	NA	NA	NA	NA	NA	NA	NA	NA
NA	NA	NA	NA	NA	NA	NA	NA	NA	NA	NA	NA	NA	NA	NA	NA	NA	NA	NA	NA	NA	NA	NA	NA	NA	NA	NA	NA	NA	NA	NA	NA	NA	NA	NA	NA	NA	NA	NA	NA
NA	NA	NA	NA	NA	NA	NA	NA	NA	NA	NA	NA	NA	NA	NA	NA	NA	NA	NA	NA	NA	NA	NA	NA	NA	NA	NA	NA	NA	NA	NA	NA	NA	NA	NA	NA	NA	NA	NA	NA
NA	NA	NA	NA	NA	NA	NA	NA	NA	1.61139706563535	NA	NA	NA	NA	1.64760480224205	NA	1.46708252460082	NA	NA	NA	NA	NA	NA	NA	NA	NA	NA	1.50696198485249	1.39538513548678	1.07790469157377	1.12738772660828	0.966266935267087	0.813884545813446	0.668176799363592	0.413756647221531	0.436202533872966	NA	0.131753863732732	0.294167641587358	0.494379339428612
NA	NA	NA	NA	NA	NA	0.431912022082218	NA	NA	NA	NA	NA	0.598644692081106	NA	0.59169498309691	NA	NA	NA	NA	0.238759971794975	0.3994532991996	NA	NA	NA	NA	0.281227507814248	NA	NA	NA	0.433557603628945	NA	NA	0.858563612094023	NA	NA	NA	NA	NA	0.271372489440016	NA
NA	1.81782626928883	0.86740392447422	NA	NA	NA	NA	NA	NA	NA	1.38393783773812	1.02991795320473	NA	1.3993634138605	1.11387954976495	0.670153200046869	1.4633624021983	NA	1.75305809095496	0.933346140642616	NA	0.889893392339709	0.580205177076611	0.544443564392619	0.606154971578656	1.59729808693847	1.70623656716698	0.464059091895517	NA	0.349105791817893	0.087603927762224	0.653396284167954	0.404758180658448	0.302532669834639	0.150007408008864	0.200724216991895	NA	0.395161182419383	0.79118772306361	NA
NA	2.98903602137002	2.67520429252459	NA	NA	1.71138665981013	1.7114500680189	2.03267966558542	1.94029788074363	1.99120056857114	1.75270398000442	1.96948826187805	NA	2.24447450769432	NA	NA	1.92646774464113	1.51600503598005	2.29957704000529	1.99209235647431	1.21499629662696	1.29578831962947	1.43203984145565	1.77780570800967	1.48323670624246	1.47514860244458	NA	NA	1.51450440398588	NA	0.513872154237985	0.494084072399314	0.555416081203702	0.0824383542926814	NA	0.462442772470755	NA	0.842782735735691	0.434471784212557	0.541141032540286
1.25838144396461	1.79560721862243	1.41826469859587	1.24088767006247	1.45171934619342	NA	1.87310786256878	1.96612524242165	1.73758001394194	NA	1.73379345383183	1.50349379489588	1.86452003005336	NA	1.42360108294724	NA	1.81921803550209	0.3903143544772	1.62113131262589	NA	NA	1.18297776441246	1.13025903604255	NA	1.52650576009531	1.74200860790194	1.97966555068858	NA	NA	NA	NA	1.76217779596781	NA	0.759676877394194	1.13671521172788	0.458119788888789	NA	1.45144637461263	1.09126688474104	1.00607924467164
1.48871991050313	NA	1.56451934120947	NA	0.632760223514484	NA	NA	NA	0.524771391021627	0.784351533914087	1.24530626930123	NA	1.44290971356324	NA	1.06006226130533	NA	NA	1.19701870659925	NA	0.408648078258573	0.484783194827853	NA	0.494500240667355	NA	NA	NA	NA	NA	NA	NA	NA	NA	NA	NA	NA	NA	NA	NA	NA	0.556085769238672
0.760239616268135	NA	NA	0.762343623204123	NA	0.761242123804811	NA	1.00356116895242	1.34042756729479	1.20144818812899	NA	1.23971134141135	NA	0.961975430787181	1.16689796961701	NA	0.899700386543126	0.780273817541268	NA	NA	NA	0.308971358514705	NA	0.53733729538152	0.508518941785967	0.989766329085969	NA	0.683030550164439	NA	0.434643956217241	1.11162100548223	1.64350888324333	NA	NA	0.853158128885896	NA	NA	0.853164682055811	0.706212010351767	NA
NA	NA	NA	NA	NA	NA	NA	NA	NA	NA	NA	NA	NA	NA	NA	NA	NA	NA	NA	NA	NA	NA	NA	NA	NA	NA	NA	NA	NA	NA	NA	NA	NA	NA	NA	NA	NA	NA	NA	NA
NA	NA	NA	NA	NA	NA	NA	NA	NA	NA	NA	NA	NA	NA	NA	NA	NA	NA	NA	NA	NA	NA	NA	NA	NA	NA	NA	NA	NA	NA	NA	NA	NA	NA	NA	NA	NA	NA	NA	NA
NA	1.46156682650002	NA	1.03561774214215	1.2026632505344	NA	1.28166645531055	NA	1.44333505159523	NA	0.857938626138243	0.502044970496421	NA	NA	NA	NA	NA	NA	NA	NA	0.810377636810474	0.706963491849126	NA	NA	NA	0.796265477581617	0.687018506316602	NA	0.434996506731658	NA	1.39755321722737	1.67183363523915	NA	0.531392144857213	1.55318224587784	NA	NA	0.426790417195101	NA	0.289961923630911
1.79617084801521	2.021026501493	NA	NA	1.97281306275296	1.69933668081851	NA	1.39423244265558	NA	2.11282993757813	1.86382702326694	1.90507475686577	NA	1.5513811342533	1.81795924742513	1.56910501807069	1.9448387104259	1.91216055707101	1.56871287068586	NA	NA	1.18691375826209	1.30774725720363	NA	NA	NA	NA	NA	NA	NA	NA	NA	NA	NA	0.154264247094122	NA	NA	NA	0.244471814681255	NA
1.3383990003595	2.33240983296762	1.59747481337484	NA	NA	1.19217585074773	NA	1.44758246535244	1.51512086151234	NA	NA	1.39741029355621	1.90857111894347	1.05107222733739	1.21803784318843	NA	1.21114936112133	1.016288565799	0.890815992666698	0.907904624373044	0.721941126942357	NA	1.02633934168446	1.27330922945667	NA	0.764708608313019	NA	NA	1.00327806142081	NA	NA	NA	0.489198535765095	0.40871407445697	NA	1.45286710323954	NA	NA	0.338557659647079	0.605940260349102
0.422258741948621	NA	NA	1.14475870161023	NA	NA	NA	NA	NA	NA	1.89875619971613	NA	NA	NA	1.28707628132814	NA	NA	1.35836390463454	0.861954984997526	NA	0.683089487304699	0.827852341954626	NA	NA	NA	NA	NA	NA	NA	0.652323938238042	1.39308827213903	0.714176154900011	NA	0.244247286711088	0.261219490967301	1.41799318979205	NA	0.219071666453656	0.415091004983791	0.340554432653137
1.22574086527291	0.805042571428487	1.42031047904495	1.2982583185946	1.28399053072889	1.10277513748655	1.57183364631161	1.4268562213419	1.2076164546294	1.59466998985726	1.17895159780365	1.05195724852788	1.48290036140542	1.20750196739746	1.51538291715396	NA	NA	1.71754704707411	1.45268335927657	1.3511115982244	NA	NA	NA	NA	NA	1.44147739878144	NA	1.4058286881161	1.32203609878041	1.05499219865505	0.639339351042185	0.635626838374161	0.640415280158854	0.50489682911126	0.543049209783584	0.268818034846078	NA	0.227348841269176	0.244119867430136	0.251551879217355
NA	NA	0.272028015814133	NA	0.406275218440899	0.640556253860919	NA	0.287671177224653	0.444391693710452	0.733519965728567	NA	0.508094447784637	NA	0.675955139314265	0.295180905193057	0.464582866856265	0.284238927305785	NA	0.262181108989435	0.372720146295388	0.725377974986658	0.508366614289124	1.44490677918191	0.743853473477544	1.00887929605285	1.0367792244422	1.6679145251388	NA	0.708259613134538	0.449979072292014	NA	1.21847994842036	1.00177693915922	NA	0.882668556759081	NA	NA	NA	NA	NA
NA	0.787124963557973	NA	0.97788773784332	0.828530174839811	0.832917141725785	0.971010699900212	1.08175035769385	0.656997918814062	NA	0.938473173903958	0.71091926105321	NA	1.37600849007647	2.69343766073922	NA	1.20088996480429	0.971972852469967	NA	0.344273078972869	0.0763861954164252	0.459178577239694	NA	NA	NA	NA	0.784697526161282	NA	NA	1.16881735104675	NA	0.604250303033442	NA	NA	NA	NA	NA	NA	0.374995603549251	0.944079967341224
NA	NA	NA	NA	NA	NA	NA	NA	NA	NA	NA	NA	NA	NA	NA	NA	NA	NA	NA	NA	NA	NA	NA	NA	NA	NA	NA	NA	NA	NA	NA	NA	NA	NA	NA	NA	NA	NA	NA	NA
NA	NA	NA	NA	NA	NA	NA	NA	NA	NA	NA	NA	NA	NA	NA	NA	NA	NA	NA	NA	NA	NA	NA	NA	NA	NA	NA	NA	NA	NA	NA	NA	NA	NA	NA	NA	NA	NA	NA	NA
0.527968552354031	NA	0.557807689708132	0.804476276650845	0.818061304772371	0.722692335108344	0.869640508307423	0.587753683572844	0.76790377429021	0.476031739333144	1.15858151342344	1.1918816045584	NA	1.62544667186205	1.59399417510292	0.700154964661167	1.60497194307995	1.39237002976004	0.318442478566846	0.473240819592166	0.712084339915509	0.591090504208266	0.542654480327096	0.492771928976652	0.707019988792877	0.451699231630017	2.59962136838658	0.737463440750006	0.611942749975703	0.287359238214633	NA	0.410439357629419	0.425037309332697	0.655444119835254	0.678195023265787	0.492059397622572	NA	0.526787778324365	0.715019989562752	0.386903797618745
1.9438162224266	1.81163190693694	NA	NA	1.72442360457291	1.93538143975519	1.86603600084026	2.39713157570099	NA	NA	1.4707994020063	1.50332343494734	1.83220002432284	1.64518428029373	1.82110124504158	NA	NA	2.00920465559744	1.93365082917169	NA	NA	1.51714683593051	0.930414703325266	1.21700784615759	NA	1.7317023241209	NA	NA	0.818906672212484	1.00095881531596	1.71109004615549	1.04403812974049	0.997345179855386	0.852573458168763	0.803110229702655	NA	NA	NA	NA	0.684672078276542
NA	NA	NA	NA	NA	NA	NA	NA	NA	NA	NA	NA	NA	NA	NA	NA	NA	NA	NA	NA	NA	NA	NA	NA	NA	NA	NA	NA	NA	NA	NA	NA	NA	NA	NA	NA	NA	NA	NA	NA
NA	NA	NA	NA	NA	NA	NA	NA	NA	NA	NA	NA	NA	NA	NA	NA	NA	NA	NA	NA	NA	NA	NA	NA	NA	NA	NA	NA	NA	NA	NA	NA	NA	NA	NA	NA	NA	NA	NA	NA
NA	NA	NA	NA	NA	NA	NA	NA	NA	NA	NA	NA	NA	NA	NA	NA	NA	NA	NA	NA	NA	NA	NA	NA	NA	NA	NA	NA	NA	NA	NA	NA	NA	NA	NA	NA	NA	NA	NA	NA
NA	NA	NA	NA	NA	NA	NA	NA	NA	NA	NA	NA	NA	NA	NA	NA	NA	NA	NA	NA	NA	NA	NA	NA	NA	NA	NA	NA	NA	NA	NA	NA	NA	NA	NA	NA	NA	NA	NA	NA
1.27769059237521	NA	NA	1.09476001773261	NA	0.703323345017353	NA	NA	NA	NA	1.02428583118214	0.702768328187855	NA	NA	0.622227877505458	NA	NA	NA	NA	NA	1.34833724879839	NA	NA	0.545036264325527	NA	NA	0.89224606273122	NA	NA	NA	NA	0.148586690174489	NA	0.0959716284020005	NA	NA	NA	1.66662771571974	NA	NA
NA	NA	NA	NA	1.00432451803197	NA	NA	0.808259200920792	0.964545472929215	NA	NA	NA	NA	1.17404596575966	1.03376015100831	NA	0.857177791689812	0.674909018451743	NA	NA	1.3406271594589	NA	0.419641407632726	NA	NA	NA	NA	1.25600808649013	NA	NA	NA	NA	NA	0.781083774296353	NA	NA	NA	NA	NA	0.347343855592788
NA	NA	NA	NA	NA	NA	NA	NA	NA	NA	NA	NA	NA	NA	NA	NA	NA	NA	NA	NA	NA	NA	NA	NA	NA	NA	NA	NA	NA	NA	NA	NA	NA	NA	NA	NA	NA	NA	NA	NA
NA	NA	NA	NA	NA	NA	NA	NA	NA	NA	NA	NA	NA	1.2612910084312	NA	1.67324389512201	1.0803542047786	NA	1.18945470337575	NA	NA	1.09843272722269	1.70628770368963	NA	0.750849955623484	1.15658051198411	NA	NA	NA	NA	NA	NA	NA	NA	1.22008784136225	NA	NA	NA	0.349524567646479	NA
1.46471033009865	NA	1.3569328692164	NA	1.22124776154591	NA	NA	NA	1.04859250811579	1.54294939870323	NA	NA	NA	1.4259908722838	NA	NA	NA	NA	NA	NA	NA	NA	NA	NA	NA	NA	NA	NA	NA	NA	NA	NA	NA	0.427190805477967	NA	NA	NA	NA	0.529173066185206	NA
1.26495066117572	1.05884036717858	NA	NA	NA	NA	NA	NA	NA	NA	NA	1.6328870911141	NA	NA	NA	NA	NA	NA	NA	NA	NA	NA	1.04761638992058	NA	0.772756827961604	1.37102627170538	NA	NA	NA	NA	0.394586726738536	NA	NA	0.332853646407573	NA	NA	NA	NA	0.467944984443244	0.820202506333233
NA	NA	0.99913211544058	NA	NA	NA	0.639690415450506	NA	NA	1.21617709732768	0.117257283748346	NA	NA	NA	1.33294901519089	NA	NA	NA	NA	0.462315546826523	0.50456780377339	NA	NA	2.04207907798022	1.76896861959186	NA	NA	NA	0.928421030764253	1.43607247621965	0.726458208342712	0.743898627854805	NA	NA	NA	NA	NA	NA	0.570681258660014	NA
NA	NA	NA	NA	NA	NA	NA	NA	NA	NA	2.12901411232985	NA	2.25786330656255	NA	NA	NA	NA	NA	2.02745502787224	NA	1.82291276078154	NA	NA	2.42166517778033	NA	0.721477966757084	NA	NA	NA	0.351187141210254	NA	0.236499170790924	NA	0.191342712601458	0.571985304045874	0.774576353383495	NA	0.295479182884926	0.690677171758382	NA
0.273291695462399	0.41539062145131	0.241127963333888	0.353977932135747	0.375129110700163	1.00848150453816	NA	0.882453092742279	NA	NA	NA	1.54936138783128	0.753068538366041	1.27792821864342	NA	NA	1.31874817633565	NA	NA	0.968499042734904	0.859264895813962	0.789848999017873	NA	0.641861472768945	NA	1.06483481841546	1.01318694018823	1.28993553343439	0.280598634529399	NA	NA	NA	0.481013522721765	0.452798078227788	0.830084057984912	0.46259869102002	NA	0.43997370958823	0.26353510143717	0.446567976788714
NA	NA	NA	NA	NA	NA	NA	NA	NA	NA	NA	NA	NA	NA	NA	NA	NA	NA	NA	NA	NA	NA	NA	NA	NA	NA	NA	NA	NA	NA	NA	NA	NA	NA	NA	NA	NA	NA	NA	NA
NA	NA	NA	NA	NA	NA	NA	NA	1.73073151302881	NA	NA	1.9133442409744	NA	2.14378868162112	2.23471428209778	2.17022962161131	2.39341242182031	3.14937801288653	2.13562053429	NA	1.36297582846896	1.47273205636287	NA	2.09764777571856	1.63595547647979	1.90153675853248	2.44856198273002	NA	NA	2.02661354221453	NA	1.92380011105058	2.39168841057669	1.43274854681305	1.52069084230965	1.87824389446296	NA	2.12245907887933	1.78533012496343	1.99313999398122
NA	NA	NA	NA	NA	NA	NA	NA	NA	NA	NA	NA	NA	NA	NA	NA	NA	NA	NA	NA	NA	NA	NA	NA	NA	NA	NA	NA	NA	NA	NA	NA	NA	NA	NA	NA	NA	NA	NA	NA
NA	NA	NA	NA	NA	NA	NA	0.688378262186849	NA	0.608391633691267	0.654171941906858	NA	1.76453397445135	NA	0.660688735130912	NA	NA	0.582103220784269	NA	0.738744037699764	0.278752478509571	0.523450288226411	0.661613838755124	0.925888572018317	2.46917155284949	0.861315708430298	NA	1.12316955350025	NA	NA	NA	2.09675564806848	NA	1.11028194716057	1.18109090090935	1.32255840044973	NA	1.66051048258982	1.46543187792655	1.73315022336487
NA	NA	NA	NA	NA	NA	NA	NA	NA	NA	NA	NA	NA	NA	NA	NA	NA	NA	NA	NA	NA	NA	NA	NA	NA	NA	NA	NA	NA	NA	NA	NA	NA	NA	NA	NA	NA	NA	NA	NA
1.13055246823505	NA	0.720835868035219	0.530722141902107	0.667749728712267	0.694111732381806	0.733470465026192	0.570375250932947	0.509135527365044	1.34531231526265	0.181472802879582	0.20438947632151	0.37218634727473	0.193934064418761	0.264779542992795	0.183828594396361	0.524592574394801	0.352122944648762	NA	0.548561772837593	0.852456210991498	0.543918767134533	0.732129445302186	NA	0.938955750657905	1.01382089484108	1.18114045211064	0.531600082735259	NA	0.944207552029063	NA	0.449045576460674	NA	NA	0.77236294655045	0.685173772442024	NA	1.05262935281088	0.117746729320309	0.746612527544774
NA	NA	NA	NA	NA	NA	NA	NA	NA	NA	NA	NA	NA	NA	NA	NA	NA	NA	NA	NA	NA	NA	NA	NA	NA	NA	NA	NA	NA	NA	NA	NA	NA	NA	NA	NA	NA	NA	NA	NA
NA	NA	NA	NA	NA	NA	NA	NA	NA	NA	NA	NA	NA	NA	NA	NA	NA	NA	NA	NA	NA	NA	NA	NA	NA	NA	NA	NA	NA	NA	NA	NA	NA	NA	NA	NA	NA	NA	NA	NA
NA	NA	NA	NA	NA	NA	NA	NA	NA	NA	NA	NA	NA	NA	NA	NA	NA	NA	NA	NA	NA	NA	NA	NA	NA	NA	NA	NA	NA	NA	NA	NA	NA	NA	NA	NA	NA	NA	NA	NA
NA	1.96310940971384	2.1457959076907	NA	2.2023988335313	2.33774000687371	NA	NA	NA	2.31063075423503	NA	NA	NA	2.25093625303223	NA	NA	1.58302902539603	NA	NA	NA	2.88518784729487	2.31286867667719	2.12397233186474	1.68513267361463	NA	NA	NA	1.10622675867155	NA	1.06280251522034	NA	1.25745209122166	NA	0.252112535703781	NA	0.206082757299593	NA	NA	0.608504459282688	NA
1.1823625744722	1.47771856600678	1.43462825926524	1.55955835975254	1.47349585736991	1.57651700822137	1.05431738719623	NA	NA	1.30896533105341	1.77155114011261	1.48782483770121	1.43169120757615	1.2707864013351	1.58251205320472	0.689081850928177	NA	NA	NA	1.42647802329433	NA	NA	1.1581596006933	0.691920339521056	2.78440248564187	NA	0.528152114772126	NA	1.0646464238998	2.75494283749156	NA	1.55097184451293	0.283029708081313	0.243320905107231	NA	NA	NA	0.173233514144054	0.721981870947807	1.3191287807398
NA	NA	NA	NA	NA	NA	1.21497521832785	1.28637368962531	1.12891764231153	NA	NA	1.19479177364911	NA	NA	1.31375098992284	NA	1.74160216850941	NA	NA	NA	1.04961767800532	NA	2.62134506266531	0.923818081672336	0.694720965672981	NA	0.576893798658124	0.619234684933508	1.0585911688404	NA	NA	0.355106079614303	0.613429522133313	NA	NA	0.674848384184964	NA	NA	0.434574878444225	0.869005302599785
NA	1.48236267222417	1.8249214631491	1.47308424340152	1.21943069472347	1.34594631866439	NA	NA	1.05454874657322	NA	NA	NA	1.66683619174595	0.399691773203492	1.46516317927284	1.20464130539017	1.32827617801117	NA	NA	NA	0.414696551639354	1.51289640845122	0.618058637575857	0.660665678129559	0.177145467360089	0.219652681910983	NA	NA	NA	NA	0.130810255887304	NA	0.369008851202299	0.441241591078324	0.221088343098896	NA	NA	0.28459362613874	0.496512342845395	0.178552320334757
1.77674416912299	NA	NA	2.05468846894269	NA	NA	0.818840340421989	NA	0.73112288903894	NA	0.664005393935906	0.642029213744474	NA	1.21347477318728	NA	1.4027183359647	1.1357455476915	0.751150502740149	NA	0.201572658713611	0.488688807914811	0.496860255496499	1.26744649256973	NA	NA	0.414903546286755	NA	NA	NA	1.87946960638772	NA	NA	1.84097569166503	NA	NA	1.20855547491166	NA	1.91184338404328	1.76429752441332	1.59797036754847
2.41206739540666	1.18809464550503	1.7503253883677	0.731900890969388	1.58231371126821	1.02392503295228	0.537074694028272	0.566245649654614	0.47829974079872	1.20973547382445	0.682599512407509	NA	NA	NA	0.594953357020771	2.29654812199836	2.50559758465716	1.62663927177527	0.739861833760927	0.852847387808405	0.597714535449916	1.15396653620969	0.506917450049193	0.894505280088647	NA	NA	0.332636912918336	1.82051536811183	0.252825747350559	2.24196755522852	0.259781877841849	0.213636222678525	1.65155589680652	1.69693481939243	0.573579564452584	1.79635510404092	NA	0.285320405403332	1.90215836196951	1.37171355894761
NA	NA	NA	NA	NA	NA	NA	NA	NA	NA	NA	NA	NA	NA	NA	NA	NA	NA	NA	NA	NA	NA	NA	NA	NA	NA	NA	NA	NA	NA	NA	NA	NA	NA	NA	NA	NA	NA	NA	NA
1.5092736888358	NA	1.57862125450718	1.6152480169838	1.27418228270674	NA	1.6711160746439	1.818062418244	1.92954397397821	NA	1.95402985750638	NA	NA	1.67267219021727	NA	NA	1.3710293786844	NA	1.65855106374104	NA	1.51673969189822	1.01904522063377	1.15992115922934	1.18240552264325	1.23774468411617	1.25994214886022	0.816084912753653	0.631606851360029	NA	NA	NA	NA	0.25725573997277	0.586595582760664	0.402828900289672	0.261917945917739	NA	0.71347660088424	0.719520471804732	0.520278037643228
NA	NA	NA	0.749828402554575	NA	NA	0.717387595895084	NA	NA	NA	0.530768097236169	0.686580882788934	NA	NA	1.23079642368488	NA	NA	1.44900065494287	NA	NA	NA	1.63418552558436	NA	NA	0.94216147740347	0.716611719245059	NA	1.22870531026553	NA	NA	NA	2.32217330808852	1.13442675160755	NA	1.1369565449226	NA	NA	0.818096437085509	0.443079207519672	0.684894062301682
NA	0.506102827175093	NA	NA	NA	0.270159480562563	NA	0.393763237486631	0.553852187304004	0.445977677052146	NA	0.516239098488078	NA	NA	NA	NA	NA	NA	0.262791058458444	0.591839208639805	NA	NA	NA	NA	0.283992177244776	0.632209372540868	0.640526238701559	NA	NA	0.883054966646274	NA	1.02079155378183	NA	0.863056597818708	0.714506009692571	0.346429954403014	NA	0.446832447089167	0.261616488200922	0.514807781189119
NA	NA	NA	0.42138366863541	0.486543692068762	NA	NA	NA	1.00319346935306	NA	NA	NA	1.57784007236256	1.13073683635682	NA	1.15443564721686	NA	NA	NA	NA	0.462890285584132	0.622099013250702	0.6602986787758	0.416195766017473	0.374243092314376	NA	0.615644861250361	0.24743423280893	NA	1.1446904121149	1.72249985956339	NA	0.717483604342869	NA	1.45151045802546	NA	NA	0.524513575776107	0.457996161176665	0.464619752081478
NA	NA	NA	NA	NA	NA	NA	NA	0.51717590872367	NA	0.761401851482418	0.228562950405704	0.571844343767214	NA	NA	NA	NA	NA	0.449336701720877	1.07474156237097	0.782718734855145	1.26968413403007	NA	NA	NA	NA	NA	0.866235827231688	0.591966279032072	0.16347798280892	NA	NA	0.391154053795141	NA	NA	NA	NA	NA	0.404348630691667	NA
NA	NA	1.2705237348347	NA	0.780055153373376	0.42941878824012	NA	0.436700199609635	0.443687507102866	0.559001377955387	1.02362207731015	NA	NA	NA	NA	NA	0.134752613026607	0.321693884994611	NA	NA	0.370694975121063	NA	NA	NA	NA	NA	NA	NA	NA	NA	NA	NA	0.662056818249014	1.00909593160108	0.527166337792939	NA	NA	0.589852503447947	0.464711015257013	0.474085625179684
NA	NA	NA	NA	NA	NA	NA	NA	NA	NA	NA	NA	NA	NA	NA	NA	NA	NA	NA	NA	NA	NA	NA	NA	NA	NA	NA	NA	NA	NA	NA	NA	NA	NA	NA	NA	NA	NA	NA	NA
NA	1.09896078990885	NA	NA	NA	NA	0.812894612802733	0.929265091973972	NA	NA	0.288052163842937	NA	0.916696202160402	NA	0.994237521920168	NA	1.28946889424556	1.18618749272337	1.58698147649112	NA	0.837379214608227	0.727171224566078	0.776613404955187	NA	0.586896426489582	NA	1.21574216996258	NA	NA	NA	1.28072074180211	NA	NA	1.48965094816476	NA	NA	NA	NA	0.46871402370733	1.20316795001201
NA	NA	NA	NA	NA	0.948700676980344	NA	NA	1.27328711786909	NA	0.699774196574317	1.06460815527487	NA	NA	1.24101811346493	NA	NA	NA	NA	1.36069391343834	NA	NA	0.966457019036274	NA	0.869583471438329	NA	NA	NA	NA	NA	NA	NA	NA	0.420374108790438	NA	0.391974079146909	NA	0.337058947318218	0.310513289655577	0.610776577321658
NA	NA	NA	NA	NA	NA	NA	1.23944696868848	1.14785220552351	NA	0.782233157196942	NA	NA	0.186470117301068	0.746575827064594	1.31086119292633	0.972739000396911	NA	NA	0.342963783424038	0.629980425940447	1.06324332327628	0.458309168570907	NA	NA	NA	NA	NA	0.470145969164981	NA	NA	NA	0.310295310067647	NA	0.339568887676472	1.08144831682816	NA	0.692883848625378	0.484510393983242	NA
NA	NA	NA	NA	NA	NA	NA	NA	NA	NA	NA	NA	NA	NA	NA	NA	NA	NA	NA	NA	NA	NA	NA	NA	NA	NA	NA	NA	NA	NA	NA	NA	NA	NA	NA	NA	NA	NA	NA	NA
0.571370817766123	NA	0.690744933100789	0.76134956347874	0.584094942738502	0.447443117363336	NA	0.427681328775778	0.411873606197174	1.89566188504249	0.755642486395361	1.14230665678227	0.792670448812645	NA	0.99283299983847	NA	0.790705935241745	0.901491743065822	NA	0.590544375892268	1.13995743934481	0.824511967919428	0.556462075446604	0.966534018351568	0.532052037450385	1.4998827148528	NA	NA	0.755094566960506	1.50673060267231	1.11736738060581	0.764297480647119	0.558161570183167	NA	0.663661626394932	0.518401099946799	NA	0.316680379950451	1.49184091776862	0.710989747830344
NA	NA	NA	NA	NA	NA	NA	NA	NA	NA	NA	NA	NA	NA	NA	NA	NA	NA	NA	NA	NA	NA	NA	NA	NA	NA	NA	NA	NA	NA	NA	NA	NA	NA	NA	NA	NA	NA	NA	NA
0.261208443948089	NA	NA	NA	NA	NA	0.705254944477709	NA	NA	0.451092066072772	1.09924745176214	1.09816103045607	NA	0.650069320593977	NA	NA	0.644529541694044	NA	NA	NA	1.39992252309666	NA	NA	NA	NA	NA	NA	NA	NA	NA	NA	1.07116836056242	NA	0.656855269829248	NA	0.312685058446304	NA	0.545089414021992	0.676628486068769	NA
NA	NA	NA	NA	NA	0.72571327188552	1.09669595568597	1.05916828812116	NA	1.01714487667568	1.04585958968976	1.09098856239451	NA	1.04323439004599	1.15839546842423	1.14566495851795	1.39224363823029	1.3258438286859	1.01075862294486	NA	0.742506233016094	0.748203044716609	NA	0.78821513643905	NA	0.554663271674081	NA	NA	NA	NA	NA	NA	NA	NA	0.492093939833594	NA	NA	0.4672798390515	0.509306886840264	NA
NA	2.32832533273375	NA	NA	2.20761751764264	1.49729982022362	1.74448572691965	NA	0.863422488347172	NA	1.57418119689397	NA	NA	1.02401674799498	NA	NA	0.796409114289095	0.778010637371432	1.56317689939972	0.854622598461816	NA	1.45138193006724	1.68594648141165	NA	NA	1.39255049327271	NA	1.13567069681309	NA	NA	NA	NA	0.796944416348139	NA	NA	NA	NA	NA	NA	0.416719824037347
NA	0.925826031082715	NA	1.03487631508336	NA	0.631920641028729	NA	NA	1.14311473799893	0.83897615656663	1.1901459878	NA	NA	1.68224213658267	NA	0.895317657460119	0.920719790723293	0.979257157649172	NA	NA	NA	NA	NA	NA	NA	NA	NA	NA	NA	NA	NA	0.425586726195592	1.17947910810798	1.12937563677475	1.13216055539149	NA	NA	0.769286394666342	NA	NA
NA	NA	NA	NA	NA	NA	NA	NA	NA	NA	NA	NA	NA	NA	NA	NA	NA	NA	NA	NA	NA	NA	NA	NA	NA	NA	NA	NA	NA	NA	NA	NA	NA	NA	NA	NA	NA	NA	NA	NA
NA	0.956210898539485	1.0478957838673	0.906178414189946	NA	NA	0.694144538750791	NA	0.286081515886753	0.593620778514651	0.673701184903006	NA	0.537805154144426	0.958400847704491	NA	NA	0.541996724517331	0.576564821063418	NA	0.478140179055111	0.884112668452962	NA	0.365292787123827	1.29278345496331	NA	0.58155558284843	0.49402993627193	0.47879735544838	0.405775319939721	NA	NA	NA	0.269046724974986	NA	0.359744053347217	NA	NA	NA	0.459179047028718	0.599294913249432
NA	0.510147286580149	NA	NA	1.49424688069441	NA	NA	NA	NA	NA	NA	NA	NA	NA	NA	NA	NA	NA	NA	NA	0.0946879515923341	NA	0.630323925283656	0.516248693340899	NA	NA	NA	0.884717896191032	NA	NA	NA	0.460800238461406	0.447424877888896	NA	1.01955179253231	NA	NA	0.409733886239437	0.31345500846864	0.400901628229284
NA	NA	NA	NA	NA	NA	NA	NA	NA	NA	NA	NA	NA	NA	1.78796594373382	NA	NA	NA	NA	NA	NA	NA	NA	NA	NA	NA	NA	NA	NA	NA	NA	0.88339478563331	NA	1.58006856154082	1.47247159446428	NA	NA	NA	1.80164359265441	NA
NA	NA	NA	NA	NA	NA	NA	NA	NA	NA	NA	NA	NA	NA	NA	NA	NA	NA	NA	NA	NA	NA	NA	NA	NA	NA	NA	NA	NA	NA	NA	NA	NA	NA	NA	NA	NA	NA	NA	NA
NA	NA	NA	NA	NA	NA	NA	NA	NA	NA	NA	NA	NA	NA	NA	NA	NA	NA	NA	NA	NA	NA	NA	NA	NA	NA	NA	NA	NA	NA	NA	NA	NA	NA	NA	NA	NA	NA	NA	NA
NA	NA	NA	NA	NA	NA	NA	NA	NA	NA	NA	NA	NA	NA	NA	NA	NA	NA	NA	NA	NA	NA	NA	NA	NA	NA	NA	NA	NA	NA	NA	NA	NA	NA	NA	NA	NA	NA	NA	NA
NA	NA	NA	NA	NA	NA	NA	NA	NA	NA	NA	NA	NA	NA	NA	NA	NA	NA	NA	NA	NA	NA	NA	NA	NA	NA	NA	NA	NA	NA	NA	NA	NA	NA	NA	NA	NA	NA	NA	NA
NA	NA	NA	NA	NA	NA	NA	NA	NA	NA	NA	NA	NA	NA	NA	NA	NA	NA	NA	NA	NA	NA	NA	NA	NA	NA	NA	NA	NA	NA	NA	NA	NA	NA	NA	NA	NA	NA	NA	NA
NA	1.93326521783962	1.83655116140096	NA	NA	0.983224038667981	1.19388247871922	NA	1.23184062908291	NA	NA	NA	1.30198834809708	NA	NA	NA	1.15469755778563	NA	NA	NA	NA	0.97367488405596	NA	NA	0.56627640526693	NA	NA	0.664184948838507	NA	NA	0.405647029576143	NA	0.60373567944813	NA	NA	NA	NA	0.332085876392664	0.262353279250684	0.489519197308895
NA	NA	1.47771590751432	NA	NA	1.3709186607855	1.49553894712853	1.43302309756617	1.09764768297169	NA	NA	1.17191150514552	1.03248762325234	1.25570154044114	0.853303980215153	0.923734396981536	1.40864957251343	0.852016203679361	0.680959276775007	0.598128933626343	1.47643565651848	1.13841648739631	NA	1.07594716905101	1.15789497398705	0.902574965651635	NA	0.620446768677163	NA	NA	0.437461008020808	0.53350430021592	0.796882227335799	0.795223625645888	0.718278565972674	0.979193270714403	NA	0.199702143946786	0.674066619219233	1.0654940514335
NA	1.2576901566137	NA	NA	0.886055440818668	NA	0.857547924263981	0.994731047639473	0.807926910328155	1.03159057521653	NA	0.432448557325867	1.1818616867758	1.46201604671482	1.09274046670851	0.459763712260459	NA	0.292444006538877	0.574930882166006	0.455587928469209	1.0742207000315	0.748821951551852	0.53104291918658	0.162247777182587	0.163175910853192	0.413597121989834	0.748605631882914	0.681936331465629	0.277484243689085	0.678263526161154	0.355328454096317	0.435285197529694	0.857114533954127	1.29464006044654	0.291102021036938	0.39741898382895	NA	1.28237412074711	1.72660269520837	0.901866682355929
1.91582308761253	0.872618265016888	1.13358469282111	1.59890457341881	0.266730754694964	1.19708671296172	1.07743980339459	NA	NA	1.29483769204843	NA	NA	1.49497168813767	NA	1.533402611992	0.970129756445039	0.56293020451189	1.32904554068181	NA	0.486449780180326	0.790879596124696	1.14392333333473	0.511065070563252	0.873692588342195	NA	0.771935275609113	0.360595900378437	NA	0.430796813327276	0.508354557998092	0.485925981586339	0.391035514723388	0.848889211447564	0.863024842535691	0.555453662038013	0.434943554784374	NA	0.207102361275625	0.203793774112252	0.337403172755047
NA	NA	NA	NA	NA	NA	NA	NA	NA	NA	NA	NA	NA	NA	NA	NA	NA	NA	NA	NA	NA	NA	NA	NA	NA	NA	NA	NA	NA	NA	NA	NA	NA	NA	NA	NA	NA	NA	NA	NA
NA	NA	NA	NA	NA	NA	NA	NA	NA	NA	NA	NA	NA	NA	NA	NA	NA	NA	NA	NA	NA	NA	NA	NA	NA	NA	NA	NA	NA	NA	NA	NA	NA	NA	NA	NA	NA	NA	NA	NA
NA	NA	NA	NA	NA	NA	NA	NA	NA	NA	NA	NA	NA	NA	NA	NA	NA	NA	NA	NA	NA	NA	NA	NA	NA	NA	NA	NA	NA	NA	NA	NA	NA	NA	NA	NA	NA	NA	NA	NA
NA	NA	NA	NA	NA	NA	NA	NA	NA	NA	NA	NA	NA	NA	NA	NA	NA	NA	NA	NA	NA	NA	NA	NA	NA	NA	NA	NA	NA	NA	NA	NA	NA	NA	NA	NA	NA	NA	NA	NA
NA	NA	NA	NA	NA	NA	NA	NA	NA	NA	NA	NA	NA	NA	NA	NA	NA	NA	NA	NA	NA	NA	NA	NA	NA	NA	NA	NA	NA	NA	NA	NA	NA	NA	NA	NA	NA	NA	NA	NA
NA	0.565912711139504	NA	NA	0.580588078462187	NA	NA	NA	0.614175325977834	NA	0.673651745321165	1.27434397846308	1.20919730163806	1.3779897337902	0.786418510824751	1.37181477073388	0.946163753322541	NA	0.740153604792616	0.648985207862505	NA	0.343546375183311	0.396171211319568	0.354422869985793	0.365873170924158	0.410815755977309	0.559935018340764	NA	0.951357703671654	0.330401053500814	0.431791405160578	NA	NA	0.612060504073701	0.725316800089847	0.421906424607852	NA	0.189240581725012	0.583611684481662	0.110678858160416
NA	1.14136324692464	NA	1.26014752101041	NA	0.753470802689889	1.56997768524719	1.08889489073048	0.912645670566174	0.929299414229655	1.32152061644905	1.20790024411849	1.17713640993248	0.514702675098297	1.24973586126782	0.730605351838562	0.152862492014996	0.883609563507209	0.713676998594387	0.865199072864425	0.2604982658826	0.519096371116103	0.599562860982334	0.298927337912057	0.260317273258197	0.201991269793142	0.382089441314478	0.999898592270467	0.919439584092836	0.274530389909315	0.366562345213666	0.815302773691248	0.551034350986072	0.506553742543597	0.641700261312264	NA	NA	1.60851574185259	0.974721071547141	1.19382613888673
0.810166041479161	0.193457209254331	NA	NA	0.521024348009708	NA	NA	NA	0.75505646059118	NA	0.583952560432564	NA	0.574916157700241	NA	NA	NA	NA	0.55321640026355	0.161893125207574	NA	1.32474287820847	NA	0.572630626403686	NA	0.460186447934167	0.275334004145592	NA	NA	NA	NA	0.333700926269339	NA	0.253247068342552	0.962776721233183	1.32401229492483	0.258913336286427	NA	NA	0.766083161969796	0.678310212301974
NA	NA	NA	NA	NA	NA	NA	NA	NA	NA	NA	NA	NA	NA	NA	NA	NA	NA	NA	NA	NA	NA	NA	NA	NA	NA	NA	NA	NA	NA	NA	NA	NA	NA	NA	NA	NA	NA	NA	NA
NA	NA	NA	NA	NA	NA	NA	NA	NA	NA	NA	NA	NA	NA	NA	NA	NA	NA	NA	NA	NA	NA	NA	NA	NA	NA	NA	NA	NA	NA	NA	NA	NA	NA	NA	NA	NA	NA	NA	NA
2.87082165446269	NA	NA	NA	0.54001111092884	NA	NA	NA	NA	NA	NA	NA	NA	NA	2.03913155692858	1.87747826960328	2.00802003046441	1.78123200230768	1.55192358760557	NA	NA	NA	NA	NA	NA	NA	NA	NA	0.759434443139004	0.637802730585584	0.450923629169563	0.761629203345995	NA	1.09346971018457	1.53349382514113	NA	NA	0.181249969609742	2.01634728428129	NA
NA	NA	NA	1.17527384174984	NA	NA	NA	NA	1.13220137612382	NA	NA	0.909749693788753	NA	NA	NA	NA	0.730160826283617	0.65663537624512	0.437818961495672	0.303364238467167	1.19391380091173	1.11074787898121	NA	1.11446717776927	0.903230642868969	NA	0.56127511500036	0.664970097408724	0.497170432441882	0.955339030370598	0.49904954058097	NA	NA	0.594083703851866	NA	NA	NA	NA	0.702809052996803	0.369114005206314
NA	NA	NA	NA	NA	NA	NA	NA	NA	NA	NA	NA	NA	NA	NA	NA	NA	NA	NA	NA	NA	NA	NA	NA	NA	NA	NA	NA	NA	NA	NA	NA	NA	NA	NA	NA	NA	NA	NA	NA
NA	NA	NA	NA	NA	NA	NA	NA	NA	NA	NA	NA	NA	NA	NA	NA	NA	NA	NA	NA	NA	NA	NA	NA	NA	NA	NA	NA	NA	NA	NA	NA	NA	NA	NA	NA	NA	NA	NA	NA
NA	1.15180258599739	0.881011678143896	1.03488210386916	NA	1.01031242569786	0.648146393938579	0.931581577282963	NA	NA	0.528746732874338	0.693835805055704	NA	0.544222816631315	NA	NA	0.476489522350007	0.455881647703873	0.604485673649058	NA	0.891212034121652	0.935136322903419	0.756380630875619	NA	NA	NA	0.600309061544978	0.242553684755284	0.436319622024366	NA	NA	0.532306180848815	NA	2.21668564717077	0.260936922063985	NA	NA	0.264640600514522	NA	NA
NA	NA	1.20555532623033	NA	NA	0.0565501586375608	0.346172638542251	0.270550789199588	0.177148205417206	NA	0.520802133004752	0.637589781901213	NA	0.78157286586608	0.619732984258725	NA	NA	0.36851161216499	0.681592287829535	NA	0.368836235949407	NA	0.513686966308543	NA	NA	NA	NA	NA	NA	0.768164851352162	NA	1.04299458738852	0.411649736265853	1.04870578092273	NA	0.874997652498509	NA	NA	0.105466449699332	0.380434278028626
NA	NA	0.494550396574125	NA	0.547682922800221	0.415438165057371	NA	1.0117477529379	0.751170853318444	NA	1.01591104975121	0.532928238559869	NA	NA	NA	NA	0.330159773466903	0.644565917592458	NA	0.608149504361906	NA	0.604957272440758	0.782190084989054	0.628395405079954	NA	0.562509903767361	0.479635006224362	NA	0.588263407361886	0.627486164882575	0.5697889992811	0.368929683378264	0.244557176708499	0.127060610365238	0.432866878236151	0.399326823523055	NA	1.37897305272455	0.0975297773771642	0.608097567269575
NA	2.17405622975804	2.03109310823649	NA	1.84949681969871	0.701303996421454	0.291253463410229	0.346746413500312	0.316176510691549	2.31729336201982	0.72787195091006	0.700976852407062	NA	0.659202249455894	NA	0.590906159518006	NA	NA	NA	0.435085933685904	NA	0.583539509132245	1.16984881883314	1.13281948885863	NA	1.49755108913437	1.26246314692832	0.923156889174082	0.953115732575196	0.96320507767185	NA	0.506022736625816	0.238624748336473	NA	0.740496833146296	NA	NA	NA	0.677811750645355	NA
NA	NA	NA	NA	NA	NA	NA	NA	NA	NA	NA	NA	NA	NA	NA	NA	NA	NA	NA	NA	NA	NA	NA	NA	NA	NA	NA	NA	NA	NA	NA	NA	NA	NA	NA	NA	NA	NA	NA	NA
NA	NA	NA	NA	NA	0.965309331545239	NA	NA	NA	NA	2.02556902139215	1.9570818850649	3.00283240635028	1.92594244907999	2.05961001399718	NA	NA	NA	NA	2.08973185993117	NA	NA	3.49282503826893	3.51940350120183	NA	NA	NA	NA	NA	NA	0.861670724520258	0.291384236637444	0.108819887952727	3.22449808029432	NA	0.518572661368454	NA	0.537546148996329	0.635572288144186	2.18432296552828
NA	NA	NA	NA	2.1510903714421	1.52741239907859	NA	1.58556090861929	1.2072482231551	NA	1.48206555463635	1.67386245814887	0.566299818165902	NA	NA	1.03529565017004	NA	1.5468732050352	NA	0.319988082407737	1.08681100678211	1.54106035696808	1.60672448866813	0.23289926591369	0.505135444570356	0.231007308291644	NA	NA	NA	0.329145455565932	0.38513351033834	0.47809586229671	0.592795616048697	0.865904780546074	NA	1.0505308256385	NA	0.462450322394622	1.04407392159827	1.89514214798811
NA	NA	NA	NA	NA	NA	NA	NA	NA	NA	NA	NA	NA	NA	NA	NA	NA	NA	NA	NA	NA	NA	NA	NA	NA	NA	NA	NA	NA	NA	NA	NA	NA	NA	NA	NA	NA	NA	NA	NA
NA	NA	NA	NA	NA	NA	NA	0.899512018483909	0.150354107735823	0.584686528574283	NA	NA	NA	NA	NA	NA	1.2259359127427	1.69957534599	0.829986995467116	0.562267869130627	0.514076168178192	NA	NA	2.18658280945597	2.00332614887001	1.52240445136224	0.812041090319111	1.00590780908877	1.29219009991406	2.11948848368431	NA	1.741296187668	1.33386625596775	0.987012552692104	NA	1.21287247517284	NA	0.981792744359214	1.47691424194384	NA
NA	NA	NA	NA	NA	NA	NA	NA	NA	NA	NA	NA	NA	NA	NA	NA	NA	NA	NA	NA	NA	NA	NA	NA	NA	NA	NA	NA	NA	NA	NA	NA	NA	NA	NA	NA	NA	NA	NA	NA
NA	NA	NA	NA	0.552865070680732	0.660631986821081	0.9741679097123	0.878994904001085	0.732948420862822	NA	1.58310643126813	1.30682079647783	1.65885175812928	1.38593956465432	1.1069555270255	1.08080196818523	0.991202735229405	NA	NA	1.0492802971703	1.23709739538969	0.723708966589521	0.443256389588843	NA	0.31850077006621	NA	0.445227071339883	0.499952296856012	NA	0.54343974711927	0.255165638579386	0.703890914531635	0.485851034693767	0.355213698747582	NA	NA	NA	0.290497120786921	0.831650739549359	0.447107941355658
1.36543992326158	NA	NA	NA	NA	0.948433871396674	NA	NA	1.11673951660438	1.44031729729155	1.17922826857225	NA	NA	NA	2.60963203905521	0.574705435444284	0.640429219645646	0.581545924891225	0.838088539129916	NA	0.768176067331527	0.756302058056554	1.41499085628195	1.40369256013398	0.458619494568151	1.11261296535859	NA	NA	0.83206776909139	1.45221397820619	0.469387209525876	1.1875806945175	NA	1.37094623275698	0.559022499053414	0.509902179900963	NA	0.260534147565952	1.6021824964639	NA
NA	NA	NA	NA	NA	NA	NA	NA	NA	NA	NA	NA	NA	NA	NA	NA	NA	NA	NA	NA	NA	NA	NA	NA	NA	NA	NA	NA	NA	NA	NA	NA	NA	NA	NA	NA	NA	NA	NA	NA
NA	NA	NA	1.41284315934236	NA	NA	1.21339440610463	1.52081894868526	NA	NA	1.79441610965229	NA	NA	NA	0.484329809467914	0.84514383011055	NA	NA	NA	NA	1.04661898659535	1.5238536728944	NA	NA	NA	NA	NA	NA	1.06747371011134	0.869554961831679	NA	0.619923761548958	NA	0.474697408449687	0.146249660367449	0.297983304260035	NA	0.217002155676962	0.456165658022354	NA
NA	0.939046939918199	NA	NA	1.27028799214356	NA	NA	NA	NA	1.01767063630886	1.5402413778111	NA	NA	NA	NA	NA	1.20963433479674	0.715829990766869	NA	0.589681208980332	NA	0.812667209273609	NA	1.14281118416877	1.22533149459776	0.900432161385808	NA	0.95948320517967	0.350787313595131	NA	NA	NA	NA	0.557788020671688	0.315947374327005	NA	NA	NA	NA	NA
NA	NA	NA	NA	NA	NA	NA	NA	NA	NA	NA	NA	NA	NA	NA	NA	NA	NA	NA	NA	NA	NA	NA	NA	NA	NA	NA	NA	NA	NA	NA	NA	NA	NA	NA	NA	NA	NA	NA	NA
NA	NA	NA	NA	NA	NA	NA	NA	NA	NA	NA	NA	NA	NA	NA	NA	NA	NA	NA	NA	NA	NA	NA	NA	NA	NA	NA	NA	NA	NA	NA	NA	NA	NA	NA	NA	NA	NA	NA	NA
NA	NA	NA	NA	NA	NA	NA	NA	NA	NA	NA	NA	NA	NA	NA	NA	NA	NA	NA	NA	NA	NA	NA	NA	NA	NA	NA	NA	NA	NA	NA	NA	NA	NA	NA	NA	NA	NA	NA	NA
NA	1.02879538340099	1.38391000049395	1.26517119518848	1.18777716218276	1.48455643453808	1.02115313255937	0.736889308520436	1.19622942692291	0.694564557112392	1.33171084490922	1.57343196008831	0.676676664490786	1.90659557487766	0.558083265046081	0.314889710014389	1.59339488342603	NA	0.738765531728569	1.24950347211021	1.25904000401246	1.85776336314876	2.43608531458761	2.16145413656455	0.418905555240947	1.39644507337349	1.47351571938064	0.832184556816176	1.19229514697683	NA	0.947755864459653	0.63884571777555	0.546013478685194	0.183553378504857	1.54988270915452	0.241811560115685	NA	0.264960422956367	2.52491245492902	0.406975664162279
2.70007187214583	NA	NA	NA	1.1379354695379	NA	NA	NA	NA	NA	NA	NA	NA	NA	1.75848358900411	NA	1.44744193980229	1.55314673854068	1.21247915396437	NA	NA	0.556163706328078	NA	NA	0.8512167969627	NA	NA	NA	NA	NA	1.37025719684371	0.211093219571324	NA	NA	NA	NA	NA	NA	NA	1.00285724788587
NA	NA	NA	NA	NA	0.431352588885	0.565642335364494	0.492141576827594	0.585247704949758	NA	NA	0.825403167984874	NA	0.552166983842473	0.926845137085079	NA	0.876845848071309	0.819674822800779	NA	NA	0.444042428846715	0.532551637320597	0.968232050865399	NA	0.860284431953929	NA	NA	0.521046676684071	0.374822717417701	0.455031169079094	NA	NA	0.464196005385746	0.176072107192817	NA	NA	NA	0.323147898256888	0.263351197087621	0.279540591295171
NA	NA	NA	NA	NA	NA	NA	NA	NA	NA	NA	NA	NA	NA	NA	NA	NA	NA	NA	NA	NA	NA	NA	NA	NA	NA	NA	NA	NA	NA	NA	NA	NA	NA	NA	NA	NA	NA	NA	NA
NA	NA	0.890538318150324	0.733882669261085	NA	0.443465228036828	NA	0.525196144201843	0.353164127999039	1.51765991943578	0.603442583960197	0.73208486323141	NA	1.15925004999212	NA	NA	0.764158710855769	0.565539967392343	NA	0.769633712619099	0.85831143819204	NA	NA	NA	0.829287855416433	NA	NA	NA	NA	1.03021072089198	NA	NA	NA	NA	NA	1.68655691750194	NA	NA	NA	NA
NA	NA	NA	0.755238799075993	0.533639749435646	NA	NA	1.13314336225469	0.761724167697014	NA	NA	0.962820201088008	NA	NA	0.91744382493413	1.17371103683375	NA	0.599063062801707	0.92323101991828	NA	0.491917477734881	0.37672432338265	0.327564280286559	NA	0.200307911004007	0.668878977819322	NA	0.537584490488219	0.382899696747993	0.350012393529695	1.33100852737923	NA	1.43301950342502	1.40126331591478	0.567634076875236	1.28514914157473	NA	0.689732171300815	2.34088059742686	0.781594981529803
NA	NA	NA	NA	1.10963962898277	1.40766814891074	0.946045634358008	1.37902379621188	1.54566366888726	NA	NA	1.90456126716534	NA	NA	2.17950332043485	1.80088021610041	1.9350609612005	1.42223271494364	NA	NA	1.46700464820277	1.75556422771042	1.47368965639597	NA	1.36387912739655	NA	NA	1.15568498719193	1.68832751623912	0.812584763814903	NA	NA	NA	NA	0.91734007152305	0.532483011548863	NA	0.897518796070813	0.87531198985688	0.793942678754637
NA	NA	NA	NA	NA	NA	NA	NA	NA	NA	NA	NA	NA	NA	NA	NA	NA	NA	NA	NA	NA	NA	NA	NA	NA	NA	NA	NA	NA	NA	NA	NA	NA	NA	NA	NA	NA	NA	NA	NA
NA	NA	0.546501768671817	NA	0.518802811179577	NA	0.391671830087781	0.333007579176761	NA	NA	0.0895742305152727	NA	NA	0.322520186895421	0.62952505866736	NA	NA	NA	0.831865469479159	0.61893793783965	0.501850528971711	0.649427632105041	1.0480901224101	NA	NA	NA	NA	NA	NA	2.06970895433713	NA	0.664561636897634	1.31823511351171	1.63483853368444	0.91826991204629	1.25786293244658	NA	0.214145754657111	NA	0.859605301354808
NA	NA	NA	NA	NA	NA	NA	NA	NA	NA	NA	NA	NA	NA	NA	NA	NA	NA	NA	NA	NA	NA	NA	NA	NA	NA	NA	NA	NA	NA	NA	NA	NA	NA	NA	NA	NA	NA	NA	NA
NA	NA	NA	NA	1.46943242199427	1.695087267996	NA	1.23283741173322	NA	NA	NA	NA	1.66279921580095	1.53800616048093	NA	NA	NA	NA	NA	1.01634318389391	0.412488325653961	NA	NA	0.350685689528479	0.435189136528361	NA	NA	1.10142921437293	NA	NA	NA	NA	NA	0.491408017868254	0.410148429435479	0.573611102851779	NA	0.334666892043223	0.253976840867363	NA
NA	NA	NA	NA	NA	NA	NA	NA	NA	NA	1.93913657290134	NA	NA	NA	NA	1.57998659410443	NA	NA	NA	1.02208807644057	NA	NA	1.85152291099422	1.74734933931984	NA	NA	1.52510002621986	NA	NA	1.15208088605475	0.837792808049157	0.711712682722502	0.4435724659389	0.43698072712978	0.852933939689148	0.540573744233126	NA	0.244083839941142	0.29965166694947	0.370830062814915
NA	NA	NA	NA	NA	NA	NA	NA	NA	NA	NA	NA	NA	NA	NA	NA	NA	NA	NA	NA	NA	NA	NA	NA	NA	NA	NA	NA	NA	NA	NA	NA	NA	NA	NA	NA	NA	NA	NA	NA
2.1292826536061	0.927592554519847	NA	NA	NA	1.65175699298583	1.46094085899764	1.78878874381941	2.03735144858328	NA	1.49551040916425	NA	NA	NA	1.86806441580966	2.01998607367617	1.80604710977584	1.61423038689688	0.665133689886406	0.446806080312827	2.01502009612976	1.86756451800523	1.89751762116227	0.486792666493945	0.538042028913304	0.595314520052476	1.57854348492523	0.561311504470398	0.373553654912915	0.778249159258021	NA	NA	0.524966699913798	NA	NA	0.347136210534875	NA	1.03456413614559	1.16381388201373	0.685699919419903
1.16130939912255	NA	1.46813962967319	NA	NA	1.65425490405936	1.94449209036421	1.70883660121362	1.4102578079668	NA	NA	1.1764968089998	0.755808914068061	2.05078268728979	2.26335563935804	2.19169340804626	1.75544934970231	1.63854458546024	NA	NA	0.846044562784635	NA	NA	0.826464344850366	NA	NA	NA	NA	0.337979759960743	NA	NA	NA	NA	NA	NA	0.476947900745653	NA	0.574169960028284	0.551352976781543	NA
NA	1.01948553778165	NA	NA	NA	NA	1.33040852687112	NA	1.42674014786176	NA	1.34312804475019	0.713816863611976	NA	1.40210929563699	1.58755641809271	1.7355607875664	1.67387871793866	1.69025749168233	0.819600850688147	NA	NA	NA	0.490154880132432	NA	NA	NA	NA	NA	0.400370654511645	0.567897704704399	NA	NA	0.624001548025795	0.822745094398483	NA	0.622330360801328	NA	0.717927279172326	0.5407079354586	0.677193563650195
NA	1.04136093090091	NA	NA	0.486065402762212	1.01553718026972	0.868824701214302	NA	1.29342786866506	1.45044819801598	1.58025348227763	NA	NA	1.29192320076217	1.68084345664824	NA	NA	NA	0.658652824732797	NA	NA	1.14842678727608	NA	NA	0.403865298914849	NA	NA	NA	NA	NA	NA	0.771121544773524	NA	NA	0.510992668352299	NA	NA	NA	0.813393972500555	NA
0.549520873460048	1.01809429035664	NA	1.33636615507994	NA	1.53695235117705	1.4401589324763	NA	0.777050528331737	NA	NA	1.5162181711923	NA	1.02023117764029	0.764649445521104	0.749148692479539	1.0172355561516	0.63372358637773	1.07855366542511	1.17706269510167	0.972825032548503	0.579297396447997	0.50996415663701	0.73375569479195	0.675571707510265	NA	NA	0.374094111507036	NA	NA	0.466263778907724	0.314565970115359	0.268170566136597	0.336997937711494	NA	0.271780958647545	NA	0.602401255040595	0.420407434447407	0.8508006678811
NA	NA	NA	NA	0.535414511086408	0.89440674861674	NA	0.745419525594296	NA	NA	NA	NA	NA	0.939981614359132	0.627572662666315	NA	0.287010438046846	NA	NA	0.696679634498724	0.916887197166007	NA	0.960181759939169	NA	NA	0.480103128054425	0.648667049103472	0.689895621297074	0.304195196235614	NA	NA	0.456710247924397	0.615724749281665	NA	0.585867333712308	NA	NA	NA	0.418484539140515	NA
NA	NA	NA	NA	NA	NA	NA	NA	NA	NA	NA	NA	NA	NA	NA	NA	NA	NA	NA	NA	NA	NA	NA	NA	NA	NA	NA	NA	NA	NA	NA	NA	NA	NA	NA	NA	NA	NA	NA	NA
NA	NA	NA	NA	NA	NA	NA	NA	NA	NA	NA	NA	NA	NA	NA	NA	NA	NA	NA	NA	NA	NA	NA	NA	NA	NA	NA	NA	NA	NA	NA	NA	NA	NA	NA	NA	NA	NA	NA	NA
NA	NA	NA	NA	NA	NA	NA	NA	NA	NA	NA	NA	NA	NA	NA	NA	NA	NA	NA	NA	NA	NA	NA	NA	NA	NA	NA	NA	NA	NA	NA	NA	NA	NA	NA	NA	NA	NA	NA	NA
1.51624571895123	1.32602124708159	1.14664745152332	0.659721445809965	NA	NA	NA	0.803102382101498	0.753284357693972	0.482609685246551	0.835432593578731	0.899576754138828	0.894073345677577	0.77001770252427	0.353871118076509	NA	NA	NA	0.82339851101689	0.4690963600871	NA	0.75691678545605	0.811653905212916	0.797801521105397	0.534101207844354	0.573456491560567	0.514450072751653	0.627088793526598	0.375361579682557	0.214212374670928	0.827040869836601	NA	0.348824956716659	0.569459639793755	0.68904159605106	0.540514155796657	NA	1.01074448964248	0.326584990061626	0.997913773838534
NA	NA	NA	NA	NA	1.26675395958598	1.18284010565933	1.06884872800049	1.05897984631881	NA	NA	1.22439795654825	1.36792269406762	NA	NA	NA	1.27129788455297	0.963908604302535	NA	0.688486971388011	0.926853132662525	1.01035331501422	1.17027582292033	NA	NA	NA	NA	NA	NA	0.461785158719029	0.544876585954491	NA	0.288832193199608	NA	NA	2.36070367326183	NA	NA	NA	NA
NA	NA	NA	NA	NA	NA	NA	NA	NA	NA	NA	NA	NA	NA	NA	NA	NA	NA	NA	NA	NA	NA	NA	NA	NA	NA	NA	NA	NA	NA	NA	NA	NA	NA	NA	NA	NA	NA	NA	NA
NA	0.323051300591365	0.620634226630842	0.747607231848544	0.783007118683398	0.876309834288917	0.817673415778127	1.32000946641756	0.562552361646458	0.650240062007168	0.382748014110575	0.597728498093587	0.509007079031796	0.701100818877775	0.625212057850269	0.789047932165874	0.397249140005223	0.299305867366753	0.831130478962114	0.472342459092773	0.550209444575784	0.694897950559396	1.80122310990718	NA	NA	0.910262263354332	1.48934337094279	NA	1.7208723816004	NA	NA	NA	1.24405047609558	NA	NA	NA	NA	1.04731593766703	1.25227487083768	1.32488555696927
1.28030632665373	1.21674009865871	2.74469725745477	NA	1.37199697738763	1.43544887151946	NA	1.788794928772	NA	NA	1.58954399947875	1.35557173042945	NA	1.49979140427743	NA	0.674466500092431	1.58644059347276	NA	1.33267661064173	1.22198226689353	1.02282098034203	1.13950577346663	1.09702990935822	1.13952852264047	1.02270685365496	1.46228286985529	NA	0.7135724119155	NA	0.681083463262266	0.479166863384675	0.764304570569233	NA	0.468876206102262	NA	NA	NA	NA	0.835365444720262	1.61972662334299
NA	NA	NA	NA	NA	NA	NA	1.71064745625745	NA	NA	NA	NA	NA	NA	NA	NA	NA	NA	NA	NA	1.10168572441395	NA	1.2268958772592	NA	1.24331894103746	NA	1.54321163965793	NA	1.6701978132641	NA	NA	1.41968676775439	1.33648057754255	1.55520804852199	1.1867569731275	1.16001390743717	NA	1.42632082942674	1.21931029139723	1.2726534977496
NA	NA	NA	NA	NA	NA	NA	NA	NA	NA	NA	NA	NA	NA	NA	NA	NA	NA	NA	NA	NA	NA	NA	NA	NA	NA	NA	NA	NA	NA	NA	NA	NA	NA	NA	NA	NA	NA	NA	NA
NA	NA	NA	NA	NA	NA	NA	NA	NA	NA	NA	NA	NA	NA	NA	NA	NA	NA	NA	NA	NA	NA	NA	NA	NA	NA	NA	NA	NA	NA	NA	NA	NA	NA	NA	NA	NA	NA	NA	NA
NA	NA	NA	NA	NA	NA	NA	NA	NA	NA	NA	NA	NA	NA	NA	NA	NA	NA	NA	NA	NA	NA	NA	NA	NA	NA	NA	NA	NA	NA	NA	NA	NA	NA	NA	NA	NA	NA	NA	NA
NA	NA	1.22168680151405	NA	NA	0.958043041999417	1.06188344852829	1.22380769130742	1.63893670492508	NA	NA	1.02361668571585	NA	NA	1.22737503443921	NA	1.35902379023901	1.67808871881658	NA	0.503922414921895	0.420039709399083	NA	0.47960555076163	NA	0.561020039881084	0.472597881422434	NA	NA	0.273220313543749	0.521595043089005	0.462676682119537	NA	0.579329573137693	NA	0.362364459137006	NA	NA	0.344688262808128	NA	NA
1.95676066354482	1.85774648035161	1.69848708333963	1.69122735986684	1.79663699327083	NA	1.30728911215177	0.803469712832096	1.16431666203299	NA	NA	1.25604274862985	NA	NA	NA	NA	2.02068989918081	2.50756570287699	NA	1.98966664674941	NA	NA	0.287539765561642	0.308778537133974	0.898106364216947	0.836157525864129	0.981680361465403	1.24256003983826	0.44394401413416	1.08569699175586	0.239215293888182	NA	2.02938215468787	0.703659781642265	0.691626835359339	0.726155114998509	NA	0.62247981404973	0.846513205135964	0.415141038438921
0.60783426167258	NA	NA	1.53353233061191	NA	0.50037583897686	NA	0.536187962875564	0.458779267147811	0.742156364529998	NA	0.348293977359333	NA	NA	0.475621241749526	0.621327023068566	NA	0.428258014889682	NA	0.644094091233618	1.0687517732462	0.61005282699297	0.519485540372234	0.465675266476702	0.426610859308927	0.754357230617761	NA	0.53034666793546	0.497681589837846	0.483981879659455	NA	0.963935317440262	NA	0.856892228956539	1.06661511633994	0.873670296728593	NA	0.393990722905392	0.371951497096855	NA
0.32051525741405	NA	NA	NA	NA	0.551226471100701	0.46881431628597	NA	0.4660293790784	NA	1.460397710562	0.970687410142357	NA	NA	0.662842957235775	NA	NA	NA	0.427550531820785	0.340010931608256	0.294652132273434	0.606361534415134	0.269369799684222	NA	NA	NA	NA	0.552213918866258	0.21084927270482	NA	NA	NA	0.562781784248048	0.373134000518087	0.663782472949402	0.384191857288547	NA	NA	0.912672291396961	1.16109218662808
0.98976592765338	1.89131357767662	NA	NA	0.752001889968633	0.65007000823267	0.889343734453284	0.829320886334566	0.845744145584428	NA	0.631464303742449	0.590458703044902	0.7022703980254	0.591282993627938	0.730902420615579	0.61624586562016	0.910619032940192	0.780826761906911	0.601431115333684	NA	NA	1.03086187708411	NA	0.834338088270764	1.11171915263184	0.985363036912554	0.286855983833567	NA	0.338681859132677	0.849798582260906	0.497643022041776	0.67446496312809	0.427157652872481	0.310545784106668	1.54996377382166	0.458408693961837	NA	NA	0.676737637555875	0.990491424838948
0.997343814502681	0.914317437956313	1.12157677730694	1.18488799489167	NA	2.02529201082033	1.67670814536117	1.63613989000104	1.36259979593782	1.24339997978916	1.22956197589454	1.24929725985008	1.32002077310266	0.857609129014211	1.11400384158766	1.89514619268261	1.37746981687453	1.48113999955038	1.47158367469192	1.42478340015307	1.04932847310783	0.999173363718107	1.17624888619459	1.29113675179469	1.24878747160593	1.08580559615165	1.14032327481218	1.43445260934485	0.499356401286201	0.622879467473247	0.48990517442631	0.901915637511354	0.521343735978502	NA	NA	NA	NA	NA	0.387169240192366	NA
NA	NA	NA	NA	NA	NA	NA	NA	NA	NA	NA	NA	NA	NA	NA	NA	NA	NA	NA	NA	NA	NA	NA	NA	NA	NA	NA	NA	NA	NA	NA	NA	NA	NA	NA	NA	NA	NA	NA	NA
NA	NA	1.05368109695353	1.1807313812553	NA	NA	1.63089054758978	1.24663082552737	NA	NA	1.33368833648665	NA	NA	1.18015146863614	NA	1.01076267564375	NA	NA	NA	NA	1.09089677306107	1.0347126554449	NA	NA	NA	NA	0.808766846575795	NA	1.04724310649672	0.671964100783657	NA	0.712523173729944	NA	NA	NA	0.441240651498037	NA	0.587282722747252	0.598538874013348	NA
NA	NA	NA	NA	0.470690581241474	0.451171954541954	0.526905027625404	0.686822692562824	0.294885668228895	NA	0.578819220572744	0.233655986001005	0.103036322255811	0.248620772787261	0.595271773798842	0.714262803327916	0.540172520952075	0.190625345248382	0.436514443816494	NA	1.06795843052741	0.974228520896495	1.02661675891232	1.10034825891351	1.23747066083559	NA	NA	0.846508116608801	0.72964676318793	0.77453532136858	NA	0.386729482969509	NA	0.383198552814236	0.482545731430552	0.428508663315436	NA	NA	0.717442687547977	1.80258560164353
NA	NA	NA	NA	NA	NA	NA	NA	NA	NA	NA	NA	NA	NA	NA	NA	NA	NA	NA	NA	NA	NA	NA	NA	NA	NA	NA	NA	NA	NA	NA	NA	NA	NA	NA	NA	NA	NA	NA	NA
NA	NA	NA	NA	NA	NA	NA	NA	NA	NA	NA	NA	NA	NA	NA	NA	NA	0.835179591299656	NA	NA	0.913696419244163	NA	NA	NA	NA	NA	NA	0.166010222068168	0.645095566821483	NA	NA	NA	NA	0.790490571624816	1.19176085388162	NA	NA	0.341458878856409	NA	0.356653054278823
NA	NA	NA	0.653248932910678	NA	0.366478037454972	NA	0.825048448467717	0.327234713319835	NA	NA	NA	0.1217048050446	0.365592758275412	0.317492862997562	NA	0.624272702508969	0.335241568073824	NA	0.273103622703063	0.846499109600978	1.12903155597147	1.19091615625851	1.33922662736843	1.75005009215145	NA	1.43641391615498	1.27483728870412	1.22553807963013	NA	NA	1.49887842387902	1.52899775434671	1.25890857745084	NA	1.46712486250662	NA	1.85358001029753	1.00510778652396	0.963403507152344
1.43162761962717	2.23867051603945	2.14328629879058	1.81413889485571	NA	1.44771131611126	1.36067919235441	1.42439363414103	1.58166922451909	1.71520514177046	1.73172087489797	1.60687222469388	NA	1.7071890706522	2.08551267720259	1.61661341491671	1.92089607610772	1.70444510895142	NA	NA	1.09697091833965	0.899696816086057	1.0863416373235	1.12823737199439	1.36121528912397	NA	1.23854389220507	NA	NA	0.804307853658304	0.927267191312224	NA	0.815689476705437	0.611705394477947	0.590013642581384	0.696544364868427	NA	0.365410567509555	NA	NA
NA	NA	NA	0.749789636852022	NA	0.590657894098028	0.629749011278591	0.437061055019183	0.364693093411601	NA	NA	0.818413617308953	NA	1.0279295315092	2.19459347512855	NA	1.10990290498322	NA	1.12892294275681	0.456978977289752	NA	0.728373143620732	1.11403463457454	0.814202806425818	1.22245659014602	1.05596420737144	NA	0.713989980638548	NA	NA	NA	0.698223630381047	0.834797245862464	0.664266858021228	NA	NA	NA	NA	NA	0.853113733677153
NA	NA	NA	NA	NA	NA	NA	NA	NA	NA	NA	NA	NA	NA	NA	NA	NA	NA	NA	NA	NA	NA	NA	NA	NA	NA	NA	NA	NA	NA	NA	NA	NA	NA	NA	NA	NA	NA	NA	NA
NA	NA	1.06117879341337	2.54639402655261	2.81420414028094	0.52002237675659	0.819224566767988	NA	1.09905175773388	NA	2.37045844612163	NA	2.07286152921118	1.81316742742522	2.61004580903118	NA	2.43759739218438	1.92819799660934	0.244082673249697	NA	0.390669004380572	2.82754983159379	3.24004101468884	NA	NA	3.17940599569463	NA	2.19343966151633	2.596295502263	1.91210998437223	0.655030642971647	NA	0.888815461434538	1.90627640578586	NA	2.07881080599175	NA	NA	NA	NA
NA	NA	NA	NA	NA	NA	NA	NA	NA	NA	NA	NA	NA	NA	NA	NA	NA	NA	NA	0.260139634926233	NA	NA	NA	NA	NA	NA	1.01834575944636	1.25120850766385	1.37974065176892	0.316817230448317	2.23147477557809	0.716499475257184	2.26927430500067	2.39943032570037	0.973299248021214	2.33851561371719	NA	2.25282034717875	2.81235563561507	2.5568642696494
1.09585696671484	0.828496214815373	NA	1.04796011456256	NA	1.23423206498953	1.38496991728127	NA	1.22871621725566	NA	NA	1.63136891780598	NA	NA	1.8310477074709	1.55323489112464	NA	1.91379062962483	NA	NA	1.4213343692333	1.06969870784742	NA	NA	NA	NA	NA	NA	NA	NA	NA	1.9063500373498	0.483683947109862	0.49487428741764	0.244412489576284	0.217379631551764	NA	NA	NA	0.491044303965049
NA	NA	NA	NA	NA	NA	NA	NA	NA	NA	NA	NA	2.15464756997463	NA	NA	NA	1.92254832509658	2.15142186651703	1.92389649502242	1.99896905656816	NA	NA	NA	NA	NA	1.84502723172901	1.7994729482658	1.43534842915699	NA	0.976537762990118	NA	NA	NA	NA	NA	NA	NA	NA	NA	NA
NA	NA	NA	NA	NA	NA	NA	NA	NA	NA	NA	NA	NA	NA	NA	NA	NA	NA	NA	NA	NA	NA	NA	1.29730188138572	1.15610026168362	1.60737958257811	NA	1.77989202415003	0.917139767269022	NA	NA	NA	0.893001271869831	0.60199087651409	0.986496654601683	0.420706734073422	NA	0.311281969568663	NA	NA
NA	NA	NA	NA	NA	2.85012837967436	2.83502952104602	NA	NA	NA	NA	2.42547530791781	NA	2.12745628059816	NA	NA	1.53159897694351	NA	2.31578360134653	NA	3.26103357132136	NA	1.46700160172792	1.61334801634093	1.33922938614385	NA	1.70017456800698	1.72417303728404	1.5689116395837	NA	NA	NA	0.873925429863404	NA	0.618043752405638	NA	NA	0.561275018586364	0.768846824076166	1.30052804753344
NA	NA	NA	NA	NA	NA	NA	NA	NA	NA	NA	NA	NA	NA	NA	NA	NA	NA	NA	NA	NA	NA	NA	NA	NA	NA	NA	NA	NA	NA	NA	NA	NA	NA	NA	NA	NA	NA	NA	NA
NA	NA	NA	NA	NA	NA	NA	NA	NA	NA	NA	NA	NA	NA	NA	NA	NA	NA	NA	NA	NA	NA	NA	NA	NA	NA	NA	NA	NA	NA	NA	NA	NA	NA	NA	NA	NA	NA	NA	NA
NA	NA	NA	NA	NA	NA	NA	NA	NA	NA	NA	NA	NA	NA	NA	NA	NA	NA	NA	NA	NA	NA	NA	NA	NA	NA	NA	NA	NA	NA	NA	NA	NA	NA	NA	NA	NA	NA	NA	NA
1.15948405921007	1.57849373208241	NA	1.51937351598056	NA	1.72066216799006	1.28729686875213	2.29557951718362	1.31348925532507	1.42407271010333	1.21236139901957	2.35300878679696	NA	1.34522056365619	1.24204061938614	NA	2.49896347332579	NA	NA	1.22552201400733	1.56983280858878	0.970360970235789	NA	1.14390388881608	NA	0.883920892394463	1.12050418487555	0.817418326242269	0.948916245626924	NA	NA	1.37057683834833	1.19082776466311	1.09826503848895	NA	0.785748428284377	NA	0.547724033796275	0.588495194514084	0.542831208834071
NA	1.82122727873583	NA	2.11214479324312	NA	1.77814198209659	1.8070966387917	1.68611806076996	1.94162473027771	NA	NA	NA	NA	1.34163903467519	NA	1.17637446484834	1.239220388726	0.932644724879394	NA	NA	1.93054243317025	1.6323058152097	1.43801544449904	1.46319376219312	1.12380889460112	1.0613232752951	1.06858366626093	0.905944205561949	0.96412394987883	1.33265467741584	1.18482801391195	1.29594534238898	0.611963526995489	0.787468866829031	0.611460421322701	NA	NA	0.949118202194011	NA	0.797706212230878
NA	NA	NA	NA	NA	NA	NA	NA	NA	NA	NA	NA	NA	NA	NA	NA	NA	0.97816216906809	NA	0.775961818746602	NA	0.44702346475167	NA	NA	1.0278183424035	0.89739646767011	0.763915060337651	0.435879789493339	0.719533338103456	0.634297265654127	0.098487723364582	NA	0.233117177359861	0.0867515048473417	0.407153947864082	NA	NA	NA	0.372194859226677	NA
NA	NA	NA	NA	NA	NA	NA	NA	NA	NA	NA	NA	NA	NA	NA	NA	NA	NA	NA	NA	NA	NA	NA	NA	NA	NA	NA	NA	NA	NA	NA	NA	NA	NA	NA	NA	NA	NA	NA	NA
NA	NA	NA	NA	NA	NA	NA	NA	NA	NA	NA	NA	NA	NA	NA	NA	NA	NA	NA	NA	NA	NA	NA	NA	NA	NA	NA	NA	NA	NA	NA	NA	NA	NA	NA	NA	NA	NA	NA	NA
NA	NA	1.02376618786639	NA	NA	1.25946301307746	0.889803655731416	NA	1.07966934779821	NA	NA	0.184418880206839	0.251313192848155	0.517058773357788	NA	NA	NA	0.573288517121385	NA	NA	1.51655744242469	NA	NA	NA	NA	1.04489284254481	NA	NA	NA	0.593163401106166	0.659998839019768	NA	0.177188287602731	0.479388699825749	NA	NA	NA	0.660561747338106	0.741160296635184	NA
1.94452876797411	1.45545907567229	NA	NA	NA	1.29840619454365	1.25962680839256	NA	1.11661927719379	0.94977747221077	1.933780891714	NA	1.25156076459039	1.81099326272136	NA	1.90074485748491	NA	NA	NA	NA	NA	NA	NA	NA	1.69801743770563	1.50665287959339	NA	0.666718564218811	0.491237464998804	0.892950230528148	NA	1.18769673976331	1.17110230645559	NA	NA	NA	NA	1.48339627847658	NA	2.08010504467979
NA	NA	NA	NA	NA	NA	NA	NA	NA	NA	NA	NA	NA	NA	NA	NA	NA	NA	NA	1.76110759580716	NA	NA	NA	NA	NA	NA	NA	1.78719561195802	NA	1.40787204085462	NA	1.11395819668972	1.09417735674343	0.784116330244819	NA	0.416800542747929	NA	0.214437778674072	0.347337475102278	0.153729963182377
NA	1.11002088027355	1.24291087281804	NA	0.463697267663758	NA	1.0624176983099	1.19779478763509	0.741682027863542	0.58602911156308	0.61182116396684	0.414671324523038	NA	0.863133098084056	NA	0.655472016758717	NA	NA	0.788495346252238	NA	NA	NA	0.718794997717585	NA	NA	0.593744228027044	0.693931655657975	0.406089317082029	NA	NA	0.507284128927422	NA	NA	0.345986675935107	0.341815593360231	NA	NA	1.07414324547421	NA	NA
NA	NA	NA	0.441790305156623	NA	0.474747392892475	NA	NA	0.554306182012743	NA	NA	NA	NA	0.816769320336883	0.617324853076038	NA	NA	NA	NA	NA	NA	NA	0.647185203794125	1.13748580813249	1.25383494234168	NA	NA	NA	NA	0.836172434144461	0.360840785353143	NA	NA	NA	NA	NA	NA	0.37867236909704	0.275067828542786	NA
NA	1.32286195777274	1.42418920337365	1.39862238563854	1.72911616342924	NA	NA	NA	NA	NA	NA	NA	1.99744613855341	1.74149004778735	1.40199745736916	1.64013103541801	1.84813522005487	1.67412769043308	NA	1.86055408909346	1.71915567936561	0.635874894891945	0.28537101600664	0.527174556155093	0.539117637736777	0.451421931571306	NA	NA	0.317248057048863	0.511090526124264	0.894437393575667	NA	0.267651577113783	0.5428388017124	NA	NA	NA	NA	0.239037522622946	NA
NA	0.729373672614752	NA	0.84746264528553	0.997041081971966	NA	NA	NA	NA	NA	NA	0.551727998795049	0.634635492749922	0.668710022769707	0.732844816678229	0.697318268315206	0.693926067560996	0.686022637601426	0.867272093114986	NA	NA	NA	0.5086055812843	0.424043020525097	0.449201005388723	NA	NA	1.11670989181091	NA	0.306969533292859	NA	1.13077144772989	NA	0.512068811565125	NA	NA	NA	0.835120458562071	0.458330904286937	0.540470034410619
NA	NA	NA	NA	NA	NA	NA	NA	NA	NA	NA	NA	NA	NA	NA	NA	NA	NA	NA	NA	NA	NA	NA	NA	NA	NA	NA	NA	NA	NA	NA	NA	NA	NA	NA	NA	NA	NA	NA	NA
0.995695365682575	1.74043924175512	NA	NA	0.595320141243004	1.18236819614195	1.09402347018297	0.771906131564533	0.852303519546384	NA	1.10598521658931	0.889288354986263	0.75595398809707	NA	0.243745980648802	1.29401641283773	0.215468287235314	1.57445835208113	1.30208085159971	1.18056281175902	0.197601425981801	NA	0.777944088846402	NA	NA	NA	NA	NA	NA	0.425815302074503	NA	2.20144700814543	NA	NA	NA	0.645746831032424	NA	1.12522945423767	0.908710311109259	0.811837098138797
NA	NA	NA	NA	NA	NA	NA	NA	NA	NA	NA	NA	NA	NA	NA	NA	NA	NA	NA	NA	NA	NA	NA	NA	NA	NA	NA	NA	NA	NA	NA	NA	NA	NA	NA	NA	NA	NA	NA	NA
0.877978362450707	NA	1.7467835921686	NA	1.08480723024037	0.675156551910165	NA	NA	0.623768147486718	NA	NA	0.942614871294624	NA	1.13575136272882	1.82887440584719	NA	NA	0.880159292022575	0.69736057414741	0.738462051059442	0.83737160780825	NA	NA	NA	NA	NA	NA	NA	NA	NA	NA	0.687283749435835	NA	0.323388670576872	NA	NA	NA	0.261304726586542	0.367489590853357	0.591813953442826
1.26809391069287	1.4804002263913	NA	NA	1.45637192400824	1.63859894111414	1.71046728203327	1.27780872295481	1.62214600160822	NA	2.1557342598646	1.7731034158175	1.67579196766347	2.0038642723589	1.94197731297126	NA	1.94521364169356	1.76601074307664	1.53909183757382	NA	1.72390726673988	1.30652782011731	1.22534360996309	0.798554997594453	0.936797888585311	1.07262171227263	0.843451095237104	1.07495465026028	NA	1.26941512020669	0.827986342501502	NA	NA	NA	NA	1.25142259788136	NA	1.12648826101317	NA	NA
NA	1.86221163016233	NA	0.827590439277468	NA	1.74487243209303	0.962049824684905	0.996545929973777	NA	1.12129003370541	NA	2.28483252781889	NA	NA	NA	1.31362820986026	NA	NA	NA	1.06273390369012	NA	NA	NA	1.20750083917959	0.732927561181055	0.642104733073393	NA	NA	NA	0.353177147338228	NA	0.383844138372285	0.262669121904908	0.412860139578098	0.107434002569439	0.188587989847906	NA	0.798840723576627	0.777009495594951	0.781330309819972
NA	NA	NA	NA	NA	NA	NA	NA	NA	NA	NA	NA	NA	1.89843147698185	1.85375248917773	NA	1.63737024499233	1.56181430205328	1.53078539211414	1.20416911127993	NA	2.21267555946328	NA	NA	2.2398773853222	1.65406395703579	1.57337539856473	1.54021108431148	0.99281209327788	1.04752683045601	0.932688663790116	1.17741093651109	0.840374584953319	0.681810744546016	0.86485855371759	0.341365646317888	NA	NA	0.347874595125304	0.492122561359259
NA	NA	NA	NA	NA	NA	NA	NA	NA	NA	NA	NA	NA	NA	NA	NA	NA	NA	NA	NA	NA	NA	NA	NA	NA	NA	NA	NA	NA	NA	NA	NA	NA	NA	NA	NA	NA	NA	NA	NA
NA	NA	NA	NA	0.792546501344021	0.861489551400952	1.13005434502294	1.03011199407248	1.19066775493674	1.31688717485102	1.54441863367891	NA	NA	1.52992441569488	1.23368498173662	NA	1.54328666645115	1.4356470354978	1.23187244776628	0.944982121401045	1.10454230492862	NA	NA	0.819785903500739	NA	1.27063433859347	NA	0.167113573627151	0.189535755364061	0.625940635887345	0.540810329078196	0.196960329524376	0.294296303218994	0.31008084288192	1.09963563499411	NA	NA	NA	0.379146480861774	0.427659113866508
0.954618950231687	NA	NA	NA	NA	0.534835599066848	0.967774554199361	NA	1.11355987854797	0.712896931517457	NA	0.819936225330907	0.628552188421103	0.846707403375732	1.22912972223538	NA	0.609923992858127	NA	0.882561950280795	NA	0.429375116688684	NA	NA	1.04514082798771	NA	1.02994523870394	NA	0.662586610940607	0.652177612475333	0.654329330734887	NA	NA	0.29559482081084	NA	0.240703207041308	0.29899564714298	NA	0.384571120304902	NA	NA
NA	NA	1.87278215156562	NA	NA	2.01268491140841	2.72113888226008	NA	1.81225735181197	1.76000089300561	2.11787177544838	2.63004750299478	NA	NA	2.93814702181576	3.21414094572905	2.70158702609351	2.46445698187971	NA	NA	NA	1.59235035378063	1.41091932702492	NA	NA	NA	1.43768966426454	NA	1.51739897911671	NA	0.974146773131651	1.03305042486036	0.956673287932179	1.46311610417884	1.25340905079829	NA	NA	1.61202835715939	1.36849260868797	1.48170289649101
NA	NA	NA	NA	NA	NA	NA	NA	NA	NA	NA	NA	NA	NA	NA	NA	NA	NA	NA	NA	NA	NA	NA	NA	NA	NA	NA	NA	NA	NA	NA	NA	NA	NA	NA	NA	NA	NA	NA	NA
NA	NA	NA	NA	NA	NA	NA	NA	NA	NA	NA	NA	NA	NA	NA	NA	NA	NA	NA	NA	NA	NA	NA	NA	NA	NA	NA	NA	NA	NA	NA	NA	NA	NA	NA	NA	NA	NA	NA	NA
NA	NA	NA	NA	NA	NA	NA	NA	NA	NA	NA	NA	NA	NA	NA	NA	NA	NA	NA	NA	NA	NA	NA	NA	NA	NA	NA	NA	NA	NA	NA	NA	NA	NA	NA	NA	NA	NA	NA	NA
NA	NA	NA	NA	NA	NA	NA	NA	NA	NA	NA	NA	NA	NA	NA	NA	NA	NA	NA	NA	NA	NA	NA	NA	NA	NA	NA	NA	NA	NA	NA	NA	NA	NA	NA	NA	NA	NA	NA	NA
NA	NA	NA	NA	NA	NA	NA	NA	NA	NA	NA	NA	NA	NA	NA	NA	NA	NA	NA	NA	NA	NA	NA	NA	NA	NA	NA	NA	NA	NA	NA	NA	NA	NA	NA	NA	NA	NA	NA	NA
NA	NA	NA	NA	NA	NA	NA	NA	NA	NA	NA	NA	NA	NA	NA	NA	NA	NA	NA	NA	NA	NA	NA	NA	NA	NA	NA	NA	NA	NA	NA	NA	NA	NA	NA	NA	NA	NA	NA	NA
NA	NA	NA	NA	NA	NA	NA	NA	NA	NA	NA	NA	NA	NA	NA	NA	NA	NA	NA	NA	NA	NA	NA	NA	NA	NA	NA	NA	NA	NA	NA	NA	NA	NA	NA	NA	NA	NA	NA	NA
NA	2.35734481826384	2.10860181020845	2.03432974473022	0.163897413545311	NA	NA	1.91987283273661	1.53325034855985	NA	1.4927743106161	1.56377209181731	1.44089157494729	NA	0.976379311231392	1.02501289151913	1.28743253013565	1.22820540220193	1.47460609235917	NA	0.53796530794191	0.905418037761258	1.26958757576736	0.684089898974842	NA	NA	NA	1.36631805307759	0.496350496949507	0.58267601125292	0.539651933129776	0.591863570293164	0.280203431650031	0.735491317813074	NA	0.518129512918374	NA	2.31064239582143	1.66879068990153	0.627821843854653
NA	NA	NA	NA	NA	NA	NA	NA	NA	NA	NA	NA	NA	NA	NA	NA	NA	NA	NA	NA	NA	NA	NA	NA	NA	NA	NA	NA	NA	NA	NA	NA	NA	NA	NA	NA	NA	NA	NA	NA
NA	NA	NA	NA	NA	NA	NA	NA	NA	NA	NA	NA	NA	NA	NA	NA	NA	NA	NA	NA	NA	NA	NA	NA	NA	NA	NA	NA	NA	NA	NA	NA	NA	NA	NA	NA	NA	NA	NA	NA
NA	NA	NA	NA	NA	NA	NA	NA	NA	NA	NA	NA	NA	NA	NA	NA	NA	NA	NA	NA	NA	NA	NA	NA	NA	NA	NA	NA	NA	NA	NA	NA	NA	NA	NA	NA	NA	NA	NA	NA
NA	NA	NA	NA	NA	2.07611142728607	1.63257515684299	1.41849251287274	1.71276559616862	1.68817676076211	1.38910570473853	1.28326495292522	1.09125517995462	0.994987077477506	0.983537677733382	1.07998387292918	0.931199336229872	1.46603674178841	NA	NA	1.11179274324756	NA	0.582044884872162	0.666102221334219	0.940859006595467	NA	1.03776976169638	NA	0.597249323861578	1.02402440175919	0.950822436539535	0.844571607524644	0.719207816544973	NA	0.401488123080954	0.284051295205025	NA	0.197135795905025	0.382999069869727	NA
NA	NA	1.28446104942327	1.76535578413925	1.60911197761295	NA	1.01063297304741	1.7894754088211	NA	NA	1.84883994301424	1.93087738539771	1.83953613496443	0.711175538338069	1.81824381027517	1.70161943026615	1.95855802923382	2.0157937171488	1.99723670406031	NA	1.76743719691237	1.36776060899558	1.35922567093026	1.39442147513634	NA	NA	NA	NA	0.530678457273307	0.190902360136449	0.38121129365822	0.126799393390946	0.626541776985856	0.339593852992426	0.420497951321831	NA	NA	NA	NA	NA
NA	NA	NA	NA	NA	NA	NA	NA	NA	NA	NA	NA	NA	NA	NA	NA	NA	NA	NA	NA	NA	NA	NA	NA	NA	NA	NA	NA	NA	NA	NA	NA	NA	NA	NA	NA	NA	NA	NA	NA
NA	NA	1.55502137318463	NA	NA	1.65664260915478	1.69614858888429	1.70976426469216	1.29996731199413	NA	1.13864615334081	0.960006914116202	1.35645459121596	1.18382763227424	1.02210732484966	NA	NA	0.890846390021882	1.27932806191734	0.821590785300048	0.919780529692664	0.940667806360369	0.829475956745503	NA	NA	NA	NA	0.627230685395297	NA	1.21939755323831	NA	0.417545352125044	0.420734107080269	0.694579400173786	NA	NA	NA	0.662943788794779	2.16827538210144	NA
NA	NA	NA	NA	NA	NA	NA	NA	NA	NA	NA	NA	NA	NA	NA	NA	NA	NA	NA	NA	NA	NA	NA	NA	NA	NA	NA	NA	NA	NA	NA	NA	NA	NA	NA	NA	NA	NA	NA	NA
NA	NA	NA	NA	NA	0.281786990474837	NA	NA	0.374361728880749	NA	0.277470099992432	NA	NA	NA	NA	NA	NA	NA	NA	0.703087043162682	0.919281439023486	0.833386702500613	NA	NA	1.23160885867906	NA	NA	NA	0.283268335798024	0.911509218210935	NA	NA	0.991616561344499	2.06466314333939	NA	1.21811740897775	NA	1.66754860179265	1.16215691878578	0.577507724583843
NA	NA	NA	NA	NA	NA	NA	NA	NA	NA	NA	NA	NA	NA	NA	NA	NA	NA	NA	NA	NA	NA	NA	NA	NA	NA	NA	NA	NA	NA	NA	NA	NA	NA	NA	NA	NA	NA	NA	NA
NA	NA	NA	NA	2.10236773996441	2.08589497016156	NA	1.93065448743156	2.06776183778599	1.89674594043145	NA	NA	NA	1.63150183460213	2.2268838044673	1.43707168403136	2.14988824033057	1.58791333493357	NA	NA	NA	1.54567018653612	NA	NA	1.1887853594631	2.13823892979586	1.05566283550939	1.6166331082606	NA	NA	NA	NA	NA	NA	0.523005361645724	0.789934523966661	NA	NA	0.169862783851674	NA
NA	NA	NA	NA	NA	NA	NA	NA	NA	NA	NA	NA	NA	NA	NA	NA	NA	NA	NA	NA	NA	NA	NA	NA	NA	NA	NA	NA	NA	NA	NA	NA	NA	NA	NA	NA	NA	NA	NA	NA
NA	NA	NA	NA	NA	NA	NA	NA	NA	0.228876427105461	NA	0.949129793995077	NA	0.752269281972762	1.22394514380327	NA	0.995887001885384	NA	NA	0.510527122249344	NA	0.928540762945484	NA	0.426259152279831	NA	NA	NA	NA	NA	NA	1.54332743066916	NA	0.531803509518241	NA	NA	NA	NA	NA	NA	NA
NA	NA	NA	NA	NA	NA	0.768957760564491	0.370609313679545	NA	1.15797744391596	1.17039344073358	0.805916827783041	NA	0.773263019752398	NA	1.248717901723	0.966675052438893	NA	NA	0.816469329942355	1.32359302535296	0.197878476734454	0.788654382941745	0.3838368451854	0.426727195376978	0.273767360235704	NA	NA	NA	0.462765298075025	NA	NA	NA	NA	NA	NA	NA	0.58269608314515	0.715131629677155	0.426267386591949
NA	NA	NA	NA	NA	NA	NA	NA	NA	NA	NA	NA	NA	NA	NA	NA	NA	NA	NA	NA	NA	NA	NA	NA	NA	NA	NA	NA	NA	NA	NA	NA	NA	NA	NA	NA	NA	NA	NA	NA
NA	NA	NA	NA	NA	NA	0.939235895282022	NA	0.400614089870349	1.57687733174305	NA	0.612739565394377	0.865512670713145	NA	NA	1.12989055926947	1.23928573325694	0.882438933910068	NA	0.800809619975659	0.667640955147347	NA	0.665253642295614	1.10032141757279	0.394690946365403	0.583026974655518	1.25783115185624	0.687349640445963	1.04130462300741	0.586046350163971	0.753679002476915	0.848850403570432	NA	NA	0.315122515537066	NA	NA	0.827426840913931	0.445937937926753	0.997317420506756
NA	NA	NA	NA	NA	NA	NA	NA	NA	NA	NA	NA	NA	NA	NA	NA	NA	NA	NA	NA	NA	NA	NA	NA	NA	NA	NA	NA	NA	NA	NA	NA	NA	NA	NA	NA	NA	NA	NA	NA
NA	NA	NA	NA	NA	NA	NA	NA	NA	NA	NA	NA	NA	NA	NA	NA	NA	NA	NA	NA	NA	NA	NA	NA	NA	NA	NA	NA	NA	NA	NA	NA	NA	NA	NA	NA	NA	NA	NA	NA
1.78166136420981	1.59091872501845	1.61298522316933	1.94360879552042	1.85453727203032	1.79080728012815	1.90525135242263	1.93433804558471	1.33076567636951	NA	1.94480301815932	1.39608791545313	1.59694525460785	1.3650465598128	1.29966270214471	NA	1.27793131590619	1.5590128600995	1.89740930460747	1.50859777368366	NA	NA	1.62059572178026	0.988390245843215	1.03003468940828	0.944893914495098	NA	1.30519585724821	1.09456348473153	NA	NA	0.734563167075067	1.26618688227449	0.789503807460461	0.415218597704366	0.616762253344078	NA	0.490652010254298	0.291784100787038	NA
0.819620208190419	0.562887219890479	0.452802565839232	0.345191018867131	0.624930111115201	0.268599393942607	NA	NA	NA	NA	0.452125774825054	0.393981676545584	NA	NA	0.442717997904076	NA	0.993427292563535	0.561840192035378	0.59999416347997	0.280185974555622	1.02301583412232	NA	0.318461414912522	0.200806177555225	0.223811100561713	NA	1.30312053136352	NA	0.30378527502097	NA	0.724777896396496	0.768623572358235	1.62835809074119	0.908453631768143	0.436584773743938	0.28296903368532	NA	NA	0.335632613645882	0.785823090757952
NA	NA	NA	NA	NA	NA	NA	NA	NA	NA	NA	NA	NA	NA	NA	NA	NA	NA	NA	NA	NA	NA	NA	NA	NA	NA	NA	NA	NA	NA	NA	NA	NA	NA	NA	NA	NA	NA	NA	NA
NA	NA	2.66492081576214	NA	NA	2.02521123323502	NA	NA	2.46912027041897	NA	2.4807964826929	NA	NA	1.76881482881814	2.01664807760741	2.2652021881158	2.17825496807324	2.08019330773845	2.2867417167829	1.86889244702293	NA	NA	2.19960705219711	NA	NA	NA	NA	1.49315034087833	1.51959138206735	NA	2.3796217173763	1.3025515803116	1.74860216659658	1.33669810474601	0.499586361998056	1.01684724976281	NA	NA	1.28570443509037	1.34178038239262
NA	NA	NA	NA	NA	NA	NA	NA	NA	NA	NA	NA	NA	NA	NA	NA	NA	NA	NA	NA	NA	NA	NA	NA	NA	NA	NA	NA	NA	NA	NA	NA	NA	NA	NA	NA	NA	NA	NA	NA
NA	NA	NA	NA	NA	1.37758651042962	1.13083811498264	NA	NA	NA	2.16181323509731	NA	NA	1.99890462862726	NA	1.4894349793865	NA	1.89955945557425	NA	1.50434598213237	1.31758242692927	1.30360120832729	NA	NA	1.05381873675787	NA	NA	NA	NA	NA	NA	1.10772289906781	NA	NA	NA	0.412711886886084	NA	1.11693437787902	NA	NA
NA	NA	NA	NA	1.06369137529031	NA	0.878615238397566	NA	NA	NA	NA	NA	0.693158017697497	NA	NA	0.707718209512938	1.17332435689348	NA	NA	0.727301144592536	0.996835242153227	1.39258445348063	1.55508134310302	NA	NA	NA	NA	1.95899671492293	1.45398562465883	NA	1.63937280747531	NA	NA	0.91876825189263	0.616558694887337	0.834982144291113	NA	0.499120068357862	0.439607180859686	0.752798472903959
NA	NA	NA	NA	NA	NA	NA	NA	3.57283609890455	NA	NA	NA	NA	2.60470371680504	NA	NA	NA	2.36673893770192	NA	2.0161324063192	NA	NA	NA	1.00906142990059	NA	NA	NA	1.10688494605097	1.49586636336995	0.536771719234791	NA	NA	0.421693851077541	0.524793797085381	NA	NA	NA	0.186985546300915	1.07467475458424	NA
NA	NA	NA	NA	NA	NA	NA	NA	NA	NA	NA	NA	NA	NA	NA	NA	NA	NA	NA	NA	NA	NA	NA	NA	NA	NA	NA	NA	NA	NA	NA	NA	NA	NA	NA	NA	NA	NA	NA	NA
NA	NA	NA	NA	NA	NA	NA	NA	NA	NA	NA	NA	NA	NA	NA	NA	NA	NA	NA	NA	NA	NA	NA	NA	NA	NA	NA	NA	NA	NA	NA	NA	NA	NA	NA	NA	NA	NA	NA	NA
NA	NA	0.72725918869727	1.61981815030153	NA	1.16207178097814	NA	NA	1.6217553016296	NA	1.5436755653071	1.49526951009192	NA	1.44623539121758	1.18503216887371	0.882475570355713	0.865808266262971	NA	NA	1.68240631279827	1.59146903617102	NA	NA	0.700720116541122	0.878238989523072	NA	0.802739744304199	NA	0.459931004839213	0.509171884987805	0.567323558269255	0.879555017840332	0.792986565343699	0.99521644987419	NA	NA	NA	0.594813431793961	1.21069365642551	1.14078026173818
NA	NA	NA	1.32346936156214	0.619993908263982	0.447219314570646	0.690992761365936	0.698921364852083	0.842657634481463	1.01830790623038	0.957601654069939	0.390287695994306	0.898008649041244	0.229917804239446	0.481618880892082	NA	0.221611264256223	0.4231410514272	NA	0.445435705895792	0.418518819041562	NA	0.129439185411569	0.60629352696608	NA	NA	1.42726741026527	NA	NA	1.02979616079433	NA	NA	0.952242435601442	NA	1.78743957062485	NA	NA	0.419137218035813	NA	NA
NA	NA	NA	NA	NA	NA	1.28418634651179	1.03522628391219	1.08055429671351	1.22417173586333	0.897278928621111	0.702756784159653	0.723817042915446	NA	0.882756096410737	NA	0.562567468586672	0.244943841702915	NA	1.00607723757427	1.03627150115633	1.29139829964353	NA	1.75411410130753	1.50929124529286	NA	1.45484427864917	NA	0.957779683375008	1.16422075783875	NA	1.27147318550293	1.42255073349808	NA	NA	0.690671930589607	NA	0.319595912860499	0.766768769304521	0.92974486752745
1.39934122623239	1.33135072262368	1.62381067702399	1.65053260429946	1.47580157559322	NA	NA	NA	1.54603170042524	NA	NA	1.08421742887679	NA	NA	1.51696483875903	1.55844380059858	1.51979301778716	NA	NA	NA	NA	NA	NA	NA	NA	NA	NA	NA	NA	NA	NA	0.641359633284318	NA	1.47241203636175	NA	NA	NA	NA	0.497787630243607	0.434165901361006
0.915223742109472	0.525514297554617	0.689973120370908	2.04967107919314	0.846929993196153	1.18157446383733	0.950476376388321	1.17556383280823	1.03083836861236	1.21661384051593	1.24438003333524	1.76172642627235	2.08728498594976	1.80021980121313	1.89509196712372	1.48849049282132	1.56006739092054	1.15549231082882	1.24293508850268	1.06255822104461	0.845554019850635	0.512008313325382	NA	0.840235805161012	0.838198855906872	0.876355636173736	0.787226418628192	0.590479732973786	NA	NA	0.503936615045607	NA	0.194746167153099	NA	NA	NA	NA	NA	NA	0.591732475550493
NA	NA	NA	NA	NA	2.38279872877356	NA	NA	NA	2.53986860828103	2.53419693794556	2.39266489374448	2.44199208138625	2.18837664899869	1.85251240526187	2.50672870628901	2.27953037563039	2.00519822888237	1.99019634047963	1.88507303045429	2.59034910850262	NA	2.12487326850973	2.6195553901817	2.13943816200882	2.47965892618486	NA	2.35343541477576	1.95532132483982	1.24445009480287	NA	0.82151446437901	NA	0.200585695542378	NA	0.346201143156262	NA	0.82676426151635	0.97923489417999	1.91882894570393
NA	NA	2.07980270897585	1.04531427653102	NA	NA	NA	1.22648670110726	0.97506879028081	1.13702803303035	NA	1.05053293347946	NA	1.48060451807112	NA	NA	1.29183005749545	NA	NA	1.58189754092269	0.767951780356274	1.02486447519125	NA	NA	NA	NA	NA	1.26152078525214	NA	NA	0.550641093923755	0.570276387469937	0.629947166068408	NA	NA	NA	NA	0.757683173274822	NA	NA
NA	NA	0.889402038193943	1.09199982268769	NA	0.566897843470588	0.811852710698659	1.22344982256614	0.966611304760369	NA	0.213695697961441	NA	NA	NA	0.462106875828983	0.380688702866326	0.547370901025744	NA	0.421247073987416	0.443524466595836	NA	0.158122758669342	0.358546589283685	0.357454084973165	NA	NA	NA	NA	NA	NA	NA	1.38540395365583	NA	1.48763404453405	NA	NA	NA	0.397540240431209	NA	0.187433821810315
NA	NA	NA	NA	NA	NA	NA	NA	NA	NA	NA	NA	NA	NA	NA	NA	NA	NA	NA	NA	NA	NA	NA	NA	NA	NA	NA	NA	NA	NA	NA	NA	NA	NA	NA	NA	NA	NA	NA	NA
NA	NA	NA	NA	NA	1.50382150964515	NA	1.57008117978528	NA	1.35599569294584	1.19630553290555	1.61288713758729	NA	NA	NA	NA	NA	NA	NA	1.12894262849841	NA	0.910296566409574	1.2696223581398	NA	NA	NA	1.56671456277058	0.328976868341089	NA	NA	0.591856046495074	0.106710228807651	NA	0.93774056273045	1.75629284298355	0.550598737985506	NA	1.62572234637432	0.441485758656134	0.583354547915678
NA	NA	NA	NA	NA	NA	NA	NA	NA	NA	NA	NA	NA	NA	NA	NA	NA	NA	NA	NA	NA	NA	NA	NA	NA	NA	NA	NA	NA	NA	NA	NA	NA	NA	NA	NA	NA	NA	NA	NA
NA	1.80674028845748	1.9716634102209	NA	NA	NA	0.381630559629284	0.91376899057005	0.518239251366173	NA	0.355940222644359	NA	1.77149309704628	1.68783539749529	1.86532210572983	0.499236634429769	NA	NA	NA	NA	NA	1.46998265657604	0.851940195041811	1.50530453354841	NA	0.659313386120718	1.24742786819232	0.723877409872869	NA	0.521165421945637	NA	2.10538586644722	NA	0.870340587464792	0.777843250739543	0.878237494780687	NA	0.396968510930504	NA	0.427930621780729
0.908768510848518	0.826883604382364	0.79960582672275	0.64122173366981	1.44695299994277	0.387822431144821	0.283552993328391	0.575832904345933	0.505819554009204	0.474277677614452	0.578637999443664	0.635400847877354	1.01177546213172	1.3512860648996	0.541109857366268	0.708878654971845	0.591067791440804	0.605140702227402	0.703279129471513	0.588010857281888	0.473751588692206	NA	1.26936898924305	1.35971225781112	1.642242473004	1.21981011374761	1.45296800851351	1.00961995992849	NA	1.12777239138409	0.652041472595896	0.847800396767228	0.164149606873071	1.07064162296175	0.244749172310122	1.03533200780583	NA	NA	0.47391032977385	1.37341371247866
1.01891030157736	1.48585889815358	0.975650952716285	1.24133835743132	1.16574244309368	0.607790295417724	NA	NA	0.273596678342745	NA	0.514713125295939	0.669376670790187	0.493207281819515	0.548827660149504	0.783903132093021	1.01922780342195	1.32945740570861	0.846687072079313	0.248834810533425	0.379954985490016	0.658095332453648	0.316979388739322	NA	0.357790330344918	0.587314048720189	0.932829722157198	0.721569762719544	NA	1.85950420824992	NA	NA	NA	1.04874299442109	1.30259401669525	0.750623043518077	NA	NA	0.573618471270043	0.623031418330509	0.502619313916562
0.593782873345817	0.99106627848138	NA	NA	0.582185726127341	0.739811733020313	0.831688863029258	0.997058974767225	1.14607790264199	NA	NA	1.54336349381772	1.51311474014976	0.941488726780025	1.07290716686697	1.3433978368792	1.16942319470942	0.729249245754822	1.06918051254834	1.07308789026589	0.33481867624153	NA	NA	1.46758085079592	1.37883101083812	0.773107686415448	0.914963083453172	1.53633309961013	1.37367081394386	NA	0.845319415651142	0.774733776465396	NA	0.859037647627378	NA	0.495098411178082	NA	1.07063734970214	0.976658116401258	1.36783822489741
NA	NA	NA	NA	0.683155826587528	0.930622571374117	0.961680714999212	1.40150446402325	NA	NA	NA	NA	NA	NA	NA	NA	1.00463478466131	0.977688855793069	NA	0.751877414293941	0.527221397123747	0.371556888276005	1.30859963697714	NA	0.276752911524683	NA	0.700758530677703	0.541464124418115	NA	0.459049092951492	NA	NA	0.435614021045229	NA	NA	NA	NA	0.577909927618968	0.13821704953183	0.448583354723624
NA	NA	NA	NA	NA	NA	NA	NA	NA	NA	NA	NA	NA	NA	NA	NA	NA	NA	NA	NA	NA	NA	NA	NA	NA	NA	NA	NA	NA	NA	NA	NA	NA	NA	NA	NA	NA	NA	NA	NA
NA	NA	NA	NA	NA	NA	NA	NA	NA	NA	NA	NA	NA	NA	NA	NA	NA	NA	NA	NA	NA	NA	NA	NA	NA	NA	NA	NA	NA	NA	NA	NA	NA	NA	NA	NA	NA	NA	NA	NA
NA	NA	NA	NA	NA	NA	NA	NA	NA	NA	NA	NA	NA	NA	NA	NA	NA	NA	NA	NA	NA	NA	NA	NA	NA	NA	NA	NA	NA	NA	NA	NA	NA	NA	NA	NA	NA	NA	NA	NA
NA	NA	NA	NA	NA	1.18160142588892	0.908663964314081	0.589254228180091	NA	NA	NA	1.06072867859803	NA	NA	NA	NA	NA	NA	NA	NA	NA	0.271917717223754	0.40222478334818	NA	1.25664770964533	0.919252160350452	NA	NA	0.539698466874032	NA	1.21359197434113	0.371719571686894	1.07693684672581	NA	NA	NA	NA	NA	NA	NA
NA	NA	NA	0.90095981226041	1.22497622268887	NA	NA	1.25915331427078	NA	1.1244639380847	1.0194575980044	0.761490232765837	NA	1.67783030372766	0.199098909275065	0.662288776505952	NA	NA	1.88696841177411	NA	NA	NA	0.796886289677317	1.88975469841243	NA	1.94770556735943	0.137464984607185	NA	0.564229206522605	NA	NA	0.509523645973891	0.541766503087541	1.1921355573187	NA	0.342852299237434	NA	NA	0.275640697328896	NA
0.521002747282201	0.691857570678663	0.975832838201087	NA	0.785528701029987	0.444728904341299	0.481199149309234	NA	NA	0.732611414879494	0.626875831968251	0.554245978544752	0.498115720794701	0.139347229413674	0.536417713517782	0.38484079193788	0.127323401397605	0.594142089784368	1.03292530146285	0.326168719446832	0.48632353406557	1.14857304353293	0.666265311055759	0.892465057789602	NA	0.529224785499362	1.39215663384836	1.20805842783358	1.313180472594	0.759972230765231	1.28179510732024	0.402159014571861	1.14373407209241	0.774424396572323	0.481923563491123	0.69915848136248	NA	1.24042124892293	1.60232726012514	NA
1.7907533056928	NA	0.601190592521154	NA	NA	NA	NA	1.41789727336449	2.23786474106239	1.42365587384217	1.38145372110084	NA	1.86333967504762	1.69649489520825	0.756940491981744	NA	0.583907559225903	1.27805909476673	1.67413520820121	0.466549218886432	NA	0.740395553296055	NA	0.686697210775334	NA	1.17727297867975	NA	0.571356154551744	NA	0.809159746200002	NA	1.2727362299257	NA	0.719510905276505	0.838945814947731	1.17042100105668	NA	1.30311285873021	1.2147407181692	NA
NA	2.40404850209114	NA	0.399277856296237	0.447659501277722	1.02934018507711	0.794977697496629	0.859491279398684	NA	0.565114792024422	0.411621522662826	0.723283504370694	0.800010638235248	0.650418088652619	0.788282070778949	1.22721492291215	0.911366469374643	0.7130902906699	NA	0.688061939896075	0.512759517574837	1.508840848353	1.16318526315897	0.878362667237861	1.21187674836855	1.22991692374663	1.07354081991061	0.870912771385716	NA	0.522611949194328	0.698964001318687	0.176838776646935	0.322899401568345	0.560083741059258	2.15183242498964	0.359548470452674	NA	0.807280220282939	0.895834192970717	0.907458120218058
2.0979306492437	2.28064385502226	NA	1.57137653528113	1.9707309972006	NA	NA	NA	NA	2.02660273174785	NA	NA	2.05907541295341	2.17570495837053	NA	NA	NA	0.790738609809251	1.12276565994938	0.35003447454571	2.02101458439737	2.12160947355071	1.511845325401	0.553668217473661	NA	NA	0.704511349675097	0.467473569743438	0.815660505267495	0.752600667478466	NA	0.755237894229548	0.924048569021046	0.589742020582021	0.303380310357816	0.516294854027984	NA	0.908830616689856	1.44978223650315	0.666448726436113
NA	NA	NA	NA	NA	NA	NA	NA	NA	NA	NA	NA	NA	NA	NA	NA	NA	NA	NA	NA	NA	NA	NA	NA	NA	NA	NA	NA	NA	NA	NA	NA	NA	NA	NA	NA	NA	NA	NA	NA
NA	NA	1.5099172118619	1.37644429298355	0.304549442260423	1.83602957636098	NA	NA	NA	NA	0.87609856870106	NA	NA	0.561849894734968	0.674967869757692	NA	0.210934088777868	0.12409541074254	NA	0.349157914759522	0.281652844984262	0.201558883255807	1.17907024540384	0.611955367780075	NA	1.40103148513948	NA	1.42387739249345	0.433891611036346	NA	NA	0.417343817572708	0.399772670136537	0.757242216866275	NA	NA	NA	NA	NA	1.87668396622292
NA	NA	NA	NA	NA	NA	NA	NA	NA	NA	NA	NA	NA	NA	1.2718513492623	NA	NA	1.57990871294601	NA	NA	NA	NA	NA	NA	NA	1.28708724794515	0.917930413088047	1.11814096926566	0.967580624481395	0.690626724875296	0.877537747302405	0.903610436739911	NA	NA	0.393585563469535	0.344640756807221	NA	0.317717745781766	0.0771085481235119	0.517919640233321
0.680881565030364	NA	0.586060899038096	NA	NA	0.883060980304135	NA	NA	0.216884055097017	0.862576144102404	1.51219848724628	1.53692488543769	0.499742999755163	0.628097122137557	1.4008236618331	1.57068753545876	1.37210691900581	1.2998331403391	0.793305763567584	1.09178804372803	1.127330433198	NA	0.762678593320286	0.438796359393127	0.587595429817214	NA	0.839588118307521	0.457614192610441	NA	NA	0.524861812348588	NA	0.514297596243798	NA	0.189249803467431	0.257537793524056	NA	0.185823795149733	0.348965860027773	0.0937811664789997
NA	NA	NA	NA	NA	NA	NA	NA	NA	NA	NA	NA	NA	NA	NA	NA	NA	NA	NA	NA	NA	NA	NA	NA	NA	NA	NA	NA	NA	NA	NA	NA	NA	NA	NA	NA	NA	NA	NA	NA
NA	NA	NA	NA	NA	NA	NA	NA	NA	NA	NA	NA	NA	NA	NA	NA	NA	NA	NA	NA	NA	NA	NA	NA	NA	NA	NA	NA	NA	NA	NA	NA	NA	NA	NA	NA	NA	NA	NA	NA
0.832138271408694	NA	1.61261056236381	NA	NA	0.938336979689493	0.510512636181895	NA	0.75247611158486	1.18326994615688	1.06681380543533	0.738886213287839	1.03418966576904	0.287152685961131	NA	1.63855004736494	0.769453179731577	0.491457648812346	0.654869216886958	1.33734257502684	0.986796502972294	0.975660711139707	0.265054970112955	0.131969862977802	0.251742127917216	0.193292578106967	NA	0.206601914941014	0.690786651520925	0.862088380229531	1.15520805927512	0.87416535276844	0.843805911978198	0.14097854254486	0.173331171516272	0.161731275331501	NA	0.805881156280877	1.00603575865458	1.11595183778415
NA	NA	NA	NA	NA	NA	NA	NA	NA	NA	NA	NA	NA	NA	NA	NA	NA	NA	NA	NA	NA	NA	NA	NA	NA	NA	NA	NA	NA	NA	NA	NA	NA	NA	NA	NA	NA	NA	NA	NA
NA	NA	NA	NA	NA	NA	NA	NA	NA	NA	NA	NA	NA	NA	NA	NA	NA	NA	NA	NA	NA	NA	NA	NA	NA	NA	NA	NA	NA	NA	0.955450168856077	1.21737011201451	1.04638466554873	1.05949391430759	NA	0.622152323783319	NA	NA	NA	NA
NA	NA	NA	NA	NA	NA	NA	NA	NA	NA	NA	NA	NA	NA	NA	NA	NA	NA	NA	2.25709902932603	NA	NA	2.38007530635841	2.34262619166393	NA	NA	NA	2.29178311842552	NA	NA	NA	1.49391426384098	0.837024601469975	0.96394493729985	NA	NA	NA	0.858165046792683	1.09657702646063	0.544164447842155
0.509833799557688	NA	NA	NA	0.178725743802043	0.879959621302762	0.912670546738674	NA	0.755411196036073	1.96833352203528	NA	0.808461353545162	0.802779359938059	0.658407288414202	0.695679506832782	NA	0.504874296764432	NA	NA	NA	1.06006574228414	0.671404479332428	0.786999079425175	0.669781441412403	0.623064313725804	0.407046238838356	0.238930509577707	NA	NA	0.500867312210564	NA	NA	NA	NA	0.623364102961309	NA	NA	NA	0.57049476194868	NA
0.724382446199766	NA	0.494394722360677	0.518815081495138	0.495979471223865	NA	NA	1.41416867378347	NA	1.1700942707959	0.985490193842645	0.929764845541351	1.91307701477514	1.09846911855243	1.12108145497619	NA	1.20488536763597	1.11215534141841	NA	0.724732201091215	1.06087841428647	0.998068273064168	1.10414015080626	1.88117828115665	NA	NA	1.4679210170394	1.30328065397323	1.49139128577851	1.65397296719704	NA	1.92706421608197	1.63370934183907	0.952805083754134	0.827460756869365	0.506543727994357	NA	1.76930120751732	1.66760340865264	0.485782217666276
0.778027931030719	1.0672626402507	0.999512381842905	NA	1.14826854310175	0.242248336890001	0.523954608230656	NA	0.588982498427364	0.457817490668895	0.559328108325133	NA	0.197038658296532	0.370633476894129	0.448785292589945	0.644067241356446	0.286612136858941	NA	NA	0.413295311534346	1.25354360327863	NA	0.780103826927407	0.691763915532	0.865017005870252	NA	0.935865950151393	0.502228758460577	0.896506100957752	1.18204768614873	0.74380378055545	0.361501802633803	0.982949772410778	1.24718322653827	1.60445647630717	1.25365302189591	NA	0.63770128975055	1.0690422646268	0.990448498604234
1.0100485143236	1.97899813766227	0.841810826051405	1.44599714578924	1.06788121455195	NA	1.11417323764497	NA	1.33410868312646	1.94798931551027	NA	1.77150121445791	NA	1.17042168257858	1.23272017709206	1.27551312551319	1.23894512643882	1.49738212150095	1.6273244305634	1.22440862367652	0.869939750427568	1.3348884078226	1.50557526909332	1.28508427467157	1.24970638374781	NA	1.46199933308397	1.02503152221596	NA	NA	1.00025980511299	NA	1.93656395783496	0.959186859589093	NA	NA	NA	0.537740402360081	0.913799093771922	NA
NA	NA	NA	NA	NA	NA	NA	NA	NA	NA	NA	NA	NA	NA	NA	NA	NA	NA	NA	NA	NA	NA	NA	NA	NA	NA	NA	NA	NA	NA	NA	NA	NA	NA	NA	NA	NA	NA	NA	NA
0.853867893711851	NA	NA	NA	NA	0.998720858309609	0.924823884758333	0.847909974947854	NA	0.875639438567373	NA	0.83317056289261	NA	NA	NA	1.73516970460297	0.717129274273955	0.602220112063722	1.36168680712742	0.527865195169508	0.649942883337403	NA	0.442275958444719	0.756619297114933	NA	NA	NA	NA	1.40931117885747	1.01471775574741	1.15865905381682	1.24981693369836	NA	0.78066822768601	NA	0.244362499782009	NA	NA	0.413541249584037	0.866385751107058
NA	NA	1.47972448747172	NA	0.909991252154753	NA	0.825461457966804	0.85766720389543	0.680727245754438	NA	0.49333592807083	0.850143988451082	0.774471060569768	0.54877173472926	NA	0.704711404428449	0.684003542145252	NA	0.324644182940327	0.603824480728891	0.755100232275612	0.846494564690944	0.905237030602893	0.850119129290715	1.04092904841923	NA	NA	0.730111026257124	0.685325919895812	NA	1.65266044435671	NA	1.15860678747272	NA	NA	1.16621401033574	NA	0.342994431559089	0.965007836887387	NA
1.21271482609463	0.89347731269047	0.772709286494643	NA	0.546002582055708	NA	1.29525400152626	NA	NA	NA	0.841702318860746	0.644156580629544	0.8270380137519	0.977634157345584	0.779626792146947	0.589146037023915	0.379311818629707	0.382845467107521	0.333146475832979	0.313468304078148	0.892977458695066	NA	1.13150831961832	0.897417963621369	1.01539986160603	0.682908220805912	1.02662360291938	0.958903680773681	NA	1.55276475360448	0.672190529648365	0.796721871949144	1.55461515795498	1.52137255272601	1.30592458493	1.1165631421679	NA	1.417178366221	2.3022418631678	1.4905293668409
0.293992616968713	NA	0.581940928542142	NA	NA	NA	0.602936863389576	NA	1.22347072194301	0.677264496071416	0.868300106288908	1.206642085049	0.711065752698439	1.02838242934537	0.778936894572097	NA	NA	NA	NA	0.452046601807153	1.33964057719224	0.5376412179001	0.418252255191987	NA	0.576792187219085	0.614678849817568	NA	0.772827374496323	0.70524976742198	0.502978213772413	0.459808760188578	0.701125440637947	NA	0.585189523618792	0.457119158976439	0.674103062060315	NA	NA	0.367774152613243	NA
NA	1.72770314369465	1.74249295823259	NA	NA	NA	NA	1.63186950272494	NA	NA	NA	1.09087836292728	1.56307886301513	NA	NA	NA	NA	NA	NA	1.4049877106975	1.63253325628676	1.36746244765896	1.59422303174131	NA	0.90031876809018	0.756981643905229	0.964163377680274	1.12506549515839	0.982182262359208	0.859472557981856	0.62033996472867	1.00220923409041	NA	0.617847391131383	0.517552914012043	0.561845436741291	NA	0.306356614824027	0.424180168526442	0.481160046812587
NA	NA	NA	NA	NA	NA	NA	NA	NA	NA	NA	NA	NA	NA	NA	NA	NA	NA	NA	NA	0.982684201831124	1.35369544458119	1.35045768849786	1.73438331905648	1.61613060517929	NA	NA	1.57404018084645	1.58570433079724	1.400048415432	1.49550258462653	1.34950864985346	1.46790589911078	NA	1.09877791013896	0.823009433968997	NA	0.65220362162658	0.530086573450087	0.77024081361091
NA	NA	NA	NA	NA	NA	NA	NA	NA	NA	NA	NA	NA	NA	NA	NA	NA	NA	NA	NA	NA	NA	NA	NA	NA	NA	NA	NA	NA	NA	NA	NA	NA	NA	NA	NA	NA	NA	NA	NA
0.578223532619422	NA	NA	NA	0.844509959037042	0.70897441760736	1.28272934628025	1.13668457187296	0.829005644311506	0.697319238495594	1.20859385565154	1.11313280738577	NA	1.21818788463549	NA	NA	1.10897550008539	0.981614572771343	NA	NA	0.84839796817563	0.896721283352047	1.13887674681008	0.454663331933315	0.613094214773009	0.458944664225672	0.447209341313324	NA	NA	0.653900595473555	NA	NA	NA	0.574495873040587	NA	NA	NA	NA	0.331672390289597	NA
NA	NA	NA	NA	NA	NA	NA	NA	NA	NA	NA	NA	NA	NA	NA	NA	NA	NA	NA	NA	NA	NA	NA	NA	NA	NA	NA	NA	NA	NA	NA	NA	NA	NA	NA	NA	NA	NA	NA	NA
0.3802370345272	NA	NA	NA	0.149443693509729	0.477300622389752	0.536513607929234	0.990775956039027	0.821586279231262	NA	NA	0.58733630765972	NA	0.568187687319895	NA	NA	0.393408622583396	NA	NA	NA	NA	0.612581026303652	NA	0.613978151592632	NA	NA	NA	1.1604665752771	NA	0.857545561621073	0.667084186036949	0.583234586704691	0.597985094694939	NA	0.39064105153325	0.493726356141428	NA	0.338090637303242	NA	0.730947710062689
0.99657124693408	NA	0.907856709554524	0.906087838649056	1.33621610508992	NA	1.60927078094237	1.36881479285915	0.948290215258677	NA	0.912204896438015	0.63944052354297	NA	NA	0.365519485507571	0.377068159545794	0.76588655183236	NA	NA	0.852394833176067	0.661355512150579	0.601854054530919	0.680953521661341	NA	0.447159588159217	1.18728922015684	0.521382471808349	NA	NA	0.66775757125469	0.249238084928171	0.244964034361984	0.533132222954024	0.444521867419399	0.433454203733916	0.487104728251896	NA	0.497381207184354	0.387470658692687	0.747024631537046
NA	1.49866911755425	1.20052928844003	1.29216862276165	NA	NA	0.931462238986671	0.876469284187582	0.808490521517248	NA	1.2050597718054	NA	2.39923130025934	1.13486983745895	NA	1.12555865802965	NA	NA	NA	NA	0.498102648444912	0.629673187883122	NA	NA	0.847114468368577	0.813983651559039	NA	0.375992870205065	0.336286606081391	0.512085177745538	NA	0.486592854525098	0.849898820167532	NA	0.509306432091139	NA	NA	0.720415026850843	0.962578478688821	0.450388786810006
NA	NA	NA	NA	NA	NA	NA	0.986422686505192	NA	NA	NA	NA	NA	NA	1.34126224605324	NA	1.18616258235494	NA	1.41417310636786	NA	NA	NA	NA	NA	NA	0.867580297704382	NA	NA	1.32658122648603	1.07505881437474	1.34924459244254	NA	1.50855684232872	0.572513620008798	0.647235255319187	0.500639726613432	NA	0.353443629036693	0.364078742585665	NA
0.956212437829313	0.91979292096216	1.35292618772995	0.944593514084203	1.28303495811018	0.8964817768753	1.03293188055955	NA	1.0684762816317	NA	1.08479097875507	NA	1.08408340152507	0.812127621562192	0.588410787875026	NA	0.657132334166378	0.295186863366907	NA	0.387596186082175	0.559171928571215	0.78785066235736	0.245521210797541	0.0754816366657487	NA	0.605804208230055	0.109861513096287	0.206807357730201	0.508483435017779	NA	0.515094386102561	0.323605387190822	0.13567961756941	0.460370735414236	0.853130196208353	0.758884654668721	NA	0.395547273279748	NA	0.379391458581544
0.749824609419509	1.54179993326065	1.33406674788926	NA	NA	1.28200963755818	NA	0.794821277750052	1.05318034416966	1.89294385681847	1.21272986295873	1.23575225495377	0.652396273398941	0.925728729125615	0.767025319138362	0.88546390275704	1.06574669469132	NA	1.16237449044371	1.06819779265299	NA	NA	0.283943509634881	0.33899421063868	0.391363908389656	0.508157277687709	0.412835418220635	0.138269147247281	0.351696950195799	NA	0.724786736001333	1.03099987526138	0.3299674762007	0.249769852104073	0.377324997442332	0.519917709962608	NA	0.23802432841995	0.701071294148805	0.619232159293383
NA	NA	NA	NA	NA	NA	NA	NA	NA	NA	NA	NA	NA	NA	NA	NA	NA	NA	NA	NA	NA	NA	NA	NA	NA	NA	NA	NA	NA	NA	NA	NA	NA	NA	NA	NA	NA	NA	NA	NA
NA	NA	NA	NA	NA	NA	NA	NA	NA	NA	NA	NA	NA	NA	NA	NA	NA	NA	NA	NA	NA	NA	NA	NA	NA	NA	NA	NA	NA	NA	NA	NA	NA	NA	NA	NA	NA	NA	NA	NA
1.28447498576182	1.2249888832213	NA	NA	NA	0.517760738959521	0.875714880836094	NA	0.752618536575057	0.725548682216688	0.42324215013035	0.575434995528548	NA	0.823165682040948	0.759728551271472	1.4025806389287	1.07437972467814	0.962690089593221	NA	0.629094543066551	NA	0.404558809899868	0.614374997108043	0.381476837659488	NA	0.564413289134578	1.05678415938428	1.09516504872029	0.743595048361961	0.713373313649826	NA	0.372966494985928	NA	1.24948655769568	NA	0.309804568313907	NA	NA	0.9504793484969	0.337181152393292
NA	NA	NA	NA	NA	NA	NA	NA	NA	NA	NA	NA	NA	NA	NA	NA	NA	NA	NA	NA	NA	NA	NA	NA	NA	NA	NA	NA	NA	NA	NA	NA	NA	NA	NA	NA	NA	NA	NA	NA
NA	NA	NA	NA	NA	NA	NA	NA	NA	NA	NA	NA	NA	NA	NA	NA	NA	NA	NA	NA	NA	NA	NA	NA	NA	NA	NA	NA	NA	NA	NA	NA	NA	NA	NA	NA	NA	NA	NA	NA
NA	NA	NA	NA	NA	NA	NA	NA	NA	NA	NA	NA	NA	NA	NA	NA	NA	NA	NA	NA	NA	NA	NA	NA	NA	NA	NA	NA	NA	NA	NA	NA	NA	NA	NA	NA	NA	NA	NA	NA
NA	NA	NA	NA	NA	NA	NA	NA	NA	NA	NA	NA	NA	NA	NA	NA	NA	NA	NA	NA	NA	NA	NA	NA	NA	NA	NA	NA	NA	NA	NA	NA	NA	NA	NA	NA	NA	NA	NA	NA
NA	NA	NA	NA	NA	NA	NA	NA	NA	NA	NA	NA	NA	NA	NA	NA	NA	NA	NA	NA	NA	NA	NA	NA	NA	NA	NA	NA	NA	NA	NA	NA	NA	NA	NA	NA	NA	NA	NA	NA
NA	NA	NA	NA	NA	NA	NA	NA	NA	NA	NA	NA	NA	NA	NA	NA	NA	NA	NA	NA	NA	NA	NA	NA	NA	NA	NA	NA	NA	NA	NA	NA	NA	NA	NA	NA	NA	NA	NA	NA
NA	0.793784720748523	NA	1.04223427895468	NA	0.780317260100884	NA	0.949931132170634	NA	0.911861510654956	NA	NA	NA	NA	NA	NA	0.935537037328626	NA	NA	0.510406254782318	0.922736740614863	1.17319515740209	1.17055728278436	NA	0.972508724316795	0.597906959837749	NA	NA	0.849038083421569	0.808980017044355	0.743554114312773	NA	NA	NA	0.586637253836417	NA	NA	NA	0.487120210810399	0.61114678733723
0.323920043352823	NA	1.36131484206956	NA	0.889800421087433	0.782035592569863	0.765406663429525	0.492200502485551	0.461282046768543	1.39128387452681	0.885967548470748	1.38609513891745	1.35001966622974	1.36150854355	1.35227150664988	NA	1.43777886199438	1.78320602341092	NA	NA	0.223729789589047	0.512161773946675	NA	0.891934747259015	0.875971649721075	NA	1.67908422087084	1.32493265834237	1.19702835915964	0.952996677564779	1.224683270649	1.2710935158872	1.45941985352258	0.554994228714165	0.656190762726284	1.43881454608084	NA	NA	NA	0.536065472267643
0.739080478179526	NA	1.79762268465264	NA	NA	1.37036583230006	1.38090608850087	1.32826525264655	NA	1.2249642606306	1.99189281104185	NA	1.67683976438632	NA	1.08401157161737	1.69782545517147	NA	NA	NA	1.27405990802781	0.964113149960475	0.612066240129172	NA	0.916985761981189	0.969200787664053	1.81348716475335	NA	NA	NA	NA	NA	0.488703576334661	NA	NA	0.942598582100246	1.10717080473091	NA	1.52832881488497	NA	0.324174398159644
1.01588049079498	0.967395265199692	1.28206998976918	NA	0.907747305789608	NA	NA	0.583999114295054	1.78475782687782	NA	0.334255573821562	0.378747533721648	0.545592598456553	0.527619548157548	NA	NA	NA	NA	0.63687894115397	1.94862891578668	0.779094870236893	NA	NA	NA	0.72911115905934	0.780715045927071	0.892179450399081	1.06389320567471	1.52412355222115	NA	1.6210028818559	0.965142846565176	1.01973199796565	NA	0.783960285459251	NA	NA	1.21143884652178	0.813339473410829	1.04646243351086
NA	NA	0.493261379174413	0.791744348780706	0.343036782166562	NA	1.14475427365325	NA	NA	NA	0.716899324684553	0.607839116915921	0.66557966466854	0.826235998118078	0.867549704246524	NA	NA	1.34951374345052	1.83091193549028	NA	2.21116104711479	1.41213136522962	0.80268751649212	0.629458287048374	0.510250202955641	NA	NA	0.280044094016758	0.913658815172933	0.621775654497731	0.441339284445366	0.114936541257975	1.04690606139668	0.460695525718141	0.480579827186521	0.923366578704081	NA	0.974952885793794	0.285858501901552	1.25971949479225
NA	NA	NA	NA	NA	NA	NA	NA	NA	NA	NA	NA	NA	NA	NA	NA	NA	NA	NA	NA	NA	NA	NA	NA	NA	NA	NA	NA	NA	NA	NA	NA	NA	NA	NA	NA	NA	NA	NA	NA
NA	NA	NA	NA	NA	NA	NA	NA	NA	NA	NA	NA	NA	NA	NA	NA	NA	NA	NA	NA	NA	1.45465829730941	NA	NA	1.12018963992381	1.16027168444811	NA	0.881481612643934	0.729742082491123	1.38738029997588	NA	0.862697389615578	NA	0.778624615936649	0.358040834248223	NA	NA	0.929682092858462	NA	NA
NA	NA	NA	NA	NA	NA	NA	NA	NA	NA	NA	NA	NA	NA	NA	NA	NA	NA	NA	NA	NA	NA	NA	NA	NA	NA	NA	NA	NA	NA	NA	NA	NA	NA	NA	NA	NA	NA	NA	NA
NA	NA	NA	NA	NA	NA	NA	NA	NA	NA	NA	NA	NA	NA	NA	NA	NA	NA	NA	NA	NA	NA	NA	NA	NA	NA	NA	NA	NA	NA	NA	NA	NA	NA	NA	NA	NA	NA	NA	NA
NA	0.882600406568528	1.0180912680576	NA	NA	1.28708279664531	1.058610084589	NA	1.3597148816452	NA	NA	NA	NA	1.81208600304242	NA	NA	NA	1.81786312533545	NA	NA	1.5634397515294	1.40360025494984	1.52383252656555	1.57662280299787	1.582105656586	1.31481265674095	2.55484285689448	1.28535351284328	1.06943305824577	NA	0.675214919126024	NA	NA	NA	NA	0.502114391208972	NA	0.831517824487628	0.580933374874601	0.3372153105745
NA	NA	NA	NA	NA	NA	NA	NA	NA	NA	NA	NA	NA	NA	NA	NA	NA	0.763015403852942	NA	NA	1.30569249136603	0.953439176992238	1.34696846184548	1.41291073896053	1.36881691284417	0.998107818101595	1.6026983374885	NA	NA	1.85718410369122	NA	NA	2.5208038060506	2.35228291244639	3.38254684596537	NA	NA	2.20525610370703	2.36777446692794	2.30609850805486
0.784240291089091	1.27156113174444	1.02057281330159	NA	0.936560847548136	1.8683818348527	0.224850983643554	NA	0.883091005707021	1.49281265974239	0.894499909648241	0.215294269249995	1.45432431107488	NA	0.401271836479533	NA	NA	NA	0.404755819757597	NA	NA	NA	0.645765889139083	0.884572908557544	1.35447159503123	NA	NA	NA	NA	NA	0.435643560846426	1.04844184819655	0.658418609687679	NA	NA	NA	NA	1.25802754333722	0.54318011024777	1.49281341131692
NA	NA	NA	NA	NA	NA	NA	NA	NA	NA	NA	NA	NA	NA	NA	NA	NA	NA	NA	NA	NA	NA	NA	NA	NA	NA	NA	NA	NA	NA	NA	NA	NA	NA	NA	NA	NA	NA	NA	NA
NA	NA	NA	NA	NA	NA	NA	NA	NA	NA	NA	NA	NA	NA	NA	NA	NA	NA	NA	NA	NA	NA	NA	NA	NA	NA	NA	NA	NA	NA	NA	NA	NA	NA	NA	NA	NA	NA	NA	NA
NA	NA	NA	NA	NA	NA	0.218413122857946	0.996870437034772	0.947425507927085	NA	0.579380528253881	0.281067256715346	0.539504020259985	0.448146400257596	NA	NA	0.316278472274977	0.20744421831428	NA	0.512031894191288	0.617525136163721	NA	0.817546649462753	1.1414887005436	NA	1.91041458526634	NA	NA	NA	1.545183875387	NA	1.00641198479008	0.983565992413098	0.588613071185119	0.446147961899143	0.688922657900523	NA	0.653569257109137	0.352076356163654	NA
NA	NA	NA	NA	NA	NA	NA	NA	NA	1.29019391050939	1.02080868360503	0.922320933271668	0.571402207410551	0.625196967651736	0.550056787817575	NA	NA	0.610919946202288	NA	NA	0.670121884555197	0.488008358539008	1.04644259855409	NA	NA	1.10798057232147	NA	NA	1.29217177726143	1.1549926704061	NA	NA	NA	NA	0.456140695282441	0.360705530931733	NA	0.404653481141644	0.307865446181913	0.282177784588504
NA	NA	NA	NA	NA	NA	NA	NA	1.51919444606204	NA	NA	NA	NA	1.47124814623298	NA	NA	0.879980759006862	0.996221433215631	NA	NA	NA	1.18306677337991	1.8523252445147	NA	1.94268012484728	NA	2.2799553503911	1.97213104723975	NA	NA	1.8795578536955	2.07774462651842	1.82593357902467	1.43690633921217	2.11948514238946	1.74398230691783	NA	1.14247944316925	0.748118875454598	NA
NA	1.08014717055877	1.45255878986188	NA	1.09162592541189	1.29829466019702	1.2814614738702	NA	NA	1.08185789971194	0.777761018553214	1.14533540567071	NA	NA	0.728481730757071	NA	NA	NA	0.45922115404807	NA	1.23790739621967	0.885316424657988	0.842201760827538	1.37881892466026	NA	NA	NA	0.742957330013734	0.478773495583322	0.531914589310689	0.823599826459922	0.604030608213889	NA	0.874691408655511	0.477161028543607	NA	NA	0.389880751293431	0.60756141791981	0.438272669920347
NA	NA	0.55925446804933	0.37881061207966	1.21165181693433	NA	0.54482638666747	NA	0.610708444844633	0.764295467790764	NA	0.311387275104261	0.402046352200007	0.887562024387556	0.417399726183143	1.39553140735111	0.814624854856098	NA	NA	NA	1.24566205711988	1.08451309073744	1.05917532867267	NA	0.342649761859445	0.612511378698143	0.928975928838483	1.16268215109658	1.03409489056556	0.613238101294413	NA	1.42974188996867	1.05725641721382	NA	NA	NA	NA	NA	0.520419360211387	0.59933559615086
1.75251463137198	NA	NA	NA	1.62412723187605	2.4236032021554	NA	1.65940758765285	1.91837691599141	1.65772648669021	NA	NA	NA	NA	NA	1.70135854410994	1.38489224776015	NA	NA	NA	1.45037428511841	1.34985750505021	NA	NA	1.85320526738104	1.11332977270013	NA	0.259882199060912	0.789618912317272	0.81455303622105	0.511563968383295	0.805396411924307	NA	0.655754221618275	1.19473734244235	NA	NA	NA	0.809931831573565	NA
NA	NA	NA	NA	NA	NA	NA	NA	NA	NA	NA	NA	NA	NA	NA	NA	NA	NA	NA	NA	NA	NA	NA	NA	NA	NA	NA	NA	NA	NA	NA	NA	NA	NA	NA	NA	NA	NA	NA	NA
NA	1.08182736337493	NA	NA	1.40749536366236	NA	1.13763309944682	0.995537894249457	NA	NA	0.706525563805478	NA	1.7536176343045	NA	1.27738261514409	NA	NA	NA	NA	NA	0.803539665895426	NA	NA	NA	1.69814985949031	NA	NA	1.36575915624522	NA	NA	1.29456121319343	0.902850738243582	NA	1.04170382793199	0.880095135305948	NA	NA	0.485583039463755	NA	NA
NA	NA	NA	NA	NA	NA	NA	NA	NA	NA	NA	NA	NA	NA	NA	NA	NA	NA	NA	NA	NA	NA	NA	NA	NA	NA	NA	NA	NA	NA	NA	NA	NA	NA	NA	NA	NA	NA	NA	NA
NA	NA	NA	NA	NA	NA	NA	NA	NA	NA	NA	NA	NA	NA	NA	NA	NA	NA	NA	NA	NA	NA	NA	NA	NA	NA	NA	NA	NA	NA	NA	NA	NA	NA	NA	NA	NA	NA	NA	NA
1.2690048129431	NA	NA	NA	0.904386369705707	0.377817238014732	0.545815479100294	NA	NA	NA	0.663775613693511	1.10170781902931	NA	0.907084946657136	0.921995313815373	0.806186690698491	NA	1.01495705720449	NA	0.582289258409311	NA	0.295353787663373	0.582489942685968	NA	NA	NA	NA	NA	0.352367234355509	NA	NA	NA	NA	NA	NA	NA	NA	NA	1.22338794801737	NA
NA	NA	NA	NA	NA	NA	NA	NA	NA	NA	NA	NA	NA	NA	NA	NA	NA	NA	NA	NA	NA	NA	NA	NA	NA	NA	NA	NA	NA	NA	NA	NA	NA	NA	NA	NA	NA	NA	NA	NA
NA	NA	NA	NA	NA	NA	NA	NA	NA	NA	NA	NA	NA	NA	NA	NA	NA	NA	NA	NA	NA	NA	NA	NA	NA	NA	NA	NA	NA	NA	NA	NA	NA	NA	NA	NA	NA	NA	NA	NA
NA	NA	NA	NA	NA	0.418529764508768	1.97539225858433	1.67732438923573	1.46514848522091	1.6828179428573	0.986061150972568	1.23412194805985	NA	NA	0.787999662035403	0.706463977307017	0.344892432249089	0.747172930782061	0.102055866653255	0.32489953554394	0.590672994158672	0.718499820570898	1.25134922737558	1.13155904976843	1.01579499717168	0.562877569841817	1.47697516344386	0.494697085477079	NA	1.32170049181963	NA	0.404863400824467	1.30715391214551	1.40106141916552	NA	1.13157479393057	NA	1.1184107846419	1.0281739306649	NA
NA	NA	NA	NA	NA	NA	NA	NA	NA	NA	NA	NA	NA	NA	NA	NA	NA	NA	NA	NA	NA	NA	NA	NA	NA	NA	NA	NA	NA	NA	NA	NA	NA	NA	NA	NA	NA	NA	NA	NA
NA	NA	NA	NA	NA	NA	NA	NA	0.920473127934766	0.557047546890724	0.562355084729153	0.625577110750101	2.18792763957454	NA	NA	NA	NA	1.2060126420075	NA	NA	0.419688250944987	NA	NA	0.194122275784625	0.229916901588347	NA	NA	1.26466477432347	NA	NA	NA	0.814696905892286	0.419211646342104	NA	NA	0.375397832421366	NA	NA	0.307624828070763	NA
NA	NA	NA	NA	NA	1.81287345673754	1.5319291600648	NA	NA	NA	1.44797747127696	NA	NA	NA	NA	1.43838731984033	1.11818818665807	NA	NA	NA	NA	NA	NA	NA	NA	NA	NA	NA	NA	NA	NA	NA	NA	NA	0.482109188164538	NA	NA	NA	NA	NA
1.26352183844192	NA	NA	NA	1.03276536753289	1.58074191755515	NA	1.02836140014417	1.0152225426956	1.4790225656611	NA	NA	NA	NA	NA	1.50939882293983	0.349716863246817	NA	0.978123938350582	NA	NA	0.549023997978287	NA	NA	1.00723551626083	NA	NA	0.670844984889933	0.516141115432133	NA	NA	NA	NA	0.532901435309725	NA	NA	NA	NA	NA	NA
NA	NA	NA	NA	NA	NA	NA	NA	NA	NA	NA	NA	NA	NA	NA	NA	NA	NA	NA	NA	NA	NA	NA	NA	NA	NA	NA	NA	NA	NA	NA	NA	NA	NA	NA	NA	NA	NA	NA	NA
NA	NA	NA	NA	NA	NA	NA	NA	NA	NA	NA	NA	NA	NA	NA	NA	NA	NA	NA	NA	NA	NA	NA	NA	NA	NA	NA	NA	NA	NA	NA	NA	NA	NA	NA	NA	NA	NA	NA	NA
0.735566879665658	NA	NA	NA	1.36342342907414	NA	NA	NA	1.83683500919564	1.31676353759958	0.837937128691096	0.932220552494221	NA	0.953855053230036	NA	NA	0.736015228851418	0.518758275534413	NA	0.787368189704495	NA	NA	NA	NA	NA	NA	NA	NA	NA	NA	NA	NA	0.360205241639458	0.629218223574628	0.454558381072876	NA	NA	0.597901601277903	NA	NA
NA	1.20350054482949	0.758300238397866	0.842261305330532	1.43484712743528	0.8179135924035	0.783729014087024	1.31981560715989	NA	NA	NA	NA	0.62305205197769	NA	NA	0.718735773708985	0.975401447797323	0.883257879203792	0.865936101479426	0.593235668499762	0.970369690931281	0.526420997883883	NA	NA	0.866309839804195	NA	NA	0.836821268573525	1.16020177115677	0.992147713183379	NA	1.41348142056296	1.34005646059811	NA	1.20890838655277	NA	NA	1.16012568689855	NA	NA
NA	NA	NA	NA	NA	NA	NA	NA	NA	NA	NA	NA	NA	NA	NA	NA	NA	NA	NA	NA	NA	NA	NA	NA	NA	NA	NA	NA	NA	NA	NA	NA	NA	NA	NA	NA	NA	NA	NA	NA
1.68220488788483	NA	1.40715998900602	0.959700902717656	1.52776942115178	1.03379889545762	0.942213962805712	NA	NA	0.657005539018047	1.00143781290984	NA	1.36908092731829	0.686739639815927	0.440846825898888	1.64237365206483	NA	NA	NA	1.39199503749198	NA	NA	NA	1.06877943034479	1.26171343519786	0.891876367653689	0.647228663474963	0.716166905122064	NA	NA	0.750921839279224	NA	0.689976416899132	NA	NA	NA	NA	NA	0.303300013124821	NA
NA	NA	NA	NA	NA	NA	NA	NA	NA	NA	NA	NA	NA	NA	NA	NA	NA	NA	NA	NA	NA	NA	NA	NA	NA	NA	NA	NA	NA	NA	NA	NA	NA	NA	NA	NA	NA	NA	NA	NA
1.9192066000956	1.51749650535094	1.37535966519254	1.29426501669784	1.28567737915198	NA	1.32970098478081	NA	NA	NA	1.34943068358494	NA	NA	NA	1.45286121150945	NA	1.3209673608204	1.44263658102713	1.92024751104484	NA	NA	0.909363582940175	1.14452468093992	1.02366700861086	0.855319839789702	0.983464168409066	NA	NA	0.637995315725545	1.05372547449946	0.617430926472344	0.466063176780522	1.27202680049126	NA	NA	0.68360643022716	NA	0.334337200918729	0.789388822986447	NA
0.563428138816844	0.898707416190212	0.840130365714976	0.820341492203968	0.720462840529476	0.402888480126062	NA	0.835779738633476	0.447111208083593	0.507843425175613	0.644293187380136	NA	0.412749422445909	0.507957427247774	0.67053641421338	NA	0.27228583789259	0.497026213683561	0.324978569173519	0.609309818319224	0.814834416523945	0.247841275158115	0.607025379068036	0.46544524837983	0.765855815356631	0.754197043111553	NA	0.753636649522903	0.827218260970273	NA	NA	0.555148352462845	0.350655447506463	NA	0.392955041048481	0.509618470070648	NA	NA	NA	NA
NA	1.09537447546238	NA	NA	NA	0.983001252265374	NA	0.78240319669936	0.608610526264235	1.24055288591885	1.18076684410561	1.09320736305134	1.01771868435939	1.05025953989723	1.13031022060139	1.10234937783274	NA	0.77763437499229	0.696262904705367	NA	0.80225382170743	0.603725731857971	0.71091775230738	NA	NA	NA	0.773001545878069	NA	NA	0.635778079517369	NA	0.41015788244217	NA	NA	0.356330918294068	NA	NA	0.507275431786522	0.871123635971291	NA
NA	1.46840029014134	1.58866813804127	NA	NA	NA	NA	NA	NA	NA	0.713695422152365	NA	NA	1.57579703381529	NA	NA	0.800571371180371	NA	0.382789842889016	0.62563115291436	NA	NA	1.29241238488725	0.439460776451711	0.269359807682834	NA	0.97507735730833	NA	NA	0.614287311379116	NA	0.68246460178598	0.782480353537553	NA	0.615587178543805	0.425916647170409	NA	0.780765003763679	0.357660073984308	0.434165167306257
NA	1.23400247996491	1.04224195782408	NA	NA	1.64673679410834	2.1081730533691	2.09301628442641	1.74042481185796	2.03943428206808	1.72568257111635	NA	1.67150717630893	1.74685196891041	1.50767820756419	1.25107361327905	1.31737300176883	1.28020175064675	1.07100575864381	1.15397075445155	1.14710398508401	1.0932823212922	NA	1.44407091170781	NA	NA	NA	NA	1.59712037045127	0.847097683117933	1.59579424408809	1.4813329460496	0.659354406628772	0.755306328510063	0.244939069989506	0.351841551630593	NA	0.360885746271932	0.451565217390997	NA
NA	NA	NA	NA	1.44228765058605	NA	2.0221336439374	1.02799980903038	NA	1.67017767664937	0.800180671576525	NA	NA	NA	1.19085990354012	NA	NA	0.840155467221702	0.665160459580087	0.821392821412207	1.09617984105747	0.251197698431581	0.982935204079113	NA	0.95486760603762	1.03283128550869	0.506793461722269	1.02324772242743	0.453597007566887	0.183979506270195	0.551387794381214	0.789056281376733	0.848375188566171	0.378877477906133	0.204374995289241	1.8447500458678	NA	0.286053008916048	NA	0.493593300527189
0.810809089970663	NA	1.72950940242221	NA	NA	NA	0.805048070962915	1.20325517787085	NA	1.51570418353157	1.34642261270069	1.35662653530513	NA	1.40674845280518	NA	NA	NA	NA	NA	1.37896081830269	1.34652335965543	NA	NA	1.46335547783789	1.24628568551227	1.5094420133148	1.4874926592465	NA	1.17412871642004	0.721057943300413	NA	1.48635608768988	1.14577418151952	0.766775261385864	NA	NA	NA	NA	0.705142756439656	1.01763781971756
NA	NA	NA	NA	NA	NA	NA	NA	NA	NA	NA	NA	NA	NA	NA	NA	NA	NA	NA	NA	NA	NA	NA	NA	NA	NA	NA	NA	NA	NA	NA	NA	NA	NA	NA	NA	NA	NA	NA	NA
1.8868623946527	NA	NA	NA	1.97626444347449	1.73667975301083	NA	1.66706750984203	NA	1.94878961077522	1.96989508244427	1.77026799920292	1.83484025332658	NA	1.34267067689283	2.15870042282551	1.74892081232876	0.93326973379265	1.70320619538422	1.46328094349969	NA	0.916817218401705	1.00178035411867	NA	1.16867482003983	NA	NA	NA	1.77043837032414	NA	NA	1.02216186970194	NA	0.330329047601449	0.130540858078544	NA	NA	0.488785962578133	NA	1.22902239965553
0.633954281784672	NA	NA	NA	NA	NA	NA	NA	NA	NA	NA	NA	NA	1.10017726090994	0.71951498320026	NA	1.13466833816469	NA	NA	0.881212659452841	0.872291148635736	NA	NA	NA	1.2362630217683	NA	NA	1.25010610989894	1.3130188277635	NA	0.940478596492033	0.986785233136166	NA	NA	NA	0.79886853722329	NA	NA	NA	NA
NA	NA	NA	NA	NA	NA	NA	1.54796081194649	1.62313424643685	NA	1.3887139441946	NA	NA	0.835913794542599	NA	NA	NA	1.12142487236831	0.725450582134953	NA	0.7031783540444	0.543358441919909	NA	NA	NA	0.416387758298533	0.671678000330186	NA	0.335027063828884	NA	NA	NA	0.866874341470283	0.387857287133181	0.397498543009533	1.10835986138913	NA	0.933213056091257	NA	NA
1.87042025346858	1.34965208792157	NA	NA	1.0316933763768	1.21978626854318	1.34069224999968	NA	NA	NA	1.43474858975446	0.744188970715704	NA	NA	NA	NA	1.25882968095109	0.859936286552532	NA	NA	NA	NA	0.538174813781638	0.520901463520884	NA	NA	0.907534006114327	NA	NA	NA	1.08786640284633	NA	0.378869198828525	NA	0.292001979858861	NA	NA	NA	NA	NA
NA	NA	NA	NA	NA	NA	NA	NA	NA	NA	NA	NA	NA	NA	NA	NA	NA	NA	NA	NA	NA	NA	NA	NA	NA	NA	NA	NA	NA	NA	NA	NA	NA	NA	NA	NA	NA	NA	NA	NA
NA	NA	NA	NA	NA	NA	NA	NA	NA	NA	NA	NA	NA	NA	NA	NA	NA	NA	NA	NA	NA	NA	NA	NA	NA	NA	NA	NA	NA	NA	NA	NA	NA	NA	NA	NA	NA	NA	NA	NA
1.43474052124293	NA	NA	1.42506471866466	NA	1.2665136653452	NA	1.18155420582639	NA	NA	NA	1.4174467356354	NA	NA	NA	NA	1.32151147534939	NA	NA	0.458534227776133	NA	0.887023302440414	NA	NA	NA	NA	NA	NA	0.896469891886336	NA	NA	0.742018014770666	NA	NA	NA	NA	NA	NA	NA	NA
NA	NA	NA	NA	1.82837399257496	NA	NA	NA	0.458363315253393	0.910707068169707	NA	0.285976412223144	NA	NA	NA	0.255470744301512	NA	NA	NA	0.637671241254467	0.782164073547103	0.933241052728449	NA	NA	NA	0.363676952597007	NA	1.43001820887791	NA	1.27944112232384	NA	NA	NA	NA	1.23414517134516	1.09925766818112	NA	NA	1.25899062464897	NA
NA	NA	1.31907028722513	1.64186578999349	1.42242784166801	NA	0.651808738424193	0.498651188091149	0.709326112158013	1.08852026486864	1.15843065868024	0.736811849388721	1.00192541178465	NA	0.662230394588467	NA	NA	0.884774551638243	0.513152319183839	0.486783319653051	1.54727212390869	NA	1.08216759006882	1.04949785578454	0.793458525027104	NA	NA	NA	1.29805587048249	0.323158626309928	NA	1.08315876573363	0.770147984845075	NA	NA	0.79435937707051	NA	NA	0.673126636756584	1.1614444954066
NA	1.97248938073245	2.16901564022552	1.67202843964054	1.6291934197411	1.30483737538756	1.64642226298561	1.20960807521327	NA	1.60815204416901	1.68170851508454	2.07342356472469	NA	1.72935088752092	1.66020084699646	1.83237775165607	NA	NA	1.49307208122398	1.45608456193223	1.3811191828138	NA	1.593973800382	2.03963767048182	1.82962476538667	1.48408242454715	1.54680128889118	1.31257247147818	NA	0.864807630268224	NA	0.734438718557586	0.607373483086701	NA	0.325138401384851	0.406868219538604	NA	0.367536337871947	0.0537792362929091	NA
NA	NA	NA	NA	NA	NA	NA	NA	NA	NA	NA	NA	NA	NA	NA	NA	NA	NA	NA	NA	NA	NA	NA	NA	NA	NA	NA	2.12531946435506	NA	1.01593132566676	1.26987808816446	1.58140424891382	1.18613594570154	0.887734056882427	1.65912046717857	0.608008669601864	NA	0.852403371338466	0.922482161556192	1.05810479421064
NA	NA	NA	NA	NA	NA	NA	NA	NA	NA	NA	NA	NA	NA	NA	NA	NA	NA	NA	NA	NA	NA	NA	NA	NA	NA	NA	NA	NA	NA	NA	NA	NA	NA	NA	NA	NA	NA	NA	NA
NA	0.958900951033179	NA	NA	1.59219711721245	1.25767944465537	0.975765782265914	1.20737109941928	0.573458743244369	0.846370468919177	1.01883850170718	1.07978935120363	2.89328570313967	1.77670845773843	1.8568359386456	1.41038982749287	2.03234097404879	2.12402791866748	0.582464518036339	1.54875986487697	0.950598114983691	1.73864806488644	0.905562065227646	1.94748243870021	1.37477629455644	0.37943841437988	1.84141074307668	0.702555019758373	NA	1.65145789059587	0.429825735786569	0.35765411231491	0.31257952272867	0.73470746431186	0.355052970380305	0.545082210545347	NA	0.132617164111977	0.589701729604389	0.0548459462368673
1.08194453039237	1.26863501290711	NA	NA	NA	1.77221287649239	NA	NA	1.21137862914305	1.50560998881128	1.00172700078807	1.1491461120107	NA	1.95336605196669	0.652493808494338	NA	0.829348231503276	1.35456005763	1.03675535290976	NA	1.14493875247499	0.446729894530263	0.321667632537957	0.557756359061053	0.476730576308986	NA	NA	NA	0.645794061419071	0.451577310421479	0.642022014967815	0.207283472411151	0.2586699462758	0.24407565384181	0.396244972035268	0.123898845951488	NA	0.488057536840958	0.281888708528987	0.266636449360739
NA	0.460679595101651	NA	2.18604231338925	0.268479510900175	0.798555151177794	NA	1.20103287322857	2.2684710385241	NA	0.990144143966951	0.831881093694441	1.43597152553434	1.12689191578221	1.33466386856581	NA	NA	0.967873318134889	1.28815279316155	0.826390431469217	0.876468067695893	NA	0.440866953113586	NA	0.847086050497451	NA	NA	0.905958119960884	NA	1.22680198295789	NA	0.627127367509079	0.301356946258131	0.496809026117446	NA	NA	NA	1.13598480676478	0.478612909283533	0.561997415859599
NA	NA	0.412767295050399	NA	NA	0.983706515913788	0.931190152005113	0.758546215274847	NA	0.645087268662817	NA	0.760299129569423	0.858853678009851	NA	0.704750550624812	NA	NA	0.686684711960158	NA	0.302736850721165	0.412606333399548	NA	0.317801471646054	0.365773962612753	0.714697623841337	1.96234851208735	2.00181940440776	0.533781884447337	NA	NA	0.709838895793837	1.45188989373009	1.39939440040219	0.27535599742308	0.432959361749569	0.435142991545367	NA	0.48619474447495	NA	0.854824974567172
NA	1.2788290577393	0.645189760481514	NA	NA	1.36875032601256	1.03893634088979	NA	0.790294249748332	1.42148267715391	1.52126168328051	0.186741088661771	NA	1.33784574291841	1.26162752851338	1.29815422622166	1.36777431464862	1.24917087733083	NA	NA	NA	2.34064102348488	NA	1.52934487094272	0.982597553487849	0.804766580942757	0.940195724938217	0.75317350925599	0.752735103582247	0.593817532984381	0.630366587081732	0.744777355960983	0.857806952574671	1.23596320503259	0.854714304154235	1.01303371982328	NA	0.193722917302948	1.13066761318526	1.57824444113862
NA	NA	NA	NA	NA	NA	NA	NA	NA	NA	NA	NA	NA	NA	NA	NA	NA	NA	NA	NA	NA	NA	NA	NA	NA	NA	NA	NA	NA	NA	NA	NA	NA	NA	NA	NA	NA	NA	NA	NA
NA	NA	NA	NA	NA	NA	NA	NA	NA	NA	NA	NA	NA	NA	NA	NA	NA	NA	NA	NA	NA	NA	NA	NA	NA	NA	NA	NA	NA	NA	NA	NA	NA	NA	NA	NA	NA	NA	NA	NA
NA	NA	NA	NA	0.944611214197041	0.197391860438138	0.233144409780018	NA	0.386617563983809	NA	NA	1.06796892207325	NA	NA	NA	0.619154581613392	NA	0.734120696661118	NA	NA	NA	NA	0.302090332803234	NA	NA	0.377441961263427	NA	NA	NA	0.159119899626492	NA	0.197510844265247	NA	0.517135633792758	NA	NA	NA	NA	NA	NA
NA	NA	0.62828843850019	NA	NA	NA	0.238229754862022	NA	NA	NA	0.843790383872583	NA	NA	0.690664712231279	NA	NA	1.14459648162427	NA	0.686259194079516	NA	0.541243977887437	0.558560852153859	0.476140361422237	NA	NA	NA	NA	NA	0.450331260500078	0.444360635267053	1.53958550985194	0.385969021226517	1.03797175528986	0.337914294235094	0.36808740612465	NA	NA	0.186206723635148	0.549984580142979	0.922125129272809
NA	NA	NA	NA	NA	NA	NA	NA	NA	NA	NA	NA	NA	NA	NA	NA	NA	NA	NA	NA	NA	NA	NA	NA	NA	NA	NA	NA	NA	NA	NA	NA	NA	NA	NA	NA	NA	NA	NA	NA
NA	NA	NA	NA	NA	NA	NA	NA	NA	NA	NA	NA	NA	NA	NA	NA	NA	NA	NA	NA	NA	NA	NA	NA	NA	NA	NA	NA	NA	NA	NA	NA	NA	NA	NA	NA	NA	NA	NA	NA
NA	NA	NA	NA	NA	NA	NA	NA	NA	NA	NA	NA	NA	NA	NA	NA	NA	NA	NA	NA	NA	NA	NA	NA	NA	NA	NA	NA	NA	NA	NA	NA	NA	NA	NA	NA	NA	NA	NA	NA
NA	NA	NA	NA	NA	1.33128958148323	0.988506262068626	0.827081232150266	0.804645042911039	NA	0.725899981614729	NA	NA	1.33042305886815	0.762335828307674	NA	NA	NA	NA	NA	NA	NA	NA	1.4711676361948	1.49840745197696	NA	NA	NA	NA	1.80337578738453	NA	NA	NA	NA	NA	NA	NA	NA	0.566931212780582	1.39957946346698
NA	NA	NA	NA	NA	NA	NA	NA	NA	NA	NA	NA	NA	NA	NA	NA	NA	NA	NA	NA	NA	NA	NA	NA	NA	NA	NA	NA	NA	NA	NA	NA	NA	NA	NA	NA	NA	NA	NA	NA
NA	NA	NA	NA	NA	NA	NA	NA	NA	NA	NA	NA	NA	NA	NA	NA	NA	NA	NA	NA	NA	NA	NA	NA	NA	NA	NA	NA	NA	NA	NA	NA	NA	NA	NA	NA	NA	NA	NA	NA
NA	NA	NA	NA	NA	NA	NA	NA	NA	NA	NA	NA	NA	NA	NA	NA	NA	NA	NA	NA	NA	NA	NA	NA	NA	NA	NA	NA	NA	NA	NA	NA	NA	NA	NA	NA	NA	NA	NA	NA
NA	NA	NA	NA	NA	NA	NA	NA	NA	NA	NA	NA	NA	NA	NA	NA	1.76129826586862	NA	1.17516608653101	NA	NA	NA	NA	NA	NA	NA	NA	NA	NA	NA	NA	NA	0.591919345995998	NA	0.825922674504636	NA	NA	0.335115930482533	0.319950028617311	NA
NA	1.89194108606367	NA	2.19078525128037	NA	NA	2.24089580090495	NA	1.52914147312935	1.59323454989367	1.55369542005201	NA	NA	NA	1.23651183858024	0.863482685841443	0.899641952512672	1.13068832151108	NA	0.907129550122899	NA	NA	1.13500735139523	NA	1.26916265119377	NA	NA	NA	NA	NA	0.999203521256646	0.829378282978039	1.53196875410714	0.675885002679401	0.545191723667308	0.418297407710647	NA	0.480631562498687	0.535768313145096	NA
NA	NA	NA	NA	NA	NA	NA	NA	NA	NA	NA	NA	NA	NA	NA	NA	NA	NA	NA	NA	NA	NA	NA	NA	NA	NA	NA	NA	NA	NA	NA	NA	NA	NA	NA	NA	NA	NA	NA	NA
NA	1.53962484271952	NA	NA	NA	NA	NA	1.93729137355449	1.15024239568319	2.08806803006812	2.05201403916532	NA	1.86835010261979	1.60278079330218	2.23655835393493	2.13691511747617	2.06987804031584	2.39310705460218	NA	2.25990662948255	2.41835493483993	1.69235749977002	1.36643906146599	NA	1.4553112123821	1.42210900740618	1.44475443920253	2.12981277092838	1.1883838593121	NA	2.03333749707964	NA	NA	0.813529253018149	0.241377261004251	NA	NA	0.560274834970148	0.563040293877072	0.427072558546181
NA	NA	NA	NA	NA	NA	NA	NA	NA	NA	NA	NA	NA	NA	NA	NA	NA	NA	NA	NA	NA	NA	NA	NA	NA	NA	NA	NA	NA	NA	NA	NA	NA	NA	NA	NA	NA	NA	NA	NA
0.441114217733316	NA	NA	NA	0.354898676126969	1.51958093291235	NA	1.29233866981709	NA	1.09115466640373	NA	1.62274017442978	NA	NA	1.48300163425706	1.35079796155032	1.45265765957723	NA	NA	NA	NA	NA	0.582665407428478	0.635124916572302	0.674414229776776	0.488588535787038	0.491651017656853	NA	NA	0.97948218937603	NA	0.473063827789573	0.774344375457335	0.367921571980771	1.11186293663327	0.333228270386012	NA	NA	0.575263934837567	0.765237225728618
NA	NA	NA	NA	NA	NA	NA	NA	NA	NA	NA	NA	NA	NA	NA	NA	NA	NA	NA	NA	NA	NA	NA	NA	NA	NA	NA	NA	NA	NA	NA	NA	NA	NA	NA	NA	NA	NA	NA	NA
NA	NA	NA	NA	NA	NA	NA	NA	NA	NA	NA	NA	NA	NA	NA	NA	NA	NA	NA	NA	NA	NA	NA	NA	NA	NA	NA	NA	NA	NA	NA	NA	NA	NA	NA	NA	NA	NA	NA	NA
NA	NA	1.44451799474873	1.43902676963028	NA	1.35498137904329	0.915273855565013	NA	1.40586744503754	1.68675174912948	NA	1.36671440798697	NA	NA	NA	NA	1.59136854642063	1.46370605277993	NA	0.506704273464346	1.36466542710193	1.79233423788399	1.26205017281327	1.54885539476401	NA	NA	1.42289728632856	NA	1.03793810158525	1.16831944914849	1.24388181711375	0.951460970903702	0.853950782119879	0.931658667411523	1.01867677899398	NA	NA	NA	1.24120668137868	NA
NA	1.82681932572856	1.77565146540992	2.12690582699457	NA	1.78271302397066	1.24481526916307	1.56322566007985	NA	NA	2.15231751352549	NA	NA	2.02034354094194	NA	1.928014794004	1.7747083600768	1.70807900839354	1.90052935127749	1.55864926419342	NA	NA	1.14755117920525	0.843689295473201	NA	0.370744597264544	NA	0.572158617791135	0.622084895985223	NA	NA	0.575321292573347	NA	NA	0.296153663717008	NA	NA	0.216688118057743	0.270727231781472	NA
NA	NA	NA	NA	NA	NA	NA	NA	NA	NA	NA	NA	NA	NA	NA	NA	NA	NA	NA	NA	NA	NA	NA	NA	NA	NA	NA	NA	NA	NA	NA	NA	NA	NA	NA	NA	NA	NA	NA	NA
NA	NA	NA	NA	NA	NA	NA	NA	NA	NA	NA	NA	NA	NA	NA	NA	NA	NA	NA	NA	NA	NA	NA	NA	NA	NA	NA	NA	NA	NA	NA	NA	NA	NA	NA	NA	NA	NA	NA	NA
1.09464196137582	1.18864254881243	1.57213703731392	0.844931251522939	1.17985775722044	NA	1.58891613417298	1.07063646156632	1.38344988770618	NA	0.923296823579615	1.03845447774399	1.05000113281963	1.04571050207483	1.09191016425418	1.22019824128139	NA	1.39351456313196	1.30041388770744	1.13733969525261	NA	NA	1.33272397902791	1.63849743071103	1.15512343272491	1.57674857307935	1.65250477981331	0.626690765274361	1.83033829598239	0.92497948050602	0.976460263095478	1.29994327013675	1.41280945562527	1.23049250701246	0.971751302861581	0.361494951033664	NA	0.449705256282337	0.253551495274473	0.708839904018989
NA	NA	NA	NA	NA	NA	NA	NA	NA	NA	NA	NA	NA	NA	NA	NA	NA	NA	NA	NA	NA	NA	NA	NA	NA	NA	NA	NA	NA	NA	NA	NA	NA	NA	NA	NA	NA	NA	NA	NA
NA	NA	NA	NA	NA	NA	NA	NA	NA	NA	NA	NA	NA	NA	NA	NA	NA	NA	NA	NA	1.37284082534889	NA	1.58685147140129	1.63824187707974	0.752347535466015	2.0706003710838	NA	NA	1.86247691977918	0.659965795786154	2.09008489785541	0.797948172625876	1.61760009892397	1.22968012757196	0.464429720496908	1.97973049795324	NA	1.81007765831493	1.12292281976087	NA
NA	1.98942006840567	NA	NA	1.18847931419952	1.14461018871083	1.06845870715774	0.875148900650244	NA	1.02809547872462	NA	1.27948068387782	NA	NA	1.10854741498523	NA	NA	NA	NA	NA	NA	0.479540395554696	0.536022961185837	NA	NA	NA	NA	0.816355610828993	1.01267727629005	NA	NA	NA	NA	NA	0.2128481648347	NA	NA	0.394876578110449	NA	NA
0.716704722332799	0.459827669269333	NA	NA	0.3639489232863	0.598436811821319	NA	NA	NA	0.722246369581417	1.04695462463372	1.4184842463562	1.22971531583482	0.690953185397306	1.55391769444459	0.885508823126397	0.656707924679733	NA	0.551147091735679	0.65478092330423	1.06259509354529	0.923695354235061	0.432893196978269	0.680317526891243	0.642399237797363	NA	0.801724591994363	0.613601608139528	0.921906908065253	NA	NA	0.150437450112673	0.982398745130423	NA	0.519642819034749	NA	NA	1.42234260478244	0.911177843481097	1.43132703081702
1.44096776281805	1.98853769114551	2.20912005928857	NA	NA	2.0537415654268	1.21920417416566	1.45980136603939	0.293338636492336	NA	1.88076694816338	1.70280040871803	1.08915290876375	1.2968998933857	NA	0.158938986416335	NA	NA	1.43599503078263	0.801975719530888	1.68048292609743	0.646675328525869	0.703007730835021	0.656799425330544	0.355300518861033	0.787745963527832	NA	0.751115722217196	0.528864534272283	0.875602854164718	0.499383642793327	0.134279306911058	0.950474487746243	NA	NA	1.47145745770317	NA	NA	0.926137967016872	NA
NA	NA	NA	NA	NA	NA	NA	NA	NA	NA	NA	NA	NA	NA	NA	NA	NA	NA	NA	NA	NA	NA	NA	NA	NA	NA	NA	NA	NA	NA	NA	NA	NA	NA	NA	NA	NA	NA	NA	NA
1.75124722798506	1.1920298686151	NA	1.47004635494167	1.21596190106462	0.907367684035997	1.21679610105562	0.911978825073956	1.18152477619041	1.01196674954305	NA	NA	0.970258419950355	NA	NA	NA	NA	NA	NA	NA	NA	0.176749491510123	0.596349734751325	1.24456783445856	NA	NA	0.355932099866768	0.718383178384754	1.03156718250377	NA	0.426560647017414	0.749952939775143	NA	NA	0.921549150875116	NA	NA	0.204830255132448	0.252297929479811	NA
0.469150571344113	0.478808996851312	0.193668450595231	0.349148147164547	NA	0.58006760584784	0.411769327604818	0.317404546498343	NA	0.330495830723351	0.173506472181022	0.622123953500992	0.878058308182839	0.396245843359804	1.00963230015528	0.573565048644949	NA	0.630338003760064	0.270224084279871	0.527499272655383	0.442390801239777	0.223599509669919	0.808411909147515	0.817433181823311	0.455378911454316	NA	NA	1.01350268664097	0.66336776859142	0.739459566319161	0.216559561777605	0.434440879663768	0.570275751622568	0.621289453324124	0.349004692425366	0.598935520968042	NA	NA	0.184589944141038	0.278240112003025
NA	NA	NA	NA	NA	NA	NA	NA	0.898638420618736	NA	NA	NA	NA	NA	NA	1.23522178328643	NA	NA	NA	NA	NA	NA	NA	0.704283860571413	0.651863688058424	NA	0.944659486061622	NA	NA	NA	NA	NA	NA	NA	NA	1.01247810260224	NA	0.894227729806314	0.825704153506481	NA
NA	1.43909115682758	NA	NA	NA	0.622176372749437	0.537976031965092	NA	NA	NA	1.16001693744401	NA	NA	1.18166011490778	0.713393119679569	NA	NA	NA	NA	NA	0.759379832970999	NA	0.885310590642074	0.8765033107961	0.772925002264103	0.979873952217738	0.85429365626271	NA	NA	NA	NA	0.728724521313066	NA	NA	0.320525127990431	NA	NA	NA	0.520344191901736	0.819460280753993
NA	NA	NA	0.825799860435543	NA	NA	NA	1.63584219872059	1.60004311039221	NA	1.66424950318296	NA	NA	NA	NA	NA	1.40936635211932	NA	NA	NA	NA	1.14698844560448	NA	1.43288521309236	NA	NA	0.708970934566138	NA	NA	NA	NA	0.454530642625886	NA	NA	NA	0.189301776632881	NA	NA	0.398612107920551	NA
0.27239354080394	0.437939381612161	0.16967629166269	0.259147696594042	0.583769453792331	NA	0.110202531830086	0.589146747714126	0.621495161395904	1.2038367234181	0.675322561220896	NA	0.480090148658552	0.313614337846051	0.699912547629071	0.561175733483608	0.757893009100261	1.2009512656503	1.33450459235298	0.919403258235458	0.352648525795901	NA	NA	0.73367355473679	0.822556218391215	1.51773256804513	NA	0.207510285186954	NA	NA	NA	NA	0.95433887952014	NA	1.80710370849717	NA	NA	NA	0.871159394102996	NA
NA	NA	NA	NA	0.602607801495785	2.01647536481275	1.57220921706018	1.31121560992871	1.45571762523307	NA	NA	NA	0.884434998453879	NA	NA	0.90933746189925	0.736155805042656	NA	0.652010408824862	0.599850943161034	NA	NA	0.519743897057797	0.492056872495655	0.390556087683417	NA	0.396949709626508	1.00909761695879	0.386954493019685	NA	NA	NA	0.172804881108371	0.362930077734589	NA	NA	NA	0.384771876328153	0.523523711959567	NA
NA	NA	NA	NA	NA	NA	NA	NA	NA	NA	NA	NA	NA	NA	NA	NA	NA	NA	NA	NA	NA	NA	NA	NA	NA	NA	NA	NA	NA	NA	NA	NA	NA	NA	NA	NA	NA	NA	NA	NA
NA	NA	0.710232534266383	0.572006905010425	1.0528530536527	0.396445455957426	0.484903158384637	0.124411273657204	0.112507558576187	0.218641498824001	0.0390800361362151	0.421209446767721	NA	0.375515619626203	0.470418952046817	1.27987807569027	0.43627913031009	0.604690178558752	0.470263520494257	0.252538554433474	0.683880816906202	0.68624710091814	0.502092912556143	NA	NA	NA	0.510653152791854	NA	1.42464960605185	0.561703786359686	NA	NA	0.665771446058879	NA	0.556227435853952	0.405720886189637	NA	NA	0.36670429272945	NA
NA	NA	NA	NA	NA	NA	NA	NA	NA	NA	NA	NA	NA	NA	NA	NA	NA	NA	NA	NA	NA	NA	NA	NA	NA	NA	NA	NA	NA	NA	NA	NA	NA	NA	NA	NA	NA	NA	NA	NA
NA	NA	NA	NA	NA	NA	NA	NA	NA	NA	NA	NA	NA	NA	NA	NA	NA	NA	NA	NA	NA	NA	NA	NA	NA	NA	NA	NA	NA	NA	NA	NA	NA	NA	NA	NA	NA	NA	NA	NA
NA	NA	NA	0.709171029864341	NA	0.387039079096086	NA	0.830072384302281	0.662707770001536	0.811835005790789	0.698885016730836	0.415984562586898	NA	NA	0.212247687271486	NA	0.557578743087644	NA	NA	0.387831852242845	0.665880208154883	0.685533680800934	0.719493206696934	NA	NA	0.637832081176164	NA	NA	NA	NA	NA	0.61780168333653	0.511590580671853	NA	0.759084353633613	0.564340106922151	NA	0.620387103681286	0.786000814756957	NA
NA	NA	NA	NA	NA	NA	NA	NA	NA	NA	NA	NA	NA	NA	NA	NA	NA	NA	NA	NA	NA	NA	NA	NA	NA	NA	NA	NA	NA	NA	NA	NA	1.05725723500576	1.02583473598915	0.0975111779495817	0.409763563388772	NA	0.610222224529178	0.22548018536798	0.713345599462573
NA	NA	NA	NA	NA	NA	NA	1.92849489446119	1.73827545936024	1.84408971908627	NA	1.59999329117049	1.67344140009863	1.83617407994836	1.71012307892042	NA	1.44624538008846	NA	NA	NA	NA	2.33091238695226	1.24250373933055	NA	1.8933516818953	NA	NA	2.40089347706874	NA	NA	NA	NA	NA	2.90835701433307	2.23940977604523	NA	NA	2.85743337856745	NA	0.753862517208846
NA	NA	NA	NA	NA	NA	0.740574991069546	0.885396901212071	0.752307775582756	NA	NA	NA	NA	0.841560098929057	0.979177324769349	1.06556410285356	1.55698409139265	NA	NA	NA	1.55603097181659	1.11793479837007	1.21324261168147	0.826791628781793	1.15370961306112	NA	1.37290358324983	NA	NA	1.14444032664102	0.87557799869869	0.60424503847253	NA	0.672161947979151	NA	NA	NA	0.232601535566773	0.59031016030128	0.658583469478258
NA	NA	0.574775194364737	NA	NA	1.78332357076022	1.92846723256942	NA	1.63063255501724	1.56161529978067	1.6594389403882	0.949111675831091	NA	NA	NA	0.63798465745715	0.798723713269106	1.21976549921467	NA	1.3329599191707	1.87728184068743	0.458962292097586	0.737848840193261	0.387716291969806	NA	0.655501915100237	NA	0.785827114599853	0.779884730673895	0.810072986042023	0.427730189745528	0.485327236681129	0.246242662770439	0.487862713005519	1.06788491784338	0.515854515449551	NA	NA	NA	0.900481599307905
NA	NA	NA	NA	NA	NA	0.474888550194192	0.692208335502647	NA	NA	NA	NA	NA	NA	NA	NA	NA	1.25684623949972	NA	NA	NA	0.332461813839416	NA	NA	NA	NA	NA	0.816893917137071	0.782972869407065	0.352440258694557	NA	NA	0.873747597520456	NA	0.561600216125973	0.288815435653297	NA	NA	0.325690496398537	0.662546094439906
NA	1.31385427924862	2.11631883314223	NA	NA	NA	NA	NA	NA	NA	NA	NA	NA	0.361290430696566	NA	NA	NA	NA	NA	NA	NA	NA	NA	NA	1.31171451539195	2.19377213688797	1.08202494100601	NA	NA	NA	NA	NA	0.720911692302547	NA	0.460332988956859	NA	NA	0.553483246893669	0.730709890605274	1.24055227851954
NA	0.784203270190423	NA	NA	NA	NA	NA	NA	NA	NA	NA	NA	NA	0.997927092459657	NA	NA	NA	1.69697939428435	0.688183148415615	NA	NA	NA	NA	NA	NA	NA	NA	NA	0.556676225779718	0.59137964473392	0.364766828624353	0.193933040960701	0.91577809485068	NA	0.527259274311191	NA	NA	NA	0.720479381581428	NA
1.13415131811843	1.57140220807677	1.48899904434861	0.914838149628319	1.06490787096424	0.409623840191213	0.744702449663847	NA	NA	0.852077464948581	0.658299132765214	0.777219526458077	NA	1.34363762229215	1.04129582850031	NA	0.732605760479189	0.814762908425266	0.495786837913978	1.01731385360564	NA	1.08285325518083	0.957426373908642	0.777799317823222	NA	0.510030922862413	0.734743828768533	NA	0.845969457965263	NA	0.542265536401909	0.545117390851665	NA	NA	0.548859668325853	NA	NA	0.463469478028339	0.991857145679982	0.906356781836266
0.620684761740377	0.33503309788459	NA	NA	0.616793218315285	NA	0.786418468273347	NA	NA	NA	NA	NA	NA	NA	NA	NA	1.30820557673919	NA	NA	NA	0.890760311695719	NA	NA	0.798837493572748	NA	NA	NA	0.749723735349452	0.983204056634845	NA	NA	NA	NA	NA	NA	NA	NA	NA	NA	1.00698835972493
0.541579308926211	NA	NA	NA	NA	0.97101090961597	NA	1.18160568944154	NA	NA	0.579135218758507	1.00629968028494	NA	NA	1.03219272193574	NA	NA	0.602302523168699	1.18346876306856	0.754309621940356	2.03110907565861	NA	0.698904692945997	0.394598981827064	0.376880847152655	NA	NA	NA	0.137528796791424	NA	0.545967984998746	NA	0.42780409096394	1.71516938797211	0.517346378373777	1.70793644159425	NA	0.463118366926112	0.261361985605945	0.410628794421393
NA	1.07546844576282	NA	NA	NA	NA	1.40052129885377	0.717258497439027	0.606070785467932	1.09980991741006	1.18067734410759	NA	NA	1.21131999042236	1.12113855345435	NA	1.17002155889392	1.10716875441289	0.77516681938895	0.447003544148418	1.27088026569557	NA	NA	NA	NA	NA	NA	NA	NA	NA	NA	1.1340852821797	NA	NA	NA	NA	NA	NA	NA	NA
NA	1.03709767945647	NA	0.597736508962397	NA	0.673064435880529	NA	NA	0.843455595113402	NA	0.970143013609332	0.983588714222875	NA	0.667504171301938	NA	NA	NA	1.0095478983493	NA	0.840665911485866	0.985472451709611	0.949530566082253	NA	1.19651681312228	NA	0.728508669955586	0.542612720895177	0.732511567245576	0.626606568003544	0.622870533203178	0.257756888689255	0.399332740726005	NA	0.338986192359929	0.534114834253041	0.41188387256811	NA	0.742216046504989	0.175567723974055	0.764393771630171
NA	NA	NA	NA	NA	NA	NA	NA	NA	NA	NA	NA	NA	NA	NA	NA	NA	NA	NA	NA	NA	NA	NA	NA	NA	NA	NA	NA	NA	NA	NA	NA	NA	NA	NA	NA	NA	NA	NA	NA
NA	NA	NA	NA	NA	NA	NA	NA	NA	NA	NA	NA	NA	NA	NA	NA	NA	NA	NA	NA	NA	NA	NA	NA	NA	NA	NA	NA	NA	NA	NA	NA	NA	NA	NA	NA	NA	NA	NA	NA
NA	1.84527687536206	2.0561925229802	NA	NA	1.61261786980364	NA	1.2143208907725	NA	NA	NA	NA	NA	NA	2.05585187556206	NA	2.40200172293095	NA	1.82365320014938	1.34674071008145	1.34666443029368	0.949954003366873	NA	NA	0.939914912431014	NA	1.10300077997589	0.843028821732191	0.892479020823735	0.67026625563413	0.569645991764492	NA	NA	NA	NA	NA	NA	0.291114397591622	0.858529672689968	2.25679986686415
NA	NA	NA	0.445054125351372	NA	0.62344951335634	0.577389989353781	1.33169304289482	0.943588924776132	NA	NA	1.11507199271344	1.31884002442177	0.988346844213876	0.884825696062762	0.665840008644173	0.874605633990786	1.49241049927925	NA	0.678091325838528	NA	0.794056320815957	0.232436604141622	0.755456728739117	0.332077313379601	NA	NA	NA	NA	NA	NA	0.434387241370917	NA	0.84226164115721	0.537987395238319	0.222352923300588	NA	NA	0.482950324338562	0.248688889351971
0.560522249525869	0.849612643319978	NA	0.328626345259623	NA	NA	1.2680091065189	1.2941349781229	0.813806285144539	NA	NA	0.999566721177104	NA	NA	NA	1.24337585903605	NA	1.79254546517578	NA	NA	1.05507100635914	0.917051474295159	NA	NA	NA	NA	NA	NA	NA	NA	1.14252590853655	0.288196710248791	1.26554646431506	0.499116579694188	0.627812212914259	NA	NA	1.34092756043407	1.23611191369188	0.805456194665272
NA	NA	NA	NA	0.773726583474207	NA	0.919878421277792	1.01614781890981	NA	1.05350904966856	NA	NA	NA	0.739380278548251	NA	NA	NA	0.804923318825959	NA	0.727498897661694	1.37822961920592	0.906065110897491	NA	NA	0.652193399310248	NA	0.407612795775591	0.738215841693963	NA	0.321393278232782	NA	NA	0.677183516016952	NA	NA	0.383006511043817	NA	NA	NA	NA
1.13233672729463	0.657253521628268	1.50646622430725	0.619484075408635	0.770141402137273	1.5870523032788	1.25627595869136	0.582454223634945	0.560789658201877	1.29158579949803	1.00775054112779	0.481926567939829	0.658404315491292	1.18870189410106	NA	0.548479535533974	0.507740752920404	0.796054216440887	0.35505654395799	1.70855884469994	0.992767207182099	1.51585567261503	1.77993910864994	NA	0.285829286530174	0.807534082248699	0.483197955142689	NA	NA	NA	NA	NA	0.471872328286913	0.618299644364306	0.650074730433289	NA	NA	0.300588599367514	0.416396880317899	0.406283243015735
NA	NA	NA	NA	NA	NA	NA	NA	NA	NA	NA	NA	NA	NA	NA	NA	NA	NA	NA	NA	NA	NA	NA	NA	NA	NA	NA	NA	NA	NA	NA	NA	NA	NA	NA	NA	NA	NA	NA	NA
NA	NA	NA	NA	NA	NA	NA	NA	NA	2.32548728445853	NA	NA	NA	NA	1.86956229441067	NA	NA	2.06679867304274	1.93855501832118	1.72303128902362	2.24572533286972	1.92482753133987	1.65395982688606	NA	NA	NA	2.1364536725581	2.03851469564132	1.5039455473301	1.7377723683374	2.35125754942074	1.39135069823916	1.03720323286334	1.28708720857817	1.04715524593881	0.63999629202553	NA	0.825396762932141	0.698846602565743	0.335606211723126
NA	NA	NA	NA	NA	NA	NA	NA	NA	NA	NA	NA	NA	NA	NA	NA	NA	NA	NA	NA	NA	NA	NA	NA	NA	NA	NA	NA	NA	NA	NA	NA	NA	NA	NA	NA	NA	NA	NA	NA
NA	NA	NA	NA	1.03973263802834	NA	1.38737262614953	NA	NA	NA	1.43149577636023	NA	NA	NA	NA	NA	NA	NA	NA	NA	NA	NA	NA	0.831296267842235	0.697764865502439	NA	NA	0.659327229566402	NA	NA	NA	NA	NA	NA	NA	NA	NA	1.83250967331621	NA	NA
NA	NA	NA	NA	NA	NA	NA	NA	NA	NA	NA	NA	NA	NA	NA	NA	NA	NA	NA	NA	NA	NA	NA	NA	NA	NA	NA	NA	NA	NA	NA	NA	NA	NA	NA	NA	NA	NA	NA	NA
NA	NA	NA	NA	1.82737422957124	1.37122692370126	1.47872528281862	1.21426624355392	NA	1.23621809607318	1.34864362773278	1.48253549762937	NA	NA	1.47516337436186	NA	NA	1.3686943944957	1.34774516754812	NA	1.18581968595991	NA	0.712457988337933	0.743510038550879	1.43949885885887	NA	NA	NA	NA	NA	1.23146769585759	1.46254953176771	NA	1.00824169096383	0.774965121879702	0.804222022847398	NA	NA	0.647837619353358	0.949787505620501
NA	1.49290232165397	NA	NA	1.46280702186861	1.34793210659842	1.62656743874849	1.27522295169859	1.29241347361648	1.24774350106526	NA	1.77167278245148	NA	1.72713764692956	NA	2.34495076774029	NA	1.50399613399546	1.78698323197162	NA	NA	1.29980427135815	0.673049014733039	NA	NA	NA	NA	1.56634495877223	0.738064227864595	0.909323439609912	1.96800248264809	0.813320331488943	0.456932297259418	0.558002661188123	0.66127914270336	1.39336429154074	NA	0.140747183474628	0.323339759990721	0.570872110152905
NA	1.68579933922321	NA	1.35611111227932	NA	0.737022729476024	0.737984701124095	2.15345384000683	1.66286075182226	1.23593310261901	0.493116024012565	1.51277846566325	NA	NA	0.417365164453437	1.37783918169744	NA	2.35874828409849	1.94056298563671	0.625040195354992	0.88092093293412	1.29304651040668	1.75098178955473	NA	0.894489009313233	1.1611570229248	1.40261628235561	0.530894124227843	0.672965950906603	NA	0.57035047962449	0.431392188608089	0.338776205936491	0.70286392094535	0.245649006953136	NA	NA	0.842303165826225	NA	0.450289996054899
0.685768206097558	NA	0.630498518913463	0.794011299179808	0.780197654808236	1.22583681561217	0.929210980589829	0.823843929320185	NA	1.89208500132799	1.55319863734721	NA	0.615068053595449	2.13119510452101	0.916424165320202	2.0246168741158	0.214134367223915	1.07411968322129	NA	0.345380146953211	1.92498947829569	1.18372794893555	NA	1.05852622965627	0.785143824444604	NA	NA	0.639346835250466	1.22010699912305	NA	NA	NA	NA	NA	NA	NA	NA	NA	1.0126418729329	NA
NA	NA	NA	NA	NA	NA	NA	NA	NA	NA	NA	NA	NA	NA	NA	NA	NA	NA	NA	NA	NA	NA	NA	NA	NA	NA	NA	NA	NA	NA	NA	NA	NA	NA	NA	NA	NA	NA	NA	NA
NA	NA	1.62373505170912	NA	NA	NA	NA	1.81947331411052	NA	NA	NA	NA	NA	2.28593574035701	2.17724077623248	1.95993967921611	1.86110500262606	NA	1.52945575480798	NA	NA	NA	NA	NA	NA	NA	NA	NA	2.98345340128825	NA	NA	NA	1.07866399392127	NA	NA	1.75103427775691	NA	NA	NA	NA
NA	NA	NA	NA	NA	NA	NA	NA	NA	NA	NA	NA	NA	NA	NA	NA	NA	NA	NA	NA	NA	NA	NA	NA	NA	NA	NA	NA	NA	NA	NA	NA	NA	NA	NA	NA	NA	NA	NA	NA
NA	1.43116603300701	NA	NA	1.31136557070882	1.09801207078563	NA	NA	1.37827062893788	NA	NA	0.622713945057051	0.769226789844345	NA	0.984284070249495	NA	0.634721260269919	1.14566329449005	0.914650561563428	0.606706988925164	1.41648096112875	1.09222973225036	1.78782004458937	1.57833506220762	1.5626109323574	NA	NA	NA	NA	0.597853287218377	NA	0.796907442765624	NA	0.320453782128677	NA	NA	NA	0.702963107985301	NA	0.415217893405491
NA	1.17019202018036	1.08939596583507	1.00991843688287	NA	NA	1.55940657293705	1.5521297292944	0.613510738125685	NA	1.12940086804799	1.3119515254736	1.15694831894252	NA	1.05678127494655	NA	0.998252822465594	1.17150246580098	NA	1.56833453718884	1.64503122015597	0.574700588305724	0.375617576596093	0.386194280172741	0.506510707330921	0.744184102883797	0.396874192683974	1.02337252095469	0.3808007199094	0.873850877701168	0.993044699180937	1.06166235537458	0.936481374424388	0.671695414726913	0.408524296168638	1.3811664362153	NA	1.31004350469156	0.588600818372957	NA
NA	NA	1.04959111054058	0.636097675566879	1.51610520076246	NA	0.45782790490296	NA	2.28166641814706	NA	0.691409227842399	0.545676524122134	2.2006616723261	0.52471114393036	0.743501954555782	0.539637923622343	0.372136080997276	0.347289924981914	0.465572926065251	0.278303351821864	0.234716090769036	0.44633039500232	1.06487959931879	0.728436976599085	NA	NA	NA	1.9589785120486	0.748079357737694	NA	NA	0.242238142139693	0.981146048636789	0.857557466760099	0.615754680182523	0.968042259064358	NA	0.446370538768634	0.906553756928103	0.604689354293741
NA	NA	NA	NA	1.83157061051428	2.04161914120389	NA	NA	NA	1.90092307073368	1.92479538637397	1.99414453653534	1.60927594560641	1.56513250537684	NA	1.81304983283539	1.47662284867197	1.23793313555771	NA	1.13530497923437	1.16831168170157	1.54324339190506	1.37168188601759	1.36858124665762	1.78514313501004	1.47985508648889	NA	NA	NA	NA	0.856634964853902	1.08446588251243	NA	0.807598488697351	0.38348515600762	0.559379669214679	NA	0.676589464394051	0.834135296006304	0.347241620074026
NA	NA	NA	0.750763058477492	NA	NA	NA	1.34332052530501	1.22530329429576	1.25557907551866	1.60063565212675	1.50662006072479	NA	1.21877463721046	1.18837030948524	1.14011673632432	1.3346430235923	NA	0.657996606960126	0.805639163023755	0.556145244480755	1.28118624970426	NA	NA	1.25455702114257	1.31147371128638	1.32308949177792	1.07858511247989	NA	NA	NA	NA	0.487922341954366	0.718757019724427	NA	NA	NA	NA	0.545158371782302	1.12925060728385
2.33117539626329	NA	NA	NA	NA	NA	0.877807483873522	1.84723603856518	1.72667591326734	1.02450519295388	1.93335304795799	1.56154810540043	NA	1.55084575348105	1.46005066932689	0.685131415146893	1.2256390793689	0.361658796429797	0.518935863373492	0.382615237470783	NA	1.19109076619519	1.13222049407625	0.501439348205974	1.10065401706555	0.131724386655833	0.159378429865661	NA	NA	NA	NA	1.58345614756614	NA	NA	NA	NA	NA	1.69015761511073	NA	NA
NA	NA	NA	NA	NA	NA	NA	NA	NA	NA	NA	1.0354348699767	NA	NA	NA	NA	NA	NA	NA	NA	1.82748124436699	1.94633051642974	NA	NA	NA	NA	NA	NA	2.61800528862101	NA	2.74198970896885	NA	1.87142104850901	NA	1.96430147980839	1.64838342493184	NA	NA	2.32855553481823	NA
NA	NA	NA	NA	NA	NA	NA	NA	NA	NA	NA	NA	NA	NA	NA	NA	NA	NA	NA	NA	NA	NA	NA	NA	NA	NA	NA	NA	NA	NA	NA	NA	NA	NA	NA	NA	NA	NA	NA	NA
NA	NA	1.39559714405172	1.18518424336641	NA	1.59505030310891	1.51668826544222	1.3185505962595	1.3963508024823	1.32331996746488	1.46459977277347	0.895907785538086	0.726262518445901	0.741815798944414	0.825597198901726	0.654485468745002	0.153942519835295	0.839490556865088	NA	0.425960626518004	1.72392686377213	0.970533482918127	0.586094753807284	0.854603450982041	1.14421272533915	0.211764265874006	0.386274534521039	0.672102450379989	0.806872148194547	0.727991572031106	0.319493311378079	0.814808862231223	0.493650190243986	0.436566991642939	NA	NA	NA	0.419028547874745	NA	NA
NA	NA	NA	NA	NA	1.35659428106407	1.87423280221639	NA	NA	NA	NA	1.40442745407257	1.34138502647953	1.61091733785403	NA	NA	NA	1.5827476615927	2.24896261992848	NA	1.24552192215952	0.496982055434134	0.278896077714227	0.454259042806708	1.4267571961978	0.59739119553776	0.599267057584302	0.400098744366509	0.32074526964157	0.180734624457623	0.60373506309467	0.453762857272063	NA	0.457319129230494	0.219593165508543	0.414899455986683	NA	0.405202765874002	0.292710720700021	0.314278998627096
NA	NA	NA	NA	NA	1.84409501516032	1.83822916991697	NA	NA	NA	NA	1.8428108755556	NA	NA	2.43977663027685	NA	1.44185101010215	NA	NA	1.51581113593784	1.42540133458326	NA	1.7758954105227	1.59718906233524	1.59029286463803	1.20632862871508	NA	1.24210385793943	1.29997614582304	0.961627743248753	0.805933257427609	NA	1.20913762467389	0.965591591419222	NA	NA	NA	0.481188957812773	0.278526752322294	0.989524675389461
1.43487586667145	NA	0.95068170024684	1.19858696398819	NA	1.02440641147028	1.14173919986181	1.28790687452836	1.30949558108443	1.25283899445797	NA	NA	1.25461810131958	1.47363625817654	1.50885769591334	NA	1.31887245678192	1.05462224856124	NA	NA	1.09185496078291	0.313166929441629	0.914362298825359	0.80423457959579	0.683370116441568	NA	NA	NA	NA	0.566183677592984	0.579375542784312	0.373970251639252	0.322743968886745	0.467403809852329	NA	1.62277389779366	NA	0.299566066125372	NA	0.416978450116753
NA	NA	NA	NA	0.98284224206862	0.59909844362744	0.580122569047036	0.695926313242294	0.90650524800273	1.07028586200828	0.595344437160586	NA	NA	0.848229976180519	0.97767705660995	NA	0.962182088494933	NA	NA	0.647291899730321	0.564268870249835	0.48483452692842	0.293392419098005	NA	0.540011310707	NA	NA	NA	0.365763111883929	NA	NA	NA	NA	NA	1.00610964167855	NA	NA	NA	NA	NA
0.568582453226405	0.352323846204957	0.330739104725253	NA	0.33783507498828	NA	0.576388570810079	0.880021477788454	NA	1.21395864236365	NA	NA	NA	0.837917676690057	0.53371289108151	1.16874155782874	1.46518739470729	1.68903276873405	0.304534066307973	0.38186729193568	0.882780308736871	0.650607566325447	0.297302243135839	0.346292153920617	0.518741644604309	1.06541488799516	0.758470228439534	1.16563116360488	0.701953402353441	NA	0.363988093290035	0.378842711959442	0.369444752514482	0.744007369639013	NA	NA	NA	0.1942197271417	NA	NA
NA	0.997354016799525	NA	1.14518607574903	NA	NA	1.5321817675442	0.823324458307487	NA	NA	NA	NA	NA	1.71226178908863	1.7003738795558	1.04607930601465	0.34115831313336	0.228571388185792	0.719541638843262	NA	1.19271490047704	NA	0.31182710761916	0.505693139716869	0.714044471339976	1.41564137364795	0.270179248687242	0.585764577894293	0.358247664514098	0.668124240780705	NA	0.130516845885092	1.56357720935091	NA	0.50794258455456	NA	NA	0.973114338164162	1.32933896176653	0.656138176171686
1.06217166492934	NA	0.429746805358378	NA	NA	NA	0.714322227182805	1.10074886139885	NA	1.02032470412839	NA	0.53517881993576	NA	NA	NA	1.35332468307367	NA	1.19315649537737	0.947399038758236	0.745334921829164	NA	0.671930156719418	NA	NA	0.966115959713994	NA	1.07489695004815	NA	0.569568227326749	0.318013080202586	NA	NA	0.584171961179524	NA	NA	0.600954912001513	NA	0.219987932132428	NA	0.818764264987489
1.31555110466192	1.49543994038616	NA	1.82959010262143	NA	1.6682610118795	NA	NA	1.43756354679831	NA	NA	NA	2.0237654294485	1.86260004204631	NA	NA	1.77269626734324	1.76737252616252	NA	NA	2.30543383391596	1.4492142115834	1.43817665151665	1.66827229787859	NA	1.63000101312624	1.63325573832647	1.82867771697379	1.84143596020835	NA	1.69741357292425	1.32131660317866	NA	NA	1.31685648962882	0.318035396774227	NA	NA	NA	0.811084838586005
NA	0.90539485045362	0.639736654552075	NA	1.46924050868139	1.25820538401497	1.19339596153973	0.987798516180522	0.95550701623209	0.818236966449248	0.56352543323825	0.833830325414072	1.03996849394378	1.2156580396257	1.2142054041889	1.68593748071788	1.01359567923839	1.20974382731812	1.17198338714301	1.18614623923469	0.597896901098475	1.35248602750205	1.08633934531288	1.16723177479187	1.00842821609918	1.18184083747205	0.959088877515767	1.04835439125552	NA	NA	1.19698147051449	1.37394619124247	NA	1.34837121457516	1.14522644576913	1.84082360186263	NA	0.589167956056862	0.666178078941196	NA
NA	NA	2.00201096939488	NA	1.79022230136922	NA	NA	NA	1.57758163135032	1.36134847590985	NA	0.60336973788387	0.551640142443545	0.485671572963218	NA	NA	0.309972055449093	0.649663530264976	1.04689544353568	0.850479578772342	0.888117601354736	NA	NA	0.467572024223038	0.509999574044382	0.757742110564598	0.582969550246576	0.413807716901096	0.711184376719694	0.330909639647534	0.520707677475364	0.610530522119411	NA	NA	NA	NA	NA	0.320425223615065	0.216429415723801	0.479687945648509
NA	1.27226560809748	NA	1.45431108747533	1.42864569496146	2.00084600998193	1.66234643430878	2.52231689525571	1.37190444149932	1.55099226597957	0.906742037635945	NA	NA	NA	1.20022175216875	NA	0.785464251451609	0.911023184778383	1.54004393766886	0.727336038535253	0.840379010562033	0.774870397061353	0.936821719707121	0.750217539739632	0.914746814838624	0.809959320474108	0.963586783919803	1.07723637981514	NA	1.06585636727309	1.48695315372448	1.44722946288789	1.78575979541873	1.4279676035377	NA	1.58186353119068	NA	0.571238802113909	1.20327059333952	1.74556656370774
0.82414557895454	1.10729751779119	NA	0.83172722384096	NA	NA	0.785275587719157	1.04939642027565	1.13138066771072	NA	1.24070373386015	1.63394268188841	NA	1.58630606177399	1.52476855191157	NA	NA	NA	1.29573581341644	NA	0.555114405297398	0.42091509286756	0.648659845438946	NA	0.674078010810203	0.685113099629559	NA	0.402639356262564	NA	0.446083476035119	NA	0.677765517253482	0.239193951228194	0.369914335099337	NA	0.483308069425359	NA	0.374587096106848	0.650435935901772	1.01581083378093
1.56442248857686	1.89119829778152	1.29440730773723	NA	1.91710898480198	NA	NA	1.45086179167485	NA	NA	NA	2.03899582528055	NA	0.665622896518609	NA	1.37232236604068	NA	NA	2.10965971120996	NA	1.87193473402653	0.456003859067596	1.95607499133016	0.640258166156699	1.87570835465804	1.7272524457306	1.93656712346073	1.72091797460364	1.71491470365618	1.65260206263664	NA	NA	0.805574607514918	2.03718998433284	0.479949556771059	0.72260586840537	NA	1.27364297151724	1.18797757873213	1.32497755245246
NA	NA	NA	NA	NA	NA	NA	NA	NA	NA	NA	NA	NA	NA	NA	NA	NA	NA	NA	NA	NA	NA	NA	NA	NA	NA	NA	NA	NA	NA	NA	NA	NA	NA	NA	NA	NA	NA	NA	NA
NA	NA	NA	NA	NA	1.02370242359688	1.17901096802842	NA	1.31550793801292	NA	0.964374226267407	NA	1.03427689429353	1.25863162889054	NA	1.15995573249232	0.631031394229182	0.441128681131519	NA	0.782853780123842	1.19146962562263	NA	NA	NA	NA	1.35387932080645	1.85331062227233	1.58670527693611	1.23547082923296	1.65878808981501	NA	0.334070908228651	2.71108909488687	1.6976137797944	2.01470928290295	0.281622038900748	NA	0.0270780475341262	NA	0.192822121723456
NA	2.5091214752883	2.63822809625013	NA	NA	2.1883535024526	NA	2.12203072000919	NA	2.05508724015116	NA	2.28362187495145	NA	1.99356760773344	1.48570888824413	NA	NA	1.33362810928959	NA	1.83899867711324	2.37579715724473	2.4764114733042	2.13573883135386	1.97588619308448	1.60269087473082	1.1639057430311	NA	NA	1.01944123726783	NA	NA	NA	0.637593255470048	0.798474288833695	NA	NA	NA	NA	2.01980820127888	1.2386843130396
NA	1.31748011113071	NA	NA	1.01578813831201	NA	1.58630225100752	NA	NA	NA	1.45082348884133	1.10548315427204	NA	NA	NA	0.961138368791027	NA	1.16545613325872	NA	NA	1.26143328569753	0.958704555814245	NA	1.19614489115816	NA	1.09416653748267	1.09249378131502	NA	0.775339588764656	0.371830622194106	0.346534840405275	0.382132538414273	0.919003276412731	0.920507075819323	0.412079779788388	0.367209439453806	NA	NA	0.51429480720279	NA
NA	1.54741180552261	1.43109960548097	1.49487138743835	NA	NA	0.953045276235275	NA	NA	NA	NA	NA	NA	0.614243695504408	0.887587419610675	NA	0.748334902009317	0.388895525479196	0.270314907236484	0.526199084730995	0.430320452929652	0.776219249625928	0.631717094238288	0.869287275901516	0.335738071622772	NA	NA	1.14562583134081	0.392311852964734	0.488356153548698	0.433193370982751	NA	0.50311574561692	NA	0.654071461220486	0.553110820212177	NA	0.846854614533831	0.853939866702886	0.969063548816629
NA	NA	NA	NA	NA	NA	NA	NA	NA	NA	NA	NA	NA	NA	NA	NA	NA	NA	NA	NA	NA	NA	NA	NA	NA	NA	NA	NA	NA	NA	NA	NA	NA	NA	NA	NA	NA	NA	NA	NA
NA	NA	NA	NA	0.667082730149423	0.743078952075794	NA	NA	NA	NA	1.01070751119847	NA	NA	1.17617143451087	1.24638952098202	1.53387633991429	NA	1.1904309231374	NA	NA	0.383599416270131	0.214067890991521	1.00149143186979	NA	NA	NA	NA	NA	NA	NA	NA	NA	0.361430157825944	NA	NA	NA	NA	0.432515900219235	0.674223499205316	0.625892506045118
NA	NA	NA	NA	NA	NA	NA	NA	NA	NA	NA	NA	NA	NA	NA	NA	NA	NA	NA	NA	NA	NA	NA	NA	NA	NA	NA	NA	NA	NA	NA	NA	NA	NA	NA	NA	NA	NA	NA	NA
NA	NA	NA	NA	NA	NA	NA	NA	NA	NA	NA	NA	NA	NA	NA	NA	NA	NA	NA	NA	NA	NA	NA	NA	NA	NA	NA	NA	NA	NA	NA	NA	NA	NA	NA	NA	NA	NA	NA	NA
NA	NA	NA	NA	NA	NA	NA	NA	NA	NA	NA	NA	NA	NA	NA	NA	NA	NA	NA	NA	NA	NA	NA	NA	NA	NA	NA	NA	NA	NA	NA	NA	NA	NA	NA	NA	NA	NA	NA	NA
NA	NA	NA	NA	NA	NA	NA	NA	NA	NA	NA	NA	NA	NA	NA	NA	NA	NA	NA	NA	NA	NA	NA	NA	NA	NA	NA	NA	NA	NA	NA	NA	NA	NA	NA	NA	NA	NA	NA	NA
NA	NA	NA	NA	NA	NA	NA	NA	NA	NA	NA	NA	NA	NA	NA	NA	NA	NA	NA	NA	NA	NA	NA	NA	NA	NA	NA	NA	NA	NA	NA	NA	NA	NA	NA	NA	NA	NA	NA	NA
1.61638705973702	NA	0.991778596502804	1.01599612790061	0.597823944099736	NA	NA	NA	0.481305671783845	NA	1.35548504225615	1.00125530587348	1.33342054189895	1.75391609442061	0.797671507232504	1.65681949715296	1.23023293795127	1.10657607345821	NA	0.202134364406504	NA	0.420863359319422	0.258098451876499	1.02765011490584	NA	1.28924240486679	NA	0.5409315896944	0.626309258510006	0.608816355114351	NA	0.34224618503129	NA	NA	0.37051511240021	1.19655649428468	NA	0.487205631497718	0.894712939140178	0.614792186908802
2.02528461614903	NA	1.44243472836107	NA	NA	NA	1.71177318431972	1.27012157452333	1.62525271899583	1.80129713631313	0.830037936351009	NA	1.19630539516546	1.93317921410679	0.910734118061396	2.45304440096325	2.58508957583435	2.48895009621938	1.23061134903855	1.68512565399206	NA	2.8420514612397	2.1489881622242	1.26604528561044	2.43948507111229	0.541084234240454	NA	1.61598471781466	1.87279171060583	NA	NA	NA	0.895265763133635	1.57316727583899	0.971832738258949	NA	NA	1.58125434098685	NA	NA
NA	NA	NA	NA	NA	NA	NA	NA	NA	NA	NA	NA	NA	NA	NA	NA	NA	NA	NA	NA	NA	NA	NA	NA	NA	NA	NA	NA	NA	NA	NA	NA	0.509842115297189	0.372924918703925	0.47661071788391	0.328119528880573	NA	0.461223625016437	0.599258752337204	NA
NA	NA	NA	NA	NA	NA	NA	NA	NA	NA	NA	NA	NA	NA	NA	NA	NA	NA	NA	NA	NA	NA	NA	NA	NA	NA	NA	NA	NA	NA	NA	NA	NA	NA	NA	NA	NA	NA	NA	NA
0.730802696193435	0.672615835721787	0.62856194394168	NA	0.940294567838433	NA	0.740745898108923	0.628460935638134	0.66657493203858	NA	1.15017871181032	0.826528429900207	NA	0.365415621625738	0.431925914951889	NA	0.294730719859697	NA	0.986446580435531	0.488632881713832	1.57213557360944	0.50276513527416	0.511260842382048	0.586564241653931	0.509739599739169	0.501524960838107	NA	0.465201051538816	0.524956757397762	0.617871826516934	1.21693321943903	0.959416689510424	NA	0.949131432855464	1.01751668030696	1.23430013454398	NA	0.819549658765267	0.687897302121242	0.975571636730509
NA	0.75658787458071	0.857213216370356	1.07378653078709	NA	1.31386682871587	1.0375569917576	NA	NA	NA	1.25478883872825	1.22603908093384	NA	1.07019818965152	1.02594494627028	NA	0.909002368669599	1.15712376418239	1.74645714191277	1.79560230436037	NA	1.37884980907345	NA	NA	0.64724963098735	1.71861877364471	1.23778588176304	1.79709474280021	0.710574655290219	NA	0.787883702088929	1.06472801857232	0.637128553974932	0.398461941656104	0.242898946692317	0.257754134865001	NA	0.326797811577309	0.247034994948412	0.417575107094924
NA	NA	NA	NA	NA	NA	NA	NA	NA	NA	NA	NA	NA	NA	NA	NA	NA	NA	NA	NA	NA	NA	NA	NA	NA	NA	NA	NA	NA	NA	NA	NA	NA	NA	NA	NA	NA	NA	NA	NA
NA	NA	NA	NA	NA	NA	NA	NA	NA	NA	NA	NA	NA	NA	NA	NA	NA	NA	NA	NA	NA	NA	NA	NA	NA	NA	NA	NA	NA	NA	NA	NA	NA	NA	NA	NA	NA	NA	NA	NA
NA	NA	1.64783483080154	NA	1.51939775348969	1.38703967336276	0.998853923889598	NA	NA	1.51422390067896	1.30855934662251	NA	NA	1.21404921919796	1.480308697728	1.24448174259315	1.45954001750507	NA	1.15842048705071	0.291525459435465	NA	NA	NA	NA	2.04721322971788	1.74990692230448	NA	NA	0.756835222185993	0.386357075750057	NA	NA	NA	NA	NA	NA	NA	NA	0.665342000434996	NA
1.15616876579771	1.26555863308028	1.28412284917797	NA	NA	0.291319068569576	0.24064792296744	0.545506855232321	0.218171441078235	NA	NA	NA	NA	NA	NA	1.01058361250587	0.477657522615056	0.787355271871468	0.649381159786502	0.459555001705261	0.526524838279702	NA	NA	0.794147090275643	0.470693726620885	NA	0.516090148864721	0.772041833441651	NA	0.540017907399106	0.957579186634304	1.41052401208944	NA	0.62183551353842	0.453073591805141	0.784733012198986	NA	0.588435440250292	0.858056710110448	NA
NA	NA	NA	NA	NA	NA	NA	NA	0.138981831599166	0.750741411877971	NA	NA	NA	1.07034736620563	NA	NA	1.28371233625603	NA	NA	NA	NA	1.67309864182456	NA	NA	NA	NA	1.14000273276969	NA	NA	1.13443657460767	NA	1.9785471854229	1.61041799589013	NA	NA	NA	NA	0.743935543762534	NA	1.41834738061029
NA	NA	NA	NA	NA	NA	NA	NA	NA	NA	NA	NA	NA	NA	NA	NA	NA	NA	NA	NA	NA	NA	NA	NA	NA	NA	NA	NA	NA	NA	NA	NA	NA	NA	NA	NA	NA	NA	NA	NA
1.91469718463976	NA	NA	NA	NA	NA	NA	1.15460354126384	NA	NA	1.29876512489055	1.5981980372179	NA	1.43878754353532	NA	NA	2.08667737610603	1.27391194100628	1.56857647844161	NA	1.17472887113423	0.662204364540724	NA	NA	NA	NA	NA	NA	1.75572665531591	NA	NA	1.2493085013246	1.60653119775445	1.12590927417273	1.43198960313109	NA	NA	NA	NA	0.835455517859715
0.611957337981594	NA	NA	NA	0.763553363719547	0.356843779961875	0.781202237943628	NA	NA	0.545997038719198	0.963273540923792	1.08710823137044	NA	0.932099652377697	0.919175362787168	NA	1.27775935002806	0.704207592968302	1.03540736371164	0.617124737423707	2.16404760407898	NA	0.794828150715882	0.491060452069252	NA	0.681657631835368	NA	0.543232714278561	0.353589412165598	0.521420731388758	0.577626270342198	0.565190797147951	NA	NA	1.15891231620124	1.01146336180617	NA	NA	NA	NA
NA	NA	NA	NA	NA	NA	NA	NA	NA	NA	NA	NA	NA	NA	NA	NA	NA	NA	NA	NA	NA	NA	1.85309504045748	1.48746956163329	1.30158166472919	1.12965552255437	1.01880355498144	1.17916547485438	0.459787778279116	0.360231216871379	0.871797409498543	1.07675228351826	0.44470854849461	0.229054771338691	0.0992048811547223	0.248829633381332	NA	0.118956644638806	0.328743384167131	0.742236997259979
NA	NA	NA	NA	NA	NA	NA	NA	NA	NA	NA	NA	NA	NA	NA	NA	NA	NA	NA	NA	NA	NA	NA	NA	NA	NA	NA	NA	NA	NA	NA	NA	NA	NA	NA	NA	NA	NA	NA	NA
NA	NA	NA	NA	NA	NA	NA	NA	NA	NA	NA	NA	NA	NA	NA	NA	NA	NA	NA	NA	NA	NA	NA	NA	NA	NA	NA	NA	NA	NA	NA	NA	NA	NA	NA	NA	NA	NA	NA	NA
1.52150647764453	1.40204342694427	1.01000725232414	NA	1.28560181128442	NA	0.717735303276482	NA	NA	NA	1.03762519407231	1.11384430099262	NA	NA	1.15750979658905	1.22213224916135	1.79691585062204	NA	NA	0.416145009605562	NA	0.907060224656931	NA	NA	NA	NA	0.759958068970085	NA	0.759992520246552	NA	1.12212094679611	0.839931587839655	NA	0.944094944253084	NA	0.994922272497976	NA	0.585854769645084	0.425863926172787	0.962157813564933
NA	NA	0.349097418039735	NA	NA	0.348102777684667	NA	1.07814632304206	NA	NA	0.556822663244042	NA	NA	0.45861058998639	NA	NA	0.640743290555459	NA	NA	NA	0.933917417433276	0.243458797717218	0.556798633118264	0.605127596079532	0.58263063397408	NA	NA	0.963155177817989	NA	NA	NA	NA	1.15588424574581	NA	NA	NA	NA	NA	NA	NA
0.65925387329305	NA	NA	0.570832244003315	NA	0.525982301971779	0.458664435300793	0.422668333758354	0.726739434192004	0.658622380577573	0.626486954846552	NA	NA	NA	NA	0.992806039033751	1.07179477935368	0.902903365672564	0.921854625198308	0.597007601638679	1.05860213645039	0.297050914419426	0.523594199958408	NA	1.1445624517053	0.714587677413311	0.687738152083542	1.32944125341337	0.831619256853301	0.964607213814818	NA	0.632085111701957	0.497651276613411	0.31776291925061	0.457407957226924	NA	NA	0.674650329566622	0.516711118645213	0.61158670521537
0.221474821379315	0.386082109895781	0.687689327009428	0.469488607096123	NA	0.559294217504399	NA	0.520394728985998	NA	NA	NA	1.04702552722143	NA	1.25918532779951	1.3068411146071	NA	0.816619712476555	NA	NA	0.525193405704405	0.860604006702968	NA	0.594762159971424	0.375462835134769	0.246452858572675	0.302249516720948	NA	0.376658388558868	NA	0.60474594822797	NA	NA	0.826333223142918	NA	0.481427267775772	0.673059893112279	NA	0.678366733972027	0.52403434354986	0.784081553222748
NA	NA	NA	NA	NA	1.02949509011719	1.47163231752281	1.50935468172248	1.03313198530835	NA	NA	NA	NA	NA	0.785142668641502	1.40507153851898	1.78727650007795	NA	NA	NA	NA	NA	NA	NA	NA	NA	NA	0.295733255871219	NA	NA	NA	NA	NA	NA	NA	NA	NA	1.40454950573496	0.567934607609193	NA
0.308174881887584	0.579742541071617	NA	0.798627924390523	1.30717548916503	NA	0.58991495530351	0.675152033369564	0.40798784646479	NA	NA	NA	NA	0.554850093211015	0.310787792717439	0.588120935728739	NA	NA	0.401097631930178	0.284289137520657	0.348867438212933	0.357870726817888	NA	0.585849852600532	NA	NA	NA	1.74198595977819	NA	0.964041532928779	0.570744809462225	0.666466701081568	NA	NA	0.358347802468479	NA	NA	NA	NA	0.879911535355623
NA	NA	NA	NA	NA	NA	NA	NA	NA	NA	NA	NA	NA	NA	NA	NA	NA	NA	NA	NA	NA	NA	NA	NA	NA	NA	NA	NA	NA	NA	NA	NA	NA	NA	NA	NA	NA	NA	NA	NA
NA	0.121399386894891	0.172547859460866	NA	NA	1.04208161042627	NA	1.00923048851075	1.44131771280462	0.763593837541732	0.935951688684763	0.962127401825443	NA	1.14157560750227	NA	1.13590581250889	0.704429910797059	0.580875580143893	0.569761909292494	0.381502771836839	NA	NA	0.548112935075008	NA	0.633994812271873	0.483505079871917	NA	NA	0.857306146934688	0.662552279976933	NA	0.321739741286432	0.23301436268712	0.471199379339139	NA	0.928099054273468	NA	0.828022933687976	1.04853120615653	0.68886922858674
0.841293781408291	NA	NA	NA	1.44663832779222	1.58435460281257	1.29443981498483	1.66726347726294	1.27012827562298	1.04891267375387	0.82004702571162	NA	NA	NA	NA	0.879845710079626	1.14955155418979	1.51077830801468	NA	1.329385866047	NA	0.709408455454143	NA	0.843123941633374	0.797298355590112	NA	NA	1.70581193493624	0.901745071994763	1.30207699836308	NA	NA	0.723539225730474	0.881200138910193	0.486549813134326	0.427020846399817	NA	0.555067243021391	0.40355368116341	NA
NA	NA	NA	NA	0.772213939679661	NA	NA	NA	0.774821683124785	0.710281267178329	NA	0.775284068817166	0.436293240635605	0.625412334335662	0.552907993213681	0.758868395301726	NA	0.656481332028623	1.86774702626386	0.810112069224465	0.353161899972383	0.190768126035289	1.56169583092918	1.70464438067311	1.90103679846389	0.892966761266183	NA	1.50560159399626	NA	NA	NA	0.790615678926429	NA	1.76625146052448	NA	1.36849747139498	NA	NA	NA	0.762301973693596
NA	0.817430799745752	1.15058721049478	NA	NA	0.77859590109442	0.752736129671578	NA	NA	0.7229426169695	NA	0.711272324288291	1.16906202054497	0.723742123455809	0.860929685712363	NA	0.88403538631218	NA	NA	NA	0.706371842678942	0.788866609979463	NA	1.02739580970661	1.45487121382464	NA	1.56835610770357	1.85603869229919	0.868638372727208	NA	NA	1.34036537273883	NA	0.502732127136121	0.562258654534445	0.757518478901698	NA	0.473211166735074	0.26013381139224	0.413084195675573
NA	NA	NA	NA	NA	NA	NA	NA	NA	NA	NA	NA	NA	NA	NA	NA	NA	NA	NA	NA	2.06607235546885	1.70601581508944	NA	1.29096923033327	1.32587543430627	NA	NA	1.24802372613086	1.22003899551773	1.16390065974566	1.15503967355311	NA	0.841467901082404	0.772565650912248	0.665427154566515	NA	NA	NA	0.548586363483393	0.594731973229266
0.739827381762333	1.05531000010275	NA	0.859123927359641	1.29986517034186	NA	1.01746925933482	NA	NA	NA	1.08380542343614	1.31683088251379	1.42571316851454	NA	0.755876840715514	NA	NA	1.13646501096569	0.990573691927598	0.879541294820593	0.524113175991938	NA	0.82321540699586	NA	NA	NA	NA	1.801245052477	0.845302992380864	NA	NA	0.646714031851554	0.749852600428083	NA	NA	0.624869929657209	NA	NA	0.547193040046385	0.333625242401319
0.735309101211979	0.638961015432594	NA	0.660286008207948	NA	0.7183009460363	0.484141597107716	0.54753387328006	0.436138752993661	NA	0.391908550950414	0.710681173353251	NA	1.47122321240115	0.870342728166886	1.48395245831551	NA	0.847637127167232	0.464699510093933	NA	1.03480780685431	NA	NA	NA	NA	NA	NA	NA	1.05905101354206	1.05881579879256	NA	0.468045002625801	1.32338878447324	NA	0.397231075348949	NA	NA	NA	NA	0.178952501284413
NA	1.19168406277545	1.42636761726341	NA	0.679674531674489	0.826521702433093	0.959616640610607	1.03136603598661	0.903342222306118	NA	0.984929902700012	1.75607892754171	1.83918853739033	1.82851460765308	0.98770744014015	0.59010722304589	NA	NA	0.990256023316325	0.659537350613818	NA	NA	0.767439602034865	1.78620743255492	1.73556221282176	1.72680031607835	1.69776095092064	0.363053890078302	NA	0.746998416721774	0.899989360102274	NA	0.573264174600809	NA	0.613809141036132	0.403111695520841	NA	0.625149457316546	0.49941902265098	0.544016502688982
NA	NA	NA	NA	NA	NA	NA	NA	NA	NA	NA	NA	NA	NA	NA	NA	NA	NA	NA	NA	NA	NA	NA	NA	NA	NA	NA	NA	NA	NA	NA	NA	NA	NA	NA	NA	NA	NA	NA	NA
0.667606237567553	NA	NA	NA	NA	0.669405588512495	1.10375329957623	NA	NA	1.48782879368386	1.1663578991235	1.1557520269	1.21783647154269	1.13845377797685	0.809894494236619	1.07947424929016	1.40211111158947	1.46321304508346	1.15763682417553	0.766866601354709	1.132331387122	1.35420986019089	1.29296389850295	NA	NA	NA	0.75029542863723	NA	0.616216649961156	NA	NA	NA	1.60064725173856	0.493569537082194	1.20716303670265	0.458418862377302	NA	1.23115878266552	0.387262197049028	0.884675309307726
NA	NA	NA	NA	NA	NA	NA	NA	NA	NA	NA	NA	NA	NA	NA	NA	NA	NA	NA	NA	NA	NA	NA	NA	NA	NA	NA	NA	NA	NA	NA	NA	NA	NA	NA	NA	NA	NA	NA	NA
NA	NA	NA	NA	NA	NA	1.03757575865043	NA	NA	NA	NA	0.458294840386616	NA	NA	NA	1.11288390292037	NA	1.49055947981353	NA	NA	NA	NA	0.661397570485397	NA	0.744246263204082	0.817711015646761	NA	NA	NA	0.393703451229401	NA	NA	0.814956425745607	NA	NA	NA	NA	NA	0.495455436502647	NA
NA	NA	NA	NA	NA	NA	NA	NA	NA	NA	0.553186564344202	1.1168837408935	NA	NA	NA	NA	1.20008124957221	1.18556743557439	NA	NA	0.153797891045388	NA	NA	NA	NA	NA	0.557844679494355	NA	NA	NA	NA	NA	0.718394905386388	0.258534776900824	0.315071635287907	NA	NA	0.286297893423803	0.332990960734228	0.625481590512375
0.664020236176329	NA	1.1156198925713	NA	0.975050448025018	0.548164321411829	0.176460008290599	0.547161760592684	NA	NA	0.966447007702888	NA	NA	NA	NA	NA	NA	NA	0.645259086919812	0.749368717318489	NA	NA	0.727179690465931	1.07544484916052	0.776810515890834	NA	NA	0.817308639603579	1.43763372132984	1.29405592559032	0.957212323192677	NA	1.2204523615401	NA	0.592571299108636	0.927489447330319	NA	0.294109255615419	NA	0.452447213737594
NA	NA	NA	NA	NA	NA	NA	NA	NA	NA	NA	NA	NA	NA	NA	NA	NA	NA	NA	NA	NA	NA	NA	NA	NA	NA	NA	NA	NA	NA	NA	NA	NA	NA	NA	NA	NA	NA	NA	NA
1.01429598556671	NA	NA	NA	0.818699114967173	1.18305465775114	1.36564537902871	NA	NA	NA	NA	1.6276197998688	NA	2.18433624862416	1.86381092129181	2.00344565445658	1.86011682844645	NA	NA	NA	NA	2.28153983609782	NA	NA	NA	1.59945704277369	NA	NA	1.60917307058893	NA	1.00163440051092	0.835425848792484	0.708382083831413	0.735718455786266	0.303334442796713	NA	NA	NA	0.620194307481963	NA
NA	0.684026271688297	NA	2.13808586659749	0.749596379643556	NA	1.56108648875233	1.75309625063491	NA	NA	1.60449095702513	NA	NA	2.03081503141163	1.4465265503766	NA	2.55154796418826	NA	NA	NA	1.45016146724097	2.2676463883667	1.14189780386534	0.829922273701196	NA	1.06062689559373	0.406057623406558	NA	0.449341944650385	0.810751782772354	1.02682064492162	0.926923736731347	NA	NA	NA	NA	NA	0.244933346888589	0.339135884636289	0.259345216676056
1.27530124421645	NA	NA	NA	NA	0.814689784361199	NA	NA	NA	NA	1.18449514548659	NA	NA	NA	NA	1.83878118487655	NA	NA	NA	0.724190972196262	1.14108326782457	1.10413925519633	1.28832734716675	NA	NA	NA	NA	NA	0.768070000385648	NA	NA	NA	NA	NA	NA	NA	NA	0.860301424575737	1.21306518394183	0.565770010203503
0.706913415591892	NA	NA	NA	NA	NA	NA	NA	NA	1.04258881912201	1.14399813337796	NA	NA	0.894172536015041	NA	NA	0.9503680981155	NA	1.14231888139837	NA	NA	1.57768556621883	0.882678327455388	NA	NA	NA	NA	0.7520096320609	NA	NA	NA	NA	NA	NA	NA	0.427962093073542	NA	NA	0.991589005719658	0.947690146543951
NA	NA	NA	NA	NA	NA	NA	NA	NA	NA	NA	NA	NA	NA	NA	NA	NA	NA	NA	NA	NA	NA	NA	NA	NA	NA	NA	NA	NA	NA	NA	NA	NA	NA	NA	NA	NA	NA	NA	NA
NA	NA	1.12863468815508	NA	NA	0.847820817388259	0.751919636182179	NA	1.85085822226203	NA	NA	NA	NA	1.73824074137399	1.40517704739583	NA	1.33409341612664	0.74577360587835	0.864681867825924	1.14382657708249	1.54625820416624	0.974680369265459	0.750435604132448	0.720465087230269	0.764730765314481	1.09022958902712	0.383177262936471	1.15864462157458	1.45584276561967	1.48755250041713	NA	0.821200435614693	1.63670219037448	1.5008470459869	NA	1.67159093703252	NA	NA	NA	NA
NA	NA	NA	NA	NA	1.06757454852682	1.52509078193848	NA	NA	NA	1.20473616713515	NA	0.551809811340167	1.00016266092259	NA	0.989056329280599	1.02685225702671	1.75405134844965	1.30331737404735	NA	0.349629734052372	NA	1.19230076283456	1.13672914143898	1.04235182442394	NA	1.04928201484518	0.935118646330256	NA	NA	NA	NA	NA	NA	NA	NA	NA	NA	NA	NA
NA	1.66387468855703	NA	1.47890226224961	NA	1.27799868498507	1.30513514960048	1.18690395366393	0.832714266439674	NA	NA	NA	1.10797908780643	1.16426359303162	1.01740381221803	NA	0.892820512627459	NA	NA	NA	1.27601243488069	1.45302920902614	NA	1.11876255073376	1.5715636190262	NA	NA	NA	1.26342727626528	0.86037096090728	NA	0.753954466033385	NA	1.37687125097658	NA	NA	NA	1.09383488170586	1.19782421557891	NA
NA	NA	NA	NA	NA	NA	NA	NA	NA	NA	NA	NA	NA	NA	NA	NA	NA	NA	NA	NA	NA	NA	NA	NA	NA	NA	NA	NA	NA	NA	NA	NA	NA	NA	NA	NA	NA	NA	NA	NA
0.422255202883459	NA	NA	NA	NA	NA	NA	0.57130791726334	0.617276040712427	NA	NA	0.437839217325128	NA	0.252568599551641	0.137596929781761	NA	NA	NA	NA	NA	0.711683623008862	0.81185913635406	0.328218943193487	0.425920295507327	0.777433580800707	0.560025172057313	0.537795998936194	0.835383757424052	0.96527365235125	0.731346640964673	NA	0.403633484071058	NA	NA	NA	NA	NA	0.427845877660566	NA	0.271534078380699
0.693284698266066	0.551772887774677	NA	0.508283521622278	NA	0.711888665548089	0.550802334578882	0.476181273098193	NA	0.341655021308728	0.55533639168173	0.284490533811897	NA	0.321660023701332	0.149282709297075	0.535268420548353	0.647939824074171	0.485503834189909	0.639935164056239	0.582544283774216	1.46218123288383	NA	0.978333204612421	0.768993724001836	0.895960284435381	1.37980833218079	NA	NA	0.669716052127584	NA	NA	1.21111865037391	NA	1.38879412532559	NA	NA	NA	1.10260339310958	0.584141840470839	1.46334665289276
0.584663771909129	NA	NA	NA	0.626583645821747	0.789043877431474	NA	0.706745968165148	NA	NA	NA	0.428218141782726	0.241870359916296	NA	NA	NA	NA	1.38274454429761	0.712910383425486	0.802635786541096	NA	NA	0.397836030024304	0.361124548159391	NA	0.111096823074138	NA	0.382970028091671	NA	NA	NA	NA	NA	0.381069908657915	NA	NA	NA	0.631953768844304	NA	1.07857982766673
NA	NA	NA	NA	NA	NA	NA	NA	NA	NA	NA	NA	NA	NA	NA	NA	NA	NA	NA	NA	NA	NA	NA	NA	NA	NA	NA	NA	NA	NA	NA	NA	NA	NA	NA	NA	NA	NA	NA	NA
1.10342267624142	NA	NA	NA	0.766655542591837	1.23223762837218	NA	1.28247081386066	NA	NA	NA	NA	1.67584902690541	2.04360647916385	1.57620979471486	NA	NA	1.92263285218382	1.84943238551746	NA	NA	1.51867398090239	NA	NA	NA	NA	1.18259936307813	2.37416735652605	1.08532228509416	NA	0.86946932811581	0.980059870007594	0.673758532143095	0.550997460830407	NA	0.113695632150554	NA	0.913666271129199	0.853405935069598	NA
NA	NA	NA	NA	NA	NA	NA	NA	NA	NA	NA	NA	NA	NA	NA	NA	NA	NA	NA	NA	NA	NA	NA	NA	NA	NA	NA	NA	NA	NA	NA	NA	NA	NA	NA	NA	NA	NA	NA	NA
NA	2.0609883133044	2.67196086316297	1.71732807475577	2.43584122290124	NA	2.12538527776829	2.09934794124358	NA	1.72787493888242	2.22025024551316	NA	NA	NA	NA	2.33038804379594	2.26921602347961	2.48508340905578	1.55291076967416	NA	1.5802633979252	NA	NA	1.85782800108014	NA	1.72491084895375	NA	1.2361981033097	NA	1.19076950663705	1.42917122928836	1.23410086659976	0.988923554245173	NA	1.13422573938949	0.770914629176108	NA	0.814719854563872	0.923881614652986	1.11310128090524
0.5423502431364	0.721313115990204	0.524389182914383	NA	NA	0.963896956463985	0.477156495387299	0.491539964916191	0.180249551591806	0.567768889221796	0.591094743078067	NA	0.65195825411508	0.496737387895625	NA	NA	0.603216964471494	0.559321142014231	0.828279973402137	0.433791352714154	0.260359932115731	0.325296076796491	0.585245423173428	NA	0.458260051252492	NA	NA	1.04369775168141	0.750552906655057	NA	NA	NA	NA	NA	0.540421410506251	0.631324307417991	NA	1.7175205532932	NA	NA
NA	0.920888502741454	0.50768798662483	0.51715863272214	0.560192821688698	NA	1.07348321560097	0.561007277896159	0.620585499806335	NA	0.243129337487371	0.868214218973039	0.61248431758069	0.462241024310154	0.320553122038597	0.255987523551346	NA	0.179064637128857	0.67085445476981	0.286482149698405	NA	0.485020804308409	0.972693955299503	0.944617822978041	NA	NA	NA	NA	NA	NA	NA	0.444974766217041	0.887477107960323	0.785319629675085	NA	NA	NA	NA	0.638912114691798	NA
NA	NA	NA	NA	NA	NA	NA	NA	NA	NA	NA	NA	NA	NA	NA	NA	NA	NA	NA	NA	NA	NA	NA	NA	NA	NA	NA	NA	NA	NA	NA	NA	NA	NA	NA	NA	NA	NA	NA	NA
1.01448323157688	0.390415664916438	1.7904433929267	NA	1.75766169638547	1.95240762918512	1.46197315305764	0.609791637177802	NA	1.92019552036486	0.55900300748307	NA	NA	0.97026258403282	NA	0.70740931757125	1.3481245690018	NA	NA	0.249429152828618	0.948974050916156	1.37471257516257	1.62282613300892	1.47362576043283	1.93369583262652	1.48244140821848	NA	1.81308848000431	1.39919328117625	NA	1.70096155821046	NA	NA	NA	NA	NA	NA	NA	NA	NA
NA	NA	NA	NA	NA	NA	NA	NA	NA	NA	NA	NA	NA	NA	NA	NA	NA	NA	NA	NA	NA	NA	NA	NA	NA	NA	NA	NA	NA	NA	NA	NA	NA	NA	NA	NA	NA	NA	NA	NA
NA	0.221831699443627	0.504815257316746	0.387803570385583	0.258660109288178	0.729468763310727	0.399889680323646	0.379137901139181	NA	NA	0.933242074488257	NA	NA	0.726511360867956	NA	NA	NA	0.46477871836129	0.384686704683632	0.482293199542233	0.72040184022702	0.780751481857683	1.00983181575057	NA	NA	1.51268997903975	2.08179102237348	NA	0.151831463523466	0.814944759565437	NA	NA	0.526041752701251	0.743808552116728	NA	0.126552308693946	NA	1.32925129396477	NA	0.375347799021976
1.62638778569837	2.14985255110772	NA	1.88655125182396	1.70070701563907	1.65403039878082	1.28848947786889	1.35209827110524	NA	NA	NA	1.00208708229794	NA	0.584696682910904	0.908038379732006	0.558766109814794	NA	0.767043081678623	1.24896598927531	1.40996395408497	1.04575429295281	NA	NA	NA	0.695345724782154	NA	0.4967672703773	NA	1.11093882031815	0.824658833521146	NA	1.09788712794634	NA	1.6966346289466	0.577965500338801	1.34419427222778	NA	1.47123495654893	NA	1.63090438061808
NA	NA	NA	NA	NA	NA	NA	NA	NA	NA	NA	NA	NA	NA	NA	NA	NA	NA	NA	NA	NA	NA	NA	NA	NA	NA	NA	NA	NA	NA	NA	NA	NA	NA	NA	NA	NA	NA	NA	NA
NA	NA	NA	NA	1.16907798191832	1.27057622419101	NA	1.01687417169715	1.35791568509025	1.43915838701605	1.15319457115839	NA	NA	1.732312487236	1.73004336475627	NA	0.826947328438581	1.42447070423231	NA	0.59089157527541	1.5191527190601	1.10455086254954	0.882481236135016	NA	0.347132246543333	0.663562552761176	NA	NA	0.706827362725882	0.523401815083119	NA	0.29244587088456	0.15535192071313	0.510179912605816	0.498491927151066	0.551086063954264	NA	0.178724287037139	0.649600914606118	0.770759237214914
NA	NA	NA	NA	NA	NA	NA	NA	NA	NA	NA	NA	NA	NA	NA	NA	NA	NA	NA	NA	NA	NA	NA	NA	NA	NA	NA	NA	NA	NA	NA	NA	NA	NA	NA	NA	NA	NA	NA	NA
NA	NA	NA	NA	0.995696421963164	NA	0.784122011505773	NA	NA	NA	NA	NA	NA	NA	NA	NA	NA	0.782037381041234	NA	NA	NA	NA	NA	NA	NA	NA	NA	NA	NA	0.978303476999956	NA	NA	NA	NA	0.745274316313678	NA	NA	NA	0.890240580523734	NA
0.982559214006555	NA	0.430129161494114	NA	NA	2.49001217665859	0.756674361366609	1.59795033196354	1.20421368991292	0.570921530418904	0.398517986004284	0.57789949504998	0.829010225513324	0.451876028204043	1.79909329009619	0.646136764569296	1.63424170995595	0.854880627234968	0.891913570912419	0.373065188278261	1.05949845495356	0.646624416111085	2.05157789509981	1.21777595314207	0.851329175272345	NA	0.718662658988761	NA	1.99924350130199	0.811012523713701	0.857181117387639	NA	1.41773111315683	0.219477447602422	0.368934263783151	0.596824733969764	NA	0.221102696611623	0.213589427202108	0.283052170366581
NA	NA	NA	NA	NA	NA	NA	NA	NA	NA	NA	NA	NA	NA	NA	NA	NA	NA	NA	NA	NA	NA	NA	NA	NA	NA	NA	NA	NA	NA	NA	NA	NA	NA	NA	NA	NA	NA	NA	NA
NA	NA	NA	NA	NA	NA	NA	NA	NA	NA	NA	NA	NA	NA	NA	NA	NA	NA	NA	NA	NA	NA	NA	NA	NA	NA	NA	NA	NA	NA	NA	NA	NA	NA	NA	NA	NA	NA	NA	NA
NA	NA	NA	NA	0.615268456427218	0.374917041677255	0.950791196411691	0.753280493609856	NA	NA	0.546557847478914	1.17126441720674	NA	NA	1.17155734553761	1.20436631830137	NA	1.25156732847251	0.90150216480512	0.832996447169508	0.378787510664409	NA	0.502369767494727	NA	NA	0.229137831907713	NA	NA	0.791885174595721	NA	NA	0.561691428486934	0.419338444615238	NA	NA	NA	NA	NA	0.524072867718273	0.430618751093027
2.66798861976744	NA	NA	NA	2.42223395656595	2.21955810062108	2.39993832463358	2.20148547420266	1.97571974507639	2.03680790167556	NA	NA	2.27557132334027	2.3291510366206	1.9583141263227	1.90106228517739	2.09018904189065	1.92436116003903	1.84482973445645	NA	1.79448100422215	2.12716424804857	NA	2.22156987499926	NA	NA	NA	2.63013091502875	NA	1.95322209534133	NA	2.32353076430734	NA	2.28582096908964	2.11085976282979	NA	NA	2.05678107817965	NA	1.97950357349285
NA	NA	NA	NA	NA	NA	NA	NA	NA	NA	NA	NA	NA	NA	NA	NA	NA	NA	NA	NA	NA	NA	NA	NA	NA	NA	NA	NA	NA	NA	NA	NA	NA	NA	NA	NA	NA	NA	NA	NA
NA	1.10800705059531	0.983186820981244	NA	NA	NA	0.635416842663368	0.999508391588857	0.931040152723708	NA	0.799230710707798	1.27170306880876	NA	0.325857876025954	NA	NA	NA	NA	NA	0.307278769015191	NA	NA	0.490917324440527	0.605966375847534	NA	NA	NA	NA	NA	NA	NA	NA	NA	0.2687289803414	NA	0.458208251838111	NA	1.41885718308235	0.255760313612978	NA
NA	NA	NA	NA	NA	NA	NA	NA	NA	NA	NA	NA	NA	NA	NA	NA	NA	NA	NA	NA	NA	NA	NA	NA	NA	NA	NA	NA	NA	NA	NA	NA	NA	NA	NA	NA	NA	NA	NA	NA
0.786548292309906	0.57778885694866	1.16073053806905	NA	1.31086694883633	NA	1.51760136941211	NA	NA	2.00886301323218	NA	NA	NA	NA	NA	NA	0.891392054204299	1.63684393137349	NA	1.59697025943899	1.30397959663464	NA	NA	NA	NA	NA	NA	NA	NA	0.956879846623188	1.47317469269633	NA	1.54455357423016	NA	NA	NA	NA	0.48742683482217	NA	NA
NA	NA	NA	NA	NA	NA	NA	NA	NA	NA	NA	NA	NA	NA	NA	NA	NA	NA	NA	NA	NA	NA	NA	NA	NA	NA	NA	NA	NA	NA	NA	NA	NA	NA	NA	NA	NA	NA	NA	NA
NA	NA	NA	NA	NA	NA	NA	NA	NA	NA	NA	NA	NA	NA	NA	NA	NA	NA	NA	NA	NA	NA	NA	NA	NA	NA	NA	NA	NA	NA	NA	NA	NA	NA	NA	NA	NA	NA	NA	NA
0.94440422851625	NA	NA	NA	NA	0.711958164251772	0.812579450076586	0.88740076088921	1.11078766673272	NA	NA	2.15996413322233	NA	NA	0.82428609729367	NA	0.472342277998089	0.74965510324118	0.502501511083108	0.425162600310647	0.077923635722521	NA	0.243626665102788	0.44984106483915	0.824548531700305	0.188464128044407	0.6491051389502	NA	NA	0.855129213107645	0.513531879948265	0.67179936148495	0.677532966043605	0.380776265276567	0.607131893511499	NA	NA	0.421970274068533	0.429355028068427	1.08645392368816
NA	NA	NA	NA	NA	NA	NA	NA	NA	NA	NA	NA	NA	NA	NA	NA	NA	NA	NA	NA	NA	NA	NA	NA	NA	NA	NA	NA	NA	NA	NA	NA	NA	NA	NA	NA	NA	NA	NA	NA
NA	NA	NA	NA	NA	NA	1.20531155408592	NA	0.629616424910998	0.941286604094307	NA	1.1777075380703	0.981839685616523	0.893455768409835	1.61907488955349	NA	0.744385452492202	1.37696565392681	NA	NA	NA	NA	NA	NA	NA	0.533265810906617	0.545519589154064	NA	NA	1.31979080473465	NA	1.96718620733681	1.08602679347599	0.702788086591001	0.622759462132853	0.428745932191392	NA	0.211946564309407	NA	0.339558519509293
NA	NA	NA	NA	NA	NA	NA	NA	NA	NA	NA	NA	NA	NA	NA	NA	NA	NA	NA	NA	NA	NA	NA	NA	NA	NA	NA	NA	NA	NA	NA	NA	NA	NA	NA	NA	NA	NA	NA	NA
NA	NA	NA	NA	NA	NA	NA	NA	NA	NA	NA	NA	NA	NA	NA	NA	NA	NA	NA	NA	0.679073763883846	NA	0.45204988922756	NA	NA	NA	NA	0.807979169664331	0.467155717194419	NA	NA	NA	NA	0.491976464801209	NA	NA	NA	NA	0.547797180258311	0.446474422499199
NA	NA	NA	NA	NA	NA	NA	NA	NA	NA	NA	NA	NA	NA	NA	NA	0.948746044326869	NA	NA	NA	NA	0.296590638766999	NA	0.51688096685087	NA	NA	0.359860167163806	NA	NA	0.59431386843948	NA	0.839995717183081	0.381657047646139	NA	NA	NA	NA	0.284468244657536	NA	0.510213236656993
NA	NA	NA	NA	NA	NA	NA	NA	NA	NA	NA	NA	NA	NA	NA	NA	NA	NA	NA	NA	NA	NA	NA	NA	NA	NA	NA	NA	NA	NA	NA	NA	NA	NA	NA	NA	NA	NA	NA	NA
1.39767275717621	0.989118297739862	1.21143398783348	NA	NA	NA	NA	1.28370276097592	0.664924292979129	1.21513451325982	1.01535584301037	1.1869215592455	NA	NA	NA	NA	NA	NA	NA	0.973906164501224	0.366543138676035	0.701395399217148	1.17400739136238	1.05044861284455	1.10332948733494	NA	1.3115425681336	NA	1.30766939410265	NA	NA	NA	1.28064061305558	2.08263299145254	NA	NA	NA	NA	NA	1.43300841596763
NA	NA	NA	NA	NA	NA	NA	NA	NA	NA	NA	NA	NA	NA	NA	NA	NA	NA	NA	NA	NA	NA	NA	NA	NA	NA	NA	NA	NA	NA	NA	NA	NA	NA	NA	NA	NA	NA	NA	NA
1.12951407671896	NA	NA	NA	1.6228177144607	1.72140168454818	1.91329910643982	1.90174586043525	1.81446637936588	NA	2.43148851011389	2.30401145531394	NA	1.91888913364401	NA	NA	NA	NA	NA	1.57482365401597	NA	NA	1.65518020890104	1.76659958641113	1.37989235042184	1.23303910084427	NA	0.828525537657009	NA	2.09695194967055	NA	1.65662273340399	NA	1.24900794233132	1.31426219079361	1.19793427977196	NA	0.886272976574164	2.06250977738804	0.750742209752039
NA	NA	NA	NA	NA	NA	NA	NA	NA	NA	NA	NA	NA	NA	NA	NA	NA	NA	NA	NA	NA	NA	NA	NA	NA	NA	NA	NA	NA	NA	NA	NA	NA	NA	NA	NA	NA	NA	NA	NA
NA	NA	NA	NA	NA	NA	NA	NA	NA	NA	NA	NA	NA	1.29756496124021	1.09028477270937	NA	NA	NA	1.94027247380961	NA	NA	NA	1.13162429867379	1.59090028760102	NA	NA	NA	1.48217821894277	1.52007936523845	NA	NA	NA	NA	1.37005375981722	2.67777754868767	1.52860677961089	NA	1.8047973443902	NA	1.50698916356486
0.634795811362916	0.519426640105473	NA	NA	0.966630084409033	1.4606562135847	1.26583954582479	NA	0.821318671117439	NA	NA	0.88346514660516	1.05187183346374	NA	NA	NA	NA	NA	1.74148532854281	0.793965419634177	0.894911211858411	NA	0.851883042288092	0.457256671845622	NA	NA	NA	1.74409424457541	NA	0.249837338843538	NA	0.524967022079197	NA	0.651067469977538	NA	0.519068347729508	NA	0.835800140814915	0.342697981418115	0.646017015982157
NA	NA	NA	1.11713040129833	NA	0.48988138641659	NA	0.5976393924194	1.0998392877433	NA	0.521153415950445	0.98693723819927	NA	0.713940868142302	0.93496230966284	0.536216952520253	0.691213253159797	0.667412205717553	0.627686916757688	NA	0.487603959838272	NA	NA	1.14201684075017	NA	0.726440458100749	NA	0.680019079910524	0.689315954965939	NA	NA	NA	0.600177823779648	0.77384403612248	0.420033672198653	0.320488766677813	NA	0.201701530106064	0.458952309721821	NA
NA	NA	NA	NA	NA	NA	NA	NA	NA	NA	NA	NA	NA	NA	NA	NA	NA	NA	NA	NA	NA	NA	NA	NA	NA	NA	NA	NA	NA	NA	NA	NA	NA	NA	NA	NA	NA	NA	NA	NA
NA	0.845452912581024	0.931220066559894	NA	1.30440390744908	NA	NA	0.397251304794143	0.48582244366983	NA	NA	NA	1.04740733487745	0.690839302396272	0.396748256900886	0.56186214425516	0.292163668952545	NA	0.422143265946248	0.779773256082747	1.7579169518528	1.61066743045341	1.65960342421025	1.84360631160237	0.536460465702075	NA	NA	NA	0.802127658553855	NA	NA	NA	NA	NA	NA	NA	NA	NA	NA	NA
NA	NA	NA	NA	NA	2.91429679426871	0.883756381464503	1.47730611740328	1.89783778184647	1.30694727125538	NA	1.37451457474929	1.60464707592998	1.18781422103078	1.26758994602321	1.48311119532787	1.34305191435722	NA	NA	1.70698782132561	NA	NA	0.730885455024137	0.621677400875457	NA	NA	NA	NA	NA	NA	NA	NA	0.602453671630882	0.412007889437114	NA	0.5197416171903	NA	NA	NA	0.612564308054685
1.11884685685375	NA	NA	1.08832087960323	0.958919752885497	NA	NA	0.695491938640379	NA	0.685705266335305	0.586178742749463	NA	1.04931289393148	0.867376822831045	NA	NA	NA	NA	0.876155658654323	NA	0.538673415270513	0.964826754021709	1.12608065669715	0.711333742581185	0.526075456976883	0.71392670857965	0.848319249814281	NA	1.11543872172287	NA	NA	0.837369475193465	NA	NA	NA	0.571931443791476	NA	NA	2.30773966545569	1.20393023749858
NA	1.28172048727513	NA	NA	0.86797375986956	NA	NA	NA	0.448216981846104	NA	NA	1.05427487051347	NA	0.536407518463244	0.674635022319601	1.02865071985639	0.689083392610332	0.634464047108639	NA	0.700784490417713	NA	0.333552080344183	NA	NA	NA	NA	NA	NA	NA	NA	NA	0.502804206698664	NA	NA	NA	0.57063846621721	NA	NA	0.556533014634047	NA
NA	NA	0.331594453453231	0.936532755818532	1.01391005870034	NA	NA	0.482375330446214	0.75121455510127	0.806312604218763	1.16885075491487	1.8247394668968	2.13841898028621	2.16007177866336	0.898856122121698	NA	1.25370208400757	1.52878098681229	0.454788030149852	0.838043459931587	1.00351973323655	2.15242243137942	1.30556364323514	1.13035526362607	1.34074923288923	0.503256550109378	1.11855187845933	0.57065173866149	NA	NA	NA	NA	1.93228411161324	NA	2.06654174778879	0.456092188339116	NA	NA	NA	1.49815031492352
NA	NA	NA	NA	NA	NA	NA	NA	NA	NA	NA	NA	NA	NA	NA	NA	NA	NA	NA	NA	NA	NA	NA	NA	NA	NA	NA	NA	NA	NA	NA	NA	NA	NA	NA	NA	NA	NA	NA	NA
NA	NA	NA	NA	NA	NA	NA	NA	NA	NA	NA	NA	NA	NA	NA	NA	NA	NA	NA	NA	NA	NA	NA	NA	NA	NA	NA	NA	NA	NA	NA	NA	NA	NA	NA	NA	NA	NA	NA	NA
NA	NA	NA	NA	NA	NA	NA	NA	NA	NA	NA	NA	NA	NA	NA	NA	NA	NA	NA	NA	NA	NA	NA	NA	NA	NA	NA	NA	NA	NA	NA	NA	NA	NA	NA	NA	NA	NA	NA	NA
NA	NA	NA	NA	1.58348417171282	NA	0.615685768736836	1.13164225212985	NA	NA	NA	0.324728062626735	0.0609804023260699	NA	NA	NA	0.635015386056279	NA	NA	0.482589029236415	1.40890290507847	0.940942449375283	2.2432035679197	0.66696424610294	2.01052532185938	NA	1.81928182662154	0.944305762941506	NA	NA	1.74012754810219	NA	0.89025347477243	NA	0.988725473112757	NA	NA	0.297860683466158	0.549013700983347	0.871892634549823
NA	NA	1.41651621995933	1.05206510913905	1.2294869819369	NA	1.74269002598495	0.930929803376447	NA	NA	1.13995698433177	1.28480925831881	1.13354387334701	1.34140494159095	0.718774242847315	0.381781764894966	NA	0.806062714221202	NA	0.374224417384687	0.682121276782155	0.688202990943808	0.721450944270161	0.403246057775007	0.586322333805538	0.540965655213443	0.48522254978864	0.719304851173146	0.449283024736269	0.733789327571355	1.11457054678272	0.664080957535621	0.7498565897999	0.375621211255928	0.493179433687388	0.717993048041103	NA	0.57954891756426	0.906960399390549	NA
NA	NA	0.88861374773838	0.949838899472455	NA	NA	NA	0.923934685693581	NA	1.60255185645018	1.46769954160032	NA	NA	0.888702813099556	1.1496908466262	0.872980111424988	0.91661815764862	0.836975614572252	0.67527649685339	NA	1.13630231247442	0.864408760165926	NA	0.37665388309868	0.501064770295374	NA	0.427340023607963	0.192554754858272	NA	1.00956944882551	NA	0.890753084865586	NA	0.578945634686907	NA	1.37568560643645	NA	NA	0.889335761742782	NA
1.00662461906107	NA	NA	NA	NA	0.980911040207396	NA	NA	NA	NA	1.11613023915679	0.861726997286775	NA	0.865442600201569	NA	NA	0.864187593100547	0.988017230809584	0.772635495084294	NA	NA	1.23552211212586	0.504269239834434	NA	0.40307969137985	0.446294840329391	0.442835164239671	NA	NA	0.511414352752616	0.785699572058341	0.408961846153898	NA	NA	0.547945341651788	0.453397323409699	NA	NA	NA	0.312887299172744
NA	NA	NA	NA	NA	0.585883588586815	0.417303244279286	NA	0.863624606674483	NA	NA	1.06375215481464	1.11472088655081	NA	1.1450226155207	1.3727375593172	NA	NA	0.62004286038416	0.465520708994896	0.426037304212525	NA	NA	NA	NA	NA	NA	0.368363307836464	0.718876991357298	NA	NA	2.06741151540931	NA	0.809269505990187	NA	NA	NA	NA	NA	0.5203421967653
NA	NA	NA	NA	NA	NA	NA	NA	NA	NA	NA	NA	NA	NA	NA	NA	NA	NA	NA	NA	NA	NA	NA	NA	NA	NA	NA	NA	NA	NA	NA	0.0625473316346797	0.220137779446167	0.293451791033512	0.105808061579438	0.183524573038766	NA	0.612533181660078	0.766133543382394	0.762173725937636
NA	NA	NA	NA	0.601250578995406	NA	NA	0.804005750607109	NA	NA	NA	0.862288944697035	0.516473819781725	NA	0.757329768870224	NA	NA	NA	NA	0.513562975352267	NA	0.42020311459638	NA	NA	1.42814858315375	1.07884737229419	NA	NA	NA	NA	NA	1.89442220643481	0.592011511617374	NA	NA	0.705734791170198	NA	1.23875079860717	0.504761202342573	0.971646017833182
1.06132302919543	NA	NA	NA	1.12268847471591	0.831468384174305	NA	0.979724525217294	0.90013047675122	NA	1.46213221678697	1.06479096896195	NA	0.936699807712223	1.28253543618877	NA	0.935430687582455	0.902154950069602	0.722959771533167	0.450407953019813	0.675491184645853	0.533507492177777	0.487376119142357	NA	NA	NA	0.944011036630466	NA	0.975702890098312	NA	NA	2.13752143286148	NA	0.933588421290536	NA	NA	NA	1.37220364797019	1.097849365648	0.742127922777435
1.78057667788373	1.54499936891296	1.78269602861039	1.96642050332871	NA	NA	NA	1.98293265952376	1.73597680552081	NA	2.25124150474843	1.78439555670854	NA	1.73827673502653	2.11016156157395	NA	1.97585167606356	2.00356455269268	1.71480080180822	1.95518565274309	NA	1.96248341117634	NA	1.17321598177797	1.09509076178995	NA	2.45157702503205	0.963437103655387	NA	0.533181956814885	0.884283136112613	0.866230714922938	0.472905406839998	0.234399146910479	0.484263637565383	NA	NA	NA	NA	0.572740563928784
0.714485944574984	0.645608034190743	NA	NA	NA	0.683965035104959	1.02016442818672	1.02600566068637	1.28596159731126	NA	1.34280190442564	NA	1.59469559761956	1.65986989685256	1.66742657528781	NA	NA	NA	NA	NA	NA	NA	1.67352569154855	1.89566104103462	NA	1.62938293429406	NA	NA	NA	NA	NA	NA	2.27488270460242	NA	2.48626394586608	2.66913932516209	NA	NA	2.22687125395861	2.88233677922084
NA	NA	NA	NA	NA	1.04497889043106	NA	NA	2.12397399496961	NA	1.8312940159512	1.61087677737641	1.2511424386382	1.09896159956735	NA	NA	0.961096424073953	NA	NA	0.619054997065647	0.390134301315019	NA	NA	NA	NA	NA	NA	NA	NA	NA	NA	NA	NA	0.359979830573943	NA	0.392569474163748	NA	NA	0.930242436274262	0.377494771299257
NA	NA	NA	NA	NA	NA	NA	NA	NA	NA	NA	NA	NA	NA	NA	NA	NA	NA	NA	NA	NA	NA	NA	NA	NA	NA	NA	NA	NA	NA	NA	NA	NA	NA	NA	NA	NA	NA	NA	NA
NA	NA	NA	NA	NA	NA	NA	NA	NA	NA	NA	NA	NA	NA	NA	NA	NA	NA	NA	NA	NA	NA	NA	NA	NA	NA	NA	NA	NA	NA	NA	NA	NA	NA	NA	NA	NA	NA	NA	NA
NA	NA	NA	NA	NA	NA	NA	NA	2.2727638074015	NA	NA	1.39691784047667	NA	NA	NA	NA	1.39034637928571	NA	NA	1.47577567563924	2.01666162182223	NA	1.85801830197354	2.29496421320198	1.95818707487116	1.80315624506295	1.90064645540078	2.56571829528203	2.44468651141907	0.431850430419571	0.3419881590573	1.78879583598004	NA	2.42317873075791	0.31039116375111	NA	NA	0.326160046186161	0.176433981808913	NA
1.3010084055026	NA	NA	NA	1.63014428871578	NA	0.965297841132857	1.01108998279636	0.719721115586102	0.795964683604803	0.688590854819243	1.14770115643141	1.55558373374517	NA	1.16109549429599	2.45355343209678	NA	NA	NA	1.47675241329559	1.09222574056548	NA	NA	NA	0.844228665644172	NA	NA	NA	0.246230216726521	NA	NA	NA	NA	0.517145553319563	NA	NA	NA	NA	0.098056775952994	NA
NA	NA	NA	NA	NA	NA	NA	NA	NA	NA	NA	NA	NA	NA	NA	NA	NA	NA	NA	NA	NA	NA	NA	NA	NA	NA	NA	NA	NA	NA	NA	NA	NA	NA	NA	NA	NA	NA	NA	NA
NA	NA	NA	NA	NA	NA	NA	NA	NA	NA	NA	NA	NA	NA	NA	NA	NA	NA	NA	NA	NA	NA	NA	NA	NA	NA	NA	NA	NA	NA	NA	NA	NA	NA	NA	NA	NA	NA	NA	NA
NA	NA	NA	NA	NA	NA	NA	NA	NA	NA	NA	NA	NA	NA	NA	NA	NA	NA	NA	NA	NA	NA	NA	NA	NA	NA	NA	NA	NA	NA	NA	NA	NA	NA	NA	NA	NA	NA	NA	NA
1.38192666952201	1.56893532092093	1.14871491491261	NA	NA	NA	NA	NA	NA	1.07824739771258	NA	NA	2.41202704699207	NA	NA	NA	NA	NA	NA	NA	NA	1.83789411422926	0.543841128382921	NA	1.11864505139545	NA	NA	NA	NA	NA	NA	NA	NA	NA	NA	NA	NA	NA	0.660325352643025	0.744387265795066
NA	NA	0.665442543964582	NA	NA	NA	NA	NA	NA	1.53880677835414	NA	1.65390048379152	1.77758001235718	NA	1.79543715848229	0.501005273449646	NA	NA	NA	NA	NA	0.99882280392861	NA	NA	NA	NA	1.38533145914611	NA	1.50157564199317	1.53905675366998	0.492457386347546	0.571703953868846	1.3575407780758	1.91406634276581	1.62064952490784	1.19328990326166	NA	NA	1.19085647260064	0.717279689969489
NA	NA	NA	NA	NA	0.757222996496722	NA	0.829881183624213	NA	NA	NA	0.720092022291889	NA	0.636590543229429	NA	NA	0.607861875309587	0.669461362190949	NA	0.480889491947352	0.636590689615928	0.584676022900212	NA	NA	0.490734045096969	1.20160731669501	NA	NA	NA	NA	NA	0.685709374594362	NA	NA	NA	NA	NA	0.754076454287628	NA	NA
NA	1.76544495776821	NA	NA	1.53913369844836	NA	NA	NA	NA	NA	NA	NA	NA	1.3515108294378	NA	2.21900246028603	NA	0.997326215916445	NA	NA	NA	1.13395537337383	1.23744658698008	NA	NA	NA	0.541513133191855	1.35733356212128	0.498256878382958	NA	0.624826271259514	0.380689501504936	0.604687098591017	0.298575252964449	1.0338251320798	0.562337696963933	NA	1.32751982367044	0.807407766862219	0.451930289787729
NA	NA	NA	NA	NA	NA	NA	NA	NA	NA	NA	NA	NA	NA	NA	NA	NA	NA	NA	NA	NA	NA	NA	NA	NA	NA	NA	NA	NA	NA	NA	NA	NA	NA	NA	NA	NA	NA	NA	NA
NA	NA	NA	NA	2.60556865027705	1.85170788706394	NA	NA	1.93128739466433	NA	NA	NA	NA	NA	1.6542321981056	NA	NA	1.5392632044712	NA	NA	1.6235948722395	1.55135063065217	NA	NA	1.52187677900163	1.10903694032899	NA	0.813490963233783	0.787112408335754	NA	NA	1.18485601536599	0.938343003218652	NA	0.595386276170875	0.244493230394344	NA	0.314371678463663	0.604718749222686	0.238636845390051
NA	NA	NA	NA	NA	NA	0.422498031733771	NA	0.748677071094862	NA	0.410491393034475	NA	NA	NA	NA	NA	0.734084045181145	0.6110718782801	NA	0.705401300307339	0.45247158204003	NA	1.30003282700116	NA	1.64363986363524	NA	NA	NA	0.419446308423372	0.450047822909982	NA	1.86905199208027	NA	NA	NA	0.489070634070147	NA	1.40624938401933	1.41707614291514	1.27488682861096
NA	NA	NA	NA	NA	NA	NA	NA	NA	NA	NA	NA	NA	NA	NA	NA	NA	NA	NA	NA	NA	NA	NA	NA	NA	NA	NA	NA	NA	NA	NA	NA	NA	NA	NA	NA	NA	NA	NA	NA
0.6528802946949	NA	NA	1.18398117791888	NA	NA	0.774747367917452	NA	1.55840505697732	0.685853573808747	1.20209236902105	NA	1.78515491347092	0.66339859155238	1.57975808051741	1.18746033439127	0.974001260454856	0.693045143242441	0.92527886350707	1.45316450641102	0.561763951003042	0.52293243777421	0.757498588614717	0.271138937854192	0.954525865205841	0.977928095105669	NA	0.605153254410064	0.363899897298128	0.172246647943694	0.229526075484136	0.56680325843248	0.660854760655912	0.535605775672079	0.66320409391302	0.452249091308214	NA	0.342622301048894	0.757057951378219	0.457727408613564
NA	NA	NA	NA	NA	NA	NA	NA	NA	NA	NA	NA	NA	NA	NA	NA	NA	NA	NA	NA	NA	NA	NA	NA	NA	NA	NA	NA	NA	NA	NA	NA	NA	NA	NA	NA	NA	NA	NA	NA
NA	NA	NA	NA	NA	NA	NA	NA	NA	NA	NA	NA	NA	NA	NA	NA	NA	NA	NA	NA	NA	NA	NA	NA	NA	NA	NA	NA	NA	NA	NA	NA	NA	NA	NA	NA	NA	NA	NA	NA
NA	NA	NA	NA	NA	NA	NA	NA	NA	NA	NA	NA	NA	NA	NA	NA	NA	NA	NA	NA	NA	NA	NA	NA	NA	NA	NA	NA	NA	NA	NA	NA	NA	NA	NA	NA	NA	NA	NA	NA
NA	0.902676381751555	NA	1.31815244531129	1.1359323372497	0.79646585724436	1.06161786470705	NA	NA	NA	0.82922276223878	0.690339051105839	1.18451781235711	0.59224610722473	1.55509186100306	NA	1.20195308777636	0.362956214277634	NA	NA	1.33906694375211	NA	0.765199369487794	NA	NA	NA	NA	NA	1.21827258264078	0.80196009074939	1.14012829313048	0.539196752148219	NA	NA	NA	NA	NA	1.45832514176997	1.10600521269636	0.711302182524611
NA	NA	NA	NA	NA	NA	NA	NA	NA	NA	NA	NA	NA	NA	NA	NA	NA	NA	NA	NA	NA	NA	NA	NA	NA	NA	NA	NA	NA	NA	NA	NA	NA	NA	NA	NA	NA	NA	NA	NA
NA	NA	1.80815017354257	1.72898250780446	NA	0.977480664098368	1.26344657955916	1.08970660430836	0.754931623364346	NA	NA	0.856021237965337	0.78449990078967	0.88541457325933	NA	NA	1.5111878908937	1.39173190707656	0.90029698515936	0.798060598228044	0.721540186502784	0.421128573678646	0.713465974710833	0.80781196802827	0.506371514584778	NA	0.401033942627639	0.592145469083302	NA	0.309412814125837	0.586710013928959	0.275032741063507	NA	0.534380747528225	NA	NA	NA	NA	0.783581181199367	0.481522427308455
NA	NA	NA	1.18301156385329	NA	0.651502766438296	1.95006047539638	1.90686206389112	0.568078837812161	0.409059961514948	0.502585096423949	0.677880437995495	0.982939894272603	NA	0.981859374560324	0.971119905332928	NA	NA	NA	0.407993870397476	0.392537884947061	0.854208239045014	1.26776039677027	0.813225019045501	NA	NA	0.868802015968261	0.698664420719526	NA	NA	2.0391055559274	0.885414486715458	NA	NA	2.20506991931811	NA	NA	0.941092788363045	0.528636955220284	0.77468726573274
NA	NA	NA	NA	NA	NA	NA	NA	NA	NA	NA	NA	NA	NA	NA	NA	NA	NA	NA	NA	NA	NA	NA	NA	NA	NA	NA	NA	NA	NA	NA	NA	NA	NA	NA	NA	NA	NA	NA	NA
NA	NA	NA	NA	NA	NA	NA	NA	NA	NA	0.870232220943903	0.713494579021751	NA	2.52717762006895	NA	NA	1.88020260180603	NA	NA	NA	1.62733226860226	0.474158193203653	0.766167358583384	0.153391764630504	0.564895359825601	0.989177791378951	0.554479592954424	0.842193106789953	NA	0.68285201276681	1.05104083823621	0.47568137342931	0.502497496402901	0.238264902983332	0.135140320999468	0.357298797662842	NA	0.50351757974153	0.545905865912768	0.538452385321846
NA	0.519788714935377	NA	NA	0.698591644546323	1.08632808549446	NA	1.3451167582055	1.27019862674984	NA	NA	NA	NA	1.56548665582592	NA	1.91457270314465	1.25726963139907	1.47942947631672	NA	1.66388596867008	1.58682440413672	NA	NA	1.03519290123985	1.1566464992714	NA	0.711164447036131	NA	NA	0.431808863558485	NA	0.325353828637417	NA	NA	NA	NA	NA	1.30084289569165	0.676497481727669	0.935163726284742
NA	NA	NA	NA	NA	NA	NA	NA	NA	NA	NA	NA	NA	NA	NA	NA	NA	NA	NA	NA	NA	NA	NA	NA	NA	NA	NA	NA	NA	NA	NA	NA	NA	NA	NA	NA	NA	NA	NA	NA
NA	1.22418525680223	1.58344042916544	NA	NA	0.22540786792653	0.891689119259569	0.509651460107462	1.65275031304192	0.141056811172223	0.590587579068043	1.63900330070103	1.3635945805383	1.44856302946736	0.469655336117536	0.718313887062424	NA	0.317139064687212	1.4395469849829	1.38948002568555	NA	NA	1.40821011859487	0.773426067311102	1.04236870863895	0.627270227191964	NA	0.913065074465363	0.483272763487152	NA	NA	NA	1.46943850110968	0.754201176714045	NA	NA	NA	NA	0.240064861138097	0.493143344253158
NA	NA	2.10615061124775	2.64501451172639	1.39762950313218	1.74409179137936	1.88720723256178	1.73630660660096	1.66115140207943	1.11842373762288	1.04703014629029	NA	NA	1.25813685709976	NA	NA	0.336180557964679	NA	NA	0.550751651836739	1.12227583709169	0.208415254124283	1.40283307976116	0.322055665040271	2.32042193688875	NA	NA	NA	NA	NA	NA	NA	NA	NA	0.469803382450037	1.08296764294579	NA	NA	NA	NA
0.392826327728589	NA	1.3214048725331	NA	1.77735896222681	NA	2.3870838788811	NA	2.25496608616327	NA	2.14250104054823	1.45474719732943	1.7297090044682	NA	2.17323789284416	NA	1.44661349736531	0.777860843655176	0.222318369312306	0.373367418322235	NA	1.57613838640255	NA	0.468727474055193	NA	NA	0.290659653424655	0.628071266088728	0.598506403763696	0.452834836270049	NA	NA	NA	0.257081321928732	NA	NA	NA	0.386432586516638	1.32313647490619	NA
NA	0.830552594813529	2.16611243569972	NA	NA	NA	1.02464717313852	NA	1.0303435009638	NA	0.947098249291241	1.32953093292258	NA	NA	NA	NA	1.04982163080856	0.68605200967518	NA	NA	0.852166477999717	0.865405308697812	NA	0.830772250930776	0.747628931313465	0.803080412369782	NA	NA	0.808249837504674	0.789177274464494	0.851857154011106	0.821084601138289	0.792682930662133	NA	0.904897732539038	0.328935892236145	NA	0.626076559977147	1.0449567156459	0.728037682608732
NA	NA	0.384024630493908	NA	0.6171990197368	NA	0.911408557943971	NA	NA	0.615842504254864	NA	NA	NA	0.369593609137418	0.51258794896027	1.93557496252703	NA	0.842105894442858	0.982482675960735	0.386049987095782	0.823399603794869	0.56635813863569	0.886066738001824	0.785683242473585	NA	NA	NA	0.606742298270513	0.579655282060023	NA	0.412609067465585	0.645645611452193	NA	NA	0.636639374116665	NA	NA	0.488447331445707	0.918553070332583	0.962418067323461
NA	NA	NA	NA	NA	NA	NA	NA	NA	NA	NA	NA	NA	NA	NA	NA	NA	NA	NA	NA	NA	NA	NA	NA	NA	NA	NA	NA	NA	NA	NA	NA	NA	NA	NA	NA	NA	NA	NA	NA
NA	NA	NA	NA	NA	1.24299907459158	NA	NA	NA	NA	NA	NA	NA	1.28278090325859	NA	NA	NA	NA	NA	NA	NA	NA	NA	NA	NA	NA	NA	0.63581997475074	0.479072051755815	NA	0.771462252152591	0.525001875493948	NA	0.740713888813962	0.855464776598023	NA	NA	0.105610843650514	0.237681759862964	NA
NA	NA	0.477183703943333	NA	0.544124771123809	NA	0.533315973836637	0.414771273205298	0.239160272443509	0.398983281224437	NA	NA	NA	1.09875003137699	0.805346218414021	NA	1.13540396945139	1.045153965871	NA	0.884759627905347	NA	1.05714246228103	0.947804556070784	NA	0.95287205427253	NA	1.06561797287493	NA	0.927617392036959	0.740373568041204	0.781725146962995	0.625875042861516	1.13650594762448	0.421761286127747	NA	0.459990419826646	NA	0.779592251931505	0.506688531554308	1.34729810251183
NA	NA	0.899133254940757	NA	NA	1.17668924392318	NA	NA	0.843681103158173	NA	NA	NA	0.913911572413807	NA	NA	NA	NA	0.777478372968204	NA	NA	NA	NA	0.656460799176012	0.631971222442939	NA	NA	NA	NA	NA	NA	0.492422799925895	0.820927426064015	NA	NA	NA	0.757866805760677	NA	0.42367557223198	NA	0.268829675003767
NA	1.38162631089833	0.798706051099448	NA	1.22909154393891	NA	1.5590368708215	0.74730935563307	NA	NA	0.665879373820287	1.4372460023337	1.27728605965721	1.3853089175983	1.98338226756137	2.06600406855827	1.14457931902029	1.73577859672607	NA	1.86954845173427	1.62834321139619	2.01385632806042	1.76617208153665	NA	NA	NA	NA	1.70508194627863	NA	NA	1.83175080856196	1.09559946113694	0.640764444339567	NA	NA	NA	NA	0.240776007303348	1.44427345424271	1.76910317360012
NA	NA	NA	NA	NA	NA	NA	NA	NA	NA	NA	NA	NA	NA	NA	NA	NA	NA	NA	NA	NA	NA	NA	NA	NA	NA	NA	NA	NA	NA	NA	NA	NA	NA	NA	NA	NA	NA	NA	NA
2.01841990107181	NA	2.76101865414098	NA	NA	1.07784550876895	1.45137855335905	1.18940987296293	1.55243780811074	0.818461532448205	0.548861557840249	1.66891227696646	0.732545482980331	1.95482038269074	1.96336079824833	2.19870558036723	2.08255613046072	NA	NA	NA	0.933061530893316	0.859298162477543	NA	2.2657460625619	1.1856103355578	1.03682347652909	0.84358618403404	1.29160525786034	0.921335527272763	NA	0.436133095024703	NA	NA	0.45944475055698	NA	0.216992963391626	NA	NA	1.46261549198362	0.656358400530072
1.45363551485746	1.36244833731854	NA	NA	NA	1.89709339231461	1.31038553807888	1.43280539660841	2.00228325613593	1.68512052844231	1.49958886256984	0.985031472149251	1.31741772067865	1.71372606858606	1.45316705837657	1.58202292848237	1.53298596044597	1.1926606043726	1.11178069392252	1.28759693384642	1.49055306941937	1.72651163753674	2.12483856265146	NA	0.880114667677968	0.765083177210187	0.687181644099294	0.722438035884012	NA	0.909562832207738	0.724320884462397	0.664979873012927	0.418874264355494	0.136207262491762	0.233117657230885	0.321770610348594	NA	0.604514270249119	0.425801095707915	1.56518774641673
NA	NA	NA	NA	NA	NA	NA	NA	NA	NA	NA	NA	NA	NA	NA	NA	NA	NA	NA	NA	NA	NA	NA	NA	NA	NA	NA	NA	NA	NA	NA	NA	NA	NA	NA	NA	NA	NA	NA	NA
NA	NA	NA	NA	NA	NA	NA	NA	NA	NA	NA	NA	NA	NA	NA	NA	NA	NA	NA	NA	NA	NA	NA	NA	NA	NA	NA	NA	NA	NA	NA	NA	NA	NA	NA	NA	NA	NA	NA	NA
NA	1.20302643239592	NA	0.766724650312325	1.04124536707316	0.794852426164058	0.531995345616203	0.585572061041021	0.791678305128755	NA	NA	1.42884315982342	NA	NA	1.35028354466317	NA	NA	1.26204650743469	0.845076511819594	NA	NA	0.537920444874094	0.706554667202626	0.825577003348037	0.752693011131877	0.652220115077757	NA	0.989882178100096	0.622133479369767	0.910205951403252	NA	0.646160979275202	NA	0.457106741533538	0.322463142997804	0.36056880935845	NA	0.143448514941839	0.712808881199459	0.851518968586862
NA	NA	NA	NA	1.08440110657997	1.0611538798218	0.871000616938759	1.06457761606629	0.387459091836495	0.506028175293578	0.745588768387336	1.03599517159817	1.13816624015453	1.44151507207444	1.46689862961976	0.338633014168229	0.189080333225693	NA	0.237890528261383	0.319496412189266	1.11668752449635	1.53238836172515	NA	NA	0.784609864875834	0.838681786578999	NA	NA	0.878299699484097	1.82711155771162	1.33261206542951	NA	1.03362052021552	NA	0.677418693688317	NA	NA	0.379657406975013	1.42799763964759	1.43715690927182
NA	NA	NA	NA	NA	NA	NA	NA	NA	NA	NA	NA	NA	NA	NA	NA	NA	NA	NA	NA	NA	NA	NA	NA	NA	NA	NA	NA	NA	NA	NA	NA	NA	NA	NA	NA	NA	NA	NA	NA
NA	NA	1.46475942141977	NA	1.11179199512597	NA	NA	NA	NA	NA	1.39451698989638	1.27496634545493	NA	NA	NA	NA	0.562565801681732	NA	NA	NA	0.719719738747492	NA	1.31785991079954	NA	0.358018506353769	NA	0.420754739785396	NA	0.534993226913206	0.35328434226497	NA	NA	0.842486263961185	0.350884616756175	NA	NA	NA	0.673523039907047	0.419696108955212	NA
1.8272344018759	2.06925768863652	NA	1.69820760450965	NA	1.63160930001943	1.12581966307622	0.576674180740431	0.873687784016798	0.763732868035139	0.880938759657201	1.21196392709113	0.968775813748667	1.00019447940853	1.00461963272165	1.18835659801279	0.932257950193842	NA	NA	0.541465508517567	0.490122280719346	0.853068668586118	1.84197317109393	NA	0.770391131487856	1.09620921165151	0.922228327150842	0.891022926236915	0.346086830505862	0.871326814848441	0.475540528933463	0.426622388351938	0.697110170366949	0.344213466167869	0.343202768238781	0.310634475444478	NA	1.13739853802412	0.441848749704742	0.382811441024931
NA	1.01372358842231	NA	NA	NA	0.884382477605158	1.02224059883773	0.964316463184612	NA	NA	NA	0.833127765839042	NA	NA	0.623589677784453	NA	1.22268180659042	NA	NA	0.367730870186176	NA	1.12938153246291	1.45010823454336	0.194007092299465	0.47736434737768	0.891474304299702	NA	0.288458112306989	0.58121227708901	0.479503360687921	0.752615438450499	0.569241335338232	0.57501433768536	0.88639414290163	0.791602611819633	1.4681646712977	NA	NA	0.942287010897434	1.06922594112623
NA	NA	NA	NA	NA	NA	1.13701540014705	0.945822029185572	0.503881092173779	NA	0.751662119865452	0.183558486512887	NA	0.171264620907045	NA	0.576902370640423	0.636820908989836	NA	NA	0.718278209665668	0.569964705241869	0.526532514451772	0.486618954150569	NA	0.656110743990297	NA	0.734891640716515	0.993117982621171	0.589999904174289	0.574051004634889	0.866073646007432	0.280332288054592	0.662069924017168	0.405747117996729	0.228295314461363	0.341345931881818	NA	NA	0.566139262735145	1.3181266040489
1.38159671328712	1.44614025087961	0.892971217933045	1.1441211367481	0.709461940117237	0.45644317128212	0.612739322057864	0.670589302206121	0.428392003843054	0.817523212428632	0.787495756647333	0.630166899430842	0.767171003062284	0.699702422122604	1.13024765279434	0.731826889074577	1.05500926189111	0.887982508081136	0.500163498869755	0.511833751957664	0.987153178920682	0.801821955069778	NA	0.951630367203691	0.460624836267231	0.525861002336375	0.630280473807895	0.473342584945674	0.259369686890596	0.724191011325248	0.274358714685858	0.450321667389752	0.255863560853379	0.540365527166006	0.313014548370288	0.34742032489208	NA	0.33772014016312	0.597420500860069	0.447629954554014
0.721854437781767	NA	NA	1.62462933654344	NA	NA	NA	NA	0.741180378839279	1.05344630491678	1.58558581811777	NA	1.28077913691973	1.39630441095588	1.48141848803012	1.35200283003363	1.36314019182148	0.915416982698003	NA	0.603888642067413	0.649967608756337	0.948637258781048	0.454087668466596	NA	NA	NA	NA	NA	NA	NA	NA	NA	NA	NA	0.775735507733912	NA	NA	NA	0.548958984211378	NA
NA	1.26437320925591	NA	NA	1.53951013966656	NA	1.90380587421941	NA	NA	NA	NA	NA	NA	1.63800452152464	1.56850424991509	1.15646862211149	NA	NA	1.42154897245088	1.38016426376092	NA	NA	1.99228815870213	1.72907759243632	2.1046181799644	NA	NA	2.12677518624956	1.61733409976659	1.58689720599082	NA	1.78127267380913	1.69684306806473	2.05522378044605	2.34324533271725	1.65124862960431	NA	1.53079039782614	1.66557796346325	1.00778330452913
NA	NA	NA	NA	NA	2.12811356207353	NA	NA	1.55508735579974	NA	NA	0.90346723949461	1.46058533134102	2.21524126976816	2.09077586179476	NA	NA	NA	NA	NA	NA	NA	NA	NA	1.46584169722208	NA	1.85007973654247	0.319660644436935	1.38586194829248	1.71042831951693	NA	0.858321004337686	0.341535815292126	NA	0.443187847400831	0.284311992846024	NA	0.952029647554695	0.371938588694199	NA
NA	NA	NA	NA	NA	NA	NA	NA	NA	NA	NA	NA	NA	NA	NA	NA	NA	NA	NA	NA	NA	NA	NA	NA	NA	NA	NA	NA	NA	NA	NA	NA	NA	NA	NA	NA	NA	NA	NA	NA
NA	NA	NA	NA	NA	NA	NA	NA	0.555961129636902	NA	NA	NA	NA	0.999034452894454	0.679657076155005	NA	NA	NA	NA	0.378870558655648	0.333672583288382	NA	NA	NA	NA	NA	NA	NA	NA	NA	NA	NA	NA	NA	NA	NA	NA	NA	NA	1.40846372244346
NA	NA	NA	NA	NA	NA	NA	NA	NA	NA	NA	NA	NA	NA	NA	NA	NA	NA	NA	NA	NA	NA	NA	NA	NA	NA	NA	NA	NA	NA	NA	NA	NA	NA	NA	NA	NA	NA	NA	NA
NA	NA	NA	NA	NA	NA	NA	NA	NA	NA	NA	NA	NA	NA	NA	NA	NA	NA	NA	NA	NA	NA	NA	NA	NA	NA	NA	NA	NA	NA	NA	NA	NA	NA	NA	NA	NA	NA	NA	NA
NA	NA	0.257221325090906	NA	0.541755497470565	0.863452091053093	0.604407606121867	0.649882805100675	0.603954108207171	NA	0.664221159825292	0.449562077097998	NA	NA	0.412836096303001	NA	0.7721858932611	0.517095550543031	NA	NA	1.24766168946629	0.638491167677412	NA	0.23856125984913	0.437136097083515	NA	0.956693019178203	1.07405853168732	0.986891597696512	0.806539030758461	1.67097452416963	1.27501853791822	0.652338154353894	0.824354658493417	0.497095157882194	0.893406378042434	NA	0.392832564864336	0.634703456673701	0.780052274123698
NA	NA	NA	NA	NA	NA	NA	NA	NA	NA	NA	NA	NA	NA	NA	NA	NA	NA	NA	NA	NA	NA	NA	NA	NA	NA	NA	NA	NA	NA	NA	NA	NA	NA	NA	NA	NA	NA	NA	NA
NA	0.509117641356871	0.453151509033192	NA	NA	0.744550589091295	1.03232132643532	NA	0.650175366680897	1.44919104106034	NA	0.926677692621003	0.758112124367459	NA	0.840739266681502	NA	1.09401052277444	1.30399062180735	0.948000319023394	NA	NA	0.898374735618234	0.799165123577956	0.512939539895052	0.885502799323956	0.659485353368922	0.758205448654233	NA	NA	0.819385325745931	0.553594589676471	0.448246975115121	0.440085933787857	0.210833239735434	0.139723850503046	0.168607005281803	NA	0.349208099513201	0.52921404439069	0.525903684802128
NA	NA	NA	NA	NA	NA	NA	NA	NA	NA	NA	NA	NA	NA	NA	NA	NA	NA	NA	NA	NA	NA	NA	NA	NA	NA	NA	NA	NA	NA	NA	NA	NA	NA	NA	NA	NA	NA	NA	NA
NA	NA	NA	NA	NA	1.03351518376038	1.02274965532508	NA	NA	0.744797415280438	NA	0.819636802190367	NA	NA	0.827589666762094	NA	NA	0.846166260390362	0.526473569408297	0.909009041652389	NA	NA	NA	NA	NA	NA	NA	NA	0.650165553394814	0.663569512394253	0.803593974074055	0.560701589457561	NA	0.123509932337277	0.245779742419611	0.451043714321678	NA	0.290245611864475	1.29582581453738	0.695218949857527
NA	NA	NA	NA	NA	NA	NA	NA	NA	NA	NA	NA	NA	NA	NA	NA	NA	NA	NA	NA	NA	NA	NA	NA	NA	NA	NA	NA	NA	NA	NA	NA	NA	NA	NA	NA	NA	NA	NA	NA
NA	NA	NA	NA	NA	NA	NA	NA	1.17726985328073	NA	NA	0.598501481032761	NA	0.240904318526925	NA	NA	NA	NA	NA	NA	0.962531290682864	NA	NA	NA	NA	NA	NA	NA	1.15824996571585	NA	0.750469908530387	NA	NA	NA	NA	NA	NA	NA	0.404717292083589	0.751560155694747
NA	NA	NA	NA	NA	NA	NA	NA	NA	NA	NA	NA	NA	NA	NA	NA	NA	NA	NA	NA	NA	NA	NA	NA	NA	NA	NA	NA	NA	NA	NA	NA	NA	NA	NA	NA	NA	NA	NA	NA
NA	NA	NA	NA	NA	NA	NA	NA	NA	NA	NA	NA	NA	NA	NA	NA	NA	NA	NA	NA	NA	NA	NA	NA	NA	NA	NA	NA	NA	NA	NA	NA	NA	NA	NA	NA	NA	NA	NA	NA
NA	NA	NA	NA	NA	NA	NA	NA	NA	NA	NA	NA	NA	NA	NA	NA	NA	NA	NA	NA	NA	NA	NA	NA	NA	NA	NA	NA	NA	NA	NA	NA	NA	NA	NA	NA	NA	NA	NA	NA
NA	NA	NA	NA	NA	1.4700107524499	NA	NA	NA	NA	0.889707536494029	0.976144038655437	NA	NA	1.04110569915149	NA	1.37714796476142	NA	NA	0.860549246187184	NA	1.26016485941914	NA	NA	1.09761773954077	0.977107473572324	NA	1.16015636268225	NA	0.442416956930837	NA	0.324885165850614	NA	NA	NA	NA	NA	NA	NA	NA
NA	1.08140862422796	0.879253550671546	1.15669138749083	0.571114898293248	0.796923007381899	0.740248714296503	NA	0.711203371768569	0.703543179022109	1.00087258890479	0.816597380803826	0.744112999711868	0.943413349249577	0.832788436303867	1.01095934613208	0.557454034839832	0.612864202150325	0.71932676466478	0.755957131563341	0.909460624791937	1.67937384971373	NA	0.858044752645059	0.89095030197543	1.64590770152246	0.305080822261111	0.438217757538392	0.525118962593562	0.653241957887956	0.560859198710234	0.489754930842243	0.157480803123738	NA	0.292571039108933	0.257060291949099	NA	NA	0.360032596875489	0.708436395447451
0.578627456781043	NA	0.364261620157673	NA	NA	NA	0.806061087895451	0.96355552926376	0.765547651834814	0.919372603986624	0.430339666673872	0.77939143727715	NA	1.37621668180405	1.08140933244411	0.495927976056806	0.452028211311438	0.210884648541333	0.219409493429382	0.816349448060426	NA	0.213475912955099	NA	0.895420019466904	NA	NA	NA	NA	0.666359000522996	NA	NA	0.839272133616247	1.15346706952583	0.46034139684206	0.431997110247506	0.571133708813885	NA	0.489314684248626	0.613488222257531	NA
NA	2.82882060085638	1.05059654260096	2.8045483463066	1.80679528313633	NA	NA	2.65734586767917	2.01915076631253	1.69681815493561	NA	NA	NA	2.52235798607946	2.41240926182165	NA	NA	NA	NA	NA	NA	NA	1.77733348206064	1.48608314071786	NA	NA	NA	1.48239212738463	1.27423889173492	1.33960285002472	NA	1.08292673874818	NA	0.877066200881186	0.198230562100676	1.04603107139943	NA	NA	0.820210588391589	NA
NA	NA	NA	NA	NA	NA	NA	NA	NA	NA	NA	NA	NA	NA	NA	NA	NA	NA	NA	NA	NA	NA	NA	NA	NA	NA	NA	NA	NA	NA	NA	NA	NA	NA	NA	NA	NA	NA	NA	NA
NA	NA	NA	NA	NA	NA	NA	NA	NA	NA	NA	NA	NA	NA	NA	NA	NA	NA	NA	NA	NA	NA	NA	NA	NA	NA	NA	NA	NA	NA	NA	NA	NA	NA	NA	NA	NA	NA	NA	NA
NA	NA	NA	NA	NA	NA	NA	NA	NA	NA	NA	NA	NA	NA	NA	1.51838549617422	1.62364798977651	NA	NA	NA	NA	NA	NA	NA	NA	NA	1.38789702345263	NA	NA	NA	NA	1.34900276156189	NA	NA	NA	NA	NA	0.0787827207503088	NA	0.29949562413592
0.531136176587215	1.44206991781273	0.313186455949463	0.3448704943781	NA	0.693622398942738	NA	1.48894167652002	0.800254526273186	NA	NA	1.57423796616454	NA	NA	1.48256448170147	1.2434287825903	1.02390806491574	1.05640347854762	0.619023189962814	NA	1.74089116885817	0.794245688890976	0.737160469277135	1.07891226032789	0.758917297901463	NA	NA	NA	NA	NA	NA	0.348252233754752	NA	NA	0.814149145298072	NA	NA	0.133918881056341	0.419327730602237	0.468290504135377
NA	NA	NA	NA	NA	NA	NA	NA	NA	NA	NA	NA	NA	NA	NA	NA	NA	NA	NA	NA	NA	NA	NA	NA	NA	NA	NA	NA	NA	NA	NA	NA	NA	NA	NA	NA	NA	NA	NA	NA
NA	0.509142196986935	0.970634003165209	1.35167570251919	0.32985923681077	0.228586974325428	1.05869797690814	0.429195791467796	0.748054161028854	NA	0.823869501224566	NA	NA	NA	NA	NA	NA	NA	1.3577068390737	0.450755353877139	0.841655866045872	1.44880976214369	NA	NA	NA	1.30933689360827	1.16409523854265	0.989872185890357	NA	NA	NA	0.698827128419807	0.34962768640091	0.893231455541501	0.307305864210539	0.454217657658256	NA	0.260457550666926	0.141827503404979	NA
0.662648551720851	NA	0.741636849100623	0.431606074630247	NA	0.80951218372845	NA	NA	NA	NA	1.08186121777357	0.919704106158648	NA	1.39196406446551	NA	1.82909967546275	0.852147026346739	0.861578267623788	1.95418120603622	1.01522531635057	0.614191585961312	0.166966258912224	0.180654775520789	0.347721843761801	0.414487571658284	0.243516490024728	NA	NA	NA	NA	NA	0.376368061201556	NA	NA	NA	0.398122248385671	NA	1.30615378010451	0.510283313672156	0.673994787367478
NA	1.17323160368329	NA	0.983000682370145	0.668238770239602	1.44256775319805	1.48051338157239	2.24096583287542	NA	NA	NA	1.36263812426504	NA	NA	NA	NA	1.5543660561299	1.34844801483369	NA	NA	1.03525221962101	0.944298741074956	1.08568733666528	0.833008143776512	0.805275033112192	NA	NA	NA	NA	0.506716931285333	0.700564202871976	0.467249171807669	0.11986777950532	0.503754628093727	NA	0.176408397975737	NA	0.662789363237958	0.492901022876075	NA
NA	NA	NA	NA	NA	NA	NA	NA	NA	NA	NA	NA	NA	NA	NA	NA	NA	NA	NA	NA	NA	NA	NA	NA	NA	NA	NA	NA	NA	NA	NA	NA	NA	NA	NA	NA	NA	NA	NA	NA
NA	NA	NA	NA	NA	NA	NA	NA	NA	NA	NA	NA	NA	NA	NA	NA	NA	NA	NA	NA	NA	NA	NA	NA	NA	NA	NA	NA	NA	1.16489752179603	0.871583840209368	0.75308947918678	0.590362243285624	0.582411666794753	0.245824000512681	0.164265683719794	NA	0.0965598567431362	0.179116888703465	0.385491972389366
NA	NA	NA	NA	NA	NA	NA	NA	NA	NA	NA	NA	NA	NA	NA	NA	NA	NA	NA	NA	NA	NA	NA	NA	NA	NA	NA	NA	NA	NA	NA	NA	NA	NA	NA	NA	NA	NA	NA	NA
NA	NA	1.01812315397429	NA	0.703519713134134	0.934156654272181	1.19286292222417	1.5039422678955	0.820190992197307	0.97706967696472	0.881249546741548	1.15342476959042	0.964775477668112	0.831404359168309	0.779111497595972	0.605459071946729	0.626412609915717	NA	0.494060046119584	0.514270641846655	0.320037323855578	NA	0.669217505805152	NA	NA	NA	NA	NA	NA	NA	NA	NA	NA	NA	0.385950481604933	NA	NA	NA	NA	NA
NA	1.07347402233598	1.15281396119387	1.0724651810205	NA	NA	NA	0.431259953076134	0.719179141218889	NA	NA	0.516647871420944	0.2564078454796	NA	1.90702626457971	NA	0.229554388303397	0.362867652644081	0.672587380249089	0.662497698298229	NA	1.08029613779462	NA	0.544262257748243	0.722776862908575	NA	NA	NA	0.31742289417635	NA	NA	0.808938052974209	NA	0.34592892891175	NA	NA	NA	NA	0.531505079553529	NA
NA	1.74818324159271	NA	1.67032363494201	NA	1.1073003328801	1.21262813251797	0.878377763303393	NA	1.01717774750799	2.080215433414	1.85503575200821	1.61360411306066	NA	NA	NA	1.10824509512715	1.02258437126955	NA	NA	NA	1.73880981486358	1.30386516251241	1.56331657110972	NA	0.774139956015513	1.2816634325406	0.732644939946159	1.45354973357587	1.6052100613577	1.77324569642569	NA	0.958486190265147	NA	0.505327924587679	NA	NA	NA	0.821329566095328	0.532772991670856
NA	NA	NA	NA	NA	NA	NA	NA	NA	NA	NA	NA	NA	NA	NA	NA	NA	NA	NA	NA	NA	NA	NA	NA	NA	NA	NA	NA	NA	NA	NA	NA	NA	NA	NA	NA	NA	NA	NA	NA
NA	NA	NA	NA	NA	NA	NA	NA	NA	NA	NA	NA	NA	NA	NA	NA	NA	NA	NA	NA	NA	NA	NA	NA	NA	NA	NA	NA	NA	NA	NA	NA	NA	NA	NA	NA	NA	NA	NA	NA
NA	NA	NA	NA	NA	NA	NA	NA	NA	NA	NA	NA	NA	NA	NA	NA	NA	NA	NA	NA	NA	NA	NA	NA	NA	NA	NA	NA	NA	NA	NA	NA	NA	NA	NA	NA	NA	NA	NA	NA
NA	NA	NA	NA	NA	NA	1.55484634264461	NA	NA	0.739784180300561	0.927266091063615	0.578949515486177	NA	0.868784235452166	0.953373344957798	NA	NA	1.05793489460127	NA	NA	NA	0.743484108330889	NA	1.16675178017534	NA	NA	NA	0.725644712045586	0.901619818635151	NA	1.1602576916515	NA	0.617100513320784	0.850432455027693	NA	NA	NA	0.391907372589071	0.527254621141206	0.639051530838129
NA	NA	NA	NA	NA	NA	NA	1.19314526705354	1.87097084340927	NA	NA	NA	1.57194439979787	NA	NA	NA	NA	1.07392676136465	0.895669614730607	0.518708621341658	0.879706353891742	NA	0.582892106348241	NA	NA	NA	0.500087558315883	1.07555985491396	NA	NA	0.353765306899213	0.29503518290031	0.369754763484663	1.01772456541712	0.988015223018032	NA	NA	0.5806290350097	0.459816103386194	NA
NA	NA	NA	NA	NA	NA	NA	NA	NA	NA	NA	NA	NA	NA	NA	NA	NA	NA	NA	NA	NA	NA	NA	NA	NA	NA	NA	NA	NA	NA	NA	NA	NA	NA	NA	NA	NA	NA	NA	NA
NA	NA	NA	NA	NA	1.08745221217261	NA	NA	1.06464069165803	NA	0.396264999404279	NA	NA	NA	NA	0.57188886831592	0.468075332375272	0.473231544050111	0.373788766269316	0.392138873144316	1.47452801423662	1.0287724705047	NA	1.59443097064499	1.07948069520027	1.41492877400251	1.52427230966906	1.38779287039875	2.0272434298001	1.03768475649235	1.72686925649874	NA	1.73446685667498	NA	2.45066130718459	1.57410121511591	NA	NA	0.745299530143504	1.04378061782261
NA	NA	NA	NA	NA	NA	NA	NA	NA	NA	NA	NA	NA	NA	NA	NA	NA	NA	NA	NA	NA	NA	NA	NA	NA	NA	NA	NA	NA	NA	NA	NA	NA	NA	NA	NA	NA	NA	NA	NA
NA	0.568237197449865	NA	NA	NA	1.52504790822828	NA	NA	NA	NA	NA	1.59914822936867	0.66292874364106	NA	NA	NA	NA	1.47615652266201	NA	0.280783137523998	NA	1.49895852868478	1.17825710379508	0.288285377939554	NA	0.235653570322005	NA	NA	NA	0.185794303955264	0.391094864752563	0.348116113594734	0.851656337206245	NA	NA	0.779122879284977	NA	0.396554104266993	1.12054144075459	1.03655660990058
1.53355468326943	1.8389681088103	NA	NA	NA	NA	1.22525678203186	NA	0.696814591602224	NA	1.17176989710378	0.766611245233013	NA	0.887345209537258	1.41140700658559	1.07623254003194	NA	0.523663817633456	NA	0.990130965382327	0.78004555017215	NA	NA	NA	NA	1.68175270650768	NA	0.880567876139238	NA	0.684153774382507	0.47337034656351	0.66241826036433	NA	NA	NA	NA	NA	NA	0.909611747735228	NA
NA	0.817232026336028	NA	NA	NA	0.917211279197469	0.742045633382218	0.582348086730735	1.11505243574337	2.00094358041688	1.1517615811947	0.962862894632892	NA	NA	NA	NA	NA	NA	1.09234498921337	NA	NA	NA	0.548130835973797	NA	0.62407200424309	NA	NA	0.661858096133286	0.934739568624828	NA	NA	0.662555864380038	0.779970119288131	0.906178328345469	NA	NA	NA	1.42159508852267	NA	0.155439946180122
NA	NA	NA	0.688186708541753	0.75619318183274	1.05686586991382	1.42256945073048	1.53549606231092	1.10445151158619	NA	NA	NA	NA	0.605613337129626	1.55555832582248	NA	NA	NA	NA	NA	1.69346331086213	NA	1.55672729069719	0.75936875010018	NA	0.738988207991796	1.66282688264539	1.76681223995009	NA	NA	NA	NA	0.476712465581557	0.129561610201946	0.276219788067444	0.404504041288863	NA	NA	0.606834409609198	NA
0.547434137379103	NA	1.24912994305288	0.706816544400879	0.70170148656335	NA	NA	NA	0.550700618393257	1.15519748144623	NA	0.840155290919847	NA	0.762116110046662	0.740033147373532	0.972948687574313	0.83508952010615	0.701986774550067	NA	0.623610530577686	NA	0.777363923692608	NA	0.91648530379991	0.382670052754831	NA	0.935185291656133	0.541586267142456	NA	NA	NA	NA	NA	0.498241866440452	0.380865722025487	0.382483038058575	NA	NA	NA	0.559265070765773
0.893073523977322	NA	0.830019055478678	NA	1.14050312008748	1.01962644394177	1.49930893197929	NA	1.27500277702754	NA	0.863386009976215	1.18582169617433	0.894341127272352	0.985182618009521	0.932491869878345	NA	0.895655709874582	NA	1.05271304396589	0.997689190561215	0.87438166417588	NA	NA	0.401393019084358	NA	0.767374397621363	NA	NA	0.687030065602068	1.0516663429443	NA	1.15842104094675	NA	0.541113764761843	0.379282860842883	0.393724813179194	NA	0.562224875695742	0.242962887285276	0.420619990742334
NA	NA	NA	NA	NA	NA	NA	NA	NA	NA	NA	NA	NA	NA	NA	NA	NA	NA	NA	NA	NA	NA	NA	NA	NA	NA	NA	NA	NA	NA	NA	NA	NA	NA	NA	NA	NA	NA	NA	NA
NA	NA	NA	NA	NA	NA	NA	NA	NA	NA	2.11928364106299	NA	2.29295891599238	2.51526284274675	2.3466046685637	2.29993865225989	2.2768501494192	NA	2.22036957717686	NA	NA	2.54065913388676	2.50259287147511	2.27685486177162	1.52194000021859	NA	NA	NA	NA	NA	NA	NA	NA	NA	0.301428680023382	NA	NA	0.214634145529994	NA	NA
0.854448347084689	1.59657428415647	0.750072185527229	0.651043727762192	0.74521547162637	1.07224899721157	0.808148088038694	NA	NA	0.984103399893128	1.16234989462685	0.876291947144295	NA	0.630953244316049	NA	1.71707322492954	NA	0.646653760136599	0.551640176752768	NA	NA	0.363075633170428	NA	NA	NA	0.711061052930751	0.917375038262014	NA	NA	NA	1.79466889918228	0.482407892840684	0.628367853098891	0.324973880199523	NA	NA	NA	0.268109520019753	0.568889095507526	NA
2.00995524794894	NA	NA	NA	NA	2.94698036400641	NA	NA	2.36492824112724	2.32087261843473	0.807952530510938	1.98452246806241	NA	2.3076220679598	2.17757185333238	1.60360539269132	1.79267651568572	1.7728954669312	1.83076129944976	1.9406972132033	0.693540643187046	1.28148644480733	0.841572676045801	0.609921226862958	0.499905126202191	1.11899519099112	NA	0.806060335605086	0.61572855785437	0.697028978554464	0.629141131927826	0.240617172389002	NA	0.35577114875275	0.171959704827123	0.435264049118589	NA	0.364210717850846	NA	0.656167056417235
NA	NA	NA	NA	NA	NA	NA	NA	NA	NA	NA	NA	NA	NA	NA	NA	NA	NA	NA	NA	NA	NA	NA	NA	NA	NA	NA	NA	NA	NA	NA	NA	NA	NA	NA	NA	NA	NA	NA	NA
NA	NA	NA	NA	NA	NA	NA	NA	NA	NA	NA	NA	NA	NA	NA	NA	NA	NA	NA	NA	NA	NA	NA	NA	NA	NA	NA	NA	NA	NA	NA	NA	NA	NA	NA	NA	NA	NA	NA	NA
NA	NA	NA	NA	NA	NA	NA	NA	NA	NA	NA	NA	NA	NA	NA	NA	NA	NA	NA	NA	NA	NA	NA	NA	NA	NA	NA	NA	NA	NA	NA	NA	NA	NA	NA	NA	NA	NA	NA	NA
0.911452658186653	0.965726717537562	NA	0.814578791380396	NA	1.03249158418258	0.92507176510182	NA	1.07372599083442	0.896770968575297	NA	1.15538343678829	1.04518594373689	NA	1.1522476721253	NA	1.20342352447593	0.925059374613682	1.07871932907378	NA	NA	0.636616368128	1.49339672752156	NA	NA	NA	NA	NA	NA	NA	NA	NA	NA	1.04297763011195	0.5949652912883	NA	NA	NA	0.492244597036213	NA
NA	NA	NA	NA	NA	NA	NA	NA	NA	NA	NA	NA	NA	NA	NA	NA	NA	NA	NA	NA	NA	NA	NA	NA	NA	NA	NA	NA	NA	NA	NA	NA	NA	NA	NA	NA	NA	NA	NA	NA
NA	NA	NA	NA	NA	NA	NA	NA	NA	NA	NA	NA	NA	NA	NA	NA	NA	NA	NA	NA	NA	NA	NA	NA	NA	NA	NA	NA	NA	NA	NA	NA	NA	NA	NA	NA	NA	NA	NA	NA
NA	NA	NA	NA	NA	NA	NA	NA	NA	NA	NA	NA	NA	NA	NA	NA	NA	NA	NA	NA	NA	NA	NA	NA	NA	NA	NA	NA	NA	NA	NA	NA	NA	NA	NA	NA	NA	NA	NA	NA
0.586384316545587	0.129691975722465	0.699682388792015	NA	NA	0.379629735808089	0.616756985000074	NA	0.440267649244962	NA	0.366758748242614	0.449208742590451	NA	NA	NA	NA	0.543108463863897	0.182143660744534	NA	0.335413434121312	NA	0.333312323417062	0.696318036213819	0.309336197932971	NA	NA	NA	1.65725624789826	1.09440703128185	0.5801239747988	NA	NA	NA	1.11226483053134	NA	NA	NA	NA	0.259023091337508	NA
NA	NA	NA	NA	NA	NA	NA	NA	NA	NA	NA	NA	NA	NA	NA	NA	NA	NA	NA	NA	NA	NA	NA	NA	NA	NA	NA	NA	NA	NA	NA	NA	NA	NA	NA	NA	NA	NA	NA	NA
NA	NA	NA	NA	NA	NA	NA	NA	NA	NA	1.45812240315687	NA	NA	0.953966448277881	NA	NA	NA	NA	NA	NA	0.208859171340562	0.468089414081853	0.349509205013708	NA	NA	NA	NA	NA	0.819897288540347	NA	NA	NA	NA	0.278698105044895	0.218221695763789	0.390438513839584	NA	NA	0.70926123190835	1.24279715791088
NA	0.742558414916018	0.474303824379091	NA	NA	NA	NA	1.31177243571904	NA	NA	NA	NA	NA	NA	NA	1.32232750302775	0.77556728435047	0.607620194618133	NA	0.905746227019922	NA	NA	0.298672642218112	0.49912134622515	0.464855171496363	NA	NA	0.736588569763608	NA	0.426737410075278	NA	0.557546954660295	NA	0.74987999961315	0.667932043005822	NA	NA	NA	NA	0.487745323543912
NA	NA	1.42572286231435	NA	1.77185455740557	NA	1.06867884068717	1.38264332637702	NA	NA	NA	1.05462805019032	NA	1.07378499210871	1.01601487401448	0.796337947174541	NA	1.19127290145906	0.992257883112188	1.34181680735941	1.51045053653006	1.50977315408771	1.96153934577338	NA	1.21010344693957	1.33721461782942	0.575455342245101	NA	0.592946283242602	1.38844619825893	0.592751442438371	0.514694511247107	1.33788577917959	1.65669540440058	0.624650261674325	1.75746972235361	NA	1.56558656962328	NA	1.71097981084138
1.19907910991836	NA	1.55849013307936	NA	NA	0.798779012514449	NA	NA	1.18440712476012	NA	1.29672930529205	1.02631518156581	1.14467073905801	0.929073256950397	0.776722389881643	0.626568352673971	0.949550360070517	0.816714503431365	0.580699364283965	NA	1.43397150646096	NA	0.589631330013589	NA	0.622726758723614	NA	0.57506035133897	NA	0.352941101712651	1.53597313135596	NA	NA	NA	1.63182949414906	1.65281957257753	NA	NA	0.273170605933872	0.510110133906353	0.252417923213751
0.859504361172515	1.09331186350713	NA	NA	NA	NA	NA	NA	NA	NA	NA	NA	NA	NA	NA	NA	NA	NA	NA	NA	NA	1.30038106290164	NA	NA	NA	NA	0.301786084448354	NA	0.285263556540077	NA	NA	NA	NA	0.398369727625677	NA	NA	NA	NA	NA	0.178930504408968
NA	NA	1.09480977309491	NA	NA	NA	1.10174887337965	0.54291711106336	0.855922162549119	1.02442811762899	0.33217778441741	0.874366593682877	0.482832874121739	0.73706236476374	1.0012101896037	1.68637681277144	0.925277661338154	0.994361693740317	1.4264072598815	0.726084697323175	0.447131946924603	0.959804152595541	0.826678006427203	1.01331026303898	0.752533367807458	NA	1.33914735240139	NA	0.416095711028628	NA	NA	0.685794006588987	NA	0.579218696643204	0.31748191873393	NA	NA	1.29372844515932	1.14647208894591	NA
NA	0.545311559678184	0.759976128855415	NA	0.372584656920809	1.32376808076423	NA	NA	NA	NA	1.0655638184677	1.07118819458535	1.11582500011783	0.909948983174853	0.635652644621461	0.804466815860873	0.24284350399413	NA	0.386486304039129	0.265387687090381	NA	0.292644168490517	0.919218761762824	NA	NA	NA	NA	0.937929647434361	0.984475897271622	NA	NA	NA	NA	NA	0.715894652550292	NA	NA	1.0686694973216	1.02417447088534	NA
1.09725077446891	1.22115692452002	NA	NA	1.50085928949491	NA	NA	2.44581131965196	NA	1.7586292575095	1.73765698223207	1.58628486504898	1.1643556446051	1.24002322206283	1.34152799303921	0.824220413925651	1.04388738240263	1.50508609973351	1.02643106923381	1.06719884094481	0.679212501017816	0.980988942060384	NA	NA	1.59934702455231	1.13807447288957	0.977747691453651	NA	1.5797946306736	1.2628816071185	1.02225272755116	NA	0.96256660893816	NA	1.36704550320548	1.27686620040377	NA	NA	1.02797330804136	1.44737781627717
1.27500203156236	NA	0.319599991764444	NA	1.54328201771185	NA	0.927738910156812	0.393957962379332	1.59513500080559	NA	NA	1.07249428414913	1.82972486595667	0.228358611871547	1.80694945895412	0.446229843075526	0.67709108913142	NA	1.6240486067758	0.670761354539011	0.497893030442564	2.09879050614483	0.574552468537939	NA	1.80396485285082	0.394601817575988	0.814171723805248	0.580937302232353	NA	1.4197799975976	NA	NA	0.609454359211061	NA	NA	NA	NA	0.481372136119911	0.567016621782486	1.41590402832298
0.688672752286521	NA	1.3414604798743	0.647103389345809	NA	0.685236022585015	0.489705066834527	NA	0.429629587834335	0.790429615657424	0.597119732331098	1.03289098764205	1.35939862844753	0.533280498477441	NA	0.690786557844809	0.781720717770826	0.988132094704365	NA	NA	0.543684448855479	0.973959743139406	0.505799048205177	0.678796067821054	0.757706963149791	NA	NA	NA	1.44016371682726	0.747558493465485	1.115781509998	NA	NA	1.24948506403166	NA	NA	NA	NA	NA	0.74449407730003
NA	0.501324428136315	1.73170639373504	NA	0.578902174063598	0.424262849301958	NA	NA	NA	NA	NA	0.584689661369046	NA	0.737316209606642	NA	1.00611118768743	0.717850932372831	NA	0.864065966070676	0.5251146216762	0.383459162457391	0.571496376998523	0.675612899993617	0.803976624890269	0.596963809004947	NA	NA	0.990670870899583	NA	0.502428566046211	0.452112125135251	0.0910770925525582	NA	0.495776160994961	NA	NA	NA	NA	0.363186619123537	0.523846873164439
NA	NA	NA	NA	NA	NA	NA	NA	NA	NA	NA	NA	NA	NA	1.21698351142113	1.32286947001921	NA	1.33062571455925	NA	NA	NA	NA	NA	1.1009857484112	NA	NA	NA	NA	NA	NA	NA	0.643108002476399	NA	0.967934827892492	0.933754182324667	NA	NA	0.517987313604397	0.431989255675594	NA
NA	NA	NA	NA	NA	NA	NA	NA	NA	NA	NA	NA	NA	NA	NA	NA	NA	NA	NA	NA	NA	NA	NA	NA	NA	NA	NA	NA	NA	NA	NA	NA	NA	NA	NA	NA	NA	NA	NA	NA
0.121501303686874	0.505430161142933	0.538307435682637	NA	0.363260105430703	NA	0.188667935840795	NA	0.254165353579204	NA	0.566193527743124	NA	NA	0.969326238871305	0.829624630929986	0.668319349623235	1.11369490063442	0.765418233525351	1.13750647830702	0.578632839426556	0.411592638698192	0.491665300440114	0.759808497232355	0.928417616536927	NA	0.924723510265802	NA	1.42008868049105	NA	NA	NA	NA	NA	0.589416746098788	0.645789177614359	NA	NA	0.671348864039236	0.384643491846058	0.269381334988781
NA	NA	NA	NA	NA	NA	NA	NA	NA	NA	NA	NA	NA	NA	NA	NA	NA	NA	NA	NA	NA	NA	NA	NA	NA	NA	NA	NA	NA	NA	NA	NA	NA	NA	NA	NA	NA	NA	NA	NA
NA	NA	NA	NA	NA	NA	NA	NA	NA	NA	NA	NA	NA	NA	NA	NA	NA	NA	NA	NA	NA	NA	NA	NA	NA	NA	NA	NA	NA	NA	NA	NA	NA	NA	NA	NA	NA	NA	NA	NA
NA	NA	NA	NA	NA	NA	NA	NA	NA	NA	NA	NA	NA	NA	NA	NA	NA	NA	NA	NA	NA	NA	NA	NA	NA	NA	NA	NA	NA	NA	NA	NA	NA	NA	NA	NA	NA	NA	NA	NA
0.85809203907413	NA	1.15372493925904	NA	0.775094540862218	0.811898533674948	NA	0.901202985110921	0.703614448937984	NA	1.56315014060789	0.88484756347971	NA	0.399318874857328	NA	NA	1.26976617304521	1.38421353991379	1.36468327618991	0.561444849365264	NA	1.06084074750606	0.618171281661083	1.18856047151334	0.478130126672918	0.414684313071988	0.605410790347184	NA	0.192823831843006	NA	NA	0.495536130596728	0.394456758190647	NA	NA	0.292369421655605	NA	NA	0.780042595471143	0.612947122741105
NA	0.877655967767973	1.22237277530711	NA	NA	NA	1.7210828685253	NA	NA	NA	NA	NA	NA	0.758504679607091	NA	1.25457814440123	NA	NA	NA	0.724577179374532	NA	0.749494356783617	0.631409863880217	1.28501355091361	0.798992357277225	NA	NA	1.01567444376944	0.825304957582152	0.96214165657313	NA	0.483566030652755	0.38287449249763	NA	NA	NA	NA	0.117657904276165	0.363407617973204	0.402458036110244
NA	1.55926206386276	1.5967883138809	NA	NA	NA	0.973657958452484	NA	NA	0.50861653154938	NA	NA	0.521130043724101	0.778451628011466	0.628749101832271	NA	0.73513794266596	NA	NA	0.835990008151034	0.867342227672939	0.793455195707938	NA	1.38477663465003	0.696098888256301	NA	NA	NA	1.45392425611841	NA	NA	1.68563762905611	1.97768726412433	0.855750887984614	2.38145191899361	0.417512846538339	NA	0.32549912702668	0.498145457725571	1.76560738219426
1.51849805114661	2.12061373151026	2.73231100669808	NA	NA	0.957002772415193	2.19862186055714	1.40481487641127	1.18163555226098	NA	0.589270562739477	2.13731219973167	NA	2.22707971711909	1.55760038682996	NA	2.22993304121645	2.23469754506552	2.32146364973491	1.33273033681539	0.971094356313455	2.18191910715601	1.89460295898311	1.82116828201662	2.12083317175181	0.529031627397804	NA	NA	2.05196953511281	NA	NA	0.90053934287441	NA	NA	1.33202017081289	1.10842350836571	NA	2.12679628410441	1.32636244739294	1.02421610151479
1.34287128072464	NA	1.08628950877124	NA	0.453863092315046	NA	NA	0.554991739770896	1.29496537345422	NA	NA	1.29928146143074	NA	0.938554107012116	NA	NA	0.906703191127891	0.755793459714693	NA	0.618957436269875	0.338995582789691	0.339355154118017	0.611633690637593	0.85572350288025	1.14608405431405	NA	1.39275952271558	NA	NA	1.2140071953909	NA	NA	1.04923510949092	NA	NA	0.913475042247304	NA	0.466616844462359	NA	NA
NA	NA	NA	NA	2.23210941781266	1.55536995272459	NA	2.33560521296047	NA	NA	NA	NA	NA	1.88221816438122	NA	NA	NA	1.87857121074475	NA	NA	1.03140050523326	0.818238032817497	0.929333836249971	0.928219968135839	NA	NA	NA	NA	NA	NA	0.444044232859067	0.390132367280343	NA	NA	0.362052798578255	0.642203125017692	NA	0.860652264154211	0.401762923222134	0.264166390020031
NA	NA	NA	NA	NA	NA	NA	NA	NA	NA	NA	NA	NA	NA	NA	NA	NA	NA	NA	NA	NA	NA	NA	NA	NA	NA	NA	NA	NA	NA	NA	NA	NA	NA	NA	NA	NA	NA	NA	NA
0.861762474534507	NA	NA	NA	1.20522391315688	NA	NA	NA	0.516636621039691	NA	NA	0.660558083400287	NA	0.781961172981618	0.536519767331956	NA	0.245922463214334	0.468277284574455	0.366743798793453	0.704108002872524	0.514056050238536	0.813556278558884	0.943689776188126	NA	NA	NA	0.517654946376816	0.302225672091065	0.174124436290833	NA	NA	0.622317037027292	NA	0.815433500539323	NA	NA	NA	0.18115469152589	0.909946525418105	0.14944125391853
1.69001998651309	NA	NA	NA	NA	1.46504171409941	1.53103877790356	1.33589345194664	NA	NA	NA	1.61731668692792	NA	NA	1.37580384108778	NA	0.908955735427145	1.38431331693281	NA	NA	1.40556206588238	1.58782589159537	1.99113833004509	2.27789532743929	NA	0.529182737670568	1.78554027593773	1.57441617472511	1.1677916954249	1.06935580976207	1.05220742641592	0.636322968663639	1.12049465140252	NA	0.709529772942553	0.752296089245758	NA	0.665494673089722	1.91643967143773	0.725801671225275
NA	2.00083299204976	1.84100195438233	NA	1.51202701989292	0.88550207193408	0.644292098379408	NA	NA	0.921052615190449	1.20990667054475	NA	0.863874124307748	0.872683159505858	0.710994085809488	0.300625795249876	0.471014360793942	NA	NA	NA	NA	0.604175884433838	0.45987818455652	0.348107155233012	NA	NA	0.421434990461012	NA	2.34875510541338	NA	NA	NA	0.556570389046678	0.277981562011696	NA	NA	NA	NA	NA	0.358468691111736
1.30080538614181	NA	NA	NA	NA	0.837027043112196	1.46261050325029	NA	NA	NA	1.2997625356953	1.43672176704296	NA	0.803071670489618	1.55674825136727	NA	1.35840765255683	1.39051391099678	1.6269533248123	NA	1.13848839255107	1.29414257201064	0.732952134907603	0.328241043351163	0.679612487436584	NA	NA	NA	1.0300069925043	NA	NA	0.298455778514999	NA	NA	NA	0.662079228581829	NA	NA	0.791933990812301	1.12401431020459
NA	NA	NA	NA	NA	1.3408917534451	1.44394121362579	NA	NA	1.15924086335953	NA	NA	NA	NA	NA	NA	NA	0.856650631040251	0.683636316509636	1.43757736213424	NA	NA	NA	NA	NA	0.898726400832059	1.92179871345963	1.24785506984264	0.874896791876444	0.881709638120076	1.42334305648034	NA	1.41638817955277	1.79976201334959	1.78997405009164	NA	NA	1.55114487854987	1.65654375375159	NA
NA	0.99624736121741	NA	NA	NA	NA	NA	NA	1.34027121701541	NA	NA	NA	1.27505497139289	NA	1.26484007653147	1.54077803431937	1.5617527676896	1.40432249051674	NA	1.05750224807023	1.01038309018027	0.818740801818227	NA	NA	NA	2.08591245050209	NA	NA	0.718161185868209	0.594859582347641	NA	NA	0.89649892031038	NA	0.970095016955351	0.542359863860618	NA	NA	NA	0.356878795444164
NA	0.742142814002098	NA	NA	NA	0.642060507973429	NA	NA	0.554759661427262	NA	NA	0.642392382227387	NA	2.01002988100753	NA	NA	NA	NA	2.30956554015727	NA	NA	NA	NA	NA	NA	0.480353659590553	NA	NA	0.379985970653132	NA	1.1662350520706	1.70195767517932	NA	0.671553632280723	NA	NA	NA	NA	NA	NA
NA	NA	NA	NA	NA	NA	NA	NA	NA	NA	NA	NA	NA	NA	NA	NA	NA	NA	NA	NA	NA	NA	NA	NA	NA	NA	NA	NA	NA	NA	NA	NA	NA	NA	NA	NA	NA	NA	NA	NA
NA	NA	NA	NA	NA	NA	NA	NA	NA	NA	NA	NA	NA	NA	NA	NA	NA	NA	NA	NA	NA	NA	NA	NA	NA	NA	NA	NA	NA	NA	NA	NA	NA	NA	NA	NA	NA	NA	NA	NA
NA	NA	NA	NA	NA	NA	0.882511132556782	NA	NA	NA	NA	NA	NA	NA	NA	2.12010976271043	2.43518857839077	2.17802797149253	NA	NA	NA	NA	NA	NA	NA	1.40508102588607	NA	1.78344910461031	NA	1.3952652543449	1.61539592954617	NA	NA	NA	NA	2.56887513239084	NA	2.41036174638636	1.56013621794396	2.02672825069956
NA	NA	NA	NA	NA	NA	NA	NA	NA	NA	NA	NA	NA	NA	NA	NA	NA	NA	NA	NA	NA	NA	NA	NA	NA	NA	NA	NA	NA	NA	NA	NA	NA	NA	NA	NA	NA	NA	NA	NA
1.53894687816645	0.684136841900432	0.797216063702319	2.12320995122179	1.53825279320324	0.935737488480543	0.241206026664396	0.932880576644449	2.39674892460687	NA	NA	NA	0.385782424605811	0.404495958007511	NA	0.428186926680595	1.15670158887664	NA	1.41321362938935	0.286527255303905	0.326518113639916	0.549416377973188	0.216861894432106	2.46864258617856	0.379261463163096	0.256291210307346	0.298355740487713	NA	0.76356411431729	1.80347949315842	1.42657357076887	0.453668932206575	2.05377048387145	2.55658874972158	NA	NA	NA	0.696050935722753	1.87001973592431	2.98899447393539
NA	NA	NA	NA	NA	NA	NA	NA	NA	NA	NA	NA	NA	NA	NA	NA	NA	NA	NA	NA	NA	NA	NA	NA	NA	NA	NA	NA	NA	NA	NA	NA	NA	NA	NA	NA	NA	NA	NA	NA
NA	NA	NA	1.73313479693554	NA	1.66028696534338	1.51153833713696	NA	1.57495609038232	NA	NA	NA	NA	0.894057842601779	NA	NA	1.46686145683895	0.618124015637073	NA	NA	1.8633693540596	1.40289774117051	1.01486740555425	1.32396095875133	1.1499670063725	1.16346565951441	0.836339853140931	0.986505801057117	0.936866624527214	1.05165105641754	0.646703046121299	0.618205932005177	0.642840471151375	0.554109747858202	0.278362924202104	NA	NA	0.902049830148539	NA	1.6268716983655
NA	NA	NA	NA	NA	NA	NA	NA	NA	NA	NA	NA	NA	NA	NA	NA	NA	NA	NA	NA	NA	NA	NA	NA	NA	NA	NA	NA	NA	NA	NA	NA	NA	NA	NA	NA	NA	NA	NA	NA
NA	NA	1.34636887539479	1.25751891669365	1.24506186299264	0.587654231932627	0.735820947225021	NA	NA	NA	1.30710260880536	1.81172150473833	NA	NA	NA	NA	1.56424366245917	1.57394103609618	1.38605084222736	NA	1.35742143976307	1.74211716487833	1.7769521933364	2.40733367914783	NA	NA	2.42337095109073	2.64131281921043	NA	1.79352353497764	NA	NA	NA	NA	NA	0.853533224776902	NA	1.36419123821167	0.815313305412678	NA
1.7379024179701	1.84588151382946	NA	NA	NA	NA	1.92375103565479	NA	1.80455546243292	2.26251626022906	NA	NA	NA	1.95707185907999	1.43281782795427	NA	1.3646909748809	NA	NA	NA	1.26366494439138	0.62006801283708	NA	1.29923895122842	0.983494700784134	NA	NA	1.87665377701793	NA	NA	0.986876919176842	NA	NA	NA	NA	0.777920642505762	NA	NA	1.29268945162065	1.17005516310694
1.25685439553748	NA	1.43890789155286	NA	NA	NA	1.58038784366949	NA	NA	NA	NA	NA	NA	1.23390677774668	1.33027889406181	NA	NA	NA	0.469843653096896	0.840315371101418	1.12608670243514	1.2753617933036	1.68216937271129	NA	NA	1.01018667659479	1.87308150692597	1.9148898385998	1.72473354308856	1.46011069755864	NA	NA	1.28694413413186	0.377378846084635	0.0882835265821324	0.102517738435363	NA	NA	0.600523009757893	NA
NA	NA	NA	NA	NA	NA	NA	NA	NA	NA	NA	NA	NA	NA	NA	NA	NA	NA	NA	NA	NA	NA	NA	NA	NA	NA	NA	NA	NA	NA	NA	NA	NA	NA	NA	NA	NA	NA	NA	NA
1.05796869937162	NA	1.5835742287205	NA	NA	NA	0.594610610529699	NA	0.318189001287774	1.54376287971899	NA	NA	0.868100787818641	0.71874831852064	1.43176699592429	0.559375065268521	0.724020270875713	NA	1.3284158028059	1.29216453752613	1.60136421575199	0.416472283969995	1.4554925657216	NA	0.559364212250674	NA	1.62067423633725	1.67099268157444	NA	NA	NA	NA	NA	NA	0.519705863285884	NA	NA	NA	0.25500774224768	NA
0.909276522143415	0.0993415629989122	1.923723040079	NA	NA	NA	1.04329432463011	NA	0.539628959667229	0.626665946907174	1.96804443092758	NA	0.192631797219018	NA	1.16052903058225	1.22383759295773	NA	1.06093782017507	NA	NA	1.48876797542754	1.53835986650478	NA	0.606813309144322	0.880879905455295	0.551867195018102	1.09728998703777	0.603301664420504	0.655083663031265	0.817384355889641	0.419771056798359	0.420426348550446	0.22281565751303	0.519644629217006	0.333466294163047	0.255495013328148	NA	0.941018448071604	1.00534885407833	0.538699541395844
1.04229637352709	0.822932414880376	NA	NA	0.685676173268919	0.812844625417062	0.723032623349289	NA	0.696101165456393	NA	NA	0.782040144804501	0.982954901853117	NA	0.83163986863058	NA	0.259042158670639	NA	1.22147275942587	0.394030590170105	0.645634900644599	0.453692650634925	0.911677635614852	0.791709444206596	0.613060098752756	0.228074206333592	0.474627588998414	NA	0.389164278813065	0.362090954377654	NA	1.02185031758267	0.894410968797799	1.10919351759793	0.216291285998788	0.793733811793332	NA	1.25593636782418	0.68467739068542	0.791502038208765
NA	NA	NA	NA	NA	NA	NA	NA	NA	NA	NA	NA	NA	NA	NA	NA	NA	NA	NA	NA	NA	NA	NA	NA	NA	NA	NA	NA	NA	NA	NA	NA	NA	NA	NA	NA	NA	NA	NA	NA
1.1098673552013	NA	0.534859244906403	NA	0.523002980006992	NA	0.893891506691864	0.654217738885654	0.699539802753547	NA	NA	0.924254483907815	0.934133402995246	0.909607312001689	0.845073662545532	1.07851129959517	0.901598041070277	0.755778632100058	0.558979442038061	0.624464744091469	0.388749268250535	NA	NA	0.584412141794165	0.509442000495603	1.06055452575929	0.54811520182478	NA	0.733567950603499	NA	NA	0.988894019365863	NA	1.04922605938813	0.815260560255626	0.841079444853972	NA	NA	0.717801775572049	NA
NA	NA	NA	NA	NA	NA	1.89735353697686	NA	1.80914061211245	1.61709540502842	NA	1.98922285245467	1.96355843661565	NA	NA	1.66423414174136	NA	NA	1.87534556897556	NA	NA	NA	NA	NA	NA	NA	NA	NA	NA	NA	2.02095871863779	2.00513493310051	1.32838741424897	1.72014347034591	1.27961965019048	1.25386442838386	NA	0.817476926153438	0.907300983702826	NA
1.95016093850086	0.933801593040177	1.51416170398627	NA	NA	NA	1.28505231699373	1.3407442764966	NA	1.72243290875594	1.28187865898395	1.44037654854345	1.88366828434832	1.27675106633889	1.24460041117807	NA	NA	1.3046841371797	1.36305316856735	0.851500472052842	NA	NA	NA	NA	0.134107703939941	NA	NA	0.673257170945713	NA	0.330432123671969	NA	NA	0.654677337079042	0.717147787932521	NA	NA	NA	NA	NA	NA
NA	NA	NA	NA	NA	NA	NA	NA	NA	NA	NA	NA	NA	NA	NA	NA	NA	NA	NA	NA	NA	NA	NA	NA	NA	NA	NA	NA	NA	NA	NA	NA	NA	NA	NA	NA	NA	NA	NA	NA
NA	NA	NA	NA	NA	NA	1.70457926408845	NA	1.34958117262048	NA	1.27893278175361	NA	NA	NA	1.38129403168221	0.792705267957798	NA	NA	NA	1.15127067626359	1.00508592914584	NA	NA	0.493361969949105	NA	NA	NA	NA	NA	0.366749457519926	NA	0.711428390058064	0.133030582680242	0.731335738118427	1.22227043894822	NA	NA	1.83498548652953	0.489411215780054	NA
NA	NA	2.12293920178825	NA	NA	1.45177761289862	NA	NA	1.02391263494648	1.53348167756716	1.50183906192924	1.45477483906202	NA	NA	NA	1.51169777047125	NA	NA	NA	NA	NA	0.712716378086285	NA	0.523046923525139	NA	NA	NA	NA	NA	NA	NA	NA	NA	NA	0.626517640097169	NA	NA	0.353747073381223	0.606920516333852	NA
NA	NA	NA	NA	NA	0.578506009085419	NA	0.413012445190533	0.428670765469602	0.514714449042521	0.445702778308169	NA	NA	NA	NA	1.0334307375424	NA	NA	NA	NA	NA	NA	NA	NA	NA	NA	NA	NA	NA	NA	NA	NA	0.499483430279043	NA	NA	NA	NA	0.714522354372367	0.143198204120653	0.411423837174841
NA	NA	NA	NA	NA	NA	NA	NA	NA	NA	NA	NA	NA	NA	NA	NA	NA	NA	NA	NA	NA	NA	NA	NA	NA	NA	NA	NA	NA	NA	NA	NA	NA	NA	NA	NA	NA	NA	NA	NA
1.26010443416283	1.19510688498798	NA	NA	0.874198134293608	1.0766430556605	0.436398470620573	1.15979929082218	0.634173815597875	1.37557180066674	0.407346548804584	1.12573411437501	0.963131727351717	1.44037943641227	1.32042944454066	1.45447576456421	NA	NA	NA	NA	1.72504036829131	0.783726651944934	NA	0.428903582852342	0.968598361251824	NA	0.279692300981831	NA	NA	NA	NA	NA	NA	0.282142701415581	0.26754532364845	NA	NA	NA	0.311519058382752	0.340914274822791
NA	NA	NA	NA	NA	NA	NA	NA	NA	NA	NA	NA	NA	NA	NA	NA	NA	NA	NA	NA	NA	NA	NA	NA	NA	NA	NA	NA	NA	NA	NA	NA	NA	NA	NA	NA	NA	NA	NA	NA
NA	NA	NA	NA	NA	1.29036063060713	0.556856807535529	NA	1.9155253041146	NA	0.317504510582151	NA	NA	NA	NA	NA	NA	NA	NA	NA	0.948504903041185	NA	NA	NA	NA	NA	NA	NA	NA	0.922599186343078	0.406326303023581	0.467191553564627	0.818089240553637	0.196704931109523	1.01672575001204	0.924307707272106	NA	0.874803933445714	NA	0.629989455051039
NA	1.05389507640036	1.61965428318526	NA	1.26284953747677	NA	NA	NA	NA	NA	1.4169984658394	1.51078627715766	NA	NA	1.25570610808897	NA	NA	NA	NA	NA	NA	1.06710773889085	0.96081482273746	0.817473999952119	NA	NA	NA	NA	1.70295151754239	1.83198294769708	NA	NA	1.52685444849393	0.746767385565253	NA	NA	NA	NA	1.08883312753666	0.162032663543403
NA	NA	NA	NA	NA	NA	NA	NA	NA	NA	NA	0.573875831200008	NA	0.703688399089633	NA	NA	0.413569591232726	NA	0.408746601460474	NA	NA	0.810509618081071	NA	0.818400285607514	NA	1.05226399376223	NA	NA	NA	NA	NA	1.75510985850158	NA	1.88689656661634	NA	NA	NA	NA	NA	0.572059423579909
1.67923086782937	NA	NA	NA	NA	NA	1.93116180075797	NA	NA	NA	2.09006160360627	1.96351906417497	NA	1.40078220436495	NA	NA	NA	NA	NA	NA	NA	NA	1.4835448854129	NA	1.54302864243337	NA	NA	NA	1.16769147315853	NA	NA	NA	NA	NA	1.27460273821883	NA	NA	NA	NA	NA
NA	0.351386659816846	0.575644568921735	NA	0.417934179473078	0.56310367825185	NA	0.404378221478287	0.753268272255852	0.319103716607832	0.381301119427495	0.489930553729343	0.290164147664905	0.800513516850446	0.873792896788523	0.290680480061966	0.216697665121671	0.677086598011469	0.310526043925203	NA	NA	NA	NA	NA	0.411811233644656	0.633740233656918	NA	0.343043716358468	0.333689583822216	0.648342306255171	NA	0.554174078901899	NA	NA	0.443072971934653	0.232924003823049	NA	0.162559425277286	0.309068081292848	1.52139607872107
NA	NA	NA	NA	NA	NA	NA	NA	NA	NA	NA	NA	NA	NA	NA	NA	NA	NA	NA	NA	NA	NA	NA	NA	NA	NA	NA	NA	NA	NA	NA	NA	NA	NA	NA	NA	NA	NA	NA	NA
NA	NA	NA	NA	NA	NA	NA	NA	NA	NA	NA	NA	NA	NA	NA	NA	NA	NA	NA	NA	NA	NA	NA	NA	NA	NA	NA	NA	NA	NA	NA	NA	NA	NA	NA	NA	NA	NA	NA	NA
0.812227306267465	1.14604440537598	1.26241132871652	0.636777331924768	NA	0.388324256687571	0.579070612143771	0.512429335057915	0.522092816435937	0.462809388073568	NA	0.614221974570164	0.276910677466083	0.490848807747143	1.04474929347919	0.974900873264879	NA	0.837738231934091	0.715820024039292	0.712897965999822	NA	0.729369726185178	0.836387957932606	0.522843618176843	0.769662108338907	0.166794001613674	0.0874576023878291	NA	0.376576921385738	0.488932381002722	0.64854333516359	0.530697333257743	NA	NA	0.315794543065887	NA	NA	1.16229880077088	NA	NA
NA	1.00459257322601	0.609359781428612	NA	0.741204003965146	NA	0.982163541294064	NA	0.267101497223497	NA	0.948234044299802	NA	1.053348079087	1.5543475461731	0.649615032736268	0.577942420682198	0.911432493977787	NA	NA	NA	NA	NA	NA	NA	NA	NA	NA	0.808826644393269	0.532115470849381	0.448344866898916	0.388502539210582	NA	0.800069864298266	0.692938112656278	NA	NA	NA	NA	NA	NA
NA	NA	NA	NA	NA	NA	NA	NA	NA	NA	NA	NA	NA	NA	NA	NA	NA	NA	NA	NA	NA	NA	NA	NA	NA	NA	NA	NA	NA	NA	NA	NA	NA	NA	NA	NA	NA	NA	NA	NA
NA	NA	1.05424016907808	NA	NA	1.27839792409544	1.43200918489158	NA	NA	NA	NA	1.21725563329224	NA	0.98318324967588	NA	NA	0.974647027794079	NA	NA	NA	NA	NA	NA	0.352244725100667	NA	NA	NA	0.534941096383044	NA	NA	NA	0.331977578221306	0.325722227306554	NA	NA	NA	NA	NA	NA	NA
NA	NA	NA	NA	NA	NA	NA	NA	NA	NA	NA	NA	NA	NA	NA	NA	NA	NA	NA	NA	NA	NA	NA	NA	NA	NA	NA	NA	NA	NA	NA	NA	NA	NA	NA	NA	NA	NA	NA	NA
NA	0.70342187388637	0.429436502028111	0.802031956474078	NA	NA	0.636229314611243	1.16079554022279	0.553203350179086	NA	0.979544670325279	0.75689432148278	NA	1.29849106927129	1.31869711640919	NA	1.07550482361674	0.838703485007622	NA	0.410432371067154	NA	0.289459505696283	0.376048146431707	0.273057514492712	0.414176870053323	NA	0.465305996656576	NA	0.839024393757896	0.798145940600306	0.849118520902428	NA	NA	1.47718306912372	0.73370641230836	NA	NA	NA	NA	0.870143175138347
1.83457124630396	NA	2.19243350498713	NA	NA	2.03367206891387	2.47367935085664	2.18545275850449	1.56709326176276	NA	1.75517695055044	NA	1.25154831250605	NA	1.41847522125904	2.13583180486496	NA	1.95156804036104	1.81793426320754	1.91859260360317	2.01053662764767	1.79647099127739	1.53293402130768	1.970657893881	NA	1.42656637187694	NA	NA	NA	0.914603941178258	NA	NA	1.16696453587572	NA	1.73675955558234	NA	NA	1.37747550293939	NA	1.83052256795708
NA	NA	NA	NA	NA	NA	NA	NA	NA	NA	NA	NA	NA	NA	NA	NA	NA	NA	NA	NA	NA	NA	NA	NA	NA	NA	NA	NA	NA	NA	NA	NA	NA	NA	NA	NA	NA	NA	NA	NA
0.676637955744504	0.594237502604793	NA	NA	0.856879207443288	0.553940584547342	NA	0.271379166028321	0.405716505911924	NA	0.392646505320875	0.444613774623781	NA	0.272253718570807	NA	0.41972020515651	0.644158270195151	NA	0.262886017418259	0.566770237398853	0.769284192012238	NA	1.72474605555686	NA	NA	1.52836284853171	1.18245622961356	1.41545699821833	1.4953514380793	1.37166750541356	NA	NA	NA	NA	NA	1.36454357519082	NA	1.16801680456069	NA	1.89169611258604
NA	NA	NA	NA	NA	NA	NA	NA	NA	NA	NA	NA	NA	NA	NA	NA	NA	NA	NA	NA	NA	NA	NA	NA	NA	NA	NA	NA	NA	NA	NA	NA	NA	NA	NA	NA	NA	NA	NA	NA
1.1802455412038	1.19857194913862	0.589176867821832	1.3499706653761	0.250401608897055	0.535238343929009	1.1309168104287	1.18325269367405	1.14994660370345	0.753148298230485	1.21499573101265	1.30906759162506	NA	NA	1.54020527933262	NA	0.710642028006996	0.893939314169058	NA	0.848129352577555	NA	0.792363868863094	0.741675046215898	0.714289744555048	0.669432617890295	0.65978149488482	1.66871768558624	0.556836863520177	0.58855102848185	NA	0.445927319878542	0.212775392783982	0.438735157253241	0.35829063904302	0.241213399760746	0.334756110633178	NA	0.820881497436419	0.553613495158383	0.462594564519311
NA	NA	NA	NA	NA	NA	NA	NA	NA	NA	NA	NA	NA	NA	NA	NA	NA	NA	NA	NA	NA	NA	NA	NA	NA	NA	NA	NA	NA	NA	NA	NA	NA	NA	NA	NA	NA	NA	NA	NA
0.705963495645134	0.393958407496896	NA	0.594600140856761	0.403326366764718	0.149750857127253	0.0983995029596418	0.209027420931358	0.153442518980595	0.287483763896965	0.643946865511067	0.331826555754758	0.402436036556679	NA	0.218012829493706	0.621775685347319	0.487652619974215	0.493663285914083	NA	NA	NA	0.322556687988435	NA	NA	0.486362163166391	NA	NA	1.09527844980349	1.18844461349628	NA	NA	NA	NA	NA	NA	1.30392689421194	NA	NA	0.508074847880192	NA
NA	NA	NA	NA	NA	NA	NA	NA	NA	NA	NA	NA	NA	NA	NA	NA	NA	NA	NA	NA	NA	NA	NA	NA	NA	NA	NA	NA	NA	NA	NA	NA	NA	NA	NA	NA	NA	NA	NA	NA
0.98320724013092	NA	0.5251058854743	0.743076704040291	NA	1.84851719046734	1.10586032836422	1.1757307209587	0.968445256402693	1.33069196972285	1.25512698688051	1.63715654830683	1.08266991266874	NA	1.69845751475806	1.65612544603553	1.77014238730588	NA	1.3699587064819	0.663008488732738	1.13175740585058	NA	2.34339888272982	0.84673119109305	0.952170983592078	1.05440872631259	NA	NA	NA	0.874752194190897	1.0038686725199	0.64566000080712	NA	NA	0.631074018972849	0.759379303856756	NA	0.552578940573359	0.928030891228761	0.892235168462795
NA	NA	NA	NA	NA	NA	NA	NA	NA	NA	NA	NA	NA	NA	NA	NA	NA	NA	NA	NA	NA	NA	NA	NA	NA	NA	NA	NA	NA	NA	NA	NA	NA	NA	NA	NA	NA	NA	NA	NA
NA	NA	NA	NA	NA	NA	NA	NA	NA	NA	NA	NA	NA	NA	NA	NA	NA	NA	NA	NA	NA	NA	NA	NA	NA	NA	NA	NA	NA	NA	NA	NA	NA	NA	NA	NA	NA	NA	NA	NA
0.949251850014977	NA	1.29553728623987	NA	NA	0.983257530646884	1.00931961056781	NA	1.24315545190856	NA	0.95297814850658	0.79134863284264	1.15441278548635	1.12457681502081	0.886850564931299	0.954227719773611	0.665226250918916	0.614098509795486	1.18027659830182	1.03113693849981	0.421905226000235	0.428068587975341	NA	0.532298182948899	NA	NA	0.411933184476606	0.887166523551863	NA	0.785278112467784	0.837268682016719	NA	0.525036698958297	0.523375715556748	0.366985672680333	0.674332108453701	NA	NA	0.230401304231214	1.10656554789418
0.536330460841727	0.636423806501035	0.657397091202832	0.722760101062355	NA	0.436708596718417	0.454161202173843	NA	0.529177584777657	NA	1.33972157646269	0.699634471494283	NA	1.23843705259696	NA	0.692187035119574	NA	1.45218547026688	0.849700825391881	NA	0.552238264904366	NA	NA	0.418122868820158	0.49045482029026	NA	0.60285035656723	NA	0.502628397073832	0.591703168142704	NA	0.453029776595157	NA	0.646047469098671	0.106385836001246	0.408604821512774	NA	0.355303146753499	0.659123910058869	NA
0.510262000510723	NA	0.328118850189115	NA	0.584866626783057	0.82616684866058	0.586361408751929	0.971366179165918	0.715749655902343	NA	NA	NA	0.57077464409128	NA	NA	NA	0.532806226948793	0.521938597446511	NA	0.642082619690311	NA	NA	0.727985408887034	0.355328365407424	0.448273055557421	NA	0.407556741911174	0.162732001655517	NA	NA	NA	NA	NA	NA	NA	NA	NA	NA	NA	NA
1.43090679271364	NA	NA	NA	NA	0.379953056678753	0.745091109261433	NA	0.912141429876838	0.531340917448358	NA	0.568385948512906	NA	NA	0.49570625834963	0.253632763458377	NA	0.39293823527535	0.322564200033703	0.2497662664525	0.122459485937735	NA	1.07339784357529	0.660830705371649	0.687445288044957	NA	0.924775887781792	NA	1.20759431839555	1.55062410189761	1.85406104858549	1.79225903856945	NA	NA	NA	1.68835986973051	NA	1.93107792473741	1.78427687507364	NA
NA	2.08226778827629	NA	NA	2.14049772706422	2.81569218834691	2.33737952810321	NA	NA	NA	NA	1.57040277701865	1.24844687590124	1.85137409469794	1.52177305554032	1.39951471636354	1.17650899523311	1.0896314262034	0.595355958255861	0.602051743656313	1.21972030153069	1.03966923101533	0.800482946027318	0.867343964796306	0.761789538506133	NA	1.18898065048391	0.380935789183053	NA	0.845153251351205	0.2946064648199	0.167651720766938	0.469110008085646	0.396987304337368	0.343041756284142	NA	NA	0.691691220934689	0.796300201930511	0.601625033179681
1.28454857928166	1.51471401465871	NA	NA	NA	NA	NA	NA	NA	NA	NA	NA	1.54198400945005	NA	NA	NA	NA	NA	NA	NA	1.53815923932979	1.36525818686149	NA	NA	1.1809266021675	1.07514336408586	0.885166220629121	0.770357067785539	NA	NA	0.326739650023174	0.592748005205536	0.351596632271394	NA	NA	0.344375889910637	NA	NA	NA	NA
NA	NA	NA	NA	NA	NA	NA	NA	NA	NA	NA	NA	NA	NA	NA	NA	NA	NA	NA	NA	NA	NA	NA	NA	NA	NA	NA	NA	NA	NA	NA	NA	NA	NA	NA	NA	NA	NA	NA	NA
NA	NA	NA	NA	NA	NA	NA	NA	NA	NA	NA	NA	NA	NA	NA	NA	NA	NA	NA	NA	NA	NA	NA	NA	NA	NA	NA	NA	NA	NA	NA	NA	NA	NA	NA	NA	NA	NA	NA	NA
NA	NA	NA	NA	NA	NA	NA	NA	NA	NA	NA	NA	NA	NA	NA	NA	NA	NA	NA	NA	NA	NA	NA	NA	NA	NA	NA	NA	NA	NA	NA	NA	NA	NA	NA	NA	NA	NA	NA	NA
0.582979140714387	0.690870298913633	NA	NA	0.665088607194665	0.81534159496683	1.22075004577279	1.51473576778487	1.2973636475187	1.47794303843633	1.44115929560506	1.67918521656724	1.68082785501353	1.89895755692619	NA	NA	1.46894042388228	1.22821297557419	1.20323736668715	0.560233707919157	NA	NA	NA	NA	NA	NA	NA	NA	0.208945996673321	0.807893770565428	NA	NA	NA	0.701869262019574	NA	NA	NA	NA	NA	NA
NA	NA	NA	NA	0.683497049578277	NA	NA	NA	1.15414883417468	NA	NA	NA	NA	NA	NA	NA	NA	NA	NA	NA	0.734901910141018	NA	NA	NA	NA	0.556912490950029	NA	0.285313144733112	0.55345050677169	NA	NA	0.611127189894528	NA	0.73164372582075	0.423691734488724	0.446645133142928	NA	0.149030102836174	0.369166155512822	NA
1.31861351958157	0.920541171272869	NA	NA	0.860996581841061	NA	1.49937154785078	1.32792278005599	NA	NA	1.37038724793302	NA	1.30003889259057	1.00938075051387	NA	NA	NA	NA	NA	NA	NA	1.2328645288694	NA	0.857833161957409	0.642728931589386	NA	0.59324284542142	0.342949856021445	0.741762683540313	0.599156189920751	0.533021148038889	NA	NA	0.860255715658817	NA	NA	NA	NA	0.3351186014725	0.390527824309555
NA	NA	NA	NA	NA	NA	NA	NA	NA	NA	NA	NA	NA	NA	NA	NA	NA	NA	NA	NA	NA	NA	NA	NA	NA	NA	NA	NA	NA	NA	NA	NA	NA	NA	NA	NA	NA	NA	NA	NA
NA	NA	NA	NA	NA	NA	NA	NA	1.92317241976955	NA	NA	NA	NA	NA	2.20798238767224	NA	NA	NA	NA	NA	2.14255298744143	NA	NA	NA	NA	NA	NA	NA	NA	NA	NA	NA	NA	NA	NA	1.83509701295541	NA	NA	NA	0.214842346034594
NA	NA	NA	NA	NA	NA	NA	NA	NA	NA	NA	NA	NA	NA	NA	NA	NA	NA	NA	NA	NA	NA	NA	NA	NA	NA	NA	NA	NA	NA	NA	NA	NA	NA	NA	NA	NA	NA	NA	NA
NA	NA	NA	NA	NA	NA	NA	NA	NA	NA	NA	NA	NA	NA	NA	NA	NA	NA	NA	NA	NA	NA	NA	NA	NA	NA	NA	NA	NA	NA	NA	NA	NA	NA	NA	NA	NA	NA	NA	NA
NA	NA	NA	NA	NA	NA	NA	NA	NA	NA	NA	NA	NA	NA	NA	NA	NA	NA	NA	NA	NA	NA	NA	NA	NA	NA	NA	NA	NA	NA	NA	NA	NA	NA	NA	NA	NA	NA	NA	NA
NA	NA	NA	NA	NA	NA	NA	NA	NA	NA	NA	1.78542331335125	NA	NA	1.90075882666623	NA	NA	NA	1.50957469466816	NA	NA	0.819950084597212	NA	NA	1.0370135849198	NA	NA	NA	NA	NA	NA	NA	1.0329440767578	0.333168292938136	0.696169541324697	0.35766877008576	NA	0.281521801288576	0.312202371765967	NA
0.489098708659496	NA	NA	NA	NA	NA	0.273380341334757	0.305620110873969	NA	NA	NA	0.503989458465315	NA	NA	NA	NA	0.534546551116078	NA	0.637898985972118	0.503474008249208	NA	NA	0.38513183215153	0.482767839491373	0.740096404342674	NA	NA	0.338110757381686	NA	NA	NA	NA	NA	NA	0.718449361990527	NA	NA	0.906323545384856	0.83651100902333	0.574180349102594
NA	1.08377494646514	0.798866499165218	NA	NA	NA	0.328753577479838	NA	0.506910342096842	NA	NA	NA	NA	0.693053495035772	0.360701487324395	0.799286647580782	0.81973350046794	0.636247721383757	NA	0.60814040335931	0.322148610770246	NA	0.176779386801495	0.256499291801607	NA	NA	0.455164090348285	NA	NA	NA	NA	NA	NA	NA	NA	0.356011953290718	NA	0.392146198537989	NA	0.271100631307652
NA	0.405055965759261	0.331814253006898	1.16805772402194	NA	1.49391227449126	2.59089643592046	2.04510570562283	1.47301059102067	NA	0.563505890624985	0.485812392677418	1.38414316077225	0.966081337629975	1.13883658081134	NA	0.833537549279726	0.88505765291653	NA	0.779292829464171	0.553306497006924	0.320734746624446	0.781992206235256	1.65571366595667	0.253837488487283	0.536923162320842	0.795827260306718	0.515499026452213	1.29340375991188	0.224636619340856	0.158270411052846	0.391762653260355	0.302258215732703	0.564887232803936	0.457906576004232	0.33289564987385	NA	1.48510671190232	0.564459247971405	NA
NA	NA	NA	NA	NA	NA	NA	NA	NA	NA	NA	NA	NA	NA	NA	NA	NA	NA	NA	NA	NA	NA	NA	NA	NA	NA	NA	NA	NA	NA	NA	NA	NA	NA	NA	NA	NA	NA	NA	NA
NA	0.834820246062868	1.10787209133784	NA	1.16453281396341	NA	NA	1.69370979430491	0.872315988313186	0.612481425112281	0.54758178876448	0.406930524519844	NA	0.570201577710624	0.334210957597589	0.67466069357218	NA	0.493218283349935	0.313226095131182	0.816666677980505	1.26242386200218	0.848344037913378	1.12988465930383	NA	1.38715286160214	NA	0.689757248796652	0.483610539279351	NA	0.476604394590446	NA	0.870552301078972	0.467236947606171	NA	NA	0.416852410305694	NA	0.183508580830775	1.80108952633834	NA
NA	NA	NA	NA	2.25195642747737	2.64509895579201	2.53775348515225	2.06679867212313	NA	NA	NA	NA	1.75327691172615	2.00752716746648	2.31075290910345	NA	NA	1.74440357342682	NA	NA	NA	1.48649689142243	1.07800466482114	NA	0.786672282813846	0.631048662621862	1.17937941012728	0.838620211565081	0.843907948075567	0.592155539146839	0.32641894976328	0.757993804049859	0.801717370170772	0.716184263853443	0.326873734826074	NA	NA	0.695507695526854	1.06246097655759	0.765886755045313
1.46279079257773	0.596461522238124	1.93932399267875	NA	0.923653422027166	0.965317984249971	1.36085392935671	1.23161342013042	0.589142731219758	NA	0.645916358579685	1.09041303099314	0.946508455297033	1.57929024490272	NA	NA	1.3586343966849	1.29428545629154	1.08079192293024	0.857409720905645	0.657543765155163	NA	0.780580534398437	NA	1.84228621130949	1.75928995433951	1.7476710542286	1.46119505755721	1.08681774735795	0.605158285244523	1.71099397212762	1.21127405309413	1.46866841610436	0.526144186877269	1.30248381188867	0.603972785512077	NA	0.341020921344209	NA	0.76326984274056
1.5818706625954	NA	NA	NA	NA	0.739796401686988	0.76540439760045	0.590718212727997	0.562046672774502	0.625471748666496	0.710547264643236	NA	NA	1.38612299768531	1.35147051981548	1.18191996058045	NA	1.04743966179564	1.35389425039313	0.681697896805458	NA	NA	0.858365998616816	NA	0.633144997720381	NA	NA	NA	0.689679264029684	NA	NA	1.01105241397401	NA	0.785637086577417	NA	NA	NA	NA	0.536351953193111	1.40212504635057
NA	NA	NA	NA	NA	NA	1.46852651117578	1.45438421214366	1.12601195531237	0.903898505762343	0.87091108648255	1.03995965903205	1.56457844571857	1.55937833211367	NA	1.9795878389993	NA	1.17097995388298	1.21015992923866	NA	0.832524449460281	0.559721422198395	0.879585855224901	NA	NA	NA	NA	0.207254508884053	NA	0.385802901083031	NA	0.553850808329554	NA	0.223273810730691	0.536899996598518	0.0700403209904383	NA	NA	NA	NA
NA	NA	NA	NA	NA	NA	NA	NA	NA	NA	NA	NA	NA	1.74372554698262	NA	NA	NA	2.5199235362165	NA	NA	NA	NA	NA	NA	NA	0.227370230585205	1.15182652080335	0.651539948546338	NA	0.348236259513817	0.684225174641719	NA	NA	0.182152933849711	1.74007787631873	NA	NA	NA	NA	0.327001156893652
NA	0.693687323707649	NA	0.542150755271241	NA	1.28073841135665	2.60572345465083	2.599558321628	2.53615757976192	NA	NA	NA	NA	1.608546484009	NA	NA	NA	NA	NA	2.257074794555	2.22909876039118	2.06116926439939	NA	1.01340912609218	NA	0.986585469029321	NA	NA	0.691705110691036	1.19308982262799	NA	0.702845176944168	NA	0.622212295974499	0.540348274430077	0.463179926465955	NA	0.514056295218332	NA	NA
0.486925310290624	NA	0.906390255588784	NA	0.950427179766379	0.272438625050981	0.483256768838539	0.562015825825373	0.72890786460701	NA	NA	0.646090798509094	NA	0.928819697378886	0.897185884619402	NA	0.216996360522204	0.529994969799315	0.602923697186842	0.383735973987957	NA	NA	1.14433276225169	0.220395399324352	0.482366593484761	1.13785355880051	NA	0.433497139886968	0.235155644322501	0.559764353977036	1.04369567381599	1.17619892482232	0.25667439468566	NA	0.206539487400234	0.547655523485393	NA	2.91192973478693	NA	1.36819530361112
NA	NA	NA	NA	NA	NA	NA	0.574001097313115	0.543386801224113	0.654039109291124	0.978193233757414	0.681985976067218	0.429557922389536	0.489395164502978	0.866088934937398	0.65079742166824	NA	1.21786147139536	NA	NA	1.18337640792221	NA	0.549154142531752	0.610107211522219	NA	0.818180533760445	1.59748321826563	1.26387712512069	1.04790766142551	1.36491142886637	1.08177543975211	0.946575086809478	NA	NA	NA	NA	NA	0.223239025804089	0.0854335867812741	0.526236877643156
NA	NA	NA	2.30475233654488	NA	2.16206547634907	2.51402083369809	NA	2.43242104640808	NA	2.73019998540583	2.48995662041943	1.94023529800157	2.1786287992625	1.90981365289826	NA	2.39832366334152	2.18081445864988	2.9719813637268	NA	1.57677370484959	1.71643421133695	1.2963027233289	0.655799901837076	0.645493889729738	NA	NA	NA	NA	NA	0.742380087985482	0.819531803048998	NA	0.798114442055888	NA	NA	NA	0.465495736242694	0.610790346332209	0.757129931064215
NA	NA	NA	NA	NA	NA	NA	NA	NA	NA	NA	NA	NA	NA	NA	NA	NA	NA	NA	NA	NA	NA	NA	NA	NA	NA	NA	NA	NA	NA	NA	NA	NA	NA	NA	NA	NA	NA	NA	NA
NA	3.15321876748025	1.59033746461198	NA	2.62994003010055	2.39564082931899	2.5402786745744	2.43262311440932	2.35561936182016	NA	2.29525298978323	NA	NA	2.00516293701446	2.04296664841355	NA	NA	2.36207683904994	2.75400371694231	0.733819767671697	NA	1.87257587332203	1.66090920763107	NA	1.68846047610217	NA	1.15018778270371	1.44417242433071	1.31412626056313	1.74635385368108	1.74936441490537	1.55549537708177	1.38320592164559	NA	NA	1.25404556852482	NA	1.18860793174086	0.859892127578339	1.15584709041019
NA	NA	NA	1.6051110447588	NA	NA	NA	NA	NA	NA	NA	NA	1.44043079815958	1.33802269063248	1.43426355944722	NA	NA	NA	1.2946128033311	1.40297584247333	1.381838421164	1.02513162684681	1.06591834830776	1.2268862824225	0.926413237779001	0.966729465676059	1.12369850670844	0.432023510249543	1.09999116773558	0.676380205722538	NA	0.418410537098451	0.241421564839583	1.09000412292932	0.902544981664045	0.867573806956755	NA	0.778839912919052	NA	0.914520567146438
0.602874704151087	0.819106725385433	0.387876803575661	NA	NA	0.378737314369289	0.274052453343076	NA	NA	NA	0.360987810493156	0.573546508287633	0.733528703128741	0.765410859239874	0.674546722304651	1.25721044505931	NA	0.807131312042167	0.355129726956955	0.412089763622865	NA	NA	NA	NA	NA	NA	NA	NA	NA	NA	NA	NA	NA	NA	NA	NA	NA	1.00122712822594	NA	NA
1.56505420544575	NA	NA	NA	NA	0.493548098466608	NA	0.604134183412456	1.71282494681603	0.491456541618082	0.678838350493333	NA	1.54686890588986	0.911176179084413	1.68684244286052	NA	1.75501238669073	1.88580831436937	1.43716782637987	0.744710587182239	0.689764120995652	0.949119630386747	0.875680555897826	0.859901138550654	1.16416359851949	NA	1.57247311898541	1.68699253819234	1.02927827054395	1.09717225202611	NA	1.98726265442109	NA	0.47521604296395	1.65388323185918	1.73446421550008	NA	0.632940213078243	NA	0.415709891489508
NA	NA	NA	NA	NA	NA	NA	NA	NA	NA	NA	NA	NA	NA	NA	NA	NA	NA	NA	NA	NA	NA	NA	NA	NA	NA	NA	NA	NA	NA	NA	NA	NA	NA	NA	NA	NA	NA	NA	NA
NA	NA	NA	NA	NA	1.90137127721384	NA	NA	1.66615211623701	NA	NA	NA	1.97360872440201	1.93901171415022	1.51433995195309	1.40903899319522	1.87115800516694	1.46366702376489	1.47979190035475	1.65541485460412	1.00169291265683	NA	0.949464783007415	1.0819169518603	NA	NA	NA	0.968601120675891	0.731116182771799	NA	NA	0.635714212612842	0.703433193489606	0.651419504560514	0.106360783374267	NA	NA	0.255827869952199	0.194975054578454	0.567090765316749
0.255832313625461	NA	0.462238771933321	NA	0.142913052945733	NA	0.528756689268243	0.631987982995857	0.47543509245012	0.812318209611001	NA	0.648232244985062	0.563739753389316	0.401082341919808	0.351368703058074	0.393097336582238	0.27742739259471	0.542047387838585	NA	0.311423875920062	0.375359803788943	NA	0.817353762529014	0.677240976193221	0.5454190433627	0.34653336065795	NA	0.483403012619215	0.399759193050773	0.504628892718607	0.928878647831672	0.731189703759646	0.280515934817807	0.20961424718075	0.587336798044756	NA	NA	0.747463976177133	0.389625705913369	0.559114379285544
NA	NA	NA	NA	NA	NA	NA	NA	NA	NA	NA	NA	NA	NA	NA	NA	NA	NA	NA	NA	NA	NA	NA	NA	NA	NA	NA	NA	NA	NA	NA	NA	NA	NA	NA	NA	NA	NA	NA	NA
NA	1.67228221234198	NA	NA	NA	NA	1.07738793238016	1.01506215101802	NA	NA	0.724313431744635	1.41823335766613	1.40825485377708	1.26898001879785	1.09578290556943	1.20788951162591	1.17900771478224	1.24924093531881	1.05534074289609	1.01556569133172	NA	0.367803718912839	0.514159798505504	0.695069757975319	0.82300547155732	NA	NA	0.457601436198949	0.736801196864243	NA	NA	0.521148535093089	0.471343231444667	0.460490314710652	NA	0.925688975794811	NA	NA	0.406954851535333	NA
NA	NA	2.12364834564901	NA	1.8473907468225	NA	0.942405831592986	NA	0.895609351962913	NA	NA	NA	NA	NA	NA	0.939788210506819	NA	0.55400452882993	1.8045279247552	1.01477033505254	0.792865576695056	NA	0.276084750532223	0.805597129666494	0.833572288456394	2.14645243366759	NA	1.03663096138645	0.97317848604154	0.936708427712184	1.49152029934334	NA	0.821666012169701	0.367123911144871	0.335872766749212	0.292324241158318	NA	0.87835370420785	0.948490724517371	NA
2.09518601045036	2.16410314618003	1.95205167779466	1.73403776600953	1.33972127086247	1.41972653768695	1.3928892967008	1.59445991504401	1.5910227825445	1.31433729497356	NA	1.08949463452982	NA	0.973840976338396	0.831860821434167	0.896537002860893	0.609616400063277	0.745357746154851	1.26144604721368	1.26299027490111	0.942451374618173	1.10268048112437	0.858865450129867	1.13752500027402	0.965493844257804	0.858449771192683	NA	0.692978228885025	0.693122234077543	0.628386518788459	0.52469170654384	NA	0.623872195739411	0.556694356677186	0.736844188142591	1.49573110392274	NA	0.481860888990067	1.23695658681292	NA
NA	1.69137226309964	NA	NA	NA	1.26288051535161	0.451074485820783	1.19696787061914	1.40955251168769	0.705675922115176	1.14382666273203	1.43914812302228	1.63880083128828	1.66115444207243	1.50986265930701	NA	NA	1.30576591856651	1.63380368207831	1.0392358015958	0.91384302802676	0.811207081409681	0.865457758269354	0.699937654898519	NA	NA	NA	NA	0.613859672470929	0.683594951293852	0.614786709557362	0.422144616645885	0.1813833721978	0.375882037073383	0.145642670961817	0.177598227715681	NA	0.323985012130183	0.431014520045569	0.399716582290579
NA	NA	NA	NA	NA	NA	NA	NA	NA	NA	NA	NA	NA	NA	NA	NA	NA	NA	NA	NA	NA	NA	NA	NA	NA	NA	NA	NA	NA	NA	NA	NA	NA	NA	NA	NA	NA	NA	NA	NA
NA	NA	NA	NA	NA	NA	NA	NA	NA	NA	NA	NA	NA	NA	NA	NA	NA	NA	NA	NA	NA	NA	NA	NA	NA	NA	NA	NA	NA	NA	NA	NA	NA	NA	NA	NA	NA	NA	NA	NA
NA	NA	NA	NA	NA	NA	NA	NA	NA	NA	NA	NA	NA	NA	NA	NA	NA	NA	NA	NA	NA	NA	NA	NA	NA	NA	NA	NA	NA	NA	NA	NA	NA	NA	NA	NA	NA	NA	NA	NA
NA	NA	NA	NA	NA	NA	NA	NA	NA	NA	NA	NA	NA	NA	NA	NA	NA	NA	NA	NA	NA	NA	NA	NA	NA	NA	NA	NA	NA	NA	NA	NA	NA	NA	NA	NA	NA	NA	NA	NA
NA	NA	NA	NA	NA	NA	NA	NA	NA	NA	NA	NA	NA	NA	NA	NA	NA	NA	NA	NA	NA	NA	NA	NA	NA	NA	NA	NA	NA	NA	NA	NA	NA	NA	NA	NA	NA	NA	NA	NA
NA	NA	NA	NA	NA	NA	NA	NA	NA	NA	NA	NA	NA	NA	NA	NA	NA	NA	NA	NA	NA	NA	NA	NA	NA	NA	NA	NA	NA	NA	NA	NA	NA	NA	NA	NA	NA	NA	NA	NA
NA	3.01298513433	NA	NA	3.27852442435922	1.63042478013785	1.28246244357107	1.59834800153596	1.74263433256829	NA	NA	NA	2.03655863979748	2.08635016973811	1.6045041394768	NA	1.78083364086851	1.73516384685142	1.88118653083668	NA	2.68284244341486	NA	0.901003011697385	1.22005910262473	0.658643314486674	NA	NA	NA	0.637251844750768	NA	NA	NA	0.526923754964831	0.400351168683496	0.868503356565893	NA	NA	NA	1.70943404225335	NA
NA	NA	NA	NA	NA	NA	NA	NA	NA	NA	NA	NA	NA	NA	NA	NA	NA	NA	NA	NA	NA	NA	NA	NA	NA	NA	NA	NA	NA	NA	NA	NA	NA	NA	NA	NA	NA	NA	NA	NA
NA	NA	NA	NA	NA	NA	NA	NA	NA	NA	NA	NA	NA	NA	NA	NA	NA	NA	NA	NA	NA	NA	NA	NA	NA	NA	NA	NA	NA	NA	NA	NA	NA	NA	NA	NA	NA	NA	NA	NA
1.77999602789925	NA	NA	NA	NA	0.797096810721402	0.384420742551791	NA	0.827027929133877	0.63783300667911	0.638048382402584	0.90149777833393	NA	0.863862905831027	0.840979813268488	NA	NA	NA	0.939763569639602	0.557902650532307	0.805946046662732	0.609717879066862	NA	0.440811231938715	NA	NA	NA	0.621315473259014	1.05267829079108	NA	NA	0.273936903486183	0.48474677733478	NA	0.41301621863476	1.73549717271138	NA	0.694304467762272	NA	0.40457969797271
NA	NA	NA	NA	NA	NA	NA	NA	NA	NA	NA	NA	NA	NA	NA	NA	NA	NA	NA	NA	NA	NA	NA	NA	NA	NA	NA	NA	NA	NA	NA	NA	NA	NA	NA	NA	NA	NA	NA	NA
1.42372193814906	NA	1.20308393548555	NA	NA	0.413455931201425	0.332820248927963	NA	NA	NA	NA	1.43137456548707	NA	1.07500769037692	NA	NA	NA	NA	NA	NA	NA	NA	0.406982268068652	0.849838861892552	NA	NA	0.839033110061973	NA	0.416105400752605	0.247256365014392	NA	NA	NA	NA	0.511844042519975	1.15004676540655	NA	0.326456609316914	0.353175251228514	0.768202222811811
NA	NA	NA	NA	NA	NA	NA	NA	NA	NA	NA	NA	NA	NA	NA	NA	NA	NA	NA	NA	NA	NA	NA	NA	NA	NA	NA	NA	NA	NA	NA	NA	NA	NA	NA	NA	NA	NA	NA	NA
0.955210362434259	1.26620778785842	NA	NA	NA	0.821181777694247	NA	0.820459283646283	0.932902327743642	1.54028618764467	NA	0.999342684180614	NA	0.656583084036548	1.0262593527335	0.231103901884346	0.182598443590484	0.401855177848755	NA	0.518105438434208	0.997298048932142	1.05773705179698	0.392314067202725	NA	0.769168633011182	NA	1.00077577081827	NA	NA	1.22493930202037	NA	1.27972019619882	NA	NA	NA	0.917782402970167	NA	0.682819790458884	1.04438258005177	0.568200268556825
NA	NA	NA	NA	NA	NA	NA	NA	NA	NA	NA	NA	NA	NA	NA	NA	NA	NA	NA	NA	NA	NA	NA	NA	NA	NA	NA	NA	NA	NA	NA	NA	NA	NA	NA	NA	NA	NA	NA	NA
0.497071675181636	NA	0.603222745545313	NA	NA	0.900925545713346	0.736682540420379	NA	NA	0.777034373907747	1.34699330468851	0.545328589371979	1.05310126754871	1.19583902755291	1.0301079072979	NA	NA	0.966992716948045	NA	0.504781709955051	0.403971143636839	0.203143491884323	0.588047950720567	0.487783734600938	0.523643270759927	0.41164688004094	0.485943738158254	NA	0.742237801905382	0.958610710892964	1.26364686470174	0.717814985306453	NA	0.168825764342423	NA	0.449808830574424	NA	0.146383296967617	0.475614606710668	0.817497413628878
NA	1.59688645407814	NA	NA	NA	2.13354305174836	2.41127816966293	NA	1.50424287994201	1.05581144095829	0.552266360750843	NA	0.65019246357159	1.52123709201163	1.91215207209881	1.9831983945969	1.95940662139176	1.95774007976005	NA	2.24953864442682	1.83682619422287	1.85539755085817	0.940531465735406	NA	NA	1.65172909697399	NA	1.55459012585007	NA	NA	1.88414990783897	NA	NA	NA	NA	NA	NA	NA	1.64544986390337	1.57584488458762
NA	NA	NA	0.811063452670997	0.917443085107769	NA	1.09371362570698	0.914809194871053	0.937095707878883	NA	NA	NA	0.880829638521001	0.763927799160159	NA	1.11139986894864	1.05442134480661	0.902334693804205	NA	NA	NA	1.05312455338401	NA	0.870838801332433	1.16824563831905	0.791293012649847	NA	0.682381701359157	NA	0.667454660461486	0.661848341904416	0.405494944443477	0.484965584052447	NA	0.487004288085599	NA	NA	NA	NA	NA
1.06591597849593	0.92533938067753	NA	NA	1.36471884213686	NA	NA	NA	NA	NA	NA	NA	NA	NA	NA	NA	0.999224685969987	NA	NA	NA	NA	NA	1.02769537726921	0.871902492477011	1.13258403644153	NA	0.898673532836403	0.444278212103629	NA	NA	NA	NA	NA	0.752577466120759	0.695681672644259	0.471062705546455	NA	0.306813843817539	0.500738937092146	0.584908881051933
NA	NA	NA	NA	NA	NA	NA	NA	NA	NA	NA	NA	NA	NA	NA	NA	NA	NA	NA	NA	NA	NA	NA	NA	NA	NA	NA	NA	NA	NA	NA	NA	NA	NA	NA	NA	NA	NA	NA	NA
NA	NA	1.89614360544939	NA	NA	1.44514516292021	NA	1.25821944166907	1.2450390069459	1.33857790765788	1.61375839728032	1.69427399218953	NA	NA	2.0161521993381	NA	1.89463756746202	2.12983155147273	NA	NA	1.88215915336258	1.03640608718698	0.756274556072674	NA	NA	1.37928048924405	1.21935878898688	1.09490484207464	1.12031564719359	1.2983099248711	1.34165291883087	1.4863292961811	0.965836881430044	1.75795684025525	1.10449215107827	1.80154373057471	NA	1.33527441712142	0.818544117427975	0.841346870507724
NA	1.1486822251723	NA	0.917969983815961	NA	NA	NA	NA	1.4486835686388	NA	1.05798052158571	1.56218816486309	NA	1.18338014558436	1.04427134119248	NA	NA	1.02475084110541	0.937792729690628	NA	0.997163529818899	NA	0.531952698203236	0.80745761975663	1.06891497544098	0.356787097779624	NA	1.11653526921253	NA	0.538054017497108	0.529058245170838	0.847046800147553	1.68833403763301	0.46959698614352	0.212184896102822	0.388214942447117	NA	0.333159391201964	0.370900435207996	0.628344333811261
NA	NA	NA	NA	NA	NA	NA	NA	NA	NA	NA	NA	NA	NA	NA	NA	NA	NA	NA	NA	NA	NA	NA	NA	NA	NA	NA	NA	NA	NA	NA	NA	NA	NA	NA	NA	NA	NA	NA	NA
1.56826020977532	1.330889329071	0.97400098854158	NA	0.925372459682745	NA	NA	NA	NA	NA	0.391962344287477	0.106013122812843	NA	NA	0.55948814969856	0.765273938688417	NA	0.791430060547546	1.15914015203594	0.615743751642505	0.77579805574893	0.884551444592628	0.853849369117825	0.843558906529345	NA	1.57206972423451	1.3649514109985	NA	1.4755402814216	0.876238446124036	NA	NA	0.571629829491279	NA	1.02646917237042	0.845986616861146	NA	0.796326172732284	0.859238363657042	0.537419196963576
NA	NA	NA	NA	NA	NA	NA	0.752886344899921	0.657107837759389	1.40639781196458	NA	0.852001514928898	NA	0.933220673220687	0.671903543227043	0.842391795265624	0.86679717497782	0.818149862844685	NA	NA	0.6130266941539	0.586243919005197	0.520365913861045	0.299942123960358	NA	NA	0.416607354107848	NA	NA	NA	NA	0.521625871413529	0.497448891025137	0.587755289953485	0.214489740242844	NA	NA	0.364565074987256	0.436989039310388	0.68119486897793
1.19212148304097	NA	1.08057163316467	NA	NA	0.923498532284045	0.792368448856133	NA	NA	NA	NA	0.850007828922184	NA	0.586763542942085	0.513223084830765	0.876421634606426	1.01273030496457	1.00915454292284	NA	1.24309773121369	0.879062589544977	0.769394375283383	0.714551159710752	0.574250463737748	NA	NA	0.843012598910755	NA	0.939048484848115	NA	NA	0.553998507626733	0.325752306889642	NA	0.495742127582623	0.797290618388655	NA	NA	0.45749839286906	NA
NA	NA	NA	NA	NA	NA	NA	NA	1.41880979036698	NA	NA	NA	NA	NA	2.00290605500265	NA	NA	1.74245987272288	NA	NA	0.339036237973101	NA	0.306624047601843	0.466399047271064	0.558074168583771	0.385592078085173	NA	0.365825227344356	0.463965103831305	NA	NA	0.727489127323491	NA	NA	0.291675227016481	0.577855989123403	NA	NA	0.581343136138593	1.2636524915976
1.00727366775788	0.546149123945431	0.656546485372656	0.608592064195444	NA	0.668693113096971	0.817166435491066	NA	1.02894734364389	NA	0.703576040501257	1.04179990653803	NA	0.645979734388276	1.10555568596833	1.1331346942494	NA	1.04547491424612	NA	0.658151293629031	1.11282979070116	0.512969604445197	0.609360114498798	0.452369809090209	NA	0.303743064574527	NA	NA	0.356678052121884	NA	NA	0.200426311628934	0.310818560482849	NA	0.37880625943697	0.16118812895287	NA	0.162209587838144	NA	NA
NA	NA	NA	NA	NA	NA	1.5918542713441	NA	1.28608965938656	NA	NA	NA	NA	1.48794908714209	1.6263941410085	NA	NA	1.50296416097679	NA	NA	1.20469830603043	0.932738712600874	0.595219750731006	0.758211592562772	0.843716043313425	NA	0.384024455604203	0.514899868665607	0.871101355553422	0.943170737898364	0.972982624742121	NA	0.175584823882831	NA	0.810651562942062	0.426318704820571	NA	0.384786021426468	NA	0.38321854860343
0.274414256346187	NA	0.420474347045354	0.466878889223045	NA	1.70903388964612	1.51211595477722	0.469189812276552	NA	NA	1.36998443488747	0.938339945899377	2.01551967526911	1.6896019830199	0.669406445216117	0.809189478423782	1.36283702164316	0.949989160965488	NA	1.17858362593703	1.2073965328895	NA	1.18800930995593	1.06511869496114	0.946693850076747	0.544022198414143	NA	1.19437387888533	NA	NA	1.48524161448847	0.543843783475535	0.416419653734987	NA	NA	NA	NA	0.763301517335419	NA	0.482200154833445
NA	NA	NA	NA	NA	NA	NA	NA	1.06638791939544	1.33163842068417	NA	NA	NA	NA	NA	NA	NA	NA	NA	NA	NA	NA	NA	1.19170438295757	NA	NA	NA	NA	NA	NA	NA	0.818939738331636	NA	0.603085951622415	0.268780091630786	0.252592899916761	NA	0.263230298584585	NA	NA
0.769467425562835	NA	NA	0.672972827051559	NA	0.610808094194552	0.555661564492251	0.453717109306013	NA	NA	NA	0.574257818894252	1.00451397962215	NA	0.970911436880104	NA	0.792797564311488	NA	0.78236968525031	NA	0.923982674679939	0.406621724701598	NA	0.365874143628684	0.884943704177306	0.84492852912458	0.901463480669623	0.675187019360022	0.875920673818027	0.934199879724173	NA	NA	NA	0.562856233999885	0.560863669919154	0.565945318071565	NA	NA	0.773442488106002	0.516940338442973
NA	NA	NA	0.866423134902508	NA	0.784642852862407	NA	1.41790518411503	1.46274069723115	NA	NA	NA	NA	0.963575465130672	NA	1.27162843687473	NA	1.05519526090914	NA	0.772998040256896	0.623547677804053	0.571010583286598	NA	0.570445645359198	NA	0.207638706440061	NA	NA	0.454330644914306	0.476488764477461	NA	0.299333980402367	NA	NA	0.335717631200053	0.37742045845866	NA	0.483413785990211	0.562436109979978	NA
0.870030606520593	0.357127178751071	1.71890950674507	NA	NA	0.781265566928397	NA	1.8114581029251	1.73290565407895	NA	NA	NA	0.83076976448244	0.472774294636926	NA	0.891847357821223	NA	0.454812523669028	1.51914838802406	NA	NA	NA	NA	0.694792036844201	NA	NA	NA	NA	NA	NA	0.680645063234748	NA	NA	NA	1.55042513212721	NA	NA	NA	0.439866236659633	0.378809725705821
0.860514853145222	NA	NA	NA	NA	NA	0.796104520226734	NA	NA	NA	NA	1.42788671539258	NA	1.39687330779826	NA	NA	0.797831241763211	1.21148732658711	1.29372587444984	0.854040428027381	0.828016042510557	NA	1.01286636706294	1.00165392133561	1.39866849656848	NA	NA	1.18044613950393	1.54238324679866	1.24080733828934	1.24363831661572	NA	NA	0.843886904099938	0.821550176313635	0.527473645826146	NA	0.663761808484555	NA	0.581384905545318
NA	NA	NA	NA	NA	NA	NA	NA	NA	NA	NA	NA	NA	NA	NA	NA	NA	NA	NA	NA	NA	NA	NA	NA	NA	NA	NA	NA	NA	NA	NA	NA	NA	NA	NA	NA	NA	NA	NA	NA
NA	NA	NA	NA	NA	NA	NA	NA	NA	NA	NA	NA	NA	NA	NA	NA	NA	NA	NA	NA	NA	NA	NA	NA	NA	NA	NA	NA	NA	NA	NA	NA	NA	NA	NA	NA	NA	NA	NA	NA
NA	NA	NA	NA	NA	NA	NA	NA	NA	NA	NA	NA	NA	NA	NA	NA	NA	NA	NA	NA	NA	NA	NA	NA	NA	NA	NA	NA	NA	NA	NA	NA	NA	NA	NA	NA	NA	NA	NA	NA
NA	NA	NA	0.536994508554771	1.00837424299277	1.55505847359637	NA	NA	1.03613898502273	NA	NA	NA	1.13450830702369	1.58279662741983	NA	NA	NA	NA	NA	NA	NA	0.443058039018915	NA	NA	NA	1.47505442702453	NA	NA	NA	0.420970606460351	NA	NA	NA	NA	0.204522130143952	0.33829214546711	NA	0.230815905772704	0.667283055797509	0.573287086133674
NA	NA	1.39809931873787	NA	NA	NA	0.538727052985284	NA	NA	NA	0.713905987277806	NA	0.944615834229742	0.827690693295199	0.518274371360434	1.62270572068016	0.321192341686231	0.396158950119082	NA	0.885035594116066	NA	1.3145590497885	1.0428020192918	0.835941314878282	0.802253871384564	1.62468261323577	NA	0.499122569910046	1.67406365580559	1.63106807476965	0.845798296993174	1.19594652833723	1.65097633884554	NA	NA	1.39911991641182	NA	0.579389856866264	0.142879545679763	0.668726743826516
1.69085187627625	1.55900666587884	1.5184709834823	1.41555873669316	1.44496531028649	1.64069296703891	1.39116137219068	1.83751063124486	1.37852829972474	1.2822255031323	1.3378189396774	0.813049424470784	1.4063360809986	0.830904709364577	1.13432901667837	0.830116265771945	0.699598376318516	1.16322269047019	0.479508596648428	1.03677283514216	0.992015307997294	0.526223373809355	0.797853302392213	1.1353279539528	1.92803956055269	1.14043852371273	1.1587098852033	1.22154519130901	1.05059825611196	1.30997323747647	1.29211810893299	1.13905209641121	0.656198421736994	1.21371462055387	0.373794219020518	0.902924880517821	NA	0.324083349082022	0.430503177595253	0.186524778459479
NA	NA	NA	NA	NA	1.52294170545913	NA	NA	NA	0.853450273933634	NA	NA	NA	0.686974298112448	1.4480582165393	NA	NA	NA	NA	1.0556803771127	0.924796715385974	0.500075178031525	NA	NA	0.563221054240021	0.581925377515155	0.43124543692131	NA	0.272871688770931	0.762851849409326	0.62644855931737	0.707391320455043	NA	NA	0.411196584215244	NA	NA	0.58911367577024	NA	0.707097596439103
1.09681706114035	0.939517722245334	NA	0.859933190109552	NA	NA	0.70585467477907	0.607224623962388	0.864560894014389	1.56019698761638	0.997858217719776	0.705751768295575	0.846978611682553	0.846895229581316	NA	0.586264900559623	0.751320714198725	1.38698485394108	0.481782246414392	0.686576716034901	NA	2.05876757377058	1.00985030727224	0.842493247637117	0.727094462210048	0.838610810430135	2.18379618825643	NA	1.66479070090561	2.14829514661153	1.54362411565809	0.422756778249255	NA	1.77099946311481	0.544797083960586	0.651952291792012	NA	0.167514520344546	0.566347231412926	NA
NA	NA	NA	NA	NA	NA	NA	NA	NA	NA	NA	NA	NA	NA	NA	NA	NA	NA	NA	NA	NA	NA	NA	NA	NA	NA	NA	NA	NA	NA	NA	NA	NA	NA	NA	NA	NA	NA	NA	NA
0.906776341619899	1.24759970854411	NA	NA	1.07302796445971	0.91383462167824	NA	NA	0.853301383171125	NA	NA	NA	NA	1.56935337429546	NA	0.783372313109251	NA	1.53610964099955	NA	0.568588803311014	NA	NA	0.442325460840074	NA	0.867175926063709	NA	NA	NA	NA	NA	NA	NA	NA	0.106081454076462	0.576955996980163	0.294487347043653	NA	0.599583986085812	NA	0.378974142801707
NA	NA	NA	NA	NA	NA	NA	NA	NA	NA	NA	NA	NA	NA	NA	NA	NA	NA	NA	NA	NA	NA	NA	NA	NA	NA	NA	NA	NA	NA	NA	NA	NA	NA	NA	NA	NA	NA	NA	NA
0.579892871545293	0.370124518819824	0.996847469558123	0.649519707379465	0.717578638146518	0.591755648944923	NA	0.993972434636995	0.710227848803988	1.20634034909267	0.440753277144615	0.533900796892199	0.537810486019018	1.14473212596193	0.849956106636768	NA	0.725577430274615	1.17806347468607	3.01368185370719	1.02619718921857	1.32791678834191	1.1463770048287	0.93213529477946	0.60054349559946	1.74073029682776	NA	2.36391021192345	0.68567331736396	1.91194419222634	2.77508478075541	0.235060003973913	0.366614110392614	2.39403434054545	2.70664272296296	NA	1.74087467960394	NA	NA	1.4424706664411	1.20965131258924
NA	1.26161912080866	0.681708809942965	0.567174895805201	NA	NA	0.597797105899569	NA	0.513172421653616	0.528561905966043	NA	NA	NA	NA	NA	NA	NA	NA	NA	0.181524929502352	0.569268685650079	0.639266373943957	NA	1.17692264716063	1.10201017419238	NA	NA	NA	NA	0.761234157467478	NA	NA	0.650997427601106	0.872305671401829	NA	NA	NA	0.329527045639128	NA	NA
NA	NA	NA	NA	NA	NA	NA	NA	NA	NA	NA	NA	NA	NA	NA	NA	NA	NA	NA	NA	NA	NA	NA	NA	NA	NA	NA	NA	NA	NA	NA	NA	NA	NA	NA	NA	NA	NA	NA	NA
NA	NA	NA	NA	0.394862375059234	NA	0.548087365643731	NA	0.601992877040801	NA	0.169356164225453	0.303178682277638	NA	NA	0.427529471469061	NA	0.711718324461579	NA	NA	0.4150794493167	0.355356445635492	0.405867065597055	0.627809101638428	0.599239001219034	0.657027104318094	NA	0.681784685766503	0.625238767610112	0.355499313030797	NA	0.454542131942955	NA	0.724031355798428	0.580733525467826	NA	0.732795322108308	NA	0.625007041251283	0.523591043264779	0.721328907167073
NA	NA	NA	NA	NA	NA	NA	NA	NA	NA	NA	NA	NA	NA	NA	NA	NA	NA	NA	NA	NA	NA	NA	NA	NA	NA	NA	NA	NA	NA	NA	NA	NA	NA	NA	NA	NA	NA	NA	NA
1.06929333070556	1.15252026333924	NA	NA	1.02716950880971	NA	NA	0.922513862271801	0.995500575843894	0.917696738239063	0.646378462274504	NA	NA	1.76643938110572	NA	1.46583692960042	NA	1.4513617936299	1.50430774196448	NA	NA	1.19236774579926	NA	1.36290863416342	1.21246876744401	NA	NA	1.52645551130199	1.69588782822054	1.33892283061153	1.54129798886473	NA	NA	1.17334082012932	1.72852214701813	1.23468935974178	NA	1.26307735422764	1.22443805767596	1.07066568151733
NA	NA	NA	NA	NA	NA	NA	NA	NA	NA	NA	NA	NA	NA	NA	NA	NA	NA	NA	NA	NA	NA	NA	NA	NA	NA	NA	NA	NA	NA	NA	NA	NA	NA	NA	NA	NA	NA	NA	NA
NA	NA	NA	NA	NA	NA	NA	NA	NA	NA	NA	NA	NA	NA	NA	NA	NA	NA	NA	NA	NA	NA	NA	NA	NA	NA	NA	NA	NA	NA	NA	NA	NA	NA	NA	NA	NA	NA	NA	NA
0.539310888521079	0.764590527874718	0.652618253667933	NA	0.776463917663543	1.10722676701478	1.18323777358377	0.884377323500807	0.60872423630555	0.867558561100087	1.04853351063503	1.12150705327658	NA	0.952609815333454	0.79798997038707	NA	0.417216524198455	0.99831132126325	NA	0.501607649571352	NA	1.1017994949893	NA	0.39199478670964	0.378116123163221	NA	0.47786030537533	NA	NA	NA	0.399492302541862	0.247068600100503	0.115914154973549	NA	NA	0.534465019277627	NA	0.297546279520432	0.330478790591297	NA
0.971085855240171	NA	1.16110812075111	1.01853897897996	0.688249262857087	0.481289534696948	0.521038033841165	0.54918751119831	0.246285055819554	0.777146505034043	NA	0.390265565711069	0.654536046992504	0.429485377351187	0.524916916881548	0.0447860195409548	0.505591550654763	1.70166973887686	NA	0.703495838936198	0.576346916041933	0.481258883450095	0.508297774153041	0.381913304348948	NA	0.434429249406804	NA	0.45479061758772	NA	NA	NA	0.724589070398412	NA	NA	NA	NA	NA	NA	0.606736837411235	1.22789013410309
NA	2.05880471651131	NA	NA	NA	1.96827040221871	NA	1.25621276074488	NA	1.32670190932766	NA	1.04003946062841	NA	NA	NA	NA	NA	2.29607610198581	1.72539450467328	2.12001401392064	2.03055385471247	NA	1.88355433389573	NA	NA	NA	NA	NA	NA	2.58861416276658	2.65561206203288	2.36472867387332	NA	NA	2.55820389268166	2.62018462904727	NA	2.17694307709046	NA	NA
NA	NA	NA	NA	NA	1.0374815520307	1.06714754759637	1.18108923926894	NA	NA	NA	NA	NA	0.819693076454964	NA	NA	NA	NA	NA	NA	1.14283453747433	NA	NA	NA	NA	NA	NA	NA	NA	NA	NA	1.00335726567414	NA	NA	NA	NA	NA	NA	NA	NA
NA	NA	NA	NA	NA	NA	NA	NA	NA	NA	NA	NA	NA	NA	NA	NA	NA	NA	NA	NA	NA	NA	NA	NA	NA	NA	NA	NA	NA	NA	NA	NA	NA	NA	NA	NA	NA	NA	NA	NA
0.663430883762913	NA	NA	NA	NA	0.707449576452994	NA	NA	NA	0.801249087342451	1.05223363082029	NA	NA	1.21054697623919	1.14219462114784	0.639294187894434	NA	NA	NA	1.00402777881834	NA	NA	1.76360333934265	NA	NA	NA	NA	NA	NA	1.66546799822968	NA	1.52248126830182	1.46160616481193	1.32932426558705	0.410237755078473	1.25623602495463	NA	NA	NA	1.39708585195048
NA	NA	NA	NA	NA	NA	0.768127570644213	0.346115126800974	NA	NA	1.22996690977904	NA	NA	NA	NA	0.984366517510929	NA	0.609889563986442	NA	NA	0.590117595942461	0.955552778443838	NA	NA	NA	NA	NA	NA	NA	NA	NA	NA	0.898438426494157	NA	0.475363925256675	0.59337317330178	NA	1.01528111480715	0.993473459316171	0.778887038461704
NA	1.68495734322713	1.20108712024367	NA	NA	NA	NA	NA	NA	1.03081697329951	NA	NA	NA	NA	0.603244799797148	NA	NA	NA	1.27656259098653	0.917442123828666	NA	NA	NA	NA	NA	NA	NA	NA	NA	NA	NA	NA	NA	NA	1.16119265375295	NA	NA	NA	NA	NA
NA	NA	NA	NA	NA	NA	NA	NA	NA	NA	NA	NA	NA	NA	NA	NA	NA	NA	NA	NA	NA	NA	NA	NA	NA	NA	NA	NA	NA	NA	NA	NA	NA	NA	NA	NA	NA	NA	NA	NA
1.52647077697289	1.18660938377451	0.928235728688553	NA	0.840536183208938	NA	NA	NA	0.639754726629384	0.839908777467343	NA	0.882867299482214	1.7527880317706	0.984427601286589	NA	0.486117467239093	0.440912448689818	0.416313148911769	0.935166534529472	0.53910219729802	0.392114639319837	0.153188221348483	0.144985740790846	0.717424864644386	0.881313677568254	NA	0.590440076740756	NA	0.64698606753655	NA	0.782501003141641	NA	NA	NA	NA	0.321841046969405	NA	0.431401444267712	0.445458554486381	NA
NA	1.47904542282801	NA	0.88719756471839	1.06230162785101	0.778493354064622	NA	1.71514782890464	NA	0.86653448291568	1.00209339012309	NA	1.15576486206232	0.952260360468053	1.21169966043106	1.42281188675868	1.21276388704605	1.1119271131839	1.06136862631656	0.754946656143247	NA	0.65076160161715	NA	0.677611828800597	NA	NA	0.47256163996266	NA	0.787923438977695	0.984243930085042	0.790572157121626	0.326223023167127	NA	0.271634950627051	0.323477804367753	0.735231093535223	NA	0.690244727941373	0.28830890917776	0.731787161635823
NA	1.11054872194355	0.571802459541745	NA	0.984318145870864	0.614846730244577	0.609269442257221	NA	0.62248310182083	NA	NA	NA	NA	0.849944083676441	0.596969261489005	0.620963238214532	0.559486937074052	NA	NA	0.895373901935384	NA	NA	NA	0.404346930068387	NA	NA	NA	0.345084265940335	NA	NA	0.626110518274317	NA	NA	0.436907445027061	NA	0.71383717147233	NA	NA	0.42136635577385	0.61511202211304
NA	NA	NA	NA	NA	NA	1.19343597308995	1.19133263455397	NA	NA	NA	NA	1.04242660384476	NA	0.952737610171583	0.828512833503876	NA	0.448743661663006	1.23223554350821	1.52386021184617	NA	NA	0.493354239132895	NA	NA	NA	1.33952293249849	NA	NA	0.652815534914722	1.72251607391646	NA	0.59774468959977	0.424682775023432	NA	0.502339302806651	NA	NA	0.498534119533068	0.300344445754876
NA	NA	NA	NA	NA	NA	NA	NA	NA	NA	NA	NA	NA	NA	NA	NA	NA	NA	NA	NA	NA	NA	NA	NA	NA	NA	NA	NA	NA	NA	NA	NA	NA	NA	NA	NA	NA	NA	NA	NA
NA	NA	NA	NA	NA	NA	NA	NA	NA	NA	NA	NA	NA	NA	NA	NA	NA	NA	NA	NA	NA	NA	NA	NA	NA	NA	NA	NA	NA	NA	NA	NA	NA	NA	NA	NA	NA	NA	NA	NA
NA	NA	NA	NA	NA	NA	NA	NA	NA	NA	NA	NA	NA	NA	NA	NA	NA	NA	NA	NA	NA	NA	NA	NA	NA	NA	NA	NA	NA	NA	NA	NA	NA	NA	NA	NA	NA	NA	NA	NA
1.60817286924163	NA	1.38362028002886	1.38565185511016	1.35234460542461	1.5500222974253	1.80410821350829	2.16342569058079	2.14386006456342	1.6281079725139	2.12446998960538	1.83994774509229	1.49936236394979	NA	NA	NA	NA	1.89473781316688	0.831409025945772	1.60656809286582	1.46969169712873	0.618401693786944	0.619264462219199	0.573641428127383	0.490845591376454	NA	0.597326047346895	0.604434389918244	0.607084347355939	0.603200310019739	0.535773373968955	NA	0.772075077655532	0.685943067266621	NA	0.138203726101573	NA	0.462276219788484	0.462259027548921	0.441897604248446
NA	NA	NA	NA	1.21744775360348	0.56798860143551	0.695600424539919	0.311655176633004	0.38210207790149	0.689286320235603	NA	0.485603939858737	NA	1.07568107086458	0.965577401037554	NA	0.919696445663553	0.823395080407233	NA	0.559040521877167	NA	0.332105069942782	0.489017526655226	0.423605235863566	0.894513027612984	NA	0.878871780261952	NA	NA	NA	0.51957836953233	0.484884873261938	1.52163351165918	0.706208730770769	0.693794768142144	NA	NA	0.991307863054196	0.82980466266251	1.00209455031303
NA	NA	NA	NA	NA	NA	NA	NA	NA	NA	NA	NA	NA	NA	NA	NA	NA	NA	NA	NA	NA	NA	NA	NA	NA	NA	NA	NA	NA	NA	NA	NA	NA	NA	NA	NA	NA	NA	NA	NA
NA	NA	NA	NA	NA	0.488623667525347	NA	0.292789402373188	0.588218770431075	0.162217322996301	0.509822920009101	NA	1.12754134568696	0.791025917608508	0.742064113870311	NA	0.842616909787356	0.890512116582634	NA	0.856313328035977	NA	0.512064322958944	NA	0.41081965591682	NA	NA	NA	NA	0.613233973633365	0.299792335733956	NA	1.6809500268659	NA	0.691949114516196	NA	NA	NA	NA	1.1884274692243	NA
NA	NA	NA	NA	NA	NA	NA	NA	NA	NA	NA	NA	NA	NA	NA	NA	NA	NA	NA	NA	NA	NA	NA	NA	NA	NA	NA	NA	NA	NA	NA	NA	NA	NA	NA	NA	NA	NA	NA	NA
NA	NA	NA	NA	NA	NA	NA	NA	NA	NA	NA	NA	NA	NA	NA	NA	NA	NA	NA	NA	NA	NA	NA	NA	NA	NA	NA	NA	NA	NA	NA	NA	NA	NA	NA	NA	NA	NA	NA	NA
NA	NA	NA	NA	NA	1.43398531325266	0.857635110088993	1.07720210148774	0.925890089313805	1.1507245147882	NA	1.27891438745077	NA	0.940930764440948	NA	NA	1.25087810870384	0.860771344293535	NA	NA	1.99138998660153	0.984427511523115	NA	NA	NA	NA	0.661943167437226	0.884685642465905	NA	0.618653815316067	0.556706176603453	0.145896666630346	0.291455241854655	NA	NA	NA	NA	NA	NA	0.223751327586842
NA	NA	NA	NA	NA	NA	NA	NA	1.53803156063063	NA	NA	1.26266440288133	NA	0.494171753225419	NA	NA	0.727787763001962	0.632183747656829	NA	NA	0.756671033604812	0.820705168585107	NA	NA	NA	NA	NA	0.758814268929714	0.228135207298283	NA	NA	1.85339188155968	0.458132293725944	0.570287974450892	0.571425533793625	NA	NA	0.148599516778125	0.389392371301006	0.437390010291744
NA	0.820988167802788	NA	0.920237765241601	NA	1.06616534703901	0.763178000791862	NA	0.875733680078023	NA	NA	1.23981864677803	NA	1.41884073758049	1.54999669492048	NA	1.01774792142124	1.13837690223204	NA	NA	NA	0.652083162578762	0.324637772037119	0.43231646009433	0.643321129489376	0.226120003722108	NA	NA	0.335962856076262	0.723159101540537	0.255645304611066	NA	0.896960794029722	NA	0.342757106432005	NA	NA	NA	1.46631219277555	NA
NA	NA	NA	NA	NA	NA	NA	NA	NA	NA	NA	NA	NA	NA	NA	NA	NA	NA	NA	NA	NA	NA	NA	NA	NA	NA	NA	NA	NA	NA	NA	NA	NA	NA	NA	NA	NA	NA	NA	NA
NA	NA	NA	NA	0.813162753838042	NA	0.714736447800031	0.541641129876336	0.934280673585282	NA	NA	0.875681788100242	NA	0.803435545064319	0.917238220536952	NA	0.929572117310919	0.75185088019132	NA	0.499624257341899	NA	0.279915707476404	NA	0.994675411158259	NA	NA	NA	0.917442698013682	NA	0.971139903481273	0.776008811360361	1.16045674350508	0.846890440742061	1.36925986481565	0.51165128104568	NA	NA	0.309449084645873	0.665363160260723	0.509685700347057
NA	NA	NA	NA	0.648198989530681	0.889070577228999	NA	NA	0.969212611584741	0.546273831507933	NA	NA	NA	NA	NA	0.454565499834409	0.423739614007638	0.21549273908111	0.658903809891525	NA	0.426147539357639	NA	0.746794820338431	1.35548729404095	0.780314181764737	0.946245920102307	1.32025714530188	0.843965213393201	NA	1.12356511275095	NA	NA	0.365463417407211	0.575821640772399	0.443168094513851	0.458003730134648	NA	NA	0.799499855480767	0.728570678297939
0.739259499152722	NA	NA	NA	NA	NA	NA	NA	NA	NA	NA	NA	NA	NA	NA	1.16971864641117	NA	0.794683306863132	NA	NA	1.22916665092314	0.291978710583453	NA	NA	NA	NA	NA	NA	NA	NA	NA	NA	NA	0.745625469652953	0.239748027004576	0.44019384508828	NA	0.543791127217718	0.240391674072646	0.505737978671017
NA	NA	NA	NA	NA	NA	NA	NA	NA	NA	NA	NA	NA	NA	NA	NA	NA	NA	NA	NA	NA	NA	NA	NA	NA	NA	NA	NA	NA	NA	NA	NA	NA	NA	NA	NA	NA	NA	NA	NA
NA	NA	NA	NA	NA	NA	NA	NA	NA	NA	NA	NA	NA	NA	NA	NA	NA	NA	NA	NA	NA	NA	NA	NA	NA	NA	NA	NA	NA	NA	NA	NA	NA	NA	NA	NA	NA	NA	NA	NA
1.21400309262472	0.757202023063621	0.682406705824881	0.669821746893423	0.942844822571709	NA	0.782654081659781	NA	1.27516504532161	1.20969238013724	1.13339907535002	1.0676319011662	NA	1.34474305737332	NA	NA	1.12633750127731	1.18909991267833	0.873224729425096	NA	1.15416323397695	NA	0.623324284276574	1.28332689087118	1.62630771524429	1.2300962980273	NA	NA	0.718753758104554	1.54664565415425	1.09622736776565	1.59391523176617	1.20784622890674	0.763805475650591	0.359172001510908	0.204680384338122	NA	0.72499425057395	0.661564585345087	1.58028787246819
NA	1.18893531021753	NA	NA	NA	0.793329265253742	NA	NA	0.893516308741722	NA	NA	NA	NA	1.08663671745301	1.03017949666212	0.910353185444867	NA	NA	NA	NA	0.528648462242696	1.25914099198381	0.826912432185283	1.07967863280434	NA	0.882984740028391	NA	NA	0.499161673099224	0.725414526156097	0.956167876700057	NA	1.15561797547766	0.635660382890126	0.798546656778459	1.28812395954901	NA	1.2320419945774	0.348746390477476	0.559300601289547
NA	NA	NA	NA	NA	0.477396420257923	NA	NA	0.608262394627297	NA	NA	NA	NA	0.579565145589673	NA	0.789903797192958	0.861877988264653	NA	NA	NA	NA	NA	0.346728285570949	NA	NA	NA	NA	NA	NA	NA	NA	0.788346963111233	NA	NA	0.696045978958065	NA	NA	0.488093305966238	NA	1.26232178960471
NA	NA	NA	NA	NA	NA	NA	NA	NA	NA	NA	NA	NA	NA	NA	NA	NA	NA	NA	NA	NA	NA	NA	NA	NA	NA	NA	NA	NA	NA	NA	NA	NA	NA	NA	NA	NA	NA	NA	NA
NA	NA	NA	NA	NA	NA	NA	NA	NA	NA	NA	NA	NA	NA	NA	NA	NA	NA	NA	NA	NA	NA	NA	NA	NA	NA	NA	NA	NA	NA	NA	NA	NA	NA	NA	NA	NA	NA	NA	NA
NA	NA	NA	NA	NA	NA	NA	NA	NA	NA	NA	NA	NA	NA	NA	NA	NA	NA	NA	NA	NA	NA	NA	NA	NA	NA	NA	NA	NA	NA	NA	NA	NA	NA	NA	NA	NA	NA	NA	NA
2.63971019164788	NA	NA	2.14299928914751	NA	NA	NA	NA	1.70296651747813	NA	NA	NA	1.70442288383069	NA	NA	1.81839219942328	NA	1.7062671602318	NA	NA	1.25353171825588	0.797358578784139	0.9072396417233	NA	NA	NA	1.37669708105482	NA	NA	NA	NA	NA	0.559553599915194	NA	NA	NA	NA	NA	0.709842724918328	NA
1.38542201997927	1.04389503864905	NA	NA	0.936409766067018	NA	0.786984758138831	1.43416947219245	NA	0.302016803288591	1.18346683303018	NA	0.54521626721288	0.560364498699846	1.35188576121165	NA	0.438063818887306	0.687242321182522	0.678887323195284	0.348135050123204	NA	0.327547108021633	0.141554219272726	0.314449030037654	0.498813356283798	0.718742947188282	NA	0.534538538213539	NA	0.265522328150009	0.446414545204548	0.316544170666643	0.848508342365265	0.659867918910026	0.565023205662717	0.321345419645051	NA	0.710899117133146	0.425216881214026	NA
NA	NA	NA	NA	NA	NA	NA	NA	NA	NA	NA	NA	NA	NA	NA	NA	NA	NA	NA	NA	NA	NA	NA	NA	NA	NA	NA	NA	NA	NA	NA	NA	NA	NA	NA	NA	NA	NA	NA	NA
NA	NA	NA	0.714167646644951	NA	NA	NA	NA	NA	NA	0.187253816673079	0.894467225350441	NA	NA	0.766017988720538	0.745175674593284	NA	NA	NA	NA	NA	1.11870052243284	0.261642858301698	0.308562527306802	0.232206537928361	NA	0.774415341209916	0.663596134065184	NA	NA	NA	0.356994543802255	1.73874322816515	NA	NA	NA	NA	1.51332163202732	NA	NA
NA	NA	NA	NA	NA	0.0557557865370799	0.363851569099755	NA	0.492920067999295	NA	1.16471002439828	NA	NA	1.49323804132313	NA	NA	NA	NA	NA	0.858607410686824	NA	NA	0.638813455359277	0.406781314445936	0.42436204070522	0.214416858539053	0.303483406571171	NA	0.665551260116011	NA	1.25574634402932	1.79976153865473	NA	NA	0.65399158965065	NA	NA	NA	0.241382984836413	0.35927482019795
NA	2.04281420702466	NA	1.42943376498773	1.48958526757157	NA	1.17000054932666	NA	NA	NA	NA	1.36687085102745	NA	NA	NA	1.3005219749505	1.27887260813015	1.34983681170698	NA	NA	1.50747578752252	1.42696509221672	1.70174565182689	NA	NA	1.7324411686578	1.68619693803619	NA	1.4785401590013	NA	1.2876231294211	1.81542106038589	NA	NA	2.22014631770681	2.00741636234998	NA	NA	NA	2.78859771712778
NA	NA	NA	NA	NA	NA	NA	1.46923569054234	NA	NA	1.79880687873439	1.76132413631334	NA	NA	NA	NA	NA	NA	NA	0.370719448152341	1.13844143246648	0.806556156335301	NA	1.1367669980049	NA	NA	NA	0.377876369360038	NA	1.4401978100858	NA	NA	1.27635214740973	1.05679926768674	0.933083876553551	NA	NA	NA	NA	NA
0.952844338426956	2.25632609583268	2.33866240409467	NA	NA	NA	1.95579465871419	NA	1.14580229620194	1.16161960962688	1.11427036968422	0.976902830622219	NA	0.88548658825601	NA	NA	NA	0.898488339622393	0.794460882110679	1.71194283696626	NA	NA	NA	NA	NA	NA	NA	0.638915837564127	NA	NA	NA	1.3806352105494	1.14808413907397	1.01082316318737	NA	NA	NA	0.57139913697136	0.806222903123834	1.09125870871186
NA	0.847161448265546	1.35513271864442	NA	1.08373910703229	0.889998548720812	NA	NA	NA	NA	1.2782139948756	NA	0.887314492663904	NA	NA	1.08906568841439	1.53929999708735	NA	NA	0.674804111588019	NA	0.662820226976085	0.454431706767482	1.58731189166214	1.14055413974187	NA	NA	NA	NA	NA	NA	NA	0.591741833223925	0.585958476200257	NA	0.257364630269711	NA	0.432944845507997	NA	NA
NA	NA	NA	NA	2.46477004010982	1.88362143283386	1.74019858040186	0.996718148703083	1.02885803381995	1.3050397482319	NA	1.92958307294867	NA	NA	2.07040294632587	1.7968807111945	1.65770627398846	NA	NA	1.85784364644867	2.94396126234683	1.66093068867826	1.83460643767453	2.14561842964412	1.41669984174075	1.66758117606765	1.60200873888442	NA	0.244453852208725	1.63127048278543	0.118466363440123	1.8192984450741	2.05340038683347	0.485547758280809	2.34008281141088	2.22813805728544	NA	1.98634137864832	1.42645432045197	NA
NA	NA	NA	1.8047590295187	NA	1.48799341176139	NA	1.62580396193457	NA	NA	1.27696520398219	1.30663363169785	NA	NA	1.83117940827795	0.630578488272273	1.47804106649562	1.64379911527745	NA	NA	1.03920024682448	1.03792437619025	1.01647176880238	0.946715795047096	NA	NA	0.564034559177825	0.537598608555471	0.876458763850908	0.626468415880679	0.682859211666749	0.414396331345758	0.582422079070224	0.391372285716719	0.212117686524086	0.37723603463367	NA	NA	0.138949343974167	0.926743980954581
1.34918032127161	NA	0.86798116710854	NA	NA	NA	NA	NA	NA	NA	NA	NA	NA	0.913063024757063	NA	NA	1.0209663735409	0.871639506006027	0.809987960618674	0.645070561024538	NA	1.94404355594322	NA	0.86472869573519	0.722928665469181	NA	0.350066924811665	NA	0.95481163079125	0.445126996995762	0.661450128085289	0.362493329892651	0.202753058462398	NA	NA	0.241876535259749	NA	0.576928989822793	0.954748178966091	NA
NA	1.22168231981964	NA	NA	NA	0.781945019534841	NA	0.834772619412774	1.10389488173811	0.66310841239427	0.494615022363392	1.21388878050311	NA	NA	1.25610145403179	0.961966223412438	1.28596177307535	1.33336039497677	NA	0.908318253965559	0.836545401847148	0.809895256325118	0.497549959296289	0.690460920341747	0.630554309969162	1.41096239304983	0.248923226707829	0.568255446422547	0.554007683554575	NA	0.836500337757452	NA	NA	0.57655179603755	NA	0.62770154406379	NA	0.781683904706837	0.703169627802895	NA
NA	NA	NA	NA	NA	NA	NA	NA	NA	NA	NA	NA	NA	NA	NA	NA	NA	NA	NA	NA	NA	NA	NA	NA	NA	NA	NA	NA	NA	NA	NA	NA	NA	NA	NA	NA	NA	NA	NA	NA
NA	NA	NA	NA	NA	NA	NA	NA	NA	NA	NA	NA	NA	NA	NA	NA	NA	NA	NA	NA	NA	NA	NA	NA	NA	NA	NA	NA	NA	NA	NA	0.355399054109904	0.433406034510011	NA	0.624411259701552	NA	NA	0.505873355756313	0.588815118185278	0.949515169685901
NA	NA	NA	NA	1.27562740346229	NA	NA	NA	NA	NA	NA	0.823818312570917	NA	NA	0.668513028267605	0.175699689755266	0.408640840472301	0.513078720609336	0.561048972241708	0.332249722902797	0.988906409437132	0.395282753898938	2.47817090864087	0.949573142257698	2.05416517461337	1.52643918946523	NA	NA	1.19158197205554	NA	NA	1.24138091883582	NA	0.882675206216385	0.785226910428056	1.7379621778867	NA	NA	NA	1.29625966105993
0.838290123510587	NA	NA	NA	1.7866674920198	1.42996038185982	1.89791165607757	NA	NA	1.66309171128491	NA	NA	NA	NA	NA	NA	1.90456701782102	1.86377267281838	1.50999221460053	1.17775694154756	1.00529366576583	0.570219146827614	0.53308743700754	0.581640376594464	NA	0.238963524740224	1.57912835696943	NA	0.676552155238032	NA	NA	NA	NA	0.303026023873502	0.366415160404658	0.388811494024261	NA	0.315242304256052	0.215522737728077	0.498648055796443
NA	NA	NA	NA	NA	NA	NA	NA	1.57813121773456	1.59136971433476	NA	NA	NA	NA	1.52040735075528	NA	1.51019834162194	1.54876796654813	1.30205177070262	1.03141243795286	NA	NA	1.58537416383532	NA	NA	1.50195782491717	NA	1.15313683720346	NA	0.623207939114563	NA	0.547883437419889	1.17508026198968	NA	0.357353099986419	NA	NA	NA	0.710493055445698	0.706290788527042
NA	NA	NA	NA	NA	NA	NA	NA	NA	NA	NA	NA	NA	NA	NA	NA	NA	NA	1.21745914144965	1.10885113103187	NA	NA	NA	NA	NA	NA	NA	NA	1.22062606438846	0.910170025306713	0.878138385569602	0.710490679877887	0.509502809055592	0.562447974699988	0.409424220214817	0.72205992441541	NA	0.683026268718249	0.634753569912221	1.62833474193402
NA	NA	NA	NA	1.25771481543563	NA	0.861500014110669	NA	0.585722819407354	NA	0.403643414556536	0.463370972908193	NA	0.461787208117031	0.402837168603266	0.622281169149429	NA	0.686632384277675	NA	0.454176057841184	NA	0.444582256189889	NA	0.702503073504169	0.623549410869991	0.823684289554124	0.887328144765768	NA	NA	NA	NA	NA	NA	0.619415112926551	NA	1.52855870891548	NA	NA	0.483224241030738	NA
NA	NA	NA	NA	NA	NA	NA	NA	NA	NA	NA	NA	NA	NA	NA	NA	NA	NA	NA	NA	NA	NA	NA	NA	NA	NA	NA	NA	NA	NA	NA	NA	NA	NA	NA	NA	NA	NA	NA	NA
NA	NA	NA	NA	NA	NA	NA	NA	NA	NA	1.13616920009408	NA	NA	1.20992683117523	NA	1.21875066014643	0.826440644047232	NA	NA	0.74961713272253	NA	NA	1.03139525330009	NA	1.02259065762459	NA	NA	0.688298323928882	NA	0.518291121952737	NA	NA	0.550056661883037	0.509734829096644	1.64035638895199	NA	NA	1.80216690132926	0.69868278164602	1.19116102714882
NA	NA	NA	NA	NA	NA	NA	NA	NA	NA	NA	NA	NA	NA	NA	NA	NA	NA	NA	NA	NA	NA	NA	NA	NA	NA	NA	NA	NA	NA	NA	NA	NA	NA	NA	NA	NA	NA	NA	NA
NA	1.76578602627142	1.16085602650975	NA	NA	0.86341677457702	1.11536547135318	1.07804102512793	0.722147318637465	1.41111537664003	NA	NA	NA	NA	NA	NA	0.886862811869799	1.06118092292571	0.569406605918431	0.571189903036307	0.397341485602798	0.633541260638716	0.699593114924739	1.09762908259632	NA	NA	0.74995165783638	0.561910798823056	NA	0.861381771909954	NA	NA	0.848027463096824	0.486188121272787	NA	NA	NA	0.666347036151793	NA	0.943013484930564
NA	NA	NA	NA	0.916614555795624	1.38085031977197	NA	1.66407940179782	NA	NA	0.660002025269897	1.0416734556874	0.996496308321001	1.13678910937418	1.04104446682347	NA	0.676962284034061	NA	0.670308027955799	NA	NA	0.692905569499111	NA	0.376954750799397	0.671588387107543	0.447030040832586	0.496781376449405	0.494875900541194	0.728206252595011	NA	NA	NA	NA	0.0774667674817787	NA	0.481933584438377	NA	0.285584121361423	0.730088167778934	NA
NA	NA	NA	NA	NA	NA	NA	NA	NA	NA	NA	NA	NA	NA	NA	NA	NA	NA	NA	NA	NA	NA	NA	NA	NA	NA	NA	NA	NA	NA	NA	NA	NA	NA	NA	NA	NA	NA	NA	NA
NA	NA	NA	NA	NA	NA	NA	NA	NA	NA	NA	NA	NA	NA	NA	NA	NA	NA	NA	NA	NA	NA	NA	NA	NA	NA	NA	NA	NA	NA	NA	NA	NA	NA	NA	NA	NA	NA	NA	NA
NA	NA	1.78554795675783	1.65174102237739	1.23943842963635	1.49605624720002	NA	NA	1.90179123839839	NA	NA	1.15697107032913	0.869988477787136	1.05368327514166	0.959456929251956	NA	NA	NA	NA	1.08479837815332	NA	NA	NA	NA	0.715829164521672	NA	NA	NA	NA	NA	NA	NA	NA	NA	NA	0.220922619964191	NA	NA	NA	NA
NA	NA	NA	NA	NA	1.55574963823037	NA	NA	NA	NA	NA	0.535809977574287	NA	NA	NA	NA	0.316891338874994	0.296687984931156	0.489087180058316	0.875117010596579	0.401632211065283	NA	0.705839932374718	NA	1.30434920775868	NA	1.29499808446499	NA	NA	NA	NA	NA	0.613836129608217	NA	1.44323703356804	NA	NA	0.533753400675307	NA	NA
1.59598790678157	NA	NA	1.32457416334153	NA	1.82706491863416	NA	1.13122409330803	1.36890401688308	1.20006415432043	1.41903759300865	NA	1.33283921699081	1.22116583382931	1.44473177699506	1.07101081269564	1.26052798853644	1.28029210682076	1.15339066422597	NA	0.954349450162063	0.563357434189274	0.391445063153237	0.373599067094405	0.254642306612887	NA	0.630457604029419	0.522052985818187	NA	0.648208163644749	NA	0.449708862548608	0.812180283303011	NA	0.370518795091469	NA	NA	2.41903198048866	0.268811303288045	0.503668672884582
NA	NA	NA	NA	NA	NA	NA	NA	NA	NA	NA	NA	NA	NA	NA	NA	NA	NA	NA	NA	NA	NA	NA	NA	NA	NA	NA	NA	NA	NA	NA	NA	NA	NA	NA	NA	NA	NA	NA	NA
NA	NA	NA	NA	NA	NA	NA	NA	NA	NA	NA	NA	NA	NA	NA	NA	NA	NA	NA	NA	NA	NA	NA	NA	NA	NA	NA	NA	NA	NA	NA	NA	NA	NA	NA	NA	NA	NA	NA	NA
0.69749157817146	0.432195746739047	NA	NA	0.495589135155949	NA	NA	NA	NA	NA	0.60490855809116	0.891958857652275	NA	NA	1.47008615337641	NA	NA	0.867528999346223	0.58447059277152	0.532339875144319	1.33947380032211	0.382635025245979	NA	0.229764812269035	NA	NA	0.425800549012592	0.222714804608724	0.404178723808287	NA	0.435817891755115	0.340080975123911	NA	NA	0.355293714850527	0.225971687382943	NA	0.492737533491063	0.405596420395064	0.914432563140828
NA	NA	1.25569140513276	NA	1.15088900740649	1.03549124505386	NA	0.977162748404346	0.839271986555499	NA	0.676255901216269	1.12564114257801	NA	NA	NA	1.54736383753367	1.46626550689102	0.860921907703246	NA	NA	0.563330886084103	0.983292505629691	0.555997482765895	NA	NA	NA	0.597306076257626	NA	0.709103408880979	NA	NA	0.632083881291993	NA	0.396430592736278	NA	0.305116908523969	NA	NA	0.517743811292654	NA
NA	NA	NA	NA	NA	NA	NA	0.746392688436502	0.812125230672075	0.45073973898867	NA	0.961072150466596	NA	1.2117526735878	NA	1.05364016668628	0.960820108578021	1.18206765798668	NA	0.629649908524714	0.454906157571366	NA	0.644133486006417	NA	NA	NA	NA	NA	0.186052058649884	NA	NA	NA	NA	0.636507874894109	0.669598761257899	0.708170336497486	NA	0.737036068931632	0.804387069209023	0.748335506516348
1.44847132823126	0.96400364669247	NA	NA	NA	2.25019059170981	NA	1.61007303819742	NA	NA	NA	NA	NA	NA	2.11731564728327	NA	1.88050597998395	2.10768654758497	NA	1.18964895088419	0.904000812976018	0.706585270901961	1.01265700937975	0.928170868465637	1.01056326545303	NA	NA	NA	NA	NA	0.751783813582675	0.357531546328108	0.361940437900894	NA	0.229088819656937	NA	NA	NA	0.889696202050965	0.882983444958377
NA	0.506488607705197	NA	NA	0.8994484915643	0.840487573876711	0.687036321694963	NA	0.549864678875784	0.965403613578715	NA	1.05085599486733	NA	NA	0.837739935453652	NA	0.684676301401042	0.801494368830586	NA	NA	NA	0.374382094930963	NA	0.788677215236942	NA	2.04399619873357	1.95974972445403	1.69766189240093	1.86444336644671	1.04676948036323	1.23671075773159	0.299992829468603	NA	0.43556724569352	0.363617492878394	0.530611704502873	NA	0.256457471537288	0.264020224588928	0.253996219859623
NA	0.918055365560151	NA	0.679998082182393	NA	0.805344874807178	NA	NA	1.10082521769056	NA	1.27609234016649	1.17198935743533	NA	NA	NA	1.29353751460052	1.70951962851557	NA	1.40729631835478	NA	0.688591397040034	0.402939648582324	NA	0.649036529696623	NA	0.137328427336576	NA	0.682543312157675	0.328366163277109	0.259937126983289	0.566685332581922	0.73961119608528	0.62111577865848	0.386614378513536	NA	NA	NA	0.284247723570246	NA	0.271568423683354
0.556905122388042	NA	NA	NA	NA	1.28172104365746	0.962559334822029	1.18248601535348	1.44846712427061	NA	NA	NA	NA	NA	1.29197737682732	1.73570780761274	0.907355978408073	NA	NA	1.10296955819071	0.654763232048639	0.748491375924824	0.918786851448157	0.909234184978969	2.24808571270971	NA	NA	1.20622685681718	1.06459617128229	NA	NA	NA	0.592785334897199	NA	NA	NA	NA	NA	0.793316960908538	1.48975183608536
NA	NA	NA	NA	NA	1.33075375825937	NA	0.314525984269604	NA	NA	NA	1.21510535761711	NA	NA	NA	1.39503697139551	NA	NA	NA	NA	1.25520433077151	1.30444069732161	0.654378039676347	1.26831914951809	NA	1.17738167490922	1.21018227984385	0.829020918348995	NA	NA	NA	NA	NA	0.902357376733544	0.980196855663361	0.527807061544748	NA	0.24450780240149	NA	1.29001261968453
1.47179841791578	NA	NA	1.13006570316099	1.21562289612275	NA	NA	NA	NA	NA	NA	NA	NA	NA	NA	NA	NA	NA	0.842705363136653	NA	NA	NA	NA	NA	0.636358737112189	NA	NA	NA	0.833339329754641	0.449778918970243	NA	NA	NA	1.46426171538688	0.304274834518357	0.331001271114083	NA	NA	0.611394138801415	NA
1.55636714322765	NA	NA	NA	NA	NA	1.0354168094193	0.782819381008602	0.539994079482391	NA	NA	0.756377285738013	NA	NA	0.912699007783812	NA	NA	NA	NA	0.449904499434422	NA	NA	0.268343522469459	0.14592888880078	0.781393248013443	NA	NA	NA	1.06070654904733	NA	0.584295913664655	0.694525490335785	NA	NA	NA	0.133428138275859	NA	0.677232403073455	0.243830866558739	0.721491209169455
NA	NA	NA	NA	NA	NA	NA	NA	NA	NA	NA	NA	NA	NA	NA	NA	NA	NA	NA	NA	NA	NA	NA	NA	NA	NA	NA	NA	NA	NA	NA	NA	NA	NA	NA	NA	NA	NA	NA	NA
NA	0.883336881049819	NA	NA	NA	1.19097467293024	NA	1.35778320031642	1.15305714532653	NA	NA	NA	NA	NA	NA	1.08975821894174	0.961776170004946	0.858874596492722	1.01217601587134	0.950100249250292	0.645544239459865	NA	1.28339326996932	0.911756111003809	NA	NA	0.941385754898255	NA	NA	0.72439419799124	NA	NA	NA	NA	NA	0.828580001534071	NA	NA	0.374633432240672	0.640676360752351
0.257764181525009	NA	0.261840918054131	NA	0.347939736307252	0.752798672968438	1.07337706995974	1.27796026684749	1.00403319599096	1.33995697081437	1.56011083805273	1.30322392763386	1.51370349143797	1.46909777088149	1.27175425414394	1.49500946316143	1.46689138995918	1.32725103266774	1.58653187434429	NA	NA	0.462551142892862	0.376854123469029	NA	0.534969474903595	NA	NA	NA	NA	0.207664190290045	NA	0.594159525268002	0.384319594756554	0.365438429531647	0.532536139880866	NA	NA	0.346345765509134	0.545596110044999	0.593950887551936
NA	NA	NA	NA	NA	NA	NA	NA	1.73472121868193	NA	NA	1.41174586619476	NA	1.43493191954886	1.33303886649394	1.54492870416161	NA	NA	NA	NA	1.49575243441693	NA	NA	1.47759260690958	NA	1.26914849930711	NA	NA	NA	1.31921566620691	NA	NA	0.67561419220321	NA	0.815028983812581	0.534261717709018	NA	0.358177905687832	NA	0.907340936009837
0.700774059344796	NA	NA	NA	NA	0.632468295471439	NA	NA	NA	NA	NA	NA	NA	0.422016822282359	NA	NA	1.14616958722671	NA	NA	NA	NA	0.893296317416814	NA	NA	NA	NA	0.312296466910458	0.492106906593106	0.470417993041209	NA	NA	NA	NA	0.429902859942695	0.396031823661618	NA	NA	NA	0.424203557016645	NA
1.22835009555547	1.18781015675861	NA	1.13061828673362	2.10167153258778	NA	0.709768819746398	1.06476497299451	0.507268684304664	0.780610890249129	0.782114475817665	0.696414918353714	NA	0.700771582282126	NA	0.355512761776021	0.375646761151829	0.771786588808958	0.629280982876223	NA	NA	0.58784164504025	1.124392608072	0.337717314495019	0.530641383780251	0.363929232504937	NA	1.93414786312194	NA	NA	NA	NA	0.728608630044107	0.859871385553187	1.65458294075141	0.472413539195138	NA	NA	0.512072645057106	0.848855121942056
1.07766319504772	1.08036646603975	NA	NA	NA	1.04035337658606	1.6302273197173	NA	NA	1.39829689183626	1.22247055123127	1.08703347177614	NA	0.725454198645433	NA	NA	0.761559959008527	0.835883899128855	0.89868334558529	0.878512919404002	1.08068384024386	NA	1.00129215910904	NA	1.37463242689864	1.22960212924058	0.951601042152076	NA	NA	NA	NA	NA	NA	NA	NA	1.45713909319712	NA	NA	NA	NA
NA	NA	NA	NA	NA	NA	NA	NA	NA	NA	NA	NA	NA	NA	NA	NA	NA	NA	NA	NA	NA	NA	NA	NA	NA	NA	NA	NA	NA	NA	NA	NA	NA	NA	NA	NA	NA	NA	NA	NA
NA	NA	NA	NA	NA	NA	NA	NA	NA	NA	NA	NA	NA	NA	NA	NA	NA	NA	NA	NA	NA	NA	NA	NA	NA	NA	NA	NA	NA	NA	NA	0.634526114516856	0.828162951728476	0.444355651506114	0.82229428983892	NA	NA	0.772967302518854	1.17553875255758	0.73260040357832
NA	1.57332111401156	NA	0.96693438930088	0.658191943784958	0.822698363172641	0.789545344482989	0.640178387025825	1.11937612126387	0.970095955367905	0.688582580927853	0.653400562289887	0.325923877117676	0.321895074186097	0.608686755760974	NA	NA	NA	NA	1.24041013260682	0.788430004696567	0.572902296472537	0.590703869372687	0.826606754824786	1.14705244886143	NA	1.02213819449219	NA	1.07473823752043	0.991514010105287	NA	0.237370837062423	NA	0.345276501165616	0.241285057636594	NA	NA	NA	0.781733255549543	0.923610230614043
NA	NA	NA	NA	NA	0.842026341022914	0.967299845282483	NA	1.1330978246794	1.05826760480531	NA	NA	1.15867824479917	1.17801427473417	1.16475304301004	1.16375118635324	1.0283330640849	1.24455169939782	NA	NA	NA	NA	0.223737232023866	NA	NA	NA	NA	0.530579828373057	0.881609204207679	NA	1.10748286968739	0.560690029154457	NA	0.530656922056238	NA	NA	NA	0.318629610800219	0.262178361150599	0.59067795959451
NA	NA	NA	NA	NA	NA	NA	NA	NA	NA	NA	NA	NA	NA	NA	NA	NA	NA	NA	NA	NA	NA	NA	NA	NA	NA	NA	NA	NA	NA	NA	NA	NA	NA	NA	NA	NA	NA	NA	NA
NA	NA	NA	NA	NA	1.63735554948969	NA	NA	NA	NA	0.176293042721045	NA	NA	NA	NA	NA	NA	NA	NA	NA	1.21484413812613	NA	NA	NA	NA	NA	NA	NA	NA	NA	NA	0.642113234203715	0.549071650747606	NA	0.204102005757876	0.550990139279512	NA	0.891526101902443	NA	0.678058059299881
1.94693151985495	NA	NA	NA	NA	1.48517370917131	1.53857632074363	NA	1.04267260797565	NA	1.12787111050039	1.26169443267423	1.04119063029125	0.920546344646118	0.826251471983677	0.787393588793503	1.02232098593011	1.01371013958296	NA	NA	1.42557423306997	0.882256172286312	NA	NA	0.613097580959457	NA	0.440171172463017	0.846580075001612	0.633458449883035	NA	NA	0.491549039351873	0.364156912154115	0.655317946574137	NA	NA	NA	0.63045591851883	0.434634299481879	0.869196401987556
NA	NA	1.75612484712937	NA	NA	NA	1.82299624884845	NA	NA	1.91346692465927	1.80198196779613	1.97085550452813	NA	NA	2.29401156263001	2.28568053766264	2.20233721689301	2.25637104641101	NA	NA	NA	1.92845946336832	1.63554544107927	NA	1.6178130981476	NA	NA	0.665154235426559	0.885899567825127	NA	NA	NA	1.23771583264881	1.16874133157008	NA	0.376685331140017	NA	NA	0.277371941580395	NA
NA	NA	NA	NA	NA	NA	NA	0.394746590073608	0.202792359971637	0.4190590810592	NA	NA	NA	0.484847903615167	0.486832633913007	0.536707798730809	0.683441551002398	0.578739871489131	NA	NA	0.468697079014603	0.248552434921632	0.593535174246823	0.604884348046327	0.630255245353959	NA	NA	NA	NA	NA	0.554933001534789	0.67447848338296	NA	NA	0.889269762268557	0.694389732456947	NA	NA	NA	NA
NA	0.704344459241178	NA	NA	NA	NA	NA	NA	NA	NA	NA	NA	NA	0.654610843230966	NA	NA	0.660221266944529	0.810063923076089	0.475621254661588	NA	NA	NA	NA	NA	NA	NA	NA	NA	NA	NA	NA	NA	NA	NA	NA	NA	NA	0.13961457362298	NA	NA
NA	NA	NA	NA	NA	NA	NA	NA	NA	NA	NA	NA	NA	NA	NA	NA	NA	NA	NA	NA	NA	NA	NA	NA	NA	NA	NA	NA	NA	NA	NA	NA	NA	NA	NA	NA	NA	NA	NA	NA
NA	NA	NA	NA	NA	NA	NA	NA	NA	NA	NA	NA	NA	NA	NA	NA	NA	NA	NA	NA	NA	NA	NA	NA	NA	NA	NA	NA	NA	NA	NA	NA	NA	NA	NA	NA	NA	NA	NA	NA
NA	NA	NA	NA	NA	NA	NA	NA	NA	NA	NA	NA	NA	NA	NA	NA	NA	NA	NA	NA	NA	NA	NA	NA	NA	NA	NA	NA	NA	NA	NA	NA	NA	NA	NA	NA	NA	NA	NA	NA
NA	NA	NA	NA	NA	NA	NA	NA	NA	NA	NA	NA	NA	NA	NA	NA	NA	NA	NA	NA	NA	NA	NA	NA	NA	NA	NA	NA	NA	NA	NA	NA	NA	NA	NA	NA	NA	NA	NA	NA
1.30476206936178	NA	NA	0.457256726380331	NA	0.771452677374654	NA	NA	0.673708340550739	0.859172209940083	0.914022181398739	0.794447590200151	0.511636157439193	0.614807450787704	0.656880718723793	0.756424730412243	0.604979199770009	0.637194374736769	NA	NA	0.274970023997858	0.492574112824893	0.63888094926817	0.506538278657328	NA	0.622897752590063	NA	NA	0.889363380528724	NA	0.890352280294449	0.834445774802879	1.22326729002119	0.662674927655394	0.325581529812622	0.512546327048387	NA	0.287276527612201	0.411470627850475	0.207768832802849
NA	1.64350682676334	NA	NA	NA	0.418553260073855	NA	0.403082711413744	NA	NA	NA	NA	NA	0.737213562490426	0.833384429028007	NA	NA	0.432635888220418	NA	0.422766480128138	NA	0.489524943312875	NA	NA	NA	0.818526589478023	NA	NA	NA	NA	NA	NA	0.666427566670455	0.345573096462342	NA	0.490096260005594	NA	NA	NA	NA
NA	NA	NA	0.623149198044205	0.910708487861135	NA	NA	0.569636279492948	NA	NA	NA	NA	NA	0.689500081794879	NA	NA	NA	0.577222224067595	NA	NA	NA	0.589297124040523	NA	NA	0.511154893544824	NA	NA	0.550865300279941	NA	0.198371046859811	NA	NA	0.403889454780872	NA	NA	NA	NA	NA	0.210226449194247	NA
NA	0.827441291715495	NA	NA	1.2007441839162	NA	0.764697379678824	1.03290308887161	0.942913119387902	NA	NA	NA	0.672099123254401	0.714998513832255	0.854412561157573	1.0839221777863	0.97703318158494	0.439069519755973	NA	0.590708617246734	0.481804295498263	0.841154846261134	NA	0.814243624384543	NA	NA	NA	1.64881348556707	NA	NA	NA	1.00489155935125	NA	NA	NA	0.517305500875984	NA	NA	0.582214350005043	NA
NA	1.51620795506674	NA	NA	NA	0.572182933659319	NA	0.617931455687987	NA	NA	NA	NA	NA	NA	0.914544468731806	NA	NA	0.818148477484712	0.440936253333021	0.597538339904101	0.663190223220677	0.9592414200011	0.630806161762089	0.671541914420105	0.740544481332798	NA	0.908654214111048	NA	NA	NA	NA	NA	NA	1.69266508540543	NA	NA	NA	NA	0.425295563371214	NA
NA	NA	NA	1.16951628809942	NA	NA	NA	NA	NA	1.23072759957354	NA	NA	NA	NA	NA	NA	NA	NA	NA	NA	0.808903231875838	NA	0.792710394471413	0.915080691863852	1.10099005191484	NA	NA	NA	NA	NA	0.392359820872146	0.337294401161703	NA	NA	NA	0.14163371096779	NA	0.263634436418088	0.686643009982231	0.620628892784359
NA	NA	NA	NA	NA	NA	NA	NA	NA	NA	NA	NA	NA	NA	NA	NA	NA	NA	NA	NA	NA	NA	NA	NA	NA	NA	NA	NA	NA	NA	NA	NA	NA	NA	NA	NA	NA	NA	NA	NA
2.20446487222543	2.21290725877988	0.765159107561345	1.07529925758953	2.53673691407068	2.90547648172108	2.06607388653185	2.74467472960031	NA	NA	NA	1.9018025157628	NA	2.14945319622544	1.8998463431003	1.20441378644252	2.25118511784468	2.0535426264696	1.96340419269275	1.86096941496058	1.38391816452934	NA	1.42203995911527	1.49285159614954	NA	NA	1.81991259700111	NA	2.33566917323446	NA	NA	NA	NA	NA	NA	NA	NA	1.81642983098249	NA	2.39345146066738
NA	NA	NA	NA	NA	NA	NA	NA	NA	NA	NA	NA	NA	NA	NA	NA	NA	NA	NA	NA	NA	NA	NA	NA	NA	NA	NA	NA	NA	NA	NA	NA	NA	NA	NA	NA	NA	NA	NA	NA
NA	NA	0.4978293100439	NA	0.678390876302897	0.542701671347334	NA	NA	0.82285854402761	NA	NA	0.691052471268516	0.49238305219887	NA	NA	NA	NA	NA	NA	NA	NA	NA	NA	NA	NA	NA	NA	0.229653614812918	NA	NA	NA	NA	0.749301891697238	NA	0.93402530298931	0.939343185031294	NA	NA	1.12096558012247	NA
NA	NA	NA	NA	NA	NA	NA	NA	NA	NA	NA	NA	NA	NA	NA	NA	NA	NA	NA	NA	NA	NA	NA	NA	NA	NA	NA	NA	NA	NA	NA	NA	NA	NA	NA	NA	NA	NA	NA	NA
NA	NA	NA	NA	1.57910415680134	1.05786721487027	NA	NA	1.29059089660222	NA	0.946887151801839	0.92664224006512	0.67304939631509	NA	NA	1.18338627868128	1.28319695837125	1.41142199165278	NA	NA	1.93021587627856	NA	0.850941792800158	0.472458337519865	NA	NA	NA	0.338195065659559	NA	0.100989336319358	NA	0.42286476466855	NA	NA	NA	NA	NA	NA	0.22895820058173	1.150574558605
NA	NA	NA	NA	NA	NA	NA	NA	NA	NA	NA	NA	NA	NA	NA	NA	NA	NA	NA	NA	NA	NA	NA	NA	NA	NA	NA	NA	NA	NA	NA	NA	NA	NA	NA	NA	NA	NA	NA	NA
NA	NA	1.02555219637856	NA	0.45441033994885	NA	NA	0.438646621455454	NA	NA	NA	NA	NA	NA	0.999859881071309	0.874555231696228	NA	0.816148330358075	0.495388316852515	0.657295858040353	NA	0.838910419958532	NA	0.660274885583566	0.390238950465035	NA	0.524919511475551	NA	0.923141621344148	NA	1.14271605879798	0.760763712990049	NA	NA	0.463370850175736	NA	NA	NA	0.615233739977932	0.783648213591888
NA	NA	NA	1.35173775923524	1.54869760254325	NA	NA	1.47120636248204	NA	1.44323477970155	1.25580279385365	NA	1.14109492949639	0.800702542973026	1.09379346284679	0.789510106804875	0.534607527398032	0.948401939230641	0.854449077743727	0.522654716103842	0.931164969316802	0.837480799557427	1.28338114205088	NA	NA	NA	NA	2.14369178921713	NA	1.06334286761739	NA	0.787530333262991	1.46642215163252	NA	1.26255414704627	1.56277419503792	NA	0.356610771082494	NA	NA
NA	NA	NA	NA	NA	NA	NA	NA	NA	NA	NA	NA	NA	NA	NA	NA	NA	NA	NA	NA	NA	NA	NA	NA	NA	NA	NA	NA	NA	NA	NA	NA	NA	NA	NA	NA	NA	NA	NA	NA
NA	NA	NA	NA	NA	NA	NA	NA	NA	NA	NA	NA	NA	NA	NA	NA	NA	NA	NA	NA	NA	NA	NA	NA	NA	NA	NA	NA	NA	NA	NA	NA	NA	NA	NA	NA	NA	NA	NA	NA
NA	NA	NA	NA	NA	NA	NA	NA	NA	NA	NA	NA	NA	NA	NA	NA	NA	NA	NA	NA	NA	NA	NA	NA	NA	NA	NA	NA	NA	NA	NA	NA	NA	NA	NA	NA	NA	NA	NA	NA
NA	1.78408897803337	1.4931612958543	1.432027876502	1.56269296867697	1.15025448890587	NA	1.0599689514037	1.6391149606887	0.986746554571885	1.02463713181057	0.724302030909032	0.301460861188727	0.68680528055188	0.579244934446066	NA	NA	NA	0.774477590801264	0.645467885565994	0.98958391317901	NA	0.752764618648164	1.07986872703969	NA	0.604498017313813	0.408258036435241	0.855062699474752	0.647698571564247	0.402148260408185	0.466310603033701	0.542864928090183	NA	0.506560086547926	NA	0.226011271006832	NA	0.117850501426253	NA	NA
0.755470455440697	1.07567717635478	1.07333760114307	1.45122879804876	NA	1.65096716152245	1.82480358128609	1.81746066786287	NA	1.60190731909862	NA	2.11021624215735	1.77702593735166	1.67023925422015	NA	2.38603594436365	NA	2.36382992440856	1.88425050568698	NA	1.43920491243759	NA	NA	NA	NA	0.624099513063721	NA	0.581788054613213	0.63416873518914	0.353438539146571	NA	0.135947043637193	NA	NA	NA	0.396981318317383	NA	NA	NA	NA
NA	NA	NA	NA	NA	NA	NA	1.50674466833095	NA	NA	NA	1.90142127417893	NA	1.61532557893756	1.75309018715923	NA	1.56685699753909	NA	1.1064434862675	1.06378723582856	1.70314833316345	1.38250802260465	1.05253555999155	1.00366751120022	1.18685405735314	1.00553069829713	NA	NA	0.714993400101398	NA	NA	NA	0.364786197636054	NA	0.388403725049501	NA	NA	0.767247131987548	NA	NA
NA	NA	NA	NA	NA	NA	NA	NA	NA	NA	NA	NA	NA	NA	NA	NA	NA	NA	NA	NA	NA	NA	NA	NA	NA	NA	NA	NA	NA	NA	NA	NA	NA	NA	NA	NA	NA	NA	NA	NA
NA	NA	NA	NA	NA	NA	2.08161073323314	2.46298761461872	NA	NA	NA	1.10690194441246	NA	0.924274715958104	1.46357425246048	1.22496059556496	1.11063495575734	0.610397613261688	0.904762889909674	0.721470441451183	0.841841730323527	0.962266547166459	0.615607654656109	0.637757619716616	0.464099766465507	0.727306000838636	0.812243809386111	0.233773226776356	0.884474090649531	0.801769827159803	0.480614643887265	0.161735325621421	NA	0.3771144565096	0.512522551648865	0.0985676108964395	NA	0.732969478109441	0.874228970759152	0.886697016149896
1.70145659290728	NA	NA	NA	1.04328707744842	NA	NA	0.773931437251767	0.913611079376738	NA	NA	NA	NA	1.17794798331505	0.911612654591273	0.898974276828572	0.993843834090765	NA	1.19144742326263	0.596719301446934	0.571542454231293	0.430114179664156	NA	NA	NA	NA	NA	NA	0.186528627112981	0.379941475142148	0.522090091804909	0.632263639145775	0.123638979412606	NA	0.515209104340518	0.46131758190012	NA	1.50761558818982	NA	NA
NA	NA	NA	0.586819249020041	NA	NA	NA	NA	0.623425537285326	NA	NA	NA	NA	0.509671206798332	NA	NA	0.562706267382562	0.562366326829742	0.295666487103794	NA	NA	NA	NA	0.619048756083365	NA	0.230073876017567	NA	0.440957290973496	0.697232728763438	NA	NA	0.352876381992738	NA	NA	NA	0.414586432948856	NA	NA	NA	NA
NA	NA	NA	NA	NA	NA	NA	NA	NA	NA	NA	NA	NA	NA	NA	NA	NA	NA	NA	NA	NA	NA	NA	NA	NA	NA	NA	NA	NA	NA	NA	NA	NA	NA	NA	NA	NA	NA	NA	NA
NA	NA	NA	NA	NA	NA	NA	NA	NA	NA	NA	NA	NA	NA	NA	NA	NA	NA	NA	NA	NA	NA	NA	NA	NA	NA	NA	NA	NA	NA	NA	NA	NA	NA	NA	NA	NA	NA	NA	NA
1.82833307198715	NA	NA	NA	NA	NA	1.46955721147988	1.40089103033278	NA	NA	1.00509046356713	1.32495602739566	1.1492177762103	0.880094152326469	0.811153416397223	2.47615194796162	NA	NA	NA	NA	0.916610121668059	1.10888144877637	1.08902212082943	0.891591136511742	0.726041803299353	NA	2.35561136204142	1.07568785079101	1.37682395526185	2.254251352205	1.11436921397995	1.87447665544759	2.45497655419004	0.927894229052482	NA	3.01572835361851	NA	NA	2.50544138823349	2.68851694117831
NA	1.56760733944622	NA	NA	1.55357405772184	NA	NA	1.0733329848372	0.740180763925927	NA	NA	NA	NA	0.954790856419947	0.89206376537233	1.07652337147363	NA	NA	0.259542870436059	0.815683884797436	NA	0.848594318380386	0.665585808216268	NA	NA	NA	NA	0.794323397141449	NA	0.478379172904768	0.502248443535233	1.00173961458453	NA	0.372843204204021	0.211970734345191	NA	NA	0.747995866642447	0.357578477280312	NA
NA	NA	NA	NA	NA	NA	NA	NA	NA	NA	NA	NA	NA	NA	NA	NA	NA	NA	NA	NA	NA	NA	NA	NA	NA	NA	NA	NA	NA	NA	NA	NA	NA	NA	NA	NA	NA	NA	NA	NA
1.45587406283973	NA	NA	NA	NA	0.873352505052251	0.761576819416237	1.04621176016043	1.41220770989086	NA	NA	NA	NA	0.98228971178021	NA	1.04569929463328	NA	NA	0.840842610282991	0.712698067741506	1.13158006404872	1.11337819969214	NA	NA	NA	NA	NA	NA	NA	NA	NA	NA	NA	0.537579388131805	NA	NA	NA	NA	1.20304418272677	0.438245060882188
NA	NA	NA	NA	NA	NA	NA	NA	NA	NA	NA	NA	NA	NA	NA	NA	NA	NA	NA	NA	NA	NA	NA	NA	NA	NA	NA	NA	NA	NA	NA	NA	NA	NA	NA	NA	NA	NA	NA	NA
2.36297174264528	1.62280864294446	NA	1.13602886021062	NA	1.72106797964987	1.16408241974588	NA	NA	NA	1.55578105074659	1.37962016693707	NA	NA	0.918260757750364	NA	NA	NA	NA	1.34701977163404	0.719595841442703	0.727508897813071	1.01558824751654	1.0654089428992	NA	NA	0.695844575058496	0.77386078696004	0.539401071396801	NA	NA	0.0912194869987112	0.345099805462708	0.595239782054872	0.360378167025973	NA	NA	0.355696614095599	0.379098005783101	0.390215414903922
NA	NA	NA	NA	NA	NA	NA	NA	NA	NA	NA	NA	NA	NA	NA	NA	NA	NA	NA	NA	NA	NA	NA	NA	NA	NA	NA	NA	NA	NA	NA	NA	NA	NA	NA	NA	NA	NA	NA	NA
NA	NA	NA	NA	0.994159782109335	NA	NA	1.72200518232071	NA	NA	0.929189849829257	NA	NA	NA	1.75483307450027	0.829084753307687	NA	0.718542383136099	0.589119434956107	0.685464162870761	0.39208579750174	0.363344336594536	0.714977439554711	0.798981683946712	NA	1.30134194386695	0.276186418382865	NA	0.85377047510662	1.27538379252754	NA	NA	1.06381293358226	0.993744225742916	NA	NA	NA	0.43545029902292	0.753189415629866	1.40507063262521
NA	NA	NA	NA	NA	NA	NA	NA	NA	NA	NA	NA	NA	NA	NA	NA	NA	NA	NA	NA	NA	NA	NA	NA	NA	NA	NA	NA	NA	NA	NA	NA	NA	NA	NA	NA	NA	NA	NA	NA
NA	NA	NA	NA	NA	NA	NA	NA	NA	NA	NA	NA	NA	NA	NA	NA	NA	NA	NA	NA	NA	NA	NA	NA	NA	NA	NA	NA	NA	NA	NA	NA	NA	NA	NA	NA	NA	NA	NA	NA
2.53625647060233	2.45274902490519	2.46882557066152	NA	NA	2.27058582924405	NA	1.5575010255665	1.48894544673024	1.30749528033526	NA	NA	1.01087490363683	1.34264893977271	1.08104767916956	1.61061590357945	NA	1.85725408746859	NA	2.04355062166806	1.60023594766285	1.58314115946662	1.83142468552961	NA	NA	NA	2.26271170851092	NA	NA	1.3468972977631	NA	2.24755414955695	0.925177566379909	NA	0.726929805726148	NA	NA	0.300258578871463	0.379969794732481	0.488508127544442
NA	NA	NA	NA	NA	NA	NA	NA	NA	NA	NA	NA	NA	NA	NA	NA	NA	NA	NA	NA	NA	NA	NA	NA	NA	NA	NA	NA	NA	NA	NA	NA	NA	NA	NA	NA	NA	NA	NA	NA
NA	1.72683098161604	0.42048575218954	NA	0.583158669852145	1.40794254713421	0.835638895258902	1.71076871673803	NA	0.610326902746313	0.813226402049098	0.794623302200648	0.531226194633803	0.888539123193773	0.846945935975989	0.80496586346057	0.929042903977195	0.569351019024353	0.259051030282254	0.71691347580773	0.634651945849471	0.784719542823832	0.632583966038573	0.363299868288357	0.481754005208885	0.557016877327501	0.066184247755419	NA	0.904892924987632	1.22745395240452	NA	0.713434416088539	0.572117957190222	0.694492442031994	NA	NA	NA	NA	0.542062279404933	0.687281659576445
NA	NA	0.343322379588968	2.08801161387535	0.345701960578453	0.282336438212889	1.28451860773104	NA	NA	NA	NA	0.98613623779397	1.32416458657942	1.65196996439502	1.16334906333875	NA	1.51372679796782	0.982364794055707	0.872115355814558	0.853646856493862	0.93516260416191	NA	0.744034755857059	0.433010951737994	0.678361943072412	0.759526594784563	0.966571024190054	NA	0.462627489866225	0.363950830374136	NA	NA	NA	1.68193136869487	NA	2.03722703938266	NA	1.54803943664183	0.392287955338952	1.81030228697756
1.74223118007004	NA	NA	NA	1.34023629183257	NA	1.99409401109736	NA	1.87007213812547	NA	NA	2.00981756963516	1.78803518766362	NA	1.48499134345565	1.22693590614514	1.47067108835602	NA	1.3233620587183	1.46843125351647	1.49294809827579	1.45981213651088	1.54617079672446	1.75422757667669	NA	NA	2.32305076355483	NA	2.08880148020244	2.66614401075797	NA	2.26129976453379	2.2873572250392	2.33889506993824	NA	1.02415405696044	NA	NA	2.18770202344695	0.523166476600989
NA	2.77756980382167	NA	2.8742230365925	NA	2.12666196972982	0.680567066926052	0.498449926996629	NA	NA	NA	NA	NA	0.68757695703776	2.63499888431298	NA	NA	NA	NA	NA	1.86667457347927	1.80613600818801	1.57700593538225	NA	1.80433483513335	0.427838466745892	1.35881354063418	1.19907572231166	0.755025832789357	NA	1.67302877005007	1.83207714707767	0.397257211350653	1.62550706872021	NA	NA	NA	0.489221535294538	2.31074471646146	0.911419026747672
NA	NA	NA	NA	NA	0.942255015391026	0.996301975202139	1.23873404822462	0.751214141237477	NA	NA	1.2235854268861	NA	0.955050280604001	0.831062368870178	NA	0.538470581791772	NA	0.284105925443879	0.351492866780219	0.57473544828654	NA	0.927136880334687	NA	NA	NA	1.52422620787624	NA	0.316972398685887	NA	0.492833201566135	0.466593344516733	1.68260255722693	NA	NA	0.038746146793252	NA	NA	0.635868396710283	0.607137318937473
NA	1.06881638790948	NA	NA	NA	0.50284906147753	0.511194915930091	NA	0.580132200213555	NA	0.50669608888138	0.630560587775792	NA	NA	NA	0.460309153310797	0.247710310728009	0.204689373034038	NA	0.332632035376414	0.181023062868898	NA	NA	NA	NA	NA	NA	NA	NA	0.280560780334007	NA	NA	NA	1.16038928683085	0.721032870726497	NA	NA	NA	0.735666401927841	NA
NA	NA	0.845079591395535	NA	0.447180883486307	NA	1.82593869621927	0.644008125987538	0.642581373574211	NA	NA	1.01151627328093	NA	1.53232259995351	NA	NA	1.01705232816146	1.53823150752083	NA	1.66211753678888	0.656211751309821	NA	0.861363836488792	1.01014381796418	0.858510284268372	1.25460309924717	NA	1.08386921421619	0.815120046561668	1.47144282414984	1.58865986371937	0.93385140638133	NA	1.98605506789697	1.52328998986635	1.69186605917901	NA	1.55745667062703	0.692323733279425	NA
2.6946865266088	2.25007822716141	1.4709708097532	1.7260228918272	NA	NA	NA	1.00756319198132	NA	2.71852918012143	2.01182542718852	2.16375827299593	NA	1.37937686486004	1.76030450335571	2.11705556187813	1.44095210070994	1.67735496629288	2.441267486372	1.85469448824779	1.82600720790888	NA	NA	NA	NA	2.90397219728793	NA	2.46275066091279	2.58898802831862	2.68644024762956	NA	2.07756347805484	2.59646357680241	NA	2.24081427530199	0.145053388490609	NA	1.5392338262708	2.34991840893567	1.97013903862636
2.29853042469035	NA	1.7299943544119	NA	1.91806233977259	NA	1.17143061845322	2.06907737624381	NA	NA	1.94900623580506	NA	NA	NA	NA	1.16130022814977	NA	2.19134945338262	NA	1.64554476912863	1.88585614480361	2.10576205149129	2.09149811562434	NA	0.0978941410150963	0.306023362550519	1.4304385981863	0.628971670805022	0.135366970827904	NA	NA	1.13556413490816	NA	0.780680063238767	NA	1.13419979760487	NA	NA	0.385527867253182	1.32682921058526
NA	NA	NA	NA	NA	NA	NA	NA	NA	NA	NA	NA	NA	NA	NA	NA	NA	NA	NA	NA	NA	NA	NA	NA	NA	NA	NA	NA	NA	NA	NA	NA	NA	NA	NA	NA	NA	NA	NA	NA
NA	NA	NA	NA	NA	NA	NA	NA	NA	NA	NA	NA	NA	NA	NA	NA	NA	NA	NA	NA	NA	NA	NA	NA	NA	NA	NA	NA	NA	NA	NA	NA	NA	NA	NA	NA	NA	NA	NA	NA
NA	NA	NA	NA	NA	2.03337068578585	1.84117337619078	1.24277376809059	0.679626251725105	NA	2.36922722156237	2.13662518587558	NA	2.12077557154184	2.00581835172286	1.5983167600738	1.79672885497054	1.73196604750763	1.61910034727515	NA	0.680819584289293	1.02382282304824	NA	NA	0.38580356373182	0.587649473882061	NA	NA	0.611026838306813	0.552551492670353	NA	NA	NA	0.373810556699261	NA	0.198274176421254	NA	NA	0.186377194731188	1.06718399495762
NA	NA	NA	NA	NA	NA	NA	NA	NA	NA	NA	NA	NA	NA	NA	NA	NA	NA	NA	NA	NA	NA	NA	NA	NA	NA	NA	NA	NA	NA	NA	NA	NA	NA	NA	NA	NA	NA	NA	NA
1.22493173685279	NA	0.223323839876516	0.513551636441053	NA	1.05224088333444	1.05079873487322	NA	1.26274177103686	1.21871338739427	1.39842940088762	1.46759543274848	1.29574061051598	1.50076873833498	1.28045760250037	1.37610026768524	NA	1.02181214707174	NA	0.861457483999538	1.35266355552608	1.01559511939098	0.822950849615847	0.699712527679839	0.669446680941444	1.03369643867845	0.805689031823521	NA	NA	NA	0.633561331394793	0.685586269294984	NA	0.522583722519629	0.298725279647402	0.358762984898728	NA	2.2563617103946	0.322335284280436	0.961805800867059
NA	NA	NA	1.38204279551282	1.35333025658618	1.05870367802545	2.04078877670155	NA	1.59597536118257	NA	NA	1.07991012862237	0.697850754527211	NA	0.454003239791727	0.484567219895117	0.33358883723684	NA	NA	NA	NA	1.26738016812806	NA	1.04952731772985	NA	0.912210584743227	NA	0.721505347858471	0.164702464973501	NA	0.639645424149449	0.79371132672832	NA	0.480604852383216	0.393239816437697	NA	NA	0.70735751212457	NA	NA
NA	NA	NA	NA	NA	NA	NA	NA	NA	NA	NA	NA	NA	NA	NA	NA	NA	NA	NA	NA	NA	NA	NA	NA	NA	NA	NA	NA	NA	NA	NA	NA	NA	NA	NA	NA	NA	NA	NA	NA
NA	NA	NA	1.2645351596869	1.4788224954976	NA	NA	1.0379719624003	NA	NA	NA	1.6739401841143	NA	NA	1.66086487512463	1.57860895658368	NA	NA	NA	NA	1.00200981713859	NA	0.504423171432676	NA	0.752247467701149	NA	0.938388026081137	NA	1.27766628611393	0.566828316173825	NA	NA	0.54919312100497	NA	0.231905342980665	NA	NA	0.356443849340835	NA	NA
1.07428483631865	0.836780823580302	NA	NA	0.959131608641554	0.678050599783901	0.336143206224544	NA	0.475546760991479	NA	0.457717489158507	NA	0.802007777569843	0.242138173766371	0.266035738924786	0.401403911830943	0.0930279864791383	NA	0.159189014153817	0.28988678051287	NA	0.403702242614276	0.601691487062107	NA	0.813077745991144	NA	1.74715005507263	NA	1.63651187260306	1.68289854887726	NA	NA	0.826623942746483	1.41801554370261	1.81148962429239	0.700100768580117	NA	0.56009248294039	0.513808069020881	0.855453580185419
NA	NA	NA	NA	NA	NA	NA	NA	NA	NA	NA	NA	NA	NA	NA	NA	NA	NA	NA	NA	NA	NA	NA	NA	NA	NA	NA	NA	NA	NA	NA	NA	NA	NA	NA	NA	NA	NA	NA	NA
NA	NA	NA	NA	NA	NA	NA	NA	NA	NA	NA	NA	NA	NA	NA	NA	NA	NA	NA	NA	NA	NA	NA	NA	NA	NA	NA	NA	NA	NA	NA	NA	NA	NA	NA	NA	NA	NA	NA	NA
NA	NA	NA	NA	NA	0.881600533016593	1.1760848337519	0.448812211809549	NA	0.353006081441678	0.531697385863983	1.44041637497691	NA	NA	0.939671695286294	1.13089014053852	NA	NA	0.849757298547862	1.00450279847666	NA	NA	NA	1.37245023599191	0.748165218613892	NA	NA	0.981594959076197	1.0650050709107	1.1329104847371	0.870318479901444	0.669560722963533	0.88011192168152	NA	NA	0.918997270691485	NA	NA	0.522111042399927	0.801829521018974
0.966900542144216	NA	NA	NA	1.26535425011737	1.71092615376253	2.18897509154075	NA	1.64230575515223	1.17903267669203	1.75641865659767	NA	0.721269721226451	0.842772179005531	NA	NA	0.733901687310596	1.1795818673329	1.35268019177908	1.30484977513936	1.22139685672512	1.03421753257858	0.949070174625741	0.896632073645907	NA	0.709193954088484	1.31379771483865	0.616089014703543	0.606212408788773	NA	NA	NA	1.05304214677779	NA	NA	NA	NA	0.575290696878602	0.656159429432357	0.854201484231466
1.51180435361465	NA	NA	NA	NA	NA	0.617105022650742	0.548137135306925	NA	NA	NA	NA	NA	NA	0.665994130657498	0.694942739051798	1.58895064823389	NA	NA	NA	NA	NA	NA	NA	NA	NA	NA	0.481394801440673	0.793087468681022	NA	NA	0.63632407867995	NA	NA	NA	NA	NA	NA	NA	NA
NA	NA	NA	0.560548732843303	NA	NA	NA	NA	1.17733846963505	NA	NA	NA	NA	NA	NA	NA	0.937035680715332	1.05566479276108	NA	NA	NA	0.712659354325222	1.28993211409313	0.903144108696272	1.18334167568803	0.731679521337203	1.07532861350604	NA	NA	0.689425111319657	0.907156017906984	NA	0.701126390536142	NA	0.536070767837021	0.340729011276619	NA	0.260911248272667	1.15939282166925	0.839263184502186
NA	NA	0.516340948706742	NA	NA	NA	NA	NA	NA	NA	NA	0.940826476439137	1.0573226663886	NA	NA	NA	NA	1.27701063508303	0.908233467634538	0.608184379417731	NA	0.281118507272936	0.803844488158475	0.4289054320987	NA	NA	NA	0.857952592520163	1.17540594173089	1.39520574665773	NA	NA	NA	NA	0.986836099667424	NA	NA	1.12360013011277	0.826461339519022	NA
NA	NA	NA	NA	NA	NA	NA	NA	NA	NA	NA	NA	NA	NA	NA	NA	NA	NA	NA	NA	NA	NA	NA	NA	NA	NA	NA	NA	NA	NA	NA	NA	NA	NA	NA	NA	NA	NA	NA	NA
NA	NA	NA	NA	NA	NA	NA	NA	NA	NA	NA	NA	NA	NA	NA	NA	NA	NA	NA	NA	NA	NA	NA	NA	NA	NA	NA	NA	NA	NA	NA	NA	NA	NA	NA	NA	NA	NA	NA	NA
NA	NA	NA	NA	NA	NA	NA	NA	NA	NA	NA	NA	NA	NA	NA	NA	NA	NA	NA	NA	NA	NA	NA	NA	NA	NA	NA	NA	NA	NA	NA	NA	NA	NA	NA	NA	NA	NA	NA	NA
1.14807990980214	NA	NA	NA	NA	0.819084724322904	0.628943126070687	0.889481324574142	0.679385442777742	NA	0.46128804557746	1.03773072425166	0.558154864858121	1.09656390186465	NA	1.03187258546588	NA	0.462289641427665	NA	0.565462688060855	NA	0.300860428870958	1.49219292140113	0.995479136010806	NA	1.9955646377256	1.42114621787303	NA	NA	0.361012413939937	NA	0.569314966486815	0.792426752098326	1.01550207107545	0.864286021347599	0.559918019120162	NA	0.434746319882184	NA	NA
NA	NA	NA	NA	NA	NA	NA	NA	NA	NA	NA	1.62362444093983	NA	1.27174876301242	1.19751425771075	1.03564351651205	1.54581609954213	NA	1.21836123577989	NA	0.537786358668126	0.913651134771416	NA	NA	NA	NA	NA	NA	0.943838323652695	0.845056685991874	NA	NA	NA	NA	NA	NA	NA	NA	NA	NA
NA	NA	NA	NA	NA	NA	NA	NA	NA	NA	NA	NA	NA	NA	NA	NA	NA	NA	NA	NA	NA	NA	NA	NA	NA	NA	NA	NA	NA	NA	NA	NA	NA	NA	NA	NA	NA	NA	NA	NA
1.75849861122868	NA	NA	NA	NA	1.69409877761229	NA	NA	NA	NA	NA	NA	NA	1.13590185273032	1.54382232518108	1.26359863936235	NA	0.672367994309339	1.08921813406443	NA	0.666502991925524	NA	0.671611714984234	2.23457845281528	0.864321923571617	NA	NA	0.759461193141282	NA	NA	NA	0.767968774748578	0.558727683044514	0.677823958664941	NA	NA	NA	NA	NA	0.539151411761198
NA	1.11053048675755	NA	1.26162464257646	1.37810319989321	0.455269026378301	NA	1.53046883184866	NA	0.320571129358995	0.580797329798159	NA	NA	NA	NA	NA	NA	0.254735782192321	NA	0.543437087641378	0.357777504225116	NA	NA	1.08656398452822	NA	NA	NA	NA	1.31479337055144	NA	1.22783619843896	1.4501719560201	0.887663890424351	0.977046779666525	1.11856802607118	1.5248248523133	NA	1.13658848866691	NA	1.66244697229427
NA	NA	NA	NA	NA	NA	NA	0.680842400264792	0.865775629509452	NA	NA	1.08648628111132	NA	0.940604669709838	NA	NA	NA	NA	NA	NA	1.59710696663132	NA	1.39915228530311	NA	1.34557937769139	NA	NA	NA	NA	NA	NA	0.608679878367276	NA	0.543430330202351	NA	0.282284554670888	NA	0.224245277880953	NA	NA
1.88765915010191	NA	NA	NA	1.82622313846474	NA	NA	NA	2.1547272635613	NA	NA	NA	NA	2.08297589803815	2.25570467971593	2.04083674787894	NA	1.98415802370782	2.15037646671722	NA	NA	1.08027969324752	2.22411191215174	NA	1.52102326143466	1.13558825432456	NA	NA	0.866420372503623	NA	NA	0.739443191169085	1.00070947358392	0.926292725866022	NA	0.420226145272043	NA	NA	NA	0.706797515998154
NA	NA	NA	NA	NA	NA	NA	0.748100095014205	NA	NA	1.8106592739583	1.73599065898531	1.58689757361213	1.3690576575963	0.929740947562424	0.941638110139771	1.01360481635071	1.25952118920927	NA	NA	NA	NA	1.4545309889089	NA	1.62395912639732	NA	0.898390783381445	0.945122424483231	0.711862324567402	NA	0.619295694517894	0.588456941948483	NA	0.533234131975307	0.114583064332628	0.1267855814664	NA	0.287288526774015	0.236157489792104	0.47516077363183
NA	NA	NA	NA	NA	NA	NA	NA	NA	NA	NA	NA	NA	NA	NA	NA	NA	NA	NA	NA	NA	NA	NA	NA	NA	NA	NA	NA	NA	NA	NA	NA	NA	NA	NA	NA	NA	NA	NA	NA
NA	NA	NA	NA	NA	NA	NA	NA	NA	NA	NA	NA	NA	NA	NA	NA	NA	NA	NA	NA	NA	NA	NA	NA	NA	NA	NA	NA	NA	NA	NA	NA	NA	NA	NA	NA	NA	NA	NA	NA
NA	NA	NA	NA	0.586121209907825	NA	NA	0.419210714139887	NA	NA	0.719416798143812	NA	0.827050136711127	0.832395138562842	0.933036486159991	0.712119484595971	0.89649280081733	0.481813070369143	0.471618713981626	NA	0.480693037084305	NA	NA	NA	NA	NA	NA	NA	0.641495281992666	0.431070071775684	0.152390009543927	0.309787685586601	0.258059882730166	0.462489855132376	0.214964197546052	0.223102338699971	NA	NA	0.689284823878191	NA
NA	1.26038792566218	NA	NA	NA	NA	0.889659551093141	NA	NA	NA	NA	NA	NA	NA	NA	1.19242221408953	NA	NA	1.06932726802954	NA	0.484539275795897	0.417948296873248	NA	0.32162403805835	NA	0.64535231523729	0.361086147043273	0.678163670434366	0.371391252922751	NA	NA	0.425147093064923	NA	0.120647310131288	0.25272932144364	0.288237094288947	NA	0.102004171925166	NA	0.437144860088876
NA	NA	NA	NA	NA	NA	NA	NA	NA	NA	NA	NA	NA	NA	NA	NA	NA	NA	NA	NA	NA	NA	NA	NA	NA	NA	NA	NA	NA	NA	NA	NA	NA	NA	NA	NA	NA	NA	NA	NA
NA	NA	NA	NA	NA	NA	NA	NA	NA	NA	NA	NA	NA	NA	NA	NA	NA	NA	NA	NA	NA	NA	NA	NA	NA	NA	NA	NA	NA	NA	NA	NA	NA	NA	NA	NA	NA	NA	NA	NA
NA	NA	NA	NA	NA	NA	NA	NA	NA	NA	NA	NA	NA	NA	NA	NA	NA	NA	NA	NA	NA	NA	NA	NA	NA	NA	NA	NA	NA	NA	NA	NA	NA	NA	NA	NA	NA	NA	NA	NA
NA	NA	NA	NA	NA	NA	NA	NA	NA	NA	NA	NA	NA	1.77952722815683	NA	NA	NA	NA	NA	NA	NA	NA	1.23449719699768	1.1412711512974	NA	1.65563767556938	NA	NA	2.16770314997297	0.847600360990107	1.02854487042852	0.879159278356316	NA	0.318969017668313	NA	NA	NA	NA	1.06955722690274	NA
NA	NA	NA	NA	NA	NA	NA	NA	NA	NA	NA	NA	NA	NA	NA	NA	NA	NA	NA	NA	NA	NA	NA	NA	NA	NA	NA	NA	NA	NA	NA	NA	NA	NA	NA	NA	NA	NA	NA	NA
NA	NA	NA	0.556359585470413	1.93078920985043	1.43361332229717	NA	NA	NA	NA	NA	1.19537578565973	NA	NA	NA	1.11848279752859	NA	NA	0.835785334428431	NA	NA	NA	NA	0.787062985040043	0.964526038745841	0.60655999706738	NA	NA	0.599411354342229	0.916394342121464	NA	0.952982427639373	NA	0.859614204313265	NA	0.560899194862164	NA	0.464142846142685	0.341780026220515	0.611279287925084
NA	0.30405386521405	0.382546608463636	0.625909533530099	0.65331979428378	0.419045901705727	NA	NA	NA	NA	0.332213697472327	NA	NA	NA	NA	NA	0.41928259308931	0.368877725704195	0.576579323441766	0.408039731736071	NA	NA	NA	NA	NA	NA	NA	0.41300292480329	NA	0.39239484964813	NA	0.519639599192453	NA	0.422610086963102	NA	NA	NA	NA	0.343057936296417	NA
NA	NA	NA	NA	NA	NA	NA	NA	NA	NA	NA	NA	NA	NA	NA	NA	NA	NA	NA	NA	NA	NA	NA	NA	NA	NA	NA	NA	NA	NA	NA	NA	NA	NA	NA	NA	NA	NA	NA	NA
NA	NA	NA	NA	NA	NA	NA	NA	NA	NA	NA	NA	NA	NA	NA	NA	NA	NA	NA	NA	NA	NA	NA	NA	NA	NA	NA	NA	NA	NA	NA	NA	NA	NA	NA	NA	NA	NA	NA	NA
NA	NA	0.709809262637744	NA	NA	NA	0.668311887902704	NA	NA	0.638612391566857	0.971649885686227	NA	NA	NA	NA	NA	0.75235800906598	0.829178406428922	NA	NA	NA	NA	0.525599322675894	0.451434914661991	0.318908720245663	NA	0.314993641461577	NA	NA	NA	NA	NA	1.51490950364493	NA	0.648207108648329	0.463815367053051	NA	NA	0.085841452286621	0.322459976253658
NA	NA	0.587783764291104	1.67627460013247	NA	0.762084011047125	1.25517920706945	1.47059879457006	1.27261524377079	1.32087708986885	NA	1.07104117472871	NA	1.14314936851472	0.866988164470233	0.936113130491431	0.847436354344156	0.574093481121312	0.923836088744606	0.797794575068137	0.551529296499743	0.861582759762495	0.788173790306259	0.740632931413706	0.402676336799223	0.501462137420729	NA	0.736115986409621	0.411826067285725	0.26281793700176	NA	0.309475370788857	0.133779989360064	0.177661861517316	0.500167595801501	0.222175971787248	NA	0.0632103130947937	NA	0.643204695326761
NA	1.17841561921365	NA	NA	NA	1.25501011393851	1.16932391162102	1.27971245314287	1.28729760715463	1.74242592065265	1.59977917579995	1.47323147673701	1.104601470681	1.58845364689493	0.894774975577182	1.48582261878493	1.35852157681744	1.78839188267237	1.40343319928658	0.917896456221562	1.13561391583049	0.963852543091842	0.77260921382877	NA	NA	NA	NA	0.219322750387265	0.442401221631113	NA	NA	NA	NA	NA	0.346183986547027	NA	NA	NA	0.564781575096739	0.568647906305612
NA	1.02888037443594	NA	NA	NA	NA	NA	1.59909926128991	1.34498576644556	0.831442591043138	NA	1.09953256332578	NA	NA	1.42955626754852	NA	NA	0.828965963237304	NA	NA	NA	NA	NA	0.292200840201355	NA	NA	NA	NA	0.476220544120824	NA	NA	0.497315365091463	NA	0.245265081216217	0.925075148084287	0.484749200381105	NA	0.96483533336061	NA	NA
NA	NA	NA	NA	NA	NA	NA	NA	NA	NA	NA	NA	NA	NA	NA	NA	NA	NA	NA	NA	NA	NA	NA	NA	NA	NA	NA	NA	NA	NA	NA	NA	NA	NA	NA	NA	NA	NA	NA	NA
1.56875786178598	1.63397952889498	1.66442622035349	NA	NA	1.27646702389825	NA	NA	1.28061544458491	NA	1.37644247732413	NA	NA	NA	NA	1.35036084241921	NA	1.37058334652445	1.1371600566748	0.983844505107343	NA	1.50785733191949	NA	NA	NA	NA	1.31095499292897	NA	NA	NA	1.28482483557093	1.18192744086616	NA	0.77007379240214	0.497084701678847	NA	NA	0.12134617207347	0.15346032562638	0.510720623604097
NA	NA	NA	NA	NA	NA	NA	NA	NA	NA	NA	NA	NA	NA	NA	NA	NA	NA	NA	NA	NA	NA	NA	NA	NA	NA	NA	NA	NA	NA	NA	NA	NA	NA	NA	NA	NA	NA	NA	NA
1.09264563401766	NA	1.2378950459904	1.17567233512033	NA	0.596694280518404	NA	NA	NA	NA	NA	NA	NA	0.683811282559127	NA	NA	0.437447840259535	0.637973296443291	NA	0.439411753743104	0.602133606527315	NA	NA	0.639037929689375	NA	NA	NA	1.08125735420201	NA	NA	NA	0.628704340384716	1.00221352560038	0.720686307138412	0.487356666361017	NA	NA	NA	NA	0.738858122650293
NA	NA	NA	NA	NA	NA	NA	NA	NA	NA	NA	NA	NA	NA	NA	NA	NA	NA	NA	NA	NA	NA	NA	NA	NA	NA	NA	NA	NA	NA	NA	NA	NA	NA	NA	NA	NA	NA	NA	NA
1.71446612239588	NA	NA	NA	1.68801492323798	1.45374915258541	NA	NA	NA	NA	2.14722697040287	1.16801415159751	NA	NA	NA	NA	1.61442226558275	0.867440822846652	NA	NA	NA	NA	NA	NA	0.489728257410486	0.337883881534631	0.54705712579886	NA	0.155333320088609	NA	NA	0.745024471412194	NA	0.456562173561546	NA	NA	NA	NA	0.440170138785187	NA
NA	NA	NA	NA	NA	NA	1.12290420035727	1.36554819914735	NA	0.293887942369481	NA	NA	NA	1.34055011374767	0.643031045312695	0.279952361016512	NA	NA	1.04441939506832	0.557935087210671	NA	NA	NA	NA	0.895453534900473	0.882358792553989	NA	NA	NA	NA	NA	0.451298183969791	0.473793773224018	0.383243613834999	0.593855597573821	NA	NA	NA	NA	0.27824378834085
NA	NA	NA	1.08763952544169	1.14266503376462	NA	NA	1.11220677979197	NA	NA	0.824153024811701	0.960756692032136	NA	NA	0.602246624757149	0.907730920478458	1.22030739632069	NA	NA	NA	0.129855168451628	NA	NA	0.317682620232911	NA	NA	NA	NA	NA	NA	NA	NA	0.64618316676145	NA	0.573114260647154	NA	NA	0.193400189991016	0.225370798345989	NA
NA	NA	NA	NA	NA	NA	NA	NA	NA	NA	NA	NA	NA	NA	NA	NA	NA	NA	NA	NA	NA	NA	NA	NA	NA	NA	NA	NA	NA	NA	NA	NA	NA	NA	NA	NA	NA	NA	NA	NA
NA	0.599157664620889	0.613951011474319	0.419457784934452	0.601723365001058	0.809812002265261	0.703060300870988	0.528748967154273	0.541235930482659	1.33563036580837	1.18481444832726	0.199237593605302	NA	0.473186192880147	0.293626102547602	1.19080567446571	0.531798448778017	0.726791071900291	0.582727600033317	1.12541037348127	1.00699730781674	0.785852013466521	0.492447097279024	1.09115787185928	0.705066401411375	NA	0.673063771915802	0.81727626061819	0.768416305557516	1.30053514261292	1.17965964038933	0.642774276517916	NA	1.27695512881587	1.36457107224863	0.892957518678	NA	1.15750031347629	0.981652913958885	1.87862679278923
NA	NA	NA	2.52398334605982	NA	NA	1.01680608052025	0.791102442594342	1.51233185550032	0.598158567353143	NA	0.804589342046802	NA	1.02580667630165	0.866605487387716	NA	NA	NA	NA	0.854834715741954	0.57811981807238	NA	0.947797953561147	NA	NA	NA	0.578911223218512	NA	0.55210209596296	0.838874821992475	NA	NA	NA	0.146364786293629	NA	NA	NA	NA	NA	0.619695844905213
NA	NA	NA	NA	NA	NA	NA	NA	NA	NA	NA	NA	NA	NA	NA	NA	NA	NA	NA	NA	NA	NA	NA	NA	NA	NA	NA	NA	NA	NA	NA	NA	NA	NA	NA	NA	NA	NA	NA	NA
0.771128678047281	NA	NA	NA	0.823023711898679	0.32578571216349	0.341053352376866	0.4809168105337	0.573863224053399	0.315295667498461	0.475545233819516	0.736108510577627	NA	NA	0.943727311536603	NA	1.25552030820054	NA	0.896103019270594	NA	NA	0.292663022720834	NA	NA	NA	0.441853258875468	NA	NA	0.489763459939462	1.10776628422142	NA	NA	0.912563157922516	1.17908839783119	NA	0.925174435040073	NA	NA	0.406641677353372	NA
1.1479801933069	0.431847950881671	NA	NA	NA	1.96664295918717	1.19003771679702	1.19713304300147	0.749714687041632	0.706625373038819	0.672077233652615	0.431219392548875	0.456468441263243	0.351494217839357	0.656118916968952	1.8167959360399	0.752459918052132	1.77860139935062	2.00811487052487	0.770643628932603	NA	0.675009784127873	0.882263211495108	NA	1.84806794308042	NA	1.14934556093323	0.4057537326029	0.735091204589332	NA	0.76377857406676	0.844676200525728	1.68918502956766	NA	NA	1.35356557577945	NA	NA	0.739139060769798	0.456388278992921
NA	NA	0.803539518228797	NA	NA	1.11203639675494	NA	NA	0.944864808230637	NA	NA	NA	NA	0.533213925946949	0.79394088833534	NA	1.74929241825427	1.33536817038432	1.66822250535652	0.436029931723949	0.501829124093144	0.273054515813785	0.687180651249746	0.591370484627823	1.03440973161857	0.64831653772634	1.07413809103369	0.644946716953726	1.52195769184748	0.62536994723822	1.6259974829737	0.519495172631352	0.317726288021647	1.65497289142889	1.27861287014154	NA	NA	0.878062803512937	0.607447390633288	1.41960098380631
0.731612122986691	0.988244185564174	1.07986407468704	NA	0.722249064155159	0.546206183552094	0.359120858673315	0.220752009152029	0.417404522869217	0.43241732323549	0.227270298254969	0.386082138266994	0.328060696141588	0.498722634730314	0.51847709083239	1.19499506484795	1.03786708239192	0.543052209632079	0.174861919431619	0.765338158211538	0.497948583674655	NA	0.859439360562899	1.03405858515091	0.464848375451076	NA	0.927449537344051	1.46766329783623	1.01450888495807	0.812181823065138	1.14443347944429	0.714142833310894	1.21540836576623	NA	0.922352281906968	1.16124973686274	NA	0.910774103351372	0.628737658005483	1.25301308634015
NA	NA	0.649545761982586	NA	NA	NA	1.08618267277665	1.09069662497723	1.02094537934784	NA	NA	NA	NA	NA	NA	1.24695416751972	NA	NA	1.03151089000701	0.502740190539259	NA	NA	NA	NA	NA	NA	1.75761958046827	NA	NA	NA	NA	NA	NA	NA	NA	0.683769489593709	NA	0.620479667417885	0.770211620872219	0.560668843443496
0.956768410971171	NA	NA	NA	1.62501347079674	NA	NA	1.41511166213346	1.44645945269489	1.31673496488982	1.18373848987839	NA	1.60150054848732	1.379300265336	NA	1.19430958404779	NA	1.03290760278193	NA	1.08756344301079	NA	1.04910958444188	NA	1.58670202763245	0.931939107227393	NA	0.626717534868669	1.99056690276432	0.461656102083801	NA	NA	0.449976358461609	0.157521254402542	0.514063623294833	0.615594596358788	NA	NA	0.266762414708322	NA	0.702425954332966
NA	1.82108764854357	NA	1.98638152831316	NA	1.23430368658297	NA	1.29409760178452	1.55881860693537	1.03126489561519	NA	NA	1.44574380618051	1.30215402934431	NA	1.2526874734475	1.14128936139113	1.38354403981767	1.31035633870455	1.12613819816137	NA	0.391944512286586	0.798339723730423	0.569985232549955	NA	0.955984284547628	0.711384881971371	0.565957890820128	0.496651279693519	0.641059288964944	NA	0.686834500300657	NA	0.453721378972611	NA	NA	NA	NA	0.0573328585303865	0.263452002428886
NA	NA	NA	NA	NA	NA	NA	NA	NA	NA	NA	NA	NA	NA	NA	NA	NA	NA	NA	NA	NA	NA	NA	NA	NA	NA	NA	NA	NA	NA	NA	NA	NA	NA	NA	NA	NA	NA	NA	NA
NA	1.77119743611597	NA	NA	NA	NA	NA	1.24159183180244	1.61168841279723	NA	NA	NA	1.91873469815688	2.12516793947092	1.20693558856526	NA	NA	NA	NA	1.59413433129032	NA	1.65824775783381	NA	0.184581371268179	0.795167405063473	0.875698205758983	0.409088840811797	NA	0.520206116568692	0.56959551196618	1.50502567517012	0.411338991135677	0.347556504309925	1.24665203981075	0.372430635715764	1.85838612929761	NA	NA	0.785544034330979	0.701978242820587
0.702518914655843	1.22335755481591	1.16606318556598	NA	NA	NA	NA	2.3617570885585	NA	NA	NA	1.48250403771754	1.8662114462728	1.20410807719492	1.99520016217531	0.474255521094408	NA	NA	NA	NA	NA	1.09241847597975	0.769743968011485	NA	NA	NA	NA	NA	NA	NA	NA	0.734145706215106	0.269239720957375	NA	NA	0.501245112152343	NA	0.850177118688452	0.654913011964074	NA
0.369680140779591	NA	NA	NA	NA	1.40426852651215	1.11501378763797	NA	1.67039409619437	1.36296303786413	NA	NA	NA	1.57025964257765	1.47325441794267	1.51478155136493	0.441822733742082	0.87477824607167	1.32734690540961	1.26411790113337	1.33981752668522	NA	NA	1.68609635914566	NA	NA	NA	0.395421492573615	1.055042266106	NA	NA	NA	0.679792471548982	NA	NA	0.439089715338041	NA	NA	0.843522539594354	NA
1.0653020408958	1.32330965661642	2.92234040824349	1.33698119155637	2.71695846535903	2.09613171599099	2.05272439590224	0.67445529475841	1.00467135893689	NA	0.851924296850919	2.31039370630306	2.75138814901851	2.41902913953936	0.975892752509495	2.05059588698202	1.84506616131289	2.46938369701933	1.03375370903064	NA	1.55075946045204	1.70972969506966	0.799650378944354	0.608292474566319	0.375195047138734	NA	1.95482968558322	NA	1.87436795372792	0.714810398499913	1.31325205368986	1.73947465009148	NA	NA	0.758642166858528	NA	NA	0.234068563706248	0.497444176300066	0.360417346833949
1.00333812722913	0.802453186354186	NA	1.35607359630674	0.90532300627734	0.689946071879508	0.613256760461768	0.96667874914328	NA	NA	1.01194083539294	1.08665743956651	NA	0.825099055010998	1.00786603923053	NA	0.568603840319263	0.562745387092876	0.625315611589754	1.16474890215524	0.5971611139933	0.557175054603022	0.32368841236866	0.707105869987424	NA	NA	NA	NA	NA	0.872311795626462	1.26955926622648	0.288973124483976	0.737242591620321	0.205410213211137	0.383098195210212	NA	NA	NA	0.259619203558665	0.631863969433361
1.37877133112557	NA	0.864199207430405	0.730318488366266	0.927021082761316	1.33301417387854	NA	NA	1.5107608469523	1.60402404384692	1.27520622153496	1.45185846794743	1.39697841103338	1.77911856218039	NA	1.2969266380643	1.59626931057558	NA	NA	1.10051455589229	0.674650316610888	0.65171447756393	0.886565629916273	NA	0.563760353561507	NA	NA	NA	NA	NA	0.349769917460785	0.151925144841243	0.339355960141217	NA	0.338635905270936	NA	NA	0.162116054451641	NA	0.28217529111828
NA	NA	1.41616645329656	0.950464789423801	1.30627116666614	NA	1.52158139118408	1.07511480842607	1.08537174477236	1.01908916834607	1.15928403666481	2.30572075599109	NA	1.88470083827053	1.35198052691897	0.857821120691254	NA	NA	NA	NA	NA	1.19199785236218	NA	1.373338849424	1.22527374726531	0.948574681451622	NA	NA	0.714125627637232	0.18747749222079	NA	0.969526272493855	0.376169800928345	0.142809194383745	0.319073768838504	0.641737379999582	NA	0.723284396239183	0.634608923602442	NA
NA	NA	NA	NA	NA	NA	NA	NA	1.73817964784932	NA	NA	NA	NA	NA	NA	NA	NA	2.31293334719906	NA	NA	NA	1.36732810128164	0.811906555950396	1.11133772212166	1.32477953369505	0.842276087655045	0.787436879944176	NA	NA	0.776827267120633	NA	1.06184528776837	0.963906494750367	1.24741097123641	0.496553773889023	NA	NA	0.328467739821604	0.514324108147852	0.652106290063216
1.10474843869633	0.358510171144025	NA	0.654675500891467	NA	NA	0.640238170689683	0.551052541000813	1.46190490769592	NA	NA	0.543138045639697	0.788284631389176	0.803785270503817	0.606516858702957	NA	NA	0.7851005560449	NA	0.716723799384025	0.375499840953709	0.999357327196677	0.855565137227387	1.35409287035631	NA	NA	NA	NA	1.3676985369968	0.785902405499217	0.592839174360503	0.342645347432037	0.439673478187256	0.420308143379135	0.206223233831453	NA	NA	NA	0.807920170546653	0.978947623558644
NA	NA	NA	NA	NA	NA	NA	NA	NA	NA	NA	NA	NA	NA	NA	NA	NA	NA	NA	NA	NA	NA	NA	NA	NA	NA	NA	NA	NA	NA	NA	NA	NA	NA	NA	NA	NA	NA	NA	NA
NA	0.874611283060206	1.43874289644367	1.35228816838847	1.10605442861766	NA	NA	0.988294216891642	NA	1.11709895796438	0.358707136833241	NA	1.35044789610245	0.911461606561153	1.20974739817516	1.11053597049023	1.8503341813565	1.4379065885315	NA	1.31739890323529	NA	1.61237014354412	NA	1.14628923505249	1.81586092162371	0.808620772008796	0.667863049168571	0.84047481239352	0.3310478559513	0.903442702568949	1.12351194261816	0.474233721296278	1.94366332974253	0.538437393021802	0.608487397424722	1.18226647597825	NA	0.354948014556935	0.890578532308888	1.39309701101484
0.766607315005478	0.685033602636792	0.617372937327234	0.603866097119646	0.849059345442887	0.861180390097097	1.39718926328989	1.47474715224684	0.656641095200309	1.44795853211631	NA	1.2504537669162	1.21882169831339	1.39188079019932	1.0970041218118	1.08364843733599	0.729605606598772	0.743200439957839	0.791637843759353	0.805653480792851	0.636997870540169	0.326157304691312	NA	NA	0.779240992632842	0.541423814894495	0.245543003442105	NA	NA	0.994566601882707	NA	NA	0.893701360451675	0.920872335415893	0.989692749460254	1.25528668425576	NA	0.402027807801714	0.174237407953979	NA
0.783825083935892	NA	NA	NA	NA	NA	0.35222770777767	0.703578616324013	NA	0.639292227542968	1.1123537040149	0.65791563049635	1.22574581797376	0.85171906158822	NA	NA	0.770540633203846	NA	NA	0.33636636343234	NA	0.678667675825082	0.324321665984344	NA	NA	NA	NA	NA	1.03235625851741	NA	NA	0.769493157660155	NA	0.374646363648936	0.612208689208019	NA	NA	0.420401608244758	NA	NA
NA	NA	NA	NA	NA	NA	NA	NA	NA	NA	NA	NA	NA	NA	NA	NA	NA	1.18757577309607	NA	NA	NA	NA	NA	NA	NA	NA	NA	NA	1.44325113627543	1.1989266997955	NA	NA	0.922433709948059	1.06458122764178	0.505702369966884	1.10501074154246	NA	0.0959553773268549	0.119389417011726	1.55945289763115
NA	NA	0.773510631987131	NA	NA	1.02703406111115	NA	NA	NA	NA	1.59350928125811	1.51008539034548	1.74107468090856	2.00284165825102	NA	NA	1.6703354102059	1.46897438863037	NA	1.14278159249712	1.13952529847537	NA	0.663733959939635	0.600348992612566	NA	NA	NA	0.603531543608259	NA	2.07127465512064	NA	NA	0.410006058778114	1.70380266214853	1.05275992822935	NA	NA	NA	NA	2.0178570192111
NA	NA	0.977797261435864	1.34919815892954	NA	1.89954778861831	NA	1.77309350146565	1.98073050940702	NA	2.48410722196581	2.08513747380745	NA	NA	NA	NA	1.56071319828644	1.2222370053332	NA	NA	1.64646753069949	1.67136871627548	1.53958556079899	1.94135085415334	2.2970131896504	NA	NA	NA	1.89359273095391	1.58772759939538	NA	1.25721934642358	1.44511272372352	0.220432719276672	NA	NA	NA	NA	1.72920924987013	0.281836101408031
1.62299214792966	NA	NA	NA	1.09377275454334	NA	1.28899347880606	1.71287998785201	1.33443873511326	NA	1.51024464437914	1.27653063988446	NA	1.19079497919661	NA	1.37679240008866	NA	1.43580171815507	1.03853018949462	0.663107495343473	NA	0.328011462808775	0.466814267544631	0.222923839784079	0.89647329047481	NA	1.64657794145468	0.647646468257285	NA	0.349600117239556	NA	0.448708040628713	0.179607755220759	0.188233584826416	0.773883579897474	NA	NA	0.304051136915492	NA	NA
NA	0.361571647841667	NA	NA	NA	NA	NA	0.410646390771716	NA	NA	NA	NA	NA	NA	0.690744288807916	NA	NA	0.506274099076407	0.4117670575574	0.881921425549026	0.567855259813779	NA	NA	0.655464159766506	NA	NA	NA	NA	0.700200109426787	NA	NA	NA	NA	NA	NA	1.20003952585757	NA	0.464176686208288	NA	NA
NA	0.829496222158167	1.29882428362063	NA	0.790242673302681	0.725079781501805	0.995937492007685	1.19322123298317	1.01499111224437	NA	1.1499313742292	1.77512360267042	1.64225680498025	1.46036394214553	1.3823976095979	NA	1.17641523723834	0.63674800194158	0.804269261420528	0.500570037220478	0.692480124047521	0.368480074610422	0.597487313247573	0.324897947203067	0.422162930326293	1.52775877082095	0.741374002220012	0.837616850793391	0.226912928277099	0.778487057014994	NA	0.684628769917717	0.466091049528824	0.815841292317018	1.02368127844283	0.874306236264658	NA	1.06004397587031	0.142269482972638	0.592431909936807
NA	NA	NA	NA	NA	NA	NA	NA	NA	NA	NA	NA	NA	NA	NA	NA	NA	NA	NA	NA	NA	NA	NA	NA	NA	NA	NA	NA	NA	NA	NA	NA	NA	NA	NA	NA	NA	NA	NA	NA
NA	NA	1.32139593129927	NA	0.737355424861245	1.57905955835439	NA	NA	NA	NA	2.34522435842294	1.99786532725333	1.21789610110845	NA	0.951770907529152	NA	NA	NA	NA	0.594728151139673	NA	0.814984806872906	NA	NA	2.08186074165764	0.679414229067405	0.676562692853274	NA	0.323356054083906	1.26303520315661	NA	NA	NA	NA	NA	0.537248525838079	NA	1.15854557048054	0.899020035564108	0.720977532684516
1.26178256828635	0.998548022751056	NA	NA	NA	NA	1.21681567589648	NA	NA	0.807404740217269	0.908278945126003	0.178829783741027	0.385239834081807	0.644569164092328	0.798816708148092	NA	NA	NA	NA	NA	NA	NA	NA	NA	0.608821786709393	0.347586134245226	NA	NA	NA	0.772692763787806	NA	NA	0.857402963251918	NA	0.60318253762606	0.455974827257159	NA	0.63181638360177	NA	NA
NA	NA	NA	NA	NA	NA	NA	NA	NA	NA	NA	NA	NA	NA	NA	NA	NA	NA	NA	NA	NA	NA	NA	NA	NA	NA	NA	NA	NA	NA	NA	NA	NA	NA	NA	NA	NA	NA	NA	NA
1.06422639058897	1.37286827463776	NA	NA	1.12595701604746	NA	1.48248863850978	1.40628357972333	1.3710132218574	NA	1.20912982484179	0.724959292958624	1.19733254249912	0.700976326722929	1.13498700687218	1.36822086980627	0.74112889870398	1.16490858487113	1.42981308427825	0.577803857023231	1.40218805909124	NA	NA	NA	NA	0.949835213557743	NA	NA	0.654191242543359	NA	0.597667766798519	0.97448019983684	1.21049139047213	0.812795338024653	0.994549302222701	0.791071800629563	NA	1.18595464742696	NA	0.272725983300277
NA	1.35896687316937	2.24333560070594	NA	1.2596617121685	1.38129875267847	NA	1.54452883134277	1.4082515797286	NA	NA	NA	1.05183491543646	0.888572561064728	NA	NA	0.470068262499202	NA	1.40448796270976	1.26792870013107	0.430373168062916	0.491785369344126	0.800257792454126	1.65070329344238	0.837245673715482	0.860138315297349	NA	1.03540112116544	2.23803113065247	NA	0.587610769560741	NA	NA	0.546891318920313	0.538402488226448	NA	NA	0.546793373992393	0.449489904869468	0.202069414575224
NA	NA	NA	NA	NA	NA	NA	NA	NA	NA	NA	NA	NA	NA	NA	NA	NA	NA	NA	NA	NA	NA	NA	NA	NA	NA	NA	NA	NA	NA	NA	NA	NA	NA	NA	NA	NA	NA	NA	NA
NA	NA	NA	0.806008274776338	NA	NA	NA	NA	NA	0.908390000666342	0.955537935125209	NA	NA	NA	NA	NA	NA	NA	NA	0.821711552151119	NA	NA	NA	NA	0.373297861751537	NA	NA	NA	0.826454888711936	NA	0.585594011100281	NA	NA	NA	0.760587651642048	NA	NA	0.504972140850734	0.385891641768342	NA
NA	NA	NA	NA	NA	NA	NA	NA	NA	NA	NA	NA	NA	NA	NA	NA	NA	NA	NA	NA	NA	NA	NA	NA	NA	NA	NA	NA	NA	NA	NA	NA	NA	NA	NA	NA	NA	NA	NA	NA
NA	1.25132186728476	1.19342805834546	NA	NA	0.709097145812064	NA	0.340652969502478	0.559340076604664	0.593679793306372	1.09559704430756	NA	NA	NA	NA	NA	NA	NA	0.702864559528726	0.258143047043783	NA	NA	NA	0.466000535460826	NA	NA	NA	0.971508556444224	NA	NA	NA	NA	NA	NA	NA	0.285110733624348	NA	1.17120490315607	0.265789923000636	NA
0.624047567365199	0.104009551501392	0.31130989519464	0.263801582041644	0.351813258975755	0.681372497299503	NA	0.761647357839939	0.7377281953017	NA	1.02914471154261	0.635098162385334	NA	NA	1.57292727210877	0.955880055518174	0.756635601163023	0.74672229637984	0.361392313876596	0.598408116509394	0.986846858382194	0.327714602617962	0.600294524727522	NA	2.05384029983165	NA	NA	0.816806031834978	2.01013843496625	1.1156755967597	NA	0.707390793814162	1.3676371205638	0.905509141869201	1.37616302067068	NA	NA	0.703675699709124	0.732587753539303	1.16682168912
NA	NA	NA	NA	NA	NA	NA	NA	NA	NA	NA	0.391663818059435	1.00283422347733	0.51596313419689	0.74759384693883	NA	0.852371412004459	NA	NA	NA	NA	0.663429185701072	NA	NA	0.67227975236886	NA	NA	NA	NA	NA	NA	0.566697829318616	0.729313454531438	0.86565951977606	NA	NA	NA	NA	NA	NA
NA	NA	NA	NA	1.98282229392665	1.27874767842474	1.74242503365132	0.764714000112176	NA	1.7771931191859	0.698222071560362	1.56408709532463	1.72360215797105	2.10965888885924	0.512376178478279	0.486535019658758	0.619746395830896	1.11687320276932	0.636983403602116	1.51049901530056	0.661317125386966	0.897375720800947	0.48236256989985	1.93458484525151	1.52364454223507	1.84899325366521	1.86553182312851	1.05193806885107	1.74265188621192	0.937780783535837	2.54631707484951	NA	2.46732868275636	NA	NA	0.316523566215785	NA	NA	0.318109487656565	1.25810393931542
NA	NA	NA	NA	NA	NA	NA	NA	NA	NA	NA	NA	NA	NA	NA	NA	NA	NA	NA	NA	NA	NA	NA	NA	NA	NA	NA	NA	NA	NA	NA	NA	NA	NA	NA	NA	NA	NA	NA	NA
NA	NA	NA	NA	NA	NA	NA	NA	NA	NA	NA	NA	NA	NA	NA	NA	NA	NA	NA	NA	NA	NA	NA	NA	NA	NA	NA	NA	NA	NA	NA	NA	NA	NA	NA	NA	NA	NA	NA	NA
NA	NA	NA	NA	NA	NA	NA	NA	NA	NA	NA	NA	NA	NA	NA	NA	NA	NA	NA	NA	NA	NA	NA	NA	NA	NA	NA	NA	NA	NA	NA	NA	NA	NA	NA	0.0688744979893969	NA	0.494107282581605	0.169866068909092	0.0454673157870347
NA	NA	NA	NA	NA	NA	NA	NA	NA	NA	NA	NA	NA	NA	NA	NA	NA	NA	NA	NA	NA	NA	NA	NA	NA	NA	NA	NA	NA	NA	NA	NA	NA	NA	NA	NA	NA	NA	NA	NA
NA	NA	NA	NA	NA	NA	NA	NA	NA	NA	NA	NA	NA	NA	NA	NA	NA	NA	NA	NA	NA	NA	NA	NA	NA	NA	NA	NA	NA	NA	NA	NA	NA	NA	NA	NA	NA	NA	NA	NA
NA	NA	NA	NA	NA	NA	NA	NA	NA	NA	NA	NA	NA	NA	NA	NA	NA	NA	NA	NA	NA	NA	NA	NA	NA	NA	NA	NA	NA	NA	NA	NA	NA	NA	NA	NA	NA	NA	NA	NA
NA	NA	NA	NA	NA	NA	NA	NA	NA	NA	NA	NA	NA	NA	NA	NA	NA	NA	NA	NA	NA	NA	NA	NA	NA	NA	NA	NA	NA	NA	NA	NA	NA	NA	NA	NA	NA	NA	NA	NA
NA	1.62864621897817	NA	NA	1.71023854449614	NA	NA	NA	NA	NA	NA	1.17408776888295	NA	1.68368031776436	1.74938710310908	2.0371644969048	NA	1.78515675947727	NA	NA	1.93579661324009	1.9880626267753	NA	NA	NA	NA	NA	NA	NA	1.96031732172674	NA	1.6216291818084	NA	1.39677229104977	NA	1.46120464395646	NA	NA	1.62118895788512	NA
NA	NA	NA	NA	NA	NA	NA	NA	NA	NA	NA	NA	NA	NA	NA	NA	NA	NA	1.43627043664472	NA	NA	NA	NA	NA	NA	NA	1.23977793854306	NA	NA	NA	NA	0.965963086969294	0.749944015511439	1.42472607947137	1.07538982231318	0.431400824136352	NA	0.164919988913632	0.409949046205068	0.441603620119546
0.977623509229108	0.837214932061111	NA	0.865575315366162	NA	NA	NA	1.16568984582569	1.3105854895664	NA	1.34120370273764	1.19056809145771	NA	1.10578179388965	1.09783105873297	1.21835803944124	NA	0.993406260745287	NA	NA	1.18856312658167	0.862463074762998	0.859589834257045	NA	NA	1.17252024383241	0.839816704689929	0.64227748554576	NA	NA	NA	0.258890143180074	0.382335704017736	1.04698165162065	1.26183640859332	NA	NA	0.35305663713587	0.37533864523552	0.381668099766058
NA	NA	NA	NA	NA	NA	NA	NA	NA	NA	NA	NA	NA	NA	NA	NA	NA	NA	NA	NA	NA	NA	NA	NA	NA	NA	NA	NA	NA	NA	NA	NA	NA	NA	NA	NA	NA	NA	NA	NA
1.21135569925941	0.322178517121469	NA	0.384001380736088	NA	1.70283972526485	NA	1.03299475572857	0.769682580247383	0.627526440413612	NA	NA	1.91311352106776	1.9877824985903	1.78518047504171	NA	NA	NA	NA	NA	0.691495820891593	NA	NA	1.0043771639623	0.737738047459285	1.88170769613029	NA	1.08598182669451	NA	NA	NA	NA	NA	NA	1.00223683023313	NA	NA	NA	NA	1.0090113052964
NA	NA	NA	NA	NA	NA	NA	NA	1.17882441746197	NA	NA	NA	NA	NA	NA	NA	NA	NA	NA	1.06257165925043	0.79076882285941	0.630009265554777	0.619497452197986	0.484492275092813	0.802359171776367	NA	1.6180375542419	NA	NA	NA	NA	0.899139720494364	1.12120701082849	NA	NA	0.400689440317312	NA	0.288554522271911	0.165032165960887	NA
NA	NA	NA	NA	NA	NA	NA	NA	NA	NA	NA	NA	NA	NA	NA	NA	NA	NA	NA	NA	NA	NA	NA	NA	NA	NA	NA	NA	NA	NA	NA	NA	NA	NA	NA	NA	NA	NA	NA	NA
NA	NA	NA	NA	NA	NA	NA	NA	NA	NA	NA	NA	NA	NA	NA	NA	NA	NA	NA	NA	NA	NA	NA	NA	NA	NA	NA	NA	NA	NA	NA	NA	NA	NA	NA	NA	NA	NA	NA	NA
1.48367513922512	1.74238097901151	1.56123859456029	1.60388994704981	1.50190747391106	1.04124756151563	0.767376985040397	NA	NA	0.575467168399375	NA	0.468895745718147	1.07701363717127	1.61687305763942	1.31787191135387	NA	NA	0.729825054353361	1.36788143149578	NA	0.867893546438144	0.343691827787385	0.926612092816671	1.23911463508426	0.913634114416696	0.974709580053898	1.04293615941128	1.57555547837488	1.4340987764374	NA	2.22451132599466	1.31526270514926	NA	1.14352205337133	NA	0.685669972853475	NA	0.892572797014765	1.13178424215943	1.45269165912718
NA	NA	NA	1.70953995310804	NA	NA	0.592068666030607	NA	1.21382764931449	NA	NA	0.87694590034117	NA	NA	0.886360873846306	0.949284704248639	1.82014220614432	NA	0.525630649005789	NA	0.495644006328461	NA	0.189458314832484	0.388203995936765	NA	NA	NA	NA	NA	0.52777172226233	NA	NA	NA	NA	0.799566823202934	1.08377251010269	NA	0.402049827411812	NA	0.170252987468474
0.581051250377906	NA	NA	0.852381984885078	0.541075426644618	NA	0.937832093912327	NA	1.02442448634046	0.951424652863849	NA	NA	NA	0.798130460578639	1.08425693086814	0.697122481355249	1.11014816061832	0.825665760949964	0.503154060897521	0.521820164148338	1.1129845520851	1.01200955293826	NA	0.889618732109342	NA	NA	0.927262711345248	0.933809851440841	0.404077474085464	0.424300411882988	0.365084457731399	0.181130089143691	0.20507191136847	NA	0.47637523504242	0.326423731319291	NA	0.180173460818378	0.594095282205583	NA
0.738614472250103	0.6022635786304	0.675390337231591	2.90107687134595	0.686976358556526	2.36935151921715	1.14058043908509	1.02056725292621	0.869109671327653	NA	NA	NA	1.23832688082219	NA	1.25991099535897	2.0527641361048	1.45147943361832	1.3641078579893	NA	NA	1.49891190349192	1.57235486409954	1.33550273564223	1.39220119539805	1.53159830371519	1.66714537877796	1.5798647591374	1.73826820874242	NA	1.46422288535182	NA	NA	2.91415668146987	NA	1.11768133626884	0.374535359195059	NA	1.21586122269529	NA	1.48073239192034
NA	NA	NA	NA	NA	NA	NA	NA	NA	NA	NA	NA	NA	NA	NA	NA	NA	NA	NA	NA	NA	NA	NA	NA	NA	NA	NA	NA	NA	NA	NA	NA	NA	NA	NA	NA	NA	NA	NA	NA
1.844055921831	1.28759743340497	1.31740240629594	1.26278481128081	1.19984582444838	1.02829893639253	NA	1.46499581573719	1.24422060976739	NA	0.488925117561604	0.882167120614263	NA	1.24693589816572	1.18864054023188	1.31829804763596	1.14537148464291	1.16808581731543	0.645714135658628	NA	0.492693901587442	0.313922971384687	0.836432563976615	NA	0.76682291994913	0.950662644096028	0.488071233026246	0.436590739720916	0.640028918555195	0.558292263914105	NA	0.583361604876923	0.547228020700734	0.604042414943102	0.615462381185502	0.334627347123307	NA	0.384850143051052	NA	NA
0.926767302718258	NA	NA	NA	0.808801105779728	0.339444027250103	NA	NA	0.334744112761609	0.409320692503741	0.871592721928998	1.38187811640455	NA	0.772580738636987	NA	NA	0.96230716466201	0.691352111449825	NA	0.345901093904553	0.735175330273865	0.81487176003235	0.956655156231941	1.02992368359476	NA	NA	1.48355470610515	1.65778894948842	2.05218175360605	NA	NA	1.32095080889217	1.19846673294715	NA	1.45424616761474	NA	NA	1.59550331199092	1.34851235139167	2.08870253286238
NA	NA	NA	NA	NA	NA	NA	NA	NA	NA	NA	NA	NA	NA	NA	NA	NA	NA	NA	NA	NA	NA	NA	NA	NA	NA	NA	NA	NA	NA	NA	NA	NA	NA	NA	NA	NA	NA	NA	NA
NA	NA	NA	NA	NA	NA	NA	NA	NA	NA	NA	NA	NA	NA	NA	NA	NA	NA	NA	NA	NA	NA	NA	NA	NA	NA	NA	NA	NA	NA	NA	NA	NA	NA	NA	NA	NA	NA	NA	NA
NA	0.518434359563965	NA	NA	NA	1.94946029186696	NA	NA	1.85180127622708	NA	1.68619682876657	NA	1.00687382720896	NA	1.10969157295532	NA	1.3089259764941	0.71769817167175	0.551482598433	NA	0.776425784671226	0.780101380077669	NA	NA	0.258836955487339	NA	0.396228609415667	0.40372173682449	NA	0.517982566546824	0.462499483098266	0.794161561220071	NA	0.766395783145439	NA	0.808879659750314	NA	0.449273425121439	0.622536556253728	0.249000705769218
1.53650658255333	NA	NA	NA	NA	NA	NA	0.377062691500621	NA	NA	NA	0.873905093445895	1.23608297330139	1.31788572878476	NA	NA	NA	1.08495701330656	NA	0.682569660700548	1.08002771505559	0.601694845633962	0.360292751140593	NA	NA	0.740451365588814	0.812070972996059	0.580806409503638	0.497810754709046	0.351360383241972	NA	NA	NA	0.690078489210183	NA	NA	NA	NA	0.102933327356397	NA
NA	NA	NA	NA	NA	NA	NA	NA	NA	NA	NA	NA	NA	NA	NA	NA	NA	NA	NA	NA	NA	NA	NA	NA	NA	NA	NA	NA	NA	NA	NA	NA	NA	NA	NA	NA	NA	NA	NA	NA
1.31247653188854	1.37871787058494	1.40442199052165	1.49443627055376	1.50753111392179	1.68272256258783	NA	1.68232271666599	1.6341673680966	1.33437406223888	1.45624395789311	1.33328708195407	NA	1.62356012587029	1.59299531445462	1.32881627006168	1.39256645819488	1.02990423490422	1.12762859540797	0.96409210846433	1.17019291209189	1.16568407732555	1.22659125066688	1.24135110667096	1.12270914512834	0.961463679088945	0.952887743988098	0.908066622751678	0.612877200970465	0.848877742647132	1.00239608983683	0.527734177354365	0.676261168578975	0.696558450861897	0.585617982774719	0.67163676969214	NA	0.611996888728435	0.404282025536105	0.516216608750135
1.08009612137495	NA	1.23953981041693	1.31253933520121	NA	0.937795544495609	1.12218111467099	NA	NA	1.00476714984024	NA	0.43839665798851	0.391087686121664	0.289523849562792	NA	0.610783121041147	0.573911808433486	0.517754381450822	NA	0.716277090921603	0.738459613119537	0.887621441316998	0.507937868905529	0.344023434567733	0.292897402212151	NA	0.35098516204411	0.3976138269786	0.624147539190157	0.418202500069023	0.47617294384941	0.405690363692345	NA	NA	NA	NA	NA	0.289429413035665	0.280226080358768	0.243502579536365
NA	1.61793972293741	0.931074879241567	0.983030715600672	0.955825384218853	NA	NA	1.49653007584395	1.72544467812752	1.59157115574195	NA	0.775694568412278	0.932219931740442	1.07691704342448	1.26359731685426	0.768509790161429	NA	0.722751672704107	NA	NA	1.45916022749753	1.34237924569043	1.27175546104144	0.8644665854811	0.999774142059999	0.747777597502608	0.849525330368782	0.773899539391601	NA	NA	NA	0.724249660960156	NA	0.406849330826154	NA	0.215932610871008	NA	NA	NA	NA
1.83240148932545	NA	NA	NA	1.57710927379123	0.831449325424407	1.22219152108788	0.474350127145123	NA	NA	0.727922722870735	0.767632330280812	0.378546035487903	1.04598267519522	NA	1.32011825034104	0.457106584733524	NA	NA	0.595145726849319	0.667028177600741	0.449492539145525	0.648949954812344	NA	0.73968621244276	0.829489045847169	NA	NA	0.46800218669577	NA	NA	0.497555123049653	0.722837013760173	1.45250591978463	0.399596013217934	0.496527372641223	NA	0.852509981922239	NA	0.611585905678178
NA	NA	NA	NA	NA	NA	NA	NA	NA	NA	NA	NA	NA	NA	NA	NA	NA	NA	NA	NA	NA	NA	NA	NA	NA	NA	NA	NA	NA	NA	NA	NA	NA	NA	NA	NA	NA	NA	NA	NA
NA	NA	NA	NA	NA	NA	NA	NA	NA	NA	NA	NA	NA	NA	NA	NA	NA	NA	NA	NA	NA	NA	NA	NA	NA	NA	NA	NA	NA	NA	NA	NA	NA	NA	NA	NA	NA	NA	NA	NA
1.43675294408134	NA	NA	NA	NA	NA	NA	NA	NA	NA	NA	NA	NA	NA	0.726000708845776	NA	NA	0.705612561289538	NA	NA	NA	NA	1.24757558824235	1.29448805376989	2.10169609229627	1.15049262604179	NA	NA	0.485218379875599	NA	NA	0.896821652390939	0.702018411059132	0.512464998615208	0.496358518337017	NA	NA	0.179084192601121	0.497919595902063	0.58354385196827
1.18174727771478	NA	NA	NA	1.42987091966146	1.54828399964	NA	1.07929711815266	NA	NA	1.69106891898826	0.960433942137197	NA	1.05368896912295	1.73270774519141	1.14843583762111	2.31796499700788	NA	1.45982973921065	1.21504297561165	NA	1.40928652030827	1.25851629759301	1.20375941923361	1.25851699387423	1.08185871165214	NA	0.65227312578892	0.436699204145353	0.154733948377036	NA	NA	0.406883190756309	NA	1.81935431509884	NA	NA	0.372449955067298	NA	0.36113833479958
NA	NA	NA	NA	NA	NA	NA	NA	NA	NA	NA	NA	NA	NA	NA	NA	NA	NA	NA	NA	NA	NA	NA	NA	NA	NA	NA	NA	NA	NA	NA	NA	NA	NA	NA	NA	NA	NA	NA	NA
1.96760138610669	1.0524252678207	0.876741668011544	NA	1.222652731082	NA	NA	1.63274039601904	NA	NA	NA	1.06314791481199	NA	0.614080758055838	0.659644214169454	0.806556127293991	0.282467998429134	0.676617759179022	1.14948383073523	0.754173571490127	NA	0.881470408566449	1.92921376874015	NA	NA	0.735030215929208	NA	0.661663909475552	0.562118119287214	0.350819832883288	NA	NA	0.557344376048762	NA	NA	0.237518021871592	NA	0.425368675145601	0.260931667172804	1.03491745278304
NA	NA	0.565645288725861	NA	NA	0.431243264513571	NA	0.356854212593802	NA	NA	0.638743624268995	NA	NA	NA	NA	NA	NA	NA	NA	0.448265158506283	0.56991245947451	1.59590964357839	NA	NA	0.740273459503182	NA	NA	NA	0.684009953344805	NA	NA	NA	NA	NA	NA	0.344164329185726	NA	NA	0.525459701749526	NA
NA	NA	NA	NA	NA	NA	NA	NA	NA	NA	NA	NA	NA	NA	NA	NA	NA	NA	NA	NA	NA	NA	NA	NA	NA	NA	NA	NA	NA	NA	NA	NA	NA	NA	NA	NA	NA	NA	NA	NA
NA	NA	NA	NA	1.6729239134962	NA	NA	NA	NA	NA	1.48894956714002	NA	0.947740694222542	NA	NA	1.28108800647178	NA	NA	NA	NA	NA	1.25296537500835	1.51062040314448	1.47693469656647	NA	NA	NA	0.66069712044828	0.891495348277145	0.736184468972954	1.37301555969705	1.30342058856089	1.51161140160964	1.73590673075663	1.03529009543529	0.585087870337245	NA	1.57107917440787	0.361252025575347	0.922896450681708
NA	NA	NA	NA	NA	NA	NA	NA	NA	NA	NA	NA	NA	NA	NA	NA	NA	NA	NA	NA	NA	NA	NA	NA	NA	NA	NA	NA	NA	NA	NA	NA	NA	NA	NA	NA	NA	NA	NA	NA
NA	NA	NA	NA	NA	NA	NA	NA	NA	NA	NA	NA	NA	NA	NA	NA	NA	NA	NA	NA	NA	NA	NA	NA	NA	NA	NA	NA	NA	NA	NA	NA	NA	NA	NA	NA	NA	NA	NA	NA
1.33954792058904	NA	NA	NA	NA	NA	NA	1.28800823774507	0.89497614877748	NA	0.868370758380043	0.817998470826558	1.07725399033423	NA	0.51996644265196	0.289511367586382	0.798768607291053	0.668513974418374	0.745616582881561	NA	1.43170740425583	NA	0.846345533363546	0.462878007951239	0.451759926623025	1.08098702107514	NA	NA	NA	NA	1.22950513992774	NA	NA	0.870154562410971	0.672880765339337	1.22656580406684	NA	0.44504780768115	NA	NA
NA	NA	NA	NA	NA	NA	NA	NA	NA	NA	NA	NA	NA	NA	NA	NA	NA	NA	NA	NA	NA	NA	NA	NA	NA	NA	NA	NA	NA	NA	NA	NA	NA	NA	NA	NA	NA	NA	NA	NA
NA	NA	NA	NA	NA	NA	NA	NA	NA	NA	NA	NA	NA	NA	NA	NA	NA	NA	NA	NA	NA	NA	NA	NA	NA	NA	NA	NA	NA	NA	NA	NA	NA	NA	NA	NA	NA	NA	NA	NA
NA	NA	NA	NA	NA	NA	NA	NA	NA	NA	NA	NA	NA	NA	NA	NA	NA	NA	NA	NA	NA	NA	NA	NA	NA	NA	NA	NA	NA	NA	NA	NA	NA	NA	NA	NA	NA	NA	NA	NA
NA	NA	NA	0.58311373589654	NA	NA	NA	NA	NA	NA	NA	NA	NA	NA	NA	NA	NA	NA	NA	NA	NA	0.780714714523368	NA	1.11617752527036	NA	NA	NA	1.07989178513768	0.661495294201931	0.954268469253042	NA	0.822308263882449	0.73310933050843	NA	NA	1.30623715135603	NA	NA	0.556961014739361	0.916840821269353
NA	NA	NA	NA	NA	NA	1.2033541889663	NA	NA	NA	1.27588100526609	NA	NA	NA	NA	NA	NA	NA	NA	NA	1.01747680771296	0.831683434208341	NA	NA	0.893950427403364	NA	2.01343991024502	1.88803495236752	1.95691000869345	1.69830794426116	NA	1.47764331612452	1.23109975808785	0.430622676561603	0.527071123264756	1.73796623980028	NA	0.47120501687161	0.269330115076734	NA
NA	NA	NA	NA	NA	0.576972687112545	NA	NA	1.26766054610776	0.816556032257606	1.45958677014549	0.323346288719241	NA	NA	NA	NA	NA	NA	NA	0.516832528313767	1.40087714093366	0.224102158949532	0.796484029286758	1.04071061562376	NA	NA	0.286249033947804	NA	0.296356276842025	NA	1.37008031609108	0.391893488151984	1.14519440764272	0.819903192382878	NA	NA	NA	NA	1.07409085597872	0.748232848130961
NA	NA	NA	NA	NA	NA	NA	NA	NA	NA	NA	NA	NA	NA	NA	NA	NA	NA	NA	NA	NA	NA	NA	NA	NA	NA	NA	NA	NA	NA	NA	NA	NA	NA	NA	NA	NA	NA	NA	NA
NA	NA	NA	1.45021910881866	NA	NA	0.571146309512843	NA	NA	NA	NA	NA	NA	NA	NA	NA	NA	NA	NA	NA	NA	0.655527091427851	NA	NA	NA	0.603220531429478	NA	1.04889681926462	1.21114392398115	NA	NA	1.07385711944997	1.31632385286693	0.676465523438941	1.30996021454389	NA	NA	0.242659158462903	0.119839923090752	0.769059816763825
2.09455709168917	NA	1.86184522862245	NA	0.870803653693692	0.664478521582966	0.92501378021472	0.470893670977812	0.435423721597379	0.208556774187163	1.32670956102441	1.31284401610309	1.37745936042089	0.779779875317508	1.35187222542167	NA	1.52615651156485	1.28467301459358	0.672357400759755	0.505463522362331	0.743188249905944	NA	1.04857510924631	0.62439915660016	0.852800726835292	0.507917082979721	1.23029973346704	2.59053342807467	1.03275874110387	0.938646066999604	NA	1.15158034396655	NA	1.0247480915554	0.699906860745037	NA	NA	0.312865848659978	0.63031789837873	0.467723656926311
NA	NA	NA	NA	NA	NA	NA	NA	NA	NA	NA	NA	NA	NA	NA	NA	NA	NA	NA	NA	NA	NA	NA	NA	NA	NA	NA	NA	NA	NA	NA	NA	NA	NA	NA	NA	NA	NA	NA	NA
NA	NA	NA	NA	NA	NA	1.51985208230303	NA	NA	NA	NA	NA	NA	NA	NA	NA	NA	NA	NA	2.13190683362755	NA	1.25449999410896	1.24024343323403	0.836623684439885	1.51517612261293	1.42722355077035	NA	NA	0.557530113616347	NA	NA	NA	NA	NA	0.910030439372913	0.168090051749214	NA	NA	0.647830348224444	0.606804836410025
0.878971238738192	NA	NA	NA	NA	0.582060039690251	NA	NA	NA	0.580234711157004	NA	NA	0.639066899164999	NA	0.463265623374141	NA	NA	NA	0.443076964413405	0.48436265761951	NA	NA	NA	0.365644568739716	NA	0.288806833292478	NA	NA	0.735597913251319	0.460999263725855	NA	0.661888638879327	0.591131901773666	0.968410246967138	0.667149992531835	0.594591355133227	NA	0.476087309522883	0.608575156862231	0.826199253690444
0.855599574473803	NA	1.0305028174938	NA	NA	0.962240859105117	1.15148757627505	1.10964956646095	0.752768001458122	NA	0.490607630320942	NA	NA	0.369312470891693	0.717558930836582	NA	0.772601513419129	1.14879328201546	0.99781023257542	0.659167791793064	0.807526816293266	NA	0.783278825912623	0.179051529987731	0.190743370790384	NA	NA	NA	0.760196246611623	0.694310427960721	0.90672203819453	0.439448844836626	NA	NA	NA	0.145420146786005	NA	0.796347343643127	NA	NA
NA	NA	NA	NA	NA	NA	NA	0.981058096084624	NA	NA	NA	NA	NA	NA	NA	NA	NA	0.43913948710742	NA	NA	0.699373080236668	NA	NA	NA	NA	NA	NA	NA	NA	NA	NA	0.839237534561893	NA	0.453314131470506	NA	0.241392828677633	NA	0.337997427132927	NA	NA
NA	NA	NA	NA	NA	NA	NA	NA	NA	NA	NA	NA	NA	NA	NA	NA	NA	NA	NA	NA	NA	NA	NA	NA	NA	NA	NA	NA	NA	NA	NA	NA	NA	NA	NA	NA	NA	NA	NA	NA
NA	NA	NA	NA	NA	NA	NA	0.808715760450442	1.32973025802756	1.46754791539497	NA	NA	NA	NA	0.948613511297433	NA	0.816369149334431	0.855617622796042	1.0556826830295	0.859481960925833	1.52630733354429	1.39273913267023	NA	1.61822854186425	1.10595019630865	NA	NA	NA	NA	1.02851654551316	NA	0.73320215917333	NA	0.409424988278518	NA	NA	NA	0.133946873980877	0.230950227906717	NA
NA	NA	NA	NA	NA	NA	NA	NA	NA	NA	NA	NA	NA	NA	NA	NA	NA	NA	NA	NA	NA	NA	NA	NA	NA	NA	NA	NA	NA	NA	NA	NA	NA	NA	NA	NA	NA	NA	NA	NA
NA	1.41139663453867	NA	NA	1.07328552742377	NA	NA	0.757277137897817	0.53964784431435	NA	NA	NA	NA	1.17696531994494	0.901897174893283	NA	0.658886775035582	0.817809011505836	0.587301099413343	NA	1.23044742904425	NA	0.179467233350631	NA	NA	NA	NA	1.25447617047906	1.04220364605447	NA	NA	0.162329135948184	NA	NA	NA	NA	NA	NA	0.467676779241601	NA
NA	NA	NA	NA	NA	NA	NA	NA	NA	NA	NA	NA	NA	NA	NA	NA	NA	NA	NA	NA	NA	NA	NA	NA	NA	NA	NA	NA	NA	NA	NA	NA	NA	NA	NA	NA	NA	NA	NA	NA
NA	NA	NA	NA	NA	NA	NA	NA	NA	NA	NA	NA	NA	NA	NA	NA	NA	NA	NA	NA	NA	NA	NA	NA	NA	NA	NA	NA	NA	NA	NA	NA	NA	NA	NA	NA	NA	NA	NA	NA
NA	NA	NA	NA	NA	NA	NA	NA	NA	NA	NA	NA	NA	NA	NA	NA	NA	NA	NA	NA	NA	NA	NA	NA	NA	NA	NA	NA	NA	NA	NA	NA	NA	NA	NA	NA	NA	NA	NA	NA
NA	NA	NA	NA	NA	NA	NA	NA	NA	NA	NA	NA	NA	NA	NA	NA	NA	NA	NA	NA	NA	NA	NA	NA	NA	NA	NA	NA	NA	NA	NA	NA	NA	NA	NA	NA	NA	NA	NA	NA
NA	0.541060816237356	0.266417666867271	NA	0.7129782144846	0.659232746667311	NA	0.350502989684558	0.654911460230707	1.53389835978259	1.6747152146677	NA	0.588459406754423	1.85344132891603	0.436076505869463	0.408206827321475	0.371616579514816	0.381319265123906	NA	0.723269957155726	1.06435467501891	0.868778162692475	0.831002399553155	NA	NA	NA	0.819825774721142	NA	NA	1.2738979286101	0.34676709939593	0.201857877632402	0.714157498317104	NA	0.501003960402263	NA	NA	0.482019390597416	0.419913714271783	NA
1.42878556039319	NA	NA	NA	NA	NA	NA	NA	1.61776972471068	1.73103205758163	NA	NA	NA	1.77956360718422	NA	1.25646485963081	1.02838814369634	1.22271488975817	2.05843068819194	2.22019023774489	1.90089407986033	NA	NA	NA	NA	NA	NA	NA	0.585361624942735	NA	0.765110458464476	0.568925552545246	NA	NA	0.490814383385139	NA	NA	NA	0.832085592059154	NA
0.563474962011169	1.27460373380493	0.521788300534327	NA	NA	2.25169998734517	1.59120025391891	NA	1.23390538940573	NA	NA	1.12351222059719	NA	1.21089417192477	1.47620544898526	1.49522263758597	1.38164720397234	NA	0.998484874215959	1.23010435182685	2.51286460136479	1.4405890346719	1.74320670835036	2.08485459442099	NA	NA	NA	NA	2.79033842591957	NA	1.1214415691552	1.24623732480596	NA	1.48811981968943	NA	1.18039413417834	NA	0.975832363753699	NA	NA
NA	NA	NA	NA	NA	NA	NA	NA	0.429511287385311	NA	NA	NA	NA	0.188872344971666	0.446012689501798	NA	NA	1.00492232622555	0.71051283081085	NA	1.01719480353764	NA	0.390251195985496	NA	NA	NA	NA	NA	1.08637360954965	NA	NA	0.705113092481954	1.34709821518595	0.815673836074667	2.09800141622002	NA	NA	NA	0.755082314748486	NA
NA	1.1514181796943	1.01591910340572	NA	NA	1.22924441522737	1.01583360526496	1.11802385554693	1.23887405493646	NA	1.36123727840558	1.37401035737032	1.48020629259589	1.51920138608285	1.25065232232158	1.58795216030703	1.65756021587129	1.53241159606303	1.36823668477409	1.24368802082261	NA	1.43707040742549	NA	NA	0.812006270684246	0.8091215219188	NA	1.11807799652953	0.676535255237104	NA	NA	NA	NA	NA	NA	0.412050746399251	NA	0.527248391558814	0.235755623518572	2.16447134015028
NA	NA	NA	NA	NA	NA	NA	NA	NA	NA	NA	NA	NA	NA	NA	NA	NA	NA	NA	NA	NA	NA	NA	NA	NA	NA	NA	NA	NA	NA	NA	NA	NA	NA	NA	NA	NA	NA	NA	NA
NA	0.407611948880627	NA	NA	NA	NA	NA	0.409051436726727	0.468035885246451	0.435549243048498	0.570443866594607	NA	NA	NA	0.651714197488816	0.559370513556644	NA	NA	0.458283406649315	0.381203600960898	1.23095520692705	0.626479242808524	0.442538873220261	0.200248902765552	NA	0.476876292936577	NA	NA	NA	NA	NA	0.796936213937104	0.818912615840679	NA	1.05473293892446	0.64982184580254	NA	0.306669806287538	0.517085015629226	0.597032316469542
1.16267195016815	0.983534486620446	NA	0.983179877181684	NA	NA	1.13052381533718	1.25173266990224	1.17754629072102	NA	NA	NA	NA	1.23618963327952	1.18888049726205	1.63649152506548	1.41406568802904	1.20649272269053	NA	NA	0.634978483185266	NA	NA	NA	0.443482156108579	NA	1.10771588235304	NA	NA	NA	NA	NA	0.878613435515067	NA	NA	NA	NA	0.309378160556953	0.315410007978118	0.271936562986916
1.20931937796064	1.45980259991095	1.49423459770637	1.50272945421449	1.53980827980275	NA	NA	NA	NA	NA	NA	NA	NA	1.98261068401488	NA	NA	NA	NA	2.10158551869589	NA	0.834027068405782	0.838517589947224	0.419040073663339	0.911245243525105	0.809567463742271	NA	0.241927630608649	NA	NA	NA	1.76444107437792	NA	1.19421927572554	1.52834163679149	0.66141594709096	NA	NA	NA	1.62933433695966	NA
NA	NA	NA	NA	NA	NA	NA	NA	0.650365271305724	NA	NA	1.07109319082621	NA	NA	NA	0.444568701404103	NA	NA	NA	NA	NA	NA	NA	NA	NA	NA	NA	NA	0.450451647787312	NA	NA	0.260565798655685	NA	NA	NA	0.628933143776369	NA	NA	0.35614032601676	NA
NA	NA	NA	NA	NA	NA	NA	NA	NA	NA	NA	NA	NA	NA	NA	NA	NA	NA	NA	NA	NA	NA	NA	NA	NA	NA	NA	NA	NA	NA	NA	NA	NA	NA	NA	NA	NA	NA	NA	NA
1.70836249081696	1.15284248736891	NA	NA	1.08238151036166	1.09483594013698	0.812209450328156	NA	NA	NA	NA	0.433493312441511	0.300424718417532	0.924092815618298	0.604915375036903	0.916772299558584	1.54013255108282	0.999042406078626	NA	0.7283767178538	0.583765343706219	NA	NA	0.471386963633286	0.755478083903999	NA	NA	NA	1.17496816077766	NA	1.16967844926795	NA	NA	0.282053749927522	1.36648171663289	0.341416067653003	NA	0.478472586591852	0.846272168525366	0.695792692062158
NA	NA	NA	NA	NA	NA	NA	NA	NA	NA	NA	NA	NA	NA	NA	NA	NA	NA	NA	NA	NA	NA	NA	NA	NA	NA	NA	NA	NA	NA	NA	NA	NA	NA	NA	NA	NA	NA	NA	NA
1.06348805452862	NA	NA	NA	NA	NA	NA	NA	0.770015134064047	0.713602682075569	NA	NA	NA	0.281534693339399	NA	0.877311185025808	NA	0.595282671132087	NA	NA	NA	0.584860825369777	NA	0.672602982233197	0.449782920004552	NA	NA	NA	0.418130795714051	0.862523685708112	0.533513048242415	0.545047746839778	0.434223419762225	0.150288815862055	0.124560536902605	0.358202480537535	NA	0.551102326660785	0.279225819297469	0.413103630534896
NA	NA	NA	NA	NA	NA	NA	NA	NA	NA	NA	NA	NA	NA	NA	NA	NA	NA	NA	NA	NA	NA	NA	NA	NA	NA	NA	NA	NA	NA	NA	NA	NA	NA	NA	NA	NA	NA	NA	NA
1.53065765373681	1.51460841388503	1.79734518535458	NA	1.58611756110206	1.24399093832587	0.881556649928034	0.533013338211998	0.547697795382134	1.18908886492706	0.946655478862835	NA	1.22977621362186	NA	0.713486276395496	0.312026792993896	0.318486296597823	0.622308974057292	1.11503961549224	0.405239704473257	0.639801827016273	0.429800534757607	0.360001836482488	0.47748308506618	0.331543952940676	0.577176664586734	0.271106723439668	0.650095956122555	1.35423620679253	0.897802049895551	0.712560783312482	0.963042857366176	1.1542213719204	NA	NA	1.39516226301459	NA	NA	0.806304437512001	NA
NA	0.886432102471376	1.74265941061934	NA	NA	NA	NA	NA	NA	NA	0.789474390067625	0.827264152439063	NA	0.811093122610453	NA	0.956593968458348	NA	NA	NA	0.652152137944832	0.643780735991123	0.66956953372537	NA	NA	0.629843274697304	NA	NA	0.946406312198065	NA	NA	NA	NA	NA	NA	0.952659286017933	0.941372760577659	NA	0.649309616827754	NA	0.462040711936695
NA	NA	NA	NA	NA	NA	NA	NA	NA	NA	NA	NA	NA	NA	NA	NA	NA	NA	NA	NA	NA	NA	NA	NA	NA	NA	NA	NA	NA	NA	NA	NA	NA	NA	NA	NA	NA	NA	NA	NA
NA	NA	NA	0.674774025470732	NA	NA	0.680981431160344	1.15847431551288	1.33170344178104	NA	0.736645598441495	1.38626917005921	0.994770970020247	NA	0.918504212211069	NA	NA	0.668829059156907	NA	0.376471738727273	NA	0.718002828523963	NA	NA	NA	1.24558530691271	1.53751937323868	NA	NA	NA	NA	NA	NA	0.72156711455372	1.17094690577094	NA	NA	NA	NA	NA
NA	NA	NA	NA	NA	NA	NA	NA	NA	NA	NA	NA	NA	NA	NA	NA	NA	NA	NA	NA	NA	NA	NA	NA	NA	NA	NA	NA	NA	NA	NA	NA	NA	NA	NA	NA	NA	NA	NA	NA
NA	NA	NA	NA	NA	NA	NA	NA	NA	NA	NA	NA	NA	NA	NA	NA	NA	NA	NA	NA	NA	NA	NA	NA	NA	NA	NA	NA	NA	NA	NA	NA	NA	NA	NA	NA	NA	NA	NA	NA
2.08787845641574	NA	0.791570268634601	NA	0.850125328605135	0.638674713868876	0.665963113158577	0.522993876178804	0.658673107826952	0.815858250130011	0.793861330316449	0.62796587336491	0.857768481261688	0.666010691579117	0.510816579678058	NA	0.725568083232648	0.577697107103284	1.2489501412055	1.2621605408734	0.568028242507342	0.525296029956707	0.247901152778622	0.959104783152208	0.682789791362601	0.830353627088811	1.15341667454253	NA	0.571520960652482	0.506068780560861	0.496040063557372	0.348108503016058	0.213709165878763	0.213432249326252	0.130122076653161	0.419282872510636	NA	0.333058501863184	2.02004793781037	0.351934278502009
1.97662072427642	NA	NA	0.771540293422061	NA	0.628325921848852	0.853874359328328	1.11236767097699	0.780683937249331	NA	2.05391010543079	1.17108484958289	0.895326070864421	1.17182107870686	0.991891823717127	NA	1.21358453160293	0.418071623686815	1.89208064001514	1.65739315030265	0.318921543461675	0.513364578643463	0.63344354468224	1.49861597092918	NA	2.26833458214069	2.22889171406323	0.869761871292373	2.0838614611668	NA	NA	NA	0.831699321696076	NA	0.513640291429327	NA	NA	NA	NA	NA
NA	0.836344420787499	NA	NA	NA	0.463176086654775	NA	NA	NA	NA	NA	0.608055398206837	0.429907063816668	NA	NA	NA	1.04043815576787	1.19405610768789	NA	0.724760507885612	NA	0.762749225806129	0.996593080728375	1.05852186819731	1.24417628721525	NA	1.05654870619748	NA	0.954831075943839	NA	0.826770962166288	0.824902911083461	0.827003550257368	0.926634137487505	NA	1.08565695469098	NA	1.09710422904394	NA	0.606921691822035
NA	NA	NA	NA	1.46136154499827	NA	NA	NA	NA	NA	NA	NA	0.932002486455047	0.827101120840666	NA	NA	NA	0.546872471103245	NA	NA	NA	NA	NA	NA	NA	NA	NA	NA	NA	NA	NA	NA	0.290423921821039	0.248905235280476	NA	NA	NA	0.363862902615176	NA	NA
NA	NA	NA	2.1426919099151	2.03037258812136	NA	NA	1.26107984419492	1.82583199704393	NA	1.71778541122268	NA	NA	NA	NA	NA	NA	NA	NA	NA	NA	NA	2.33615275401466	NA	NA	NA	1.97914048753088	NA	0.280633300201325	NA	0.206980058162035	NA	NA	0.455711589884244	0.504601606959055	0.903950610403378	NA	NA	0.22934366230987	NA
NA	NA	NA	NA	NA	NA	NA	NA	NA	NA	NA	NA	NA	NA	NA	NA	NA	NA	NA	NA	NA	NA	NA	NA	NA	NA	NA	NA	NA	NA	NA	NA	NA	NA	NA	NA	NA	NA	NA	NA
0.735747446195334	0.787701828854147	NA	NA	NA	0.749753493047022	1.15836167681931	1.09719007151031	1.03430942064172	0.845093484802543	1.03988954676357	NA	NA	0.922420926914146	0.612870434040993	0.494385709802185	0.974019594916209	0.661740633068114	NA	0.973077775334711	NA	0.952969328554313	NA	0.754013590208261	0.880653654884426	NA	NA	NA	NA	0.13157874660862	NA	NA	0.340698676340176	NA	NA	NA	NA	NA	0.334815542632121	NA
NA	NA	NA	0.612047555178251	NA	NA	NA	NA	NA	0.68081319818575	NA	0.964016884711791	NA	NA	NA	0.549903947150466	NA	1.59702425745928	1.6671101292446	0.538058331124758	NA	0.274286754711244	NA	0.448566240949545	NA	NA	NA	0.494562652440128	NA	NA	NA	NA	0.244226380480386	0.474686362043053	0.465486864441633	NA	NA	NA	NA	NA
NA	NA	NA	NA	NA	NA	NA	NA	NA	NA	NA	NA	NA	NA	NA	NA	NA	NA	NA	NA	NA	NA	NA	NA	NA	NA	NA	NA	NA	NA	NA	NA	NA	NA	NA	NA	NA	NA	NA	NA
1.29805262638622	NA	NA	NA	NA	NA	NA	NA	NA	NA	0.793926990313319	1.60999522479499	NA	1.84737801231131	2.22125201845344	1.95444774984169	NA	NA	2.07392661861445	NA	0.884973999161286	NA	1.48914710169637	1.55622596200842	2.05546781385019	NA	2.24648305249221	NA	NA	1.715009771392	NA	1.0038816308713	0.501890945524838	NA	1.4758105423552	0.856348173380361	NA	0.380268493987227	1.04995197872956	0.671780980053425
NA	NA	NA	2.05106130989548	NA	NA	NA	NA	0.851802452872146	NA	NA	2.16274123619438	NA	NA	NA	NA	2.3122716944266	2.20045981282101	1.91114047680844	NA	1.63304923756075	1.5468889218769	NA	NA	NA	NA	1.50856756602486	1.63215448500973	NA	1.30819082802013	NA	NA	0.928267873698407	0.592206902406122	NA	NA	NA	0.295819313738956	0.533565206648751	NA
NA	NA	NA	NA	1.37107877856323	1.52994021818333	1.19828128424508	1.5254487948312	1.14696103290037	NA	NA	1.01746105099436	NA	NA	1.30174943596676	NA	NA	1.41336435797214	1.33348643324972	1.61505844444145	1.6470535882403	1.88535433616443	1.75152652502856	1.6444529848984	2.06369414660552	NA	NA	1.12739506800059	1.70944928854853	1.22214315597458	NA	1.47075639089947	1.05482888340282	NA	NA	NA	NA	NA	NA	NA
NA	NA	NA	NA	NA	NA	NA	NA	NA	NA	NA	NA	NA	NA	NA	NA	NA	NA	NA	NA	NA	NA	NA	NA	NA	NA	NA	NA	NA	NA	NA	NA	NA	NA	NA	NA	NA	NA	NA	NA
1.97316439253246	1.18204553862254	1.47807011701148	1.98157019210895	NA	1.29039049304121	NA	1.20801877144772	1.56771407224816	1.68589537565708	NA	1.5273137207073	NA	1.28627715275188	NA	NA	NA	NA	NA	0.839113152731587	NA	NA	0.928734720785078	0.946430466703969	1.28659884918114	NA	0.901815666634327	NA	1.3543827511159	NA	0.954095522558375	0.531288247916828	0.44439808348959	NA	0.947830511070737	NA	NA	NA	0.49807565660731	NA
NA	0.407746217444502	NA	0.7725822707352	0.200629745556953	1.49117878263566	NA	NA	1.13423894013599	0.942090147941334	0.82624336344583	1.60866860740471	NA	1.09086509101581	NA	0.504343223118697	NA	0.59724241997791	0.657915777534138	1.14806859619265	NA	NA	0.712264516093816	0.479093404852817	0.47499356425614	0.166732158405562	0.387521807848066	NA	2.05578763700402	0.563311803250266	NA	0.916150360621973	NA	NA	1.21026523542777	0.371309132779573	NA	0.708588559166051	0.744343625106187	NA
NA	NA	NA	NA	NA	NA	NA	NA	NA	NA	NA	NA	NA	NA	NA	NA	NA	NA	NA	NA	NA	NA	NA	NA	NA	NA	NA	NA	NA	NA	NA	NA	NA	NA	NA	NA	NA	NA	NA	NA
NA	NA	NA	NA	1.873446779882	NA	1.72869844659841	NA	1.51775882014243	1.42384760675564	1.38564857496942	1.51106261761983	1.43706860299865	NA	NA	1.7569706261253	NA	1.14536887679864	0.908920232808643	0.89357139333862	NA	1.85547313156014	1.77514943013237	NA	NA	NA	NA	NA	NA	NA	0.773065900123902	NA	0.478171721870946	NA	NA	NA	NA	0.563889704342627	1.03205915129077	0.598966968288939
NA	NA	NA	1.8858468882074	0.368822004565184	1.11313881426305	1.32233529209112	NA	1.12614942890546	0.795339731392939	1.53068964967869	0.778180127851997	1.0460317181338	1.22480421461213	NA	1.13949089005001	1.70565818275183	NA	NA	0.911581154200105	NA	0.511780026165437	NA	NA	0.581321699091889	NA	NA	NA	NA	0.301161088446745	NA	NA	NA	NA	1.26961498937989	0.687883643981811	NA	0.61822505976184	0.740210483885906	0.531304567617699
NA	NA	NA	NA	NA	NA	NA	NA	NA	NA	NA	NA	NA	NA	NA	NA	NA	NA	NA	NA	NA	NA	NA	NA	NA	NA	NA	NA	NA	NA	NA	NA	NA	NA	NA	NA	NA	NA	NA	NA
0.973970169848175	0.76248936409683	0.808625431192743	NA	0.726075627323816	0.997962122054727	0.782502412788061	1.09410061335671	0.939614993140685	NA	NA	1.04663409317561	NA	0.8035091256776	NA	0.77976455098459	1.10390848827312	NA	0.611968136895846	0.776988156450117	0.6369615009182	NA	NA	NA	NA	NA	NA	0.777744103410072	NA	0.632519167676156	NA	0.394506960047364	0.770488291448803	0.771067820673746	NA	0.32808886164595	NA	0.284619232197102	0.317312449358304	0.310601802737622
1.95115198954659	NA	1.70176923313095	NA	NA	1.69392928267575	NA	1.25849538542185	1.64725520868714	NA	NA	1.38425995455859	1.36142683045364	1.40594660993296	1.71123024888304	NA	NA	NA	1.4512018960893	0.904091761805419	0.729591017119549	NA	NA	0.662615491466878	1.07595304111626	1.25728451210373	1.27256132864902	0.825873908047969	0.889173617700329	0.559384563718291	NA	0.736643807963858	NA	0.588673119900796	0.452610348816836	NA	NA	0.300810703640428	0.387806333499293	NA
NA	NA	NA	0.390944872193019	0.49073466824441	NA	NA	NA	NA	NA	NA	NA	NA	NA	NA	NA	NA	NA	NA	NA	NA	NA	0.31501116138539	NA	NA	NA	NA	0.366128716060124	NA	0.949298073135558	0.797955605175833	0.671740381022649	NA	0.114732682864925	0.500366590132877	NA	NA	NA	0.257507559633728	0.421864696681977
NA	NA	NA	NA	NA	1.19165225573284	NA	NA	NA	NA	NA	NA	1.25795769368223	NA	NA	1.8381129964958	NA	NA	NA	1.31099220213841	1.15278939319463	NA	1.3810863793393	1.31782685737431	NA	NA	NA	NA	0.364589079482976	1.11415890191983	NA	NA	0.879288847135392	NA	NA	NA	NA	NA	0.856394675707463	NA
NA	NA	NA	NA	NA	NA	NA	2.35579040311119	NA	NA	2.14861607438593	1.91171108442796	NA	NA	NA	2.46691530657961	1.8889087797471	2.43031807119958	NA	1.66248689808989	NA	NA	NA	2.20135469956623	2.16492448602311	NA	NA	NA	1.25639707320494	1.32917682456063	1.07751428550381	1.04737224254801	0.871792091455997	0.646235472744859	0.9391350392855	0.881754740113677	NA	1.02864313464893	NA	0.186940501134072
1.81877453154287	1.38742201051711	1.14334510563549	1.18342816056072	1.18158596897376	0.855506408112764	0.640064269103616	0.802289051174125	NA	1.70344907125095	0.658997706075988	1.09250383074159	1.0566365377319	1.00013541901918	0.968052734830061	NA	1.10207240560026	0.883459340306106	1.39806104848782	0.687238641396426	0.595884395029262	1.48876354977539	1.41555424542384	0.281548180451634	0.539051523390683	0.337366752990396	0.616285233911282	1.51392567894998	0.383096906473661	0.475905683494223	0.768051870276646	0.597579300030835	0.610436948368151	0.758907642755942	NA	0.293275368475269	NA	0.391211659685183	0.865646700515703	NA
NA	NA	NA	NA	NA	NA	NA	NA	NA	NA	NA	NA	NA	NA	NA	NA	NA	NA	NA	NA	NA	NA	NA	NA	NA	NA	NA	NA	NA	NA	NA	NA	NA	NA	NA	NA	NA	NA	NA	NA
NA	NA	NA	NA	NA	1.53981019272285	NA	1.01682468952583	1.28824903427625	NA	1.41481971507836	1.23320689290502	0.973593142262785	NA	1.15827637533178	NA	1.06093634766308	1.21764726047291	NA	0.468609789974026	NA	NA	NA	1.51254655421532	1.44560860510614	NA	NA	1.51814638564087	0.979580581455052	0.88261941809772	0.708458647509058	1.07999273771731	1.38919345613867	NA	NA	0.298632918879489	NA	0.303571256520401	0.681739806372438	0.454247212824916
NA	NA	NA	NA	NA	NA	NA	NA	NA	NA	NA	NA	NA	NA	NA	NA	NA	NA	NA	NA	NA	NA	NA	NA	NA	NA	NA	NA	NA	NA	NA	NA	NA	NA	NA	NA	NA	NA	NA	NA
NA	NA	0.607615036019743	0.642406804365661	NA	NA	0.793196561136733	1.33703670551755	1.05552619491592	NA	NA	NA	NA	0.828322978122409	0.736285465366306	0.326966494188543	NA	NA	NA	NA	1.06434135805093	0.515524474067354	0.77194974142461	NA	NA	0.594096833517393	NA	0.634866009507838	0.509227861124536	NA	NA	0.721139838436047	0.741737285114143	NA	0.397946044897397	0.401898988200414	NA	NA	0.21282597413138	0.983101740692333
NA	NA	NA	NA	NA	NA	NA	NA	NA	NA	NA	NA	NA	NA	NA	NA	NA	NA	NA	NA	NA	NA	NA	NA	NA	NA	NA	NA	NA	NA	NA	NA	NA	NA	NA	NA	NA	NA	NA	NA
0.379867440360861	0.518327510461968	NA	NA	0.555996098352449	0.910974434393998	0.991969202537055	1.21102028122314	NA	0.864374650737686	NA	0.672669111089048	NA	0.666944259156128	1.54079297461128	0.351447523653389	0.840259233796317	0.625438830986103	NA	0.422634738782403	0.52429560048697	0.222735342281375	0.707047052626971	NA	0.336732550747854	NA	NA	NA	NA	NA	NA	NA	NA	NA	0.54588810381608	NA	NA	0.999637374792711	0.351770777472838	NA
NA	NA	NA	2.20531644279934	NA	1.59490434038135	1.07540356273961	0.71284858339178	1.19772176837352	NA	0.254022301649263	1.15397216245436	0.577764630378409	NA	NA	0.530740489461984	0.947342912527406	1.16689793936986	1.15696817655286	0.953872535811614	NA	0.473015534463542	NA	0.310426075834885	NA	NA	NA	NA	NA	NA	NA	NA	NA	NA	NA	0.698346175977243	NA	NA	NA	0.259785516737301
NA	NA	1.09120108101797	NA	1.30648034496314	1.13972565043767	0.841690172348986	0.874507980574787	0.554872255455962	0.660421262804649	0.525455738952979	0.757057413546408	1.09159577109499	1.07002074925983	0.426994539895084	0.892913377485568	0.628100347876616	0.717234308835548	0.578937570211118	0.622954559115596	1.05470622496262	1.11666722237329	0.597085234253007	0.829955689706076	0.542814174546552	0.31684092366667	0.594982230204828	0.952885361097889	NA	NA	NA	NA	1.8507821767251	1.6316666242609	NA	1.89352177889179	NA	1.4431998876108	1.40188546593949	NA
0.775321309284497	1.04157411134633	NA	NA	0.92527546182215	1.13902615573271	1.24435395884432	0.89769753797718	NA	NA	1.4566798193704	NA	0.930482753396897	0.779672330382647	0.533257152404151	0.553419719651258	0.84097902181632	0.919948587024176	0.93381971661513	0.958778736567496	0.698279721756214	NA	NA	1.36852714699301	0.823261214412551	NA	NA	0.735757516630146	1.58001698564915	0.228320605148061	NA	0.365601538811131	0.322907546932566	0.401730444448424	0.366966102232408	0.184533311579499	NA	0.264799038492221	0.415314358813757	0.294318570593228
NA	NA	NA	NA	NA	NA	NA	NA	NA	NA	NA	NA	NA	NA	NA	NA	NA	NA	NA	NA	NA	NA	NA	NA	NA	NA	NA	NA	NA	NA	NA	NA	NA	NA	NA	NA	NA	NA	NA	NA
NA	NA	NA	NA	NA	NA	NA	NA	NA	NA	NA	NA	NA	NA	NA	NA	NA	NA	NA	NA	NA	NA	NA	NA	NA	NA	NA	NA	NA	NA	NA	NA	NA	NA	NA	NA	NA	NA	NA	NA
NA	NA	NA	NA	2.10744093025996	NA	1.77757940360309	1.79850589839202	1.48378404331251	NA	NA	1.09876073255522	1.13136821395645	1.22974061799222	1.81857649140479	NA	NA	1.44577552817216	0.862483459350076	NA	1.55091115889293	NA	0.564721349855902	NA	0.451157982495514	0.327171093849952	NA	1.24398381950729	NA	1.06666592253952	NA	0.842353101030077	1.13544595410936	0.317609814444203	0.378962489267326	0.517287120007606	NA	NA	NA	NA
1.23167433472482	NA	0.914469815237097	0.361303634077799	1.01124781876687	0.570661090661753	1.30539711158249	0.446696817146263	1.06250697897742	0.922674211729519	NA	NA	NA	NA	NA	NA	NA	NA	NA	NA	NA	1.1117683260434	NA	NA	NA	NA	NA	NA	1.01757971727366	NA	NA	1.55423520949215	NA	1.67055764042767	NA	NA	NA	0.29064992815006	NA	NA
NA	NA	NA	NA	NA	NA	NA	NA	NA	NA	NA	NA	NA	NA	NA	NA	NA	NA	NA	NA	NA	NA	NA	NA	NA	NA	NA	NA	NA	NA	NA	NA	NA	NA	NA	NA	NA	NA	NA	NA
NA	NA	1.8875545523974	NA	NA	NA	NA	1.44603934770765	NA	1.66333839455851	NA	NA	1.59880673415723	NA	1.80305026370286	NA	NA	1.72083579621369	2.06043079019367	1.33407910232713	1.9186191161317	1.30972898945941	NA	2.13845699216889	1.39988886114851	NA	NA	2.03012703678529	2.06704017448313	2.02765474294315	NA	1.35682392007987	1.49175464656591	1.43721206106927	1.4458000430104	0.751484695598078	NA	1.1168514391066	NA	0.708662897721416
1.14669636759805	NA	1.9803137504264	NA	1.85270214616947	NA	1.90959222700895	1.75052006827374	NA	NA	1.68586604060082	1.73171588777311	NA	1.8211151352825	2.02132908889651	NA	2.06867392974235	NA	NA	NA	NA	NA	NA	NA	0.793907590233069	NA	NA	0.558936778033375	0.240714194726414	0.296443986576683	NA	0.321051324377749	0.536003113916776	0.504735426167349	0.474537997831189	0.606865086357415	NA	0.141741175058076	0.156249122098337	0.227375029273883
NA	NA	NA	NA	NA	1.26827303339797	1.20465165265092	1.18244079682249	1.17197328559053	NA	NA	1.17267419808065	NA	NA	2.06864600639373	1.4730939308009	NA	NA	NA	2.54433603956242	1.33153906902798	2.58536257822265	1.47790991139308	2.1072658544468	1.71780991483854	2.31070655814772	1.84362986776757	2.20536389423496	1.62809184339346	2.04413416986802	2.8995036183269	1.18604818371846	1.81602194437382	2.03560664845913	2.42967547290764	2.36629753272906	NA	2.3085850509813	2.54405537000207	2.6409001682194
NA	1.95079461209242	NA	NA	NA	2.31281990036013	NA	2.90533544386849	2.82485276789367	3.02129119540565	NA	NA	NA	NA	NA	NA	NA	NA	NA	2.69746719439045	NA	NA	NA	2.69986974416759	NA	NA	NA	1.15708206527216	0.926211103085992	NA	NA	0.710172367721439	0.564212302914115	0.202284031976492	NA	NA	NA	0.03387240440218	NA	0.938581255126227
0.516451690151319	NA	NA	0.314153695475462	0.409892319753014	0.785355724698261	NA	0.855374010979375	0.736648676287594	0.670505181979136	NA	2.18086604380048	NA	1.43712744370272	NA	NA	NA	1.1404924323869	0.610714073413547	0.561312502175	NA	0.0750953138206152	0.838474525204081	0.773177251250566	0.906839180724422	0.550598167084248	NA	NA	0.960549039946618	NA	1.5205751611475	1.35722405775316	1.19965614785717	1.00625905411063	0.553911703398708	0.83572647425577	NA	0.562122797026342	0.270873965365083	0.214964985875708
NA	NA	NA	NA	NA	NA	NA	NA	NA	NA	NA	NA	NA	NA	NA	NA	NA	NA	NA	NA	NA	NA	NA	NA	NA	NA	NA	NA	NA	NA	NA	NA	NA	NA	NA	NA	NA	NA	NA	NA
NA	NA	NA	NA	NA	NA	NA	0.549445505281301	NA	NA	NA	1.8236674807456	1.58088306449496	1.77161079060069	1.70202275902535	1.48665036770434	1.65035929468471	1.9376809862806	1.84435938671488	1.46719166028512	NA	1.88553267755735	1.48539661056914	1.13811788574445	1.40347338848981	NA	1.19560086852019	NA	NA	0.804863013347941	0.733728353225537	0.700371733859448	NA	NA	NA	0.308226462405148	NA	0.395667935940688	0.30258756524211	0.307631029028681
NA	NA	NA	NA	NA	NA	NA	0.468812296246885	NA	NA	NA	0.879128343138854	0.580523370050641	0.275559955799992	0.391148476152413	1.05474770552528	0.565152152027748	NA	1.10132694265706	0.328999932341962	NA	NA	NA	NA	NA	NA	NA	NA	NA	NA	NA	NA	NA	NA	1.11614681490056	0.760193390826056	NA	1.18696997939081	1.17582173048236	0.647636073200047
0.596679452126101	NA	NA	NA	NA	0.1971226103437	1.1781649656618	NA	NA	NA	NA	0.669806104049032	1.77226460011486	NA	NA	NA	NA	NA	1.59773553603886	1.33251680042919	0.386931660114432	0.323345296503726	NA	NA	NA	NA	NA	NA	0.443061642511838	0.751505254125234	NA	NA	NA	NA	NA	NA	NA	0.492938016702526	NA	0.698688824432177
NA	NA	NA	NA	NA	NA	NA	NA	NA	NA	NA	NA	NA	NA	NA	NA	NA	NA	NA	NA	NA	NA	NA	NA	NA	NA	NA	NA	NA	NA	NA	NA	NA	NA	NA	NA	NA	NA	NA	NA
NA	NA	NA	NA	NA	NA	NA	NA	NA	NA	NA	NA	NA	NA	NA	NA	NA	NA	NA	NA	NA	NA	NA	NA	NA	NA	NA	NA	NA	NA	NA	NA	NA	NA	NA	NA	NA	NA	NA	NA
0.984021384606866	NA	0.849109228695714	0.313099029213828	0.332222957303903	0.982938347042621	NA	1.29076865240577	NA	1.78370284647194	NA	1.05994905547859	NA	1.47743452148956	1.56481918170389	NA	NA	0.820214911741253	0.757085046740267	0.938689982328468	0.554828761375693	0.919855560756231	NA	NA	0.863627806914988	0.84138578089592	NA	NA	0.70556544336589	0.408731600030925	NA	NA	NA	1.08688280178383	0.500702566229517	NA	NA	1.50910955189515	0.364584216792862	NA
NA	NA	NA	0.980736534574781	NA	1.1350372343318	NA	NA	NA	NA	1.26305814172731	NA	NA	NA	1.23784175641247	NA	1.24777533899155	1.17247183006321	1.12179419179535	NA	NA	0.931435959910941	NA	NA	NA	NA	1.34518502591714	NA	NA	0.497005617703391	NA	0.662087599422588	0.679873691208966	0.544606612716507	NA	NA	NA	NA	0.426691097667737	NA
1.33680408133644	NA	NA	1.50270108171647	1.28113389136076	NA	0.976628049816661	1.15501062424101	0.753308669810092	NA	1.09474683274417	0.888030299605863	1.26229322316803	1.74253320427453	1.24621246935045	1.08818261351114	1.67579613708753	NA	NA	1.7259539324538	1.07525649406856	0.414651428757429	NA	1.39365954706318	NA	1.54317719412197	0.338746485164759	0.255381062422689	NA	1.32183394396391	1.37379062373639	0.467979039213202	0.958314549569343	1.00481269154437	0.283070700099536	1.45357561144715	NA	0.321659433782278	0.194123255949774	0.406473191089967
NA	NA	NA	NA	NA	NA	NA	NA	NA	NA	NA	NA	NA	NA	NA	NA	NA	NA	NA	NA	NA	NA	NA	NA	NA	NA	NA	NA	NA	NA	NA	NA	NA	NA	NA	NA	NA	NA	NA	NA
NA	NA	NA	NA	NA	NA	NA	NA	NA	NA	NA	NA	NA	NA	NA	NA	NA	NA	NA	NA	NA	NA	NA	NA	NA	NA	NA	NA	NA	NA	NA	NA	NA	NA	NA	NA	NA	NA	NA	NA
0.782754757897538	1.04562844028665	1.07121391171643	NA	NA	0.663676580719863	0.713975237640177	NA	1.47129621225845	NA	NA	NA	NA	1.08447432348418	1.23554539896641	1.05036004875126	NA	1.05277243332662	NA	NA	0.6850396159259	NA	0.482047842338095	NA	0.810930780767785	0.841842229424285	NA	0.362635260502123	NA	0.733350086064799	0.83239285852947	NA	NA	0.462227353306089	0.630920090016663	0.394028611203001	NA	0.567808790069722	0.484223952699654	0.411893114842822
NA	NA	NA	NA	NA	NA	NA	NA	NA	NA	NA	NA	NA	NA	NA	NA	NA	NA	NA	NA	NA	NA	NA	NA	NA	NA	NA	NA	NA	NA	NA	NA	NA	NA	NA	NA	NA	NA	NA	NA
NA	NA	NA	NA	NA	NA	NA	NA	NA	NA	NA	NA	NA	NA	NA	NA	NA	NA	NA	NA	NA	NA	NA	NA	NA	NA	NA	NA	NA	NA	NA	NA	NA	NA	NA	NA	NA	NA	NA	NA
NA	NA	NA	NA	NA	NA	NA	NA	NA	NA	NA	NA	NA	NA	NA	NA	NA	NA	NA	NA	NA	NA	NA	NA	NA	NA	NA	NA	NA	NA	NA	NA	NA	NA	NA	NA	NA	NA	NA	NA
NA	NA	1.08416220911592	NA	1.06086927950307	NA	NA	0.793929046421765	1.07582794210787	1.113847402012	NA	1.49236422251915	1.01234728114199	1.38646934734217	1.6993905771577	1.5612320423881	1.31527554550646	1.28060444619104	NA	1.22287998786665	1.32939385585834	NA	NA	NA	NA	NA	NA	NA	NA	1.10894625329779	NA	NA	0.303319582286126	0.758035210117608	0.417507324045552	NA	NA	NA	1.17282590495962	NA
NA	NA	NA	NA	NA	NA	NA	NA	NA	NA	NA	NA	NA	NA	NA	NA	NA	NA	NA	NA	NA	NA	NA	NA	NA	NA	NA	NA	NA	NA	NA	NA	NA	NA	NA	NA	NA	NA	NA	NA
1.83017464640452	1.54706666772178	NA	NA	NA	NA	NA	NA	2.04510119113324	NA	NA	NA	NA	NA	1.58911072630848	NA	NA	NA	NA	1.87881852775547	2.21729547389611	1.85072581307455	2.06052999690668	2.03008541485676	NA	2.20213753970815	2.14199601232019	2.18249503855949	1.93714329144613	NA	2.12241292601984	2.12984567596143	2.35119930882232	NA	NA	NA	NA	NA	2.19247986198323	NA
NA	NA	NA	NA	NA	NA	NA	NA	NA	NA	NA	NA	NA	NA	NA	NA	NA	NA	NA	NA	NA	NA	NA	NA	NA	NA	NA	NA	NA	NA	NA	NA	NA	NA	NA	NA	NA	NA	NA	NA
NA	NA	NA	NA	NA	NA	NA	NA	NA	NA	NA	NA	NA	NA	NA	NA	NA	NA	NA	NA	NA	NA	NA	NA	NA	NA	NA	NA	NA	NA	NA	NA	NA	NA	NA	NA	NA	NA	NA	NA
NA	NA	NA	NA	NA	NA	NA	NA	NA	NA	NA	NA	NA	NA	NA	NA	NA	NA	NA	NA	NA	NA	NA	NA	NA	NA	NA	NA	NA	NA	NA	NA	NA	NA	NA	NA	NA	NA	NA	NA
NA	NA	NA	NA	NA	NA	NA	NA	NA	NA	NA	NA	NA	NA	NA	NA	NA	NA	NA	NA	NA	NA	NA	NA	NA	NA	NA	NA	NA	NA	NA	NA	NA	NA	NA	NA	NA	NA	NA	NA
NA	NA	NA	NA	NA	NA	NA	NA	NA	NA	NA	NA	NA	NA	NA	NA	NA	NA	NA	NA	NA	NA	NA	NA	NA	NA	NA	NA	NA	NA	NA	NA	NA	NA	NA	NA	NA	NA	NA	NA
NA	NA	0.317599090910969	NA	0.536163484331008	0.697551276817309	NA	NA	0.617061198943575	0.654827079107459	0.976555696204185	NA	NA	NA	NA	NA	NA	0.638704167656399	0.626371951246162	0.30553150065361	0.166306141066808	0.273750995995486	0.721252975580517	0.450711941660405	NA	NA	NA	0.429171173171069	0.319017010126775	0.418515347886786	NA	1.2370451444713	0.645874450035586	NA	0.801527693692754	NA	NA	0.33761971018787	0.634790761139913	0.195354425020522
0.735529773827194	NA	NA	NA	0.170265651222586	NA	1.29700196074864	0.193484829161926	NA	1.23186558704827	NA	NA	NA	NA	NA	NA	0.482441941531314	0.483540341889446	1.15382944337734	0.437105994498938	NA	NA	NA	NA	NA	NA	NA	0.732767792410457	NA	NA	0.442172171769282	0.327538399865946	NA	0.405322194229926	NA	NA	NA	0.484367752703387	0.416003250905249	0.408825316980289
NA	NA	NA	NA	NA	NA	NA	NA	NA	NA	NA	NA	NA	NA	NA	NA	NA	NA	NA	NA	NA	NA	NA	NA	NA	NA	NA	NA	NA	NA	NA	NA	NA	NA	NA	NA	NA	NA	NA	NA
NA	1.84308289392647	2.0092361115434	1.59602947527922	NA	1.39060587502836	NA	1.18532093591848	0.956319602001618	NA	1.22429287528384	NA	NA	NA	NA	0.896509850201891	NA	NA	1.17856049695917	NA	0.474697980285194	NA	NA	0.469008948877967	0.205965229099151	0.777301648355437	NA	0.371366459858131	0.900336615356204	1.02194591807304	NA	NA	NA	0.449225340759879	NA	NA	NA	NA	0.37130477816136	0.455208372811858
NA	NA	NA	NA	NA	NA	NA	NA	NA	NA	NA	NA	NA	NA	NA	NA	NA	NA	NA	NA	NA	NA	NA	NA	NA	NA	NA	NA	NA	NA	NA	NA	NA	NA	NA	NA	NA	NA	NA	NA
NA	NA	2.3724894218134	NA	NA	NA	1.53223156207608	1.67669170982355	1.62943376250633	1.45060794840641	NA	1.41713170027072	0.830132436434937	0.905263603146975	NA	1.21535900536951	1.12986351361412	NA	NA	NA	NA	1.47348881136817	NA	NA	NA	NA	NA	0.601637569370458	NA	0.697072430798449	NA	2.1781105333046	NA	2.36031518931986	NA	NA	NA	NA	2.34578023346471	0.449012367420983
NA	NA	NA	NA	NA	NA	NA	NA	NA	NA	NA	NA	NA	NA	NA	NA	NA	NA	NA	NA	NA	NA	NA	NA	NA	NA	NA	NA	NA	NA	NA	NA	NA	NA	NA	NA	NA	NA	NA	NA
NA	NA	NA	NA	NA	1.37690452548993	2.1271352833986	NA	1.46818380631688	NA	NA	1.90030699011895	NA	1.88515311614242	0.96966078969214	NA	NA	NA	NA	2.11636555757575	1.29626177243356	NA	1.0924970068999	NA	0.833634536040508	NA	NA	0.351355671153512	NA	NA	NA	NA	0.578639567425496	0.368082234047355	NA	NA	NA	0.408370911089408	NA	NA
NA	NA	NA	NA	NA	NA	NA	NA	NA	NA	NA	NA	NA	NA	NA	NA	NA	NA	NA	NA	NA	NA	NA	NA	NA	NA	NA	NA	NA	NA	NA	NA	NA	NA	NA	NA	NA	NA	NA	NA
NA	1.53547642998509	NA	1.88898896023239	1.61554610411324	1.80697534083287	1.58489715037907	1.69588365896593	1.57480323610859	1.52799782140843	1.19776192018125	NA	NA	NA	1.69739913178053	NA	1.05775259279069	1.29408971145249	NA	NA	1.45344990695415	1.52488657896514	NA	NA	0.915188982288021	NA	NA	NA	NA	1.92255042472353	0.972755655814223	0.685652904411802	NA	0.44460939064268	0.698419254096086	NA	NA	0.439695017770714	0.563602220786164	0.58749284051525
NA	NA	NA	NA	NA	1.99650466276182	0.537354775747228	NA	NA	NA	1.52846411509553	1.65224203718262	0.579266788895388	0.265589006537519	2.01689312853909	0.975615007638568	0.329224352087071	NA	NA	0.462102998842221	0.411781437790491	1.43932364337208	0.517062806817174	1.55604389331234	0.729970269107265	NA	NA	NA	1.55779252553647	1.76863019041109	1.75207556101884	NA	NA	1.6481266141396	NA	NA	NA	0.28097642590432	0.462050945048124	0.420858174689271
0.778184707931287	1.11083541522793	NA	1.24221857325584	1.07369090529291	0.622043560929491	NA	0.32478104407271	0.480196347231068	NA	NA	0.904307487885475	NA	NA	0.86265393209439	1.26809723209702	NA	1.04928448813204	0.955454956625822	0.975637832772365	0.62715715634926	NA	0.763161828018179	0.457705000764705	0.327312370044708	0.615007771533299	NA	NA	0.335575280013087	NA	NA	NA	0.635128836686561	NA	0.144331017235575	0.151565502001412	NA	0.432194902576423	0.638965182676066	1.72745867919885
NA	NA	NA	NA	1.52429279930548	1.32222282971114	NA	NA	NA	NA	NA	NA	NA	NA	1.58452308013179	1.30530856739174	NA	0.771837911173865	1.15625569798973	NA	NA	NA	NA	NA	NA	NA	NA	NA	NA	NA	NA	NA	0.703987503823112	NA	NA	NA	NA	NA	NA	2.28075969980823
0.839077698502342	1.41273465017156	NA	NA	NA	1.65807586830168	1.69094641383196	1.25529102415841	1.3296925918404	1.07401861615663	1.46549147234743	1.40447104152481	2.03794076346306	1.29537024023966	NA	1.72548082561051	1.30680183914808	1.47827878580489	1.1487629497143	NA	NA	0.619446203383203	NA	0.634563782331497	NA	NA	NA	0.151662827505898	0.639650660843135	NA	NA	0.433378682243093	1.03401168075706	0.486467894576426	NA	NA	NA	0.416494649071989	0.581707042972069	0.328466012927701
NA	NA	NA	NA	NA	1.10223478381025	NA	1.11775391046319	0.997396717003982	NA	1.26269896105123	NA	1.5770192645177	NA	NA	NA	NA	1.49952539897429	1.9806375087663	1.35798154146594	NA	NA	0.82677206124067	0.853777316892378	0.701096405150835	NA	1.56421577170216	0.470962637614123	NA	0.560991793999588	NA	0.425704990634468	NA	NA	0.768784185373392	NA	NA	NA	0.531321415948518	NA
1.0120747071119	NA	NA	NA	NA	1.381159835238	1.11194972974327	0.593930309422166	1.26724973753628	NA	1.13425521156169	1.39313645465891	1.39204170112217	NA	1.30921259544659	NA	1.00728514910011	1.0524584579835	NA	0.731903471874249	0.682994240788923	1.18640921406633	0.975846877562601	0.300205459490016	0.913041367197341	NA	0.401632807009132	NA	1.26637786221562	1.13027335768428	NA	0.617426806607091	0.21650804897225	0.775712258241865	0.31547486997969	0.480989974802196	NA	0.511443453014252	0.427842097572126	0.598928357454045
0.698874777821059	NA	NA	NA	0.394812455030419	0.495979250963756	0.815938395715209	NA	0.351508524120071	0.64765859813339	0.982202883817284	0.787182060128417	0.599006208879763	1.09884315515128	0.903485950952981	1.21994518197849	NA	0.554385017165391	NA	0.301309550936998	NA	0.733763795414865	1.00416166188549	NA	NA	0.905866973393428	NA	0.972585972631616	NA	NA	NA	0.925629502620493	0.876662062601877	0.54302889788178	0.263118211863436	0.512566683627112	NA	0.517179813064666	0.579275194589905	1.59919440015403
1.56842977736461	1.25111951245238	1.53752181428507	1.42229979247288	1.53763841907979	NA	2.6343144643084	2.1265105872988	1.72572615381322	NA	NA	NA	2.12891999541676	2.14698573534739	NA	NA	NA	NA	NA	NA	NA	2.41915766324618	1.62222134102514	1.92671249608685	2.27139715488561	NA	NA	NA	NA	NA	NA	0.466651066519747	NA	1.22838178424069	0.664240481279501	0.718001326042637	NA	1.36425532397082	1.68294187150884	NA
NA	NA	NA	NA	NA	NA	0.646413326747841	0.752536973033159	0.705099918932503	0.595345249010959	0.490669064635298	NA	NA	0.484228778764345	0.462374793189114	0.915899226721237	0.980169178792031	NA	NA	NA	0.393148478990293	0.0335808021765272	1.60936698813204	1.14582995141103	NA	NA	NA	NA	1.2128526362347	0.650274657869908	NA	0.89808653649555	NA	0.414208844061736	0.828599090267453	0.530505798589916	NA	0.441786437778465	NA	0.68636676769212
NA	0.492066290986855	0.539730124922913	NA	0.684032955159393	1.61008560524565	0.924061306012275	1.00874096068343	1.55143970252674	NA	1.70525640241405	1.02928272872005	1.37267555756933	1.63607522171984	1.096087131067	NA	0.425527185333247	1.14482338916331	NA	0.98042074800168	1.02106849337391	0.792784130375731	0.667220602796439	0.60740601469486	1.12596332138835	1.05703311457482	1.26541705123799	1.48345303098432	1.04974350810283	1.59496696308613	0.626561893579335	0.272858296594294	0.347980965796776	0.945059817539869	0.401064971130003	0.949769181096295	NA	1.11646469738501	0.26787586965117	0.640944214372722
1.15615531732749	0.951981173629908	0.893907762228639	0.853625255447809	0.487271285100926	NA	0.841924982887281	0.732423257183902	NA	NA	NA	0.695381380497597	0.400888803503797	NA	0.229434400284581	NA	0.404337391557999	0.973917342196888	NA	NA	0.668590073409529	0.793324169125246	NA	0.305894298374109	0.673701314203242	1.47568698190231	NA	1.02520933346869	NA	0.930665102237839	0.165591238482226	NA	0.410712505658378	NA	1.02234890197635	1.25842974935735	NA	0.295400359599048	0.386125475257853	0.332788211213221
NA	NA	NA	NA	NA	NA	NA	NA	NA	NA	NA	NA	NA	NA	NA	NA	NA	NA	NA	NA	NA	NA	NA	NA	NA	NA	NA	NA	NA	NA	NA	NA	NA	NA	NA	NA	NA	NA	NA	NA
NA	NA	NA	NA	NA	NA	NA	NA	NA	NA	NA	NA	NA	NA	NA	NA	NA	NA	NA	NA	NA	NA	NA	NA	NA	NA	NA	NA	NA	NA	NA	NA	NA	NA	NA	NA	NA	NA	NA	NA
NA	NA	1.28125850885078	NA	1.05030388994593	0.798112719345862	0.87440923865783	NA	1.43731989397456	NA	1.18677532821309	0.815369256597638	0.706126105249014	NA	NA	NA	0.708110183822193	1.01238005983499	0.869694302400082	0.918697551666383	1.19815195013283	0.828717417535324	0.585515660862063	0.558970909566231	0.575528007221622	0.769870799188023	0.390371574185941	NA	0.159225536457973	0.786350173778293	0.212928905422373	0.625776016676775	NA	0.773555885305925	0.432454641916243	0.511047864549518	NA	NA	0.630221585357291	0.385785249272288
1.13182727645286	1.15111545926872	0.88250356773564	NA	NA	0.674595359886433	0.783210500487227	0.928522241947429	0.40600961015656	NA	0.765431649910167	0.583330004708862	0.774640278773814	1.91983033289925	0.601410314083527	0.800428720490843	NA	1.47668289394752	0.848022810234505	0.687654417732567	NA	0.750200440232555	1.22644616015274	0.323620620047041	0.986158534062844	NA	NA	1.02417247853135	0.953158924307101	0.364418260769665	NA	0.765168286931832	0.667898565018636	0.588065400076949	0.326345089160417	NA	NA	0.244158245979356	NA	0.90901848475691
NA	NA	NA	1.28674828550666	1.90828845629683	1.28128542308878	1.93276758817304	1.84681856958161	NA	1.27459985929236	1.43374091252284	1.46558126501845	NA	1.59321932477987	1.52222216219133	1.47340769074183	1.34573044004909	1.311798619374	1.60469502727544	NA	0.895949442265303	NA	NA	NA	1.04108081664706	NA	NA	0.375209920134615	NA	0.738044178043419	1.12410977383601	NA	NA	0.557738792474478	0.402165951404407	NA	NA	0.673644644741266	0.352650438834861	NA
NA	NA	0.75264861878884	NA	NA	NA	0.489243133356944	0.545257501303653	NA	NA	0.294894871320361	NA	NA	0.429589806886404	NA	0.467140009990532	0.369678880789857	0.128896855773245	0.144115032004215	NA	0.263310704388234	0.646879860936139	NA	1.76692404220771	NA	0.973544403724547	NA	NA	NA	0.606520292735606	NA	NA	0.703382451645359	0.563395937720184	0.73169065300575	NA	NA	NA	1.04327654463251	0.497995167356451
NA	NA	NA	NA	NA	NA	NA	NA	NA	NA	NA	NA	NA	NA	NA	NA	NA	NA	NA	NA	NA	NA	NA	NA	NA	NA	NA	NA	NA	NA	NA	NA	NA	NA	NA	NA	NA	NA	NA	NA
NA	NA	NA	NA	0.887068890297729	0.86894208463443	NA	NA	NA	NA	NA	NA	NA	NA	NA	NA	0.93839489558328	NA	NA	NA	NA	NA	0.667557809804024	NA	NA	NA	0.41407246104574	NA	0.649417134179929	0.350221129184481	0.611519766009099	0.197670750763858	NA	0.679900067081571	NA	NA	NA	0.486323349287358	NA	0.582337110869486
NA	NA	NA	NA	NA	NA	NA	NA	NA	NA	NA	NA	NA	NA	NA	NA	NA	NA	NA	NA	NA	NA	NA	NA	NA	NA	NA	NA	NA	NA	NA	NA	NA	NA	NA	NA	NA	NA	NA	NA
NA	NA	NA	NA	NA	NA	NA	NA	NA	NA	NA	NA	NA	NA	NA	NA	NA	NA	NA	NA	NA	NA	NA	NA	NA	NA	NA	NA	NA	NA	NA	NA	NA	NA	NA	NA	NA	NA	NA	NA
NA	NA	NA	NA	NA	NA	1.89756892207737	NA	1.70376880885988	NA	1.63261393238873	NA	NA	NA	2.0346968895467	NA	2.05867971506376	1.69793743951157	1.48467711455263	1.36708363277714	1.78345247076053	1.59374306168054	NA	NA	NA	1.65376864605957	NA	1.4744188788122	1.76210799714693	1.70533154167454	1.83026693150435	1.52003124035422	1.48559185528227	1.12558942484071	0.928116050248913	0.473391344171599	NA	NA	0.630818272865139	0.49600692197334
NA	2.07275405399867	NA	NA	1.84612809578855	NA	1.2047634406188	0.94170488266661	0.939671296380367	1.15063670093861	0.80055287638736	1.08052890553859	1.08634563445173	1.23425566226237	1.24845550401438	NA	NA	1.72065040300412	1.31596624530023	1.34916487647311	0.900825152928947	1.4710632169929	1.47872968341894	1.18258068295665	NA	0.942743571524791	1.78488908823014	0.978065064131302	0.867442729243577	NA	0.79446113034691	0.943440557796872	1.7560705936132	NA	2.14667238443069	NA	NA	2.18397131812443	1.72360900005895	1.14021383713785
NA	NA	NA	NA	NA	NA	NA	NA	NA	NA	NA	NA	NA	NA	NA	NA	NA	NA	NA	NA	NA	NA	NA	NA	NA	NA	NA	NA	NA	NA	NA	NA	NA	NA	NA	NA	NA	NA	NA	NA
NA	NA	NA	NA	NA	NA	NA	NA	NA	NA	NA	NA	NA	NA	NA	NA	NA	NA	NA	NA	NA	NA	NA	NA	NA	NA	NA	NA	NA	NA	NA	NA	NA	NA	NA	NA	NA	NA	NA	NA
NA	NA	NA	NA	NA	NA	NA	NA	1.5190277861661	1.62236117137102	NA	1.33047488280344	NA	NA	1.45226061301059	NA	NA	1.30266697843808	NA	1.14432759692565	NA	NA	NA	NA	NA	NA	1.45949748000212	NA	NA	0.993579297881106	NA	0.809730902038506	NA	0.426610524443791	0.374052287553352	0.43946233544232	NA	0.577131299095117	0.268345701173171	0.373499702455547
NA	NA	1.95434798754636	NA	NA	NA	NA	NA	0.953962432391503	NA	1.37883779026779	NA	NA	0.624299870850918	NA	0.793274534506173	1.25527578735905	NA	NA	NA	NA	NA	NA	NA	1.89307025799003	NA	NA	NA	1.03312072852912	NA	NA	0.850455011988262	NA	0.743810208490585	NA	NA	NA	0.512690370226808	NA	0.763875389522419
NA	NA	NA	NA	NA	NA	NA	NA	NA	NA	NA	NA	NA	NA	NA	NA	NA	NA	NA	NA	NA	NA	NA	NA	NA	NA	NA	NA	NA	NA	NA	NA	NA	NA	NA	NA	NA	NA	NA	NA
NA	NA	NA	NA	NA	NA	NA	NA	NA	NA	NA	NA	NA	NA	NA	NA	NA	NA	NA	NA	NA	NA	NA	NA	NA	NA	NA	NA	NA	NA	NA	NA	NA	NA	NA	NA	NA	NA	NA	NA
1.93555036001597	NA	NA	NA	NA	NA	NA	0.6709386116292	NA	NA	NA	NA	NA	NA	NA	NA	NA	NA	1.73979703842618	1.54011224809563	0.787848434490162	NA	NA	NA	1.53193722968538	NA	NA	NA	NA	NA	NA	NA	NA	1.60750881724179	NA	NA	NA	NA	NA	NA
NA	1.16843946609427	NA	1.74088196184509	NA	NA	NA	NA	1.59893967943412	NA	NA	NA	NA	1.40347404237428	NA	1.26279478338707	1.42767931241246	1.4728411850113	1.5687581402992	1.52271066625436	NA	NA	NA	NA	NA	NA	2.03114053186015	1.962862845289	NA	1.99964065642976	1.69033893112075	NA	1.82354874625132	NA	NA	NA	NA	1.51310901584397	NA	NA
NA	NA	NA	NA	NA	NA	NA	NA	NA	NA	NA	NA	NA	NA	NA	NA	NA	NA	NA	NA	NA	NA	NA	NA	0.575680760039103	NA	NA	NA	0.478391011245745	1.29095930195078	NA	NA	0.62506953045969	NA	0.594617251293832	NA	NA	0.632890645079721	0.451981674951796	0.88605414280733
NA	NA	NA	NA	NA	NA	NA	NA	NA	NA	NA	NA	NA	NA	NA	NA	NA	NA	NA	NA	NA	NA	NA	NA	NA	NA	NA	NA	NA	NA	NA	NA	NA	NA	NA	NA	NA	NA	NA	NA
NA	0.93528989802824	NA	NA	0.711009325124913	NA	0.395584975836922	0.19512109276673	0.343558757441651	0.377126278530107	0.191322157905579	1.12848352351657	0.95337830015749	NA	NA	NA	0.883375895893827	NA	NA	0.289864527325953	0.330762899359627	0.428436491988122	NA	0.571347760170287	0.412432644345282	NA	NA	NA	NA	NA	NA	NA	NA	NA	NA	0.384763229006405	NA	NA	0.593989137545787	NA
NA	NA	NA	NA	NA	NA	NA	NA	NA	NA	NA	NA	NA	NA	NA	NA	NA	NA	NA	NA	NA	NA	NA	NA	NA	NA	NA	NA	NA	NA	NA	NA	NA	NA	NA	NA	NA	NA	NA	NA
NA	NA	NA	NA	NA	NA	NA	NA	NA	NA	NA	NA	NA	NA	NA	NA	NA	NA	NA	NA	NA	NA	NA	NA	NA	NA	NA	NA	NA	NA	NA	NA	NA	NA	NA	NA	NA	NA	NA	NA
NA	NA	NA	NA	NA	NA	NA	NA	NA	NA	NA	NA	NA	NA	NA	NA	NA	NA	NA	NA	NA	NA	NA	NA	NA	NA	NA	NA	NA	NA	NA	NA	NA	NA	NA	NA	NA	NA	NA	NA
NA	NA	NA	NA	NA	NA	NA	NA	NA	NA	NA	NA	NA	NA	NA	NA	NA	NA	NA	NA	NA	NA	NA	NA	NA	NA	NA	NA	NA	NA	NA	NA	NA	NA	NA	NA	NA	NA	NA	NA
1.5037403299532	1.87511564394203	NA	NA	NA	NA	NA	NA	NA	NA	1.29530897065001	0.744640667153426	0.464512747455607	0.851595561905244	1.26488024113113	NA	NA	NA	0.920325559443279	1.2545257655528	1.35980384447773	1.44572295395986	0.961211683148656	NA	NA	NA	NA	1.21377217414461	NA	NA	NA	0.341964331690556	NA	NA	NA	0.319482226674597	NA	NA	0.209130932086135	0.332087604087669
NA	NA	1.01119038624518	0.975827329129969	NA	0.598199714830552	NA	NA	NA	NA	NA	NA	1.08392661536046	NA	NA	1.40445968806944	NA	0.94286106572133	0.883926924655508	NA	NA	0.129601412528744	NA	NA	0.959137213875748	NA	NA	NA	NA	NA	NA	0.823874651464521	0.56797960425604	NA	0.552910213840843	0.673516280638483	NA	0.485451774901913	0.20933677423979	1.02643707307175
0.668307869809106	0.711657317072162	1.12460444269612	1.17994695287496	1.39312932735267	0.177336401713588	0.420454204903292	NA	0.500658953293749	0.382445379749735	NA	0.561999998095579	0.617006370904863	0.740999321877094	0.743595334983284	0.698057257762573	0.536877162574908	0.649198662931985	0.830782527620529	0.456079966536783	0.650475166002408	0.626494221430121	0.672497631660513	NA	NA	0.543294073452637	1.00978396613596	NA	NA	0.761348930621839	0.850844169264253	0.622226903108229	NA	NA	0.514272397213997	NA	NA	NA	NA	NA
NA	NA	NA	NA	NA	NA	NA	NA	NA	NA	NA	NA	NA	NA	NA	NA	NA	NA	NA	NA	NA	NA	NA	NA	NA	NA	NA	NA	NA	NA	NA	NA	NA	NA	NA	NA	NA	NA	NA	NA
NA	NA	NA	NA	NA	NA	NA	0.926566291247675	1.01933491787281	NA	NA	NA	1.27740418506281	1.54019456918351	1.84629099562137	1.85890459203636	1.50600539508663	NA	NA	NA	NA	0.971850612674618	NA	NA	NA	NA	NA	NA	0.338468387351156	NA	NA	NA	NA	NA	1.17097523005271	NA	NA	NA	NA	1.11168937708289
1.55187021497355	NA	NA	NA	NA	NA	NA	NA	NA	0.965509144172448	NA	1.1838144804255	NA	1.33363839216288	1.61485323299725	NA	NA	NA	NA	NA	1.30779061958541	NA	1.16880008926723	NA	NA	NA	NA	NA	NA	NA	NA	1.7783200562155	NA	NA	NA	NA	NA	0.51030141296728	0.35005626255229	NA
NA	0.86250567425106	1.0441158768658	0.701270885494501	0.635064170444847	0.966544448250435	NA	NA	1.0819022909471	NA	NA	NA	NA	1.74915440148862	1.70843059298784	NA	1.07434509635034	1.89835039446334	1.41549206047702	NA	1.07498616231805	0.8296423096038	0.977171398982711	0.779228323274358	0.862090939084453	0.930892344790058	0.832817980489502	1.11139656537734	NA	0.777551271284344	0.64276742438991	1.85541169571321	1.01860575638546	NA	1.65068756523264	1.5390930088888	NA	0.565275054648938	0.433055209278607	1.09367399938173
NA	NA	NA	NA	NA	NA	NA	NA	NA	NA	NA	1.50163645938343	1.47197234607816	1.4128754422961	1.2054512255532	1.17997221482807	0.843030505616993	1.07878186085385	0.875635592205523	0.889407108780476	2.03336165640442	1.85279458877406	1.8115534882982	1.59577264201695	1.58580537338898	1.61072680159094	1.57950523070678	1.43583535727137	NA	1.31609883446609	0.814062688481705	0.481227277258923	0.415557330571226	0.323566277892107	0.313801389591152	0.143013215434333	NA	0.154171799757974	0.713892474778644	0.615555545469323
NA	0.978536717607331	0.753364655153172	NA	1.20985770584151	NA	NA	NA	NA	NA	NA	NA	NA	1.87969625829804	1.99217969653802	NA	NA	NA	NA	NA	0.771500393605975	0.474926520898771	NA	NA	NA	NA	NA	NA	NA	NA	NA	NA	0.235411064009579	NA	0.947687016142355	NA	NA	NA	0.164336151333259	NA
NA	NA	NA	NA	NA	NA	NA	NA	NA	NA	NA	NA	NA	NA	NA	NA	NA	NA	NA	NA	NA	NA	NA	NA	NA	NA	NA	NA	NA	NA	NA	NA	NA	NA	NA	NA	NA	NA	NA	NA
NA	NA	NA	NA	NA	NA	NA	NA	NA	NA	NA	NA	NA	NA	NA	NA	NA	NA	NA	NA	NA	NA	NA	NA	NA	NA	NA	NA	NA	NA	NA	NA	NA	NA	NA	NA	NA	NA	NA	NA
NA	NA	NA	NA	NA	NA	NA	NA	NA	NA	NA	NA	NA	NA	NA	NA	NA	NA	NA	NA	NA	NA	NA	NA	NA	NA	NA	NA	NA	NA	NA	NA	NA	NA	NA	NA	NA	NA	NA	NA
NA	NA	NA	NA	NA	NA	NA	NA	NA	NA	NA	NA	NA	NA	NA	NA	NA	NA	NA	NA	NA	NA	NA	NA	NA	NA	NA	NA	NA	NA	NA	NA	NA	NA	NA	NA	NA	NA	NA	NA
2.19988078280522	NA	NA	NA	NA	2.79312602144817	2.52047075832063	NA	2.82097161405666	2.749428198567	2.3813597693445	2.02172339946767	2.07189693365277	2.14410782440421	2.12651638770779	NA	NA	2.02538601882191	2.36359908150687	1.891538194197	1.66338186142012	2.03245972395968	2.34768253891553	2.50645617969811	NA	1.64535838917716	NA	1.34951782231113	1.26200477359942	NA	NA	0.0861366632285464	0.368218996269254	NA	0.413886606031989	0.05903458865735	NA	NA	NA	0.355916190577263
NA	0.651684919042376	0.561289779133635	NA	0.70638079968546	NA	NA	1.59011800071969	1.65648092613278	1.27922763573832	1.0367308197383	NA	NA	1.06380866822506	0.812803213060164	1.13827268933329	NA	0.818301172210085	NA	NA	0.57488255338859	NA	NA	0.422390943782977	0.591239603069448	NA	NA	NA	0.470452993835079	0.391832772082891	NA	0.449634665904281	NA	NA	0.238960679179239	0.476440780923246	NA	0.227222717999309	0.235525379966551	0.400711712163127
NA	NA	NA	NA	NA	NA	NA	NA	NA	NA	NA	NA	NA	NA	NA	NA	NA	NA	NA	NA	NA	NA	NA	NA	NA	NA	NA	NA	NA	NA	NA	NA	NA	NA	NA	NA	NA	NA	NA	NA
NA	NA	1.71248905043284	NA	NA	NA	1.66982658900231	1.18725544533745	NA	NA	1.69620757600653	1.45773203119259	NA	0.994341053989118	0.996363367360449	NA	NA	NA	NA	NA	0.551386048676929	0.597102433525568	0.840794933335164	0.79151861718226	NA	NA	0.417679790747608	NA	0.967700115374909	0.441989807074988	NA	0.558802426878004	NA	0.352906829632318	NA	NA	NA	0.503631125756251	NA	0.854403675603301
0.834450516351864	NA	0.934963627514659	NA	NA	1.08323031866901	1.02672860441888	0.915247567795708	1.05049817289937	0.829269783434559	NA	1.14256523774587	NA	2.5443416001728	NA	NA	NA	0.416911874079281	0.482050228837397	0.645634540582209	1.79889279825549	1.15512567517742	NA	2.19114678580741	NA	NA	NA	NA	1.68509257777427	0.974051710918244	NA	1.77526522963659	NA	0.484578508002065	1.65945854157277	NA	NA	0.254863434748629	1.74326475639116	0.563355944447002
NA	NA	NA	NA	NA	NA	NA	NA	NA	NA	NA	NA	NA	NA	NA	NA	NA	NA	NA	1.40025967116895	NA	NA	NA	NA	NA	NA	NA	NA	NA	NA	1.29349701306901	0.772453067922602	0.856322078127427	0.741355271312907	NA	0.343861385776222	NA	0.242453614951787	0.121955171246627	0.359307876269872
NA	NA	NA	NA	NA	1.4272701212353	NA	1.00897526076426	0.682388498795724	NA	NA	NA	NA	NA	NA	NA	0.481325430416474	0.780493956324127	NA	NA	NA	NA	NA	2.04071934726381	NA	NA	NA	0.854441330839559	0.824513484824647	NA	NA	NA	NA	0.516505520529563	NA	NA	NA	NA	NA	0.534417165627814
NA	0.575650246664616	NA	1.31377524677085	NA	0.838955354551589	NA	NA	1.06864245153209	NA	0.588454538115392	NA	NA	NA	0.678524970005879	0.704390291896689	0.894388206548808	1.02114759620094	NA	0.317189876484505	NA	NA	NA	0.641663772018856	NA	NA	NA	NA	NA	NA	NA	NA	NA	NA	NA	NA	NA	0.592097739253833	0.487974476906428	0.742111181100086
NA	NA	NA	NA	NA	1.69142084151575	NA	NA	NA	NA	NA	1.38809963735639	NA	1.19785118885481	1.37720766568412	0.894085776001713	NA	1.3625602616115	NA	0.926711710860899	0.946470477431257	NA	NA	0.788150396569812	0.590566614901898	0.817822464118729	0.88114790238518	NA	NA	NA	NA	NA	0.888223152728409	NA	NA	1.57472815905184	NA	NA	0.392912968503534	NA
NA	NA	NA	NA	NA	NA	NA	NA	NA	NA	NA	NA	NA	NA	NA	NA	NA	NA	NA	NA	NA	NA	NA	NA	NA	NA	NA	NA	NA	NA	NA	NA	NA	NA	NA	NA	NA	NA	NA	NA
NA	NA	NA	NA	NA	NA	NA	NA	NA	NA	NA	NA	NA	NA	NA	NA	NA	NA	NA	NA	NA	NA	NA	NA	NA	NA	NA	NA	NA	NA	NA	NA	NA	NA	NA	NA	NA	NA	NA	NA
NA	NA	NA	NA	NA	NA	NA	NA	NA	NA	NA	NA	NA	NA	NA	NA	NA	NA	NA	NA	NA	NA	NA	NA	NA	NA	NA	NA	NA	NA	NA	NA	NA	NA	NA	NA	NA	NA	NA	NA
NA	NA	NA	NA	NA	NA	NA	NA	NA	NA	NA	NA	NA	NA	NA	NA	NA	NA	NA	NA	NA	NA	NA	NA	NA	NA	NA	NA	NA	NA	NA	NA	NA	NA	NA	NA	NA	NA	NA	NA
0.357164793658105	NA	NA	NA	NA	1.04066887556355	NA	NA	NA	NA	NA	0.62193541568635	2.08433449625727	1.48259432868804	NA	0.408788055346554	NA	1.21026451168318	1.55087975359325	1.35340959924323	0.893237615062967	NA	0.819660986180243	1.37733956439787	1.59550750233038	1.18431480171698	NA	1.10350973429549	1.44157018932913	0.930597329031102	NA	0.840795979743067	1.07415707757423	0.819201695722099	1.5827073348971	0.730959819230042	NA	0.746575419097803	0.462500627232752	0.715371026191427
1.01135283997462	1.11753484710748	NA	NA	1.11474836178977	1.06205670829534	1.51051428427996	NA	NA	NA	NA	NA	1.93694547348888	1.68463928420166	1.10699300877132	NA	NA	NA	NA	1.06272922347371	NA	NA	NA	NA	NA	NA	0.57893654287999	0.684617264053855	NA	NA	NA	0.659426082613173	NA	NA	NA	NA	NA	NA	0.244327640059615	NA
NA	NA	NA	NA	NA	NA	NA	NA	NA	NA	NA	NA	NA	NA	NA	NA	NA	NA	NA	NA	NA	NA	NA	NA	NA	NA	NA	NA	NA	NA	NA	1.42660803413106	1.54041055328574	0.575590506405453	1.21657085957574	NA	NA	0.458152013545622	0.357744654524689	0.247536580718684
1.20288344691926	NA	1.32808773369911	0.787267745367202	0.993687385355746	0.942582507872601	1.24762210357234	1.26588224993481	1.08906288339596	2.24864893150451	1.73574767849766	1.52193642936273	2.28543462007492	2.56315361846582	1.97754440607597	2.54175959769381	1.31501394634759	NA	0.630483057408886	1.13044627234472	NA	NA	0.689033615719125	NA	0.727166484321043	2.3412151351838	1.03892702997533	2.42764743094438	0.470786530102381	2.44474464717375	0.936070382560405	0.641563172730515	0.118692216848535	0.190648681603398	0.48249989599999	0.5311650583037	NA	0.162057995213669	0.300673245572375	0.568796586411153
NA	NA	0.995385242235096	NA	0.774010514034729	0.884010398755843	0.909752930219648	1.12646122594169	NA	NA	0.820231966398976	NA	NA	NA	NA	NA	0.865562601935961	0.536539112963265	0.296843030941597	NA	0.458791286752302	0.602686233771896	NA	NA	NA	NA	NA	0.53595713706343	NA	0.493507041296757	0.456993084424475	0.721073109735253	NA	0.662630472300931	NA	NA	NA	0.273548094977904	0.466776533920628	0.630063815284157
0.602433614037443	NA	NA	1.54695421872883	NA	NA	1.69303388716784	0.909639950314143	1.01822615103196	NA	1.58470063003158	0.252376442117465	NA	NA	0.32816776701889	NA	0.564971609551719	NA	NA	NA	0.862606065265794	NA	0.331513489479836	NA	NA	1.54764352059589	NA	NA	NA	1.25838300968006	NA	0.683992337153642	1.24025323507893	1.52538885229809	NA	NA	NA	0.999570956235339	NA	0.836441439388564
1.87131746384786	1.45276183805848	1.47507690918077	NA	NA	NA	NA	1.83862201035055	1.5226725410868	NA	NA	NA	NA	NA	NA	NA	NA	NA	NA	NA	NA	1.29881970246848	1.11817390853998	0.831732464034587	0.752608706938102	0.713356757928291	NA	NA	NA	0.959580887089996	NA	0.657560121335024	NA	NA	NA	NA	NA	0.628782660077691	NA	0.272904747351403
NA	NA	NA	NA	NA	NA	0.708461936668882	NA	NA	NA	NA	1.20169860925702	NA	1.46148704887685	NA	NA	1.02131989660453	1.30382560661525	NA	0.526474403015692	0.813894442763623	NA	NA	0.658074757326395	NA	NA	NA	NA	0.657663086618717	0.812462225072416	0.498387833768868	0.399727010134277	0.365045651760229	NA	NA	0.42902119023339	NA	0.604360507060651	0.674200907649818	0.933484148005212
NA	NA	NA	NA	NA	0.975193894945516	0.928285031952732	NA	NA	NA	NA	NA	NA	NA	0.373020911328584	0.25496846787501	0.205353986950227	NA	NA	NA	0.564895090295013	NA	0.59752323612355	0.45537483971413	NA	NA	NA	NA	NA	NA	NA	0.972380813351971	1.04033977747904	NA	NA	0.59334681726954	NA	NA	NA	NA
NA	NA	1.59830848963475	NA	1.28931837738012	NA	1.43589153141379	0.875838708650177	0.768738002720031	0.710196550835941	0.792014341435829	1.53235824998163	1.65393411928086	1.29563839768857	1.36748434509284	1.0934833458065	1.43614170564354	1.33660358974084	NA	0.393495392548209	0.389666826779022	0.383670715008549	0.510191562271694	0.944418418640651	1.15132056327025	0.826580107229552	NA	0.785376519282243	NA	0.840693442169825	NA	0.708266666418835	NA	NA	0.263174372253598	NA	NA	0.14858696672405	0.128058028273607	NA
NA	NA	NA	NA	NA	NA	NA	NA	NA	1.88154662833119	NA	1.63387728802837	NA	1.62569177267643	1.72401559865166	NA	NA	1.46255582758441	NA	NA	NA	1.75173276797874	NA	NA	1.92622102708798	NA	NA	1.85041178293912	NA	1.50404878609134	NA	1.23390737608999	NA	NA	1.34094059675713	NA	NA	1.03714154269116	0.729773352663661	0.661842584240452
NA	NA	NA	NA	NA	NA	NA	NA	NA	NA	NA	NA	NA	NA	NA	NA	NA	NA	NA	NA	NA	NA	NA	NA	NA	NA	NA	NA	NA	NA	NA	NA	NA	NA	NA	NA	NA	NA	NA	NA
1.85840840449295	NA	1.44067871356679	NA	1.38572275236471	1.4653817886015	1.65264730868231	1.75122151269292	1.474205514368	NA	NA	1.40622735023649	NA	1.20097948428382	1.14350350415331	NA	NA	1.12132097317058	1.30916650903999	NA	NA	0.97406335535742	0.530237701621526	0.643555220617998	NA	NA	0.0486495812200698	0.458302531754063	0.657172972811532	NA	NA	0.517524598857644	0.525188147076597	0.52302924754489	0.370050810367989	0.487921960797384	NA	0.0665569345679005	0.327925139642753	NA
NA	NA	NA	NA	NA	NA	NA	NA	NA	NA	NA	NA	NA	NA	NA	NA	NA	NA	NA	NA	NA	NA	NA	NA	NA	NA	NA	NA	NA	NA	NA	NA	NA	NA	NA	NA	NA	NA	NA	NA
NA	NA	NA	NA	NA	NA	NA	NA	NA	NA	NA	NA	NA	NA	NA	NA	NA	NA	NA	NA	NA	NA	NA	NA	1.17765084976028	NA	NA	1.45226109183966	NA	NA	0.619881824626967	0.875753583547648	0.96375115621043	NA	0.499668073064362	NA	NA	0.450761895700264	NA	NA
NA	NA	NA	NA	NA	NA	NA	NA	NA	NA	NA	NA	NA	NA	NA	NA	NA	NA	NA	NA	NA	NA	NA	NA	NA	NA	NA	NA	NA	NA	NA	NA	NA	NA	NA	NA	NA	NA	NA	NA
2.12092760180604	NA	2.31411588999577	NA	NA	NA	2.6313812272282	NA	NA	NA	2.57469497781404	NA	NA	NA	2.4827746779238	NA	NA	NA	2.02268477197475	NA	1.48245723281163	1.50034569898247	NA	NA	NA	NA	NA	1.31447962578531	NA	NA	NA	1.23044408361555	0.58186784330114	0.237621955801487	NA	NA	NA	0.530267475974624	NA	NA
NA	NA	NA	NA	2.2987793781055	NA	NA	NA	NA	NA	NA	1.50907390164811	NA	1.74472297393836	1.32841439551019	NA	NA	NA	NA	NA	NA	NA	NA	NA	NA	0.753077827883506	NA	NA	NA	0.363642955251722	0.424403808923087	NA	NA	NA	NA	NA	NA	NA	0.889433222672474	1.41767426214247
NA	NA	NA	NA	NA	NA	NA	NA	NA	NA	NA	NA	NA	NA	NA	NA	NA	1.55600829982804	NA	1.35404996607435	NA	NA	NA	NA	1.68520867866092	NA	NA	NA	NA	NA	NA	NA	0.604279202698757	NA	0.759448325628387	0.448259254871071	NA	NA	0.843899087294935	NA
NA	NA	NA	NA	NA	NA	NA	NA	NA	NA	NA	NA	NA	NA	NA	NA	NA	NA	NA	NA	NA	NA	NA	NA	NA	NA	NA	NA	NA	NA	NA	NA	NA	NA	NA	NA	NA	NA	NA	NA
NA	0.502674646776546	NA	NA	NA	0.584334058069346	NA	1.09536830189191	NA	0.805234261111526	0.46720070813947	0.470624683107818	NA	0.799835254895959	0.941084912891575	NA	0.82132268502133	NA	NA	NA	0.605634851007072	0.786273767546058	NA	NA	NA	NA	NA	NA	0.5921882121987	NA	NA	0.698568659741704	NA	NA	0.393323639876552	0.33411800663918	NA	0.200245654347182	0.445809747177673	NA
NA	NA	NA	NA	NA	NA	NA	NA	NA	NA	NA	NA	NA	NA	NA	NA	NA	NA	NA	NA	NA	NA	NA	NA	NA	NA	NA	NA	NA	NA	NA	NA	NA	NA	NA	NA	NA	NA	NA	NA
NA	NA	NA	NA	NA	NA	NA	NA	NA	NA	NA	NA	NA	NA	NA	NA	NA	NA	NA	NA	NA	NA	NA	NA	NA	NA	NA	NA	NA	NA	NA	NA	NA	NA	NA	NA	NA	NA	NA	NA
0.755355062833634	0.82042829764788	0.89635355906184	NA	1.08758140951293	1.19455582586822	0.993403177076246	1.23627469216829	1.03621144586105	0.847011918150431	0.549678002404142	0.35704279006729	0.851573685433881	0.512013459857479	0.401178844469601	0.550708722856518	NA	0.275791361359242	0.319336899196037	NA	0.958747950453767	0.708092061861182	0.957164530981098	1.30676502431603	0.825594422976778	0.902328291364867	0.713206810986441	NA	0.182636258326857	0.315551661833629	NA	0.76984095172583	0.209505242498389	0.841785079957055	0.32529716803791	1.05730252448149	NA	0.377378535563339	0.442784539232312	0.495093187929402
NA	NA	1.0469155692216	NA	1.37894129386012	1.27487227698288	1.2999534304257	NA	NA	NA	NA	NA	NA	1.29633403779133	NA	1.13946633566327	1.16334553200658	NA	0.89811343108323	0.925038176178438	NA	1.29139106036286	0.791452118229434	0.866313156200036	NA	0.961604858266975	NA	1.02751311626488	NA	1.22126950974972	NA	0.312755146097022	0.214484695582875	NA	NA	0.328617510369105	NA	0.222051715779206	0.197960752500554	0.41649545493661
NA	NA	NA	NA	NA	NA	NA	NA	NA	NA	NA	NA	NA	2.2257034745493	2.23435272561122	2.24736902814989	1.26579677304437	NA	1.58532155868079	1.86260596149842	NA	NA	NA	NA	NA	NA	2.04188640254612	2.10262868550513	NA	0.915215013425342	NA	0.552184018441741	1.91515992387746	0.860992676229613	1.9421308848191	0.217499909400559	NA	1.36557711000612	1.58520519242488	1.56186978252149
0.56564404132602	0.888752867530312	NA	NA	0.945461931399948	0.588433852556999	1.10486823482172	NA	NA	NA	NA	NA	1.57414273048469	NA	1.83657619338304	NA	1.21217784447882	NA	NA	0.506242965312579	0.41803331543537	0.304126548570223	0.382045632149303	0.405442543322671	0.585855904913046	NA	NA	NA	NA	NA	NA	NA	NA	NA	0.654757443781903	0.349731650014851	NA	0.180801119175306	0.470109034671008	0.202688670693468
0.584209716385638	NA	0.467772751157202	NA	0.552410072292862	0.45454225208886	0.47666558052261	0.659527966524723	0.768423389833981	NA	NA	NA	NA	0.556175623276754	NA	NA	0.556413277508099	0.293863239300809	NA	0.656771881786153	0.412764015730278	0.730297467095881	NA	NA	NA	NA	NA	NA	NA	0.812353996591971	1.09253281214901	0.734464932366928	0.709989139228146	NA	NA	NA	NA	0.8274535210439	0.769300316798972	NA
NA	NA	NA	NA	NA	NA	NA	NA	NA	NA	NA	NA	NA	NA	NA	NA	NA	NA	NA	NA	NA	NA	NA	NA	NA	NA	NA	NA	NA	NA	NA	NA	NA	NA	NA	NA	NA	NA	NA	NA
NA	NA	NA	NA	NA	NA	NA	NA	NA	NA	NA	NA	NA	NA	NA	NA	NA	NA	NA	NA	NA	NA	NA	NA	NA	NA	NA	NA	NA	NA	NA	NA	NA	NA	NA	NA	NA	NA	NA	NA
NA	NA	NA	NA	NA	NA	NA	NA	NA	NA	NA	NA	NA	NA	NA	NA	NA	NA	NA	NA	NA	NA	NA	NA	NA	NA	NA	NA	NA	NA	NA	NA	NA	NA	NA	NA	NA	NA	NA	NA
1.65002070141041	1.51470703635435	1.05565772968232	NA	NA	NA	0.979895175579768	1.53391668210745	0.819225282971525	NA	NA	1.32687392184514	1.26158615030522	1.40557750170819	1.27968828946823	NA	0.125095799232961	1.22624948929835	NA	NA	0.936157038902043	0.716801223244526	NA	0.681610113772315	1.19036643897832	NA	1.17574962208618	1.12019237853136	0.83203566674343	0.909520571331037	1.43955835462346	1.32259115162346	NA	NA	NA	0.863467828286932	NA	0.51001255209037	NA	0.864765564386497
1.39854061245701	NA	1.70116786066745	1.344592944909	NA	NA	NA	NA	NA	NA	NA	NA	NA	NA	NA	NA	NA	NA	NA	1.31486874113563	NA	NA	NA	NA	NA	NA	1.62423396673231	1.54743630849378	NA	NA	1.48775026365705	1.15206828156871	NA	NA	0.865284614241585	NA	NA	NA	0.316961089990746	0.802988079787271
NA	0.624842629427866	1.29208050957437	NA	1.47862260227379	NA	0.992549214860102	1.22382288768634	0.94420726658013	NA	1.19876864086609	1.23106715537276	1.20686749051816	NA	0.824053699773284	1.24150351077856	1.23337009283799	0.46247872883583	1.59581098698084	1.11429750129196	1.54123619436697	0.754498645610161	0.963567714564556	0.572802099665569	1.18969294320654	0.851303856513418	0.635630423147878	0.499439043726857	0.412211720900745	0.488057368104363	1.11001959397143	0.551518930186026	0.850078001753209	1.00537856501341	0.908751701677549	0.84135530909847	NA	1.14805185522724	0.308837867475344	0.599807287937406
NA	2.69271234962982	2.4074745153325	2.85017050878554	1.21474117716247	NA	1.42792338164766	NA	1.65107788870908	NA	1.60763791368762	1.38337506443401	NA	1.3681045396531	1.95155773967791	2.01911155796474	1.81960518318602	NA	1.77776963121641	1.75055598614893	1.22621396822985	NA	NA	2.47462790841957	NA	0.911204484691282	0.908436944004255	NA	NA	0.792763353309325	0.628864994472074	0.476405002359669	NA	NA	NA	NA	NA	NA	0.550528086876774	0.468881162226873
NA	NA	NA	NA	NA	NA	NA	NA	NA	NA	NA	NA	NA	NA	NA	NA	NA	NA	NA	NA	NA	NA	NA	NA	NA	NA	NA	NA	NA	NA	NA	NA	NA	NA	NA	NA	NA	NA	NA	NA
NA	0.873334504107428	1.07626433636967	NA	1.11255353985364	1.00224482381563	0.742863910920164	1.15108301023931	0.989558024627372	NA	1.59607864394216	1.34676161055756	1.50997006820162	1.48753504528159	1.00717760408471	1.24407538505966	1.01456464778276	1.4220020030778	1.0868191392925	1.1572303426929	0.854598979090677	NA	0.772478134863771	1.07473085261462	1.08546731401022	NA	NA	NA	0.97453394760334	1.09306788475524	0.360840367463637	NA	NA	0.514335430222662	0.388412873600296	0.800420933347853	NA	NA	0.24475744149399	NA
1.83066371629632	NA	1.24088678309781	NA	NA	NA	0.959019247440361	1.13664612141135	1.05240839300049	NA	0.890809168741035	2.03388554982587	NA	NA	1.08856045677895	NA	1.48492972724662	NA	NA	NA	1.30142083998888	NA	NA	0.631671277420464	1.31982403329967	NA	NA	0.969927064934215	NA	NA	NA	0.847270120732153	0.769646977683528	0.767069074749563	0.327648100726199	NA	NA	0.242508483843443	0.513254735237277	0.753209296992043
1.4181374748758	1.06279993316559	NA	NA	0.767174543279103	0.785550351030459	1.02028547908508	1.43196283069451	1.22888660708192	1.05377630339738	1.157959443191	NA	NA	1.22720738066989	NA	NA	1.4604588108691	1.23339794377811	NA	NA	0.249244409482581	0.307534013588119	NA	NA	0.321113733251421	NA	NA	0.154349961611621	0.467129477107277	NA	NA	NA	NA	NA	NA	0.387208768950995	NA	NA	0.729467315421435	NA
0.830422344553473	1.02985305994476	0.868414964166003	NA	0.716140415078942	0.468100904638375	NA	0.826560547516623	0.446439734752746	NA	0.583774250888524	0.775800171710161	NA	0.75046356811262	NA	NA	0.505431723543349	0.488774311194324	0.801333545357764	0.353294616007313	NA	NA	NA	NA	0.451689344230408	1.45158425206852	NA	0.317842122008165	NA	0.316815266797905	0.619921083098989	0.336777594357063	0.460940180239829	0.990456999016274	0.831947005357884	NA	NA	0.254580282706025	0.500128277452985	0.59967509959364
1.39251677244997	NA	NA	NA	NA	NA	NA	0.476314940294799	1.88437605445595	NA	1.21605766268184	NA	NA	NA	NA	NA	0.807342221388966	NA	1.39354385672724	NA	0.734205993594834	NA	0.43001833901293	NA	0.4718053791587	NA	NA	0.563815517276127	NA	0.0574708234438964	NA	NA	0.368438161643742	0.20590529820201	0.369174048922887	NA	NA	0.361157075642687	0.213119985717118	NA
0.754758099036718	NA	2.85553525763717	NA	2.29405912836208	NA	NA	NA	NA	NA	2.39742688817604	NA	NA	0.652142212421573	NA	3.03096928849788	NA	NA	NA	NA	NA	1.76878619852634	1.27470672084345	1.06261960648712	0.869045808790894	2.13733856222499	1.99664416955814	NA	NA	1.59203271359957	1.19422178691635	NA	2.58342397006452	NA	2.90843947862214	2.66223111341408	NA	0.75487468057215	0.581885714163576	0.669995736977834
NA	NA	NA	1.28156395799579	1.15420614002948	1.66720950462651	1.65743277020671	1.31122024139099	NA	NA	1.58837414113029	1.38904284414921	NA	1.96059090102563	NA	NA	2.23331714813521	0.963652838446079	0.966096603150431	NA	0.790444141355839	0.742493088882995	0.862475289275692	NA	NA	1.65872871666407	1.25813005527686	NA	0.723928564519819	NA	0.691976887536979	0.736608567396292	0.857548770481729	0.352038071754173	NA	0.393494143609326	NA	0.181942037935566	NA	NA
NA	NA	NA	NA	NA	NA	NA	NA	NA	NA	NA	NA	NA	NA	NA	NA	NA	NA	NA	NA	NA	NA	NA	NA	NA	NA	NA	NA	NA	NA	NA	NA	NA	NA	NA	NA	NA	NA	NA	NA
NA	NA	NA	NA	NA	NA	NA	NA	NA	NA	NA	NA	NA	NA	NA	NA	NA	NA	NA	NA	NA	NA	NA	NA	NA	NA	NA	NA	NA	NA	NA	NA	NA	NA	NA	NA	NA	NA	NA	NA
NA	2.47957871002093	NA	NA	NA	NA	2.47544611909444	1.33692049483673	1.9433162616173	NA	0.603911233918318	2.44268801464936	NA	NA	NA	1.10078338449713	2.62117315457719	2.10974065957676	NA	1.5381219708948	1.83423077173268	0.533002299172445	2.24634842115469	0.684081091458391	1.74457711577193	0.236195624096337	2.27193201007551	2.1205464509817	2.17656336365167	1.82996232310989	0.614867132007538	1.64005781324957	NA	1.84426760559342	1.89521515915004	0.450096623844306	NA	1.64425670859251	0.659360732787988	0.587423631589299
NA	NA	NA	NA	NA	NA	NA	NA	NA	NA	NA	NA	NA	NA	NA	NA	NA	NA	NA	NA	NA	NA	NA	NA	NA	NA	NA	NA	NA	NA	NA	NA	NA	NA	NA	NA	NA	NA	NA	NA
1.09069414108286	0.71250403898707	0.871241605400938	NA	0.563240569351315	1.47787605821585	1.75722459949902	1.76156562147933	1.5989582342075	NA	NA	0.88821274323319	0.865121308817504	0.711262347251267	NA	1.09572564768728	NA	1.22961914874799	0.947912107825706	0.8790769857988	0.780636562856763	1.00137811095468	NA	0.480252880807724	0.318240598082608	NA	NA	NA	0.72348530792415	0.463847826042005	NA	NA	0.53850981987992	NA	NA	NA	NA	0.358347493339112	0.406852541767642	NA
1.71134043656862	NA	1.02629861870063	1.37625296401332	NA	1.41085850099158	1.11886703064142	1.10364772915337	NA	NA	NA	1.41031905920341	NA	1.33146357936229	1.13169048595766	NA	1.00221213601746	NA	1.51183640543456	0.826683758383568	0.822934107058531	0.970006083301684	NA	0.674311756276273	NA	NA	NA	0.755767102659056	NA	0.918052650502917	NA	0.586732648476898	1.47145855925188	0.970157370658009	NA	0.198596203837048	NA	1.00944839444559	0.874787598926584	0.768435843561503
NA	1.13068165710429	1.25632858035254	NA	NA	0.897484091662351	NA	0.369736721189527	0.657479971901018	0.76098971411657	1.72043796524547	0.614408587579753	1.42605274819607	0.23934192814183	NA	0.19311244448963	1.2433222595987	0.965492116703619	0.350689972840031	0.256857028334329	0.41079538681477	0.247265228919381	0.67161921647011	0.663392711572381	0.764840551022255	0.539803883816302	NA	NA	0.610937176308111	0.282688830928497	NA	0.516134591894427	0.989573325858807	1.03268795651259	NA	0.966371635077744	NA	0.259995149136533	0.440411732135004	0.264178602440602
NA	NA	0.644925405335604	NA	0.775838171868685	0.554563836824176	NA	NA	NA	NA	NA	1.03066066869615	0.806439564509859	0.968170587770098	0.532437658995185	NA	0.565253371672817	0.639773402915863	NA	NA	1.02563546220339	0.623729856547311	NA	0.666007571238687	0.578164149070162	NA	1.73555059843985	NA	1.58845081955992	NA	0.900217518816461	0.75432790025225	NA	NA	1.2149683715854	0.498997547768057	NA	0.278977865234895	0.496475233701155	0.676281587485466
NA	NA	NA	NA	NA	NA	NA	NA	NA	NA	NA	NA	NA	NA	NA	NA	NA	NA	NA	NA	NA	NA	NA	NA	NA	NA	NA	NA	NA	NA	NA	NA	NA	NA	NA	NA	NA	NA	NA	NA
NA	NA	NA	NA	NA	NA	NA	NA	NA	NA	NA	NA	NA	NA	NA	NA	NA	NA	NA	NA	NA	NA	NA	NA	NA	NA	NA	NA	NA	NA	NA	NA	NA	NA	NA	NA	NA	NA	NA	NA
NA	NA	NA	NA	1.43501870823559	NA	1.87897612498557	NA	2.18817860037427	2.52247423592817	2.11811872751725	1.77767740170875	NA	2.139407643117	1.18782449644181	2.41227425349738	2.79268046541041	1.74622450969707	NA	NA	NA	NA	NA	NA	1.04174671710042	1.14352760630007	0.939461096168514	0.933146072889012	0.700496220924385	NA	NA	1.75937718241158	1.38894436456312	2.03832933184095	NA	3.01789326407517	NA	1.06723892556085	NA	0.918422454415981
NA	2.12610490838127	1.98460299369497	NA	1.95663849577291	1.1850912954812	1.00862925758838	NA	NA	NA	1.31447360509502	NA	0.898585123641648	1.18315249837955	1.108527523074	1.17208203130713	NA	NA	1.27662217835512	1.27379126053692	NA	NA	0.549270195304311	0.379489470395476	0.651475617202918	NA	NA	0.463291510810009	NA	NA	0.63777666018952	NA	0.464045025634638	NA	NA	0.399977584372	NA	NA	NA	0.581345861220576
NA	NA	NA	NA	NA	NA	NA	NA	NA	NA	NA	NA	NA	NA	NA	NA	NA	NA	NA	NA	NA	NA	NA	NA	NA	NA	NA	NA	NA	NA	NA	NA	NA	NA	NA	NA	NA	NA	NA	NA
NA	NA	NA	NA	NA	NA	NA	NA	NA	NA	NA	NA	NA	NA	NA	NA	NA	NA	NA	NA	NA	NA	NA	NA	NA	NA	NA	NA	NA	NA	NA	NA	NA	NA	NA	NA	NA	NA	NA	NA
0.949283536764148	0.8251244352994	0.488599579449572	NA	0.424343853544524	0.628277923364723	1.39191733636289	NA	1.32710275214298	NA	1.29231012534332	1.31052064236406	NA	1.11914151342428	NA	1.28014539496644	1.78366684103626	NA	NA	NA	NA	1.3355113249553	0.930797151438739	1.15701452330227	NA	0.741594915183819	0.695343286177537	1.07600901793248	NA	NA	1.2997096663216	NA	1.50004074894535	1.34888676990935	0.168810365301827	NA	NA	NA	0.168179311105362	0.170330242560494
NA	NA	NA	NA	NA	1.17742806297295	1.63314938529561	1.3940942987503	NA	NA	NA	0.829257359846494	NA	NA	NA	NA	1.08751136779655	1.01186624571858	NA	NA	NA	NA	0.790929979913405	NA	NA	NA	NA	NA	NA	NA	NA	0.307708540934748	0.718550760953573	NA	0.185089978139201	NA	NA	NA	0.310009557241915	0.492107642144751
NA	0.323753934402418	0.403945838188526	NA	0.400739269418005	0.771790248898858	0.824406492789651	NA	0.657929463120144	1.23889171598915	0.632358845298187	0.851486037298797	0.957626873549087	0.532618602972683	0.747777710307244	0.78133445242995	0.972007520342576	1.31088311436547	1.15869525555822	1.17814120303855	0.55080021680058	0.535895308959205	0.568124319272639	0.393446903956267	1.31813151168287	1.33584559818293	0.053033177041992	0.507897371911061	NA	0.687509656969334	1.22394107527505	0.309695615376349	1.08581810041361	0.488587021495897	0.702161441172947	0.424530828709318	NA	0.1239564127955	0.220969723908217	0.309971888819896
NA	NA	NA	NA	NA	NA	NA	NA	NA	NA	NA	NA	NA	NA	NA	NA	NA	NA	NA	NA	NA	NA	NA	NA	NA	NA	NA	NA	NA	NA	NA	NA	NA	NA	NA	NA	NA	NA	NA	NA
NA	NA	NA	NA	NA	NA	NA	NA	NA	NA	NA	NA	NA	NA	NA	NA	NA	NA	NA	NA	NA	NA	NA	NA	NA	NA	NA	NA	NA	NA	NA	NA	NA	NA	NA	NA	NA	NA	NA	NA
NA	0.977787989106251	NA	0.687738333871604	0.948203921252192	NA	NA	0.321900580275326	0.806744620279603	NA	NA	NA	NA	NA	NA	NA	0.551783524962162	0.357460003749553	NA	0.903304968994643	NA	NA	0.921887104776191	NA	NA	0.717951730212654	1.15134922719127	NA	0.610696043140857	NA	NA	0.49837619559398	NA	0.469515679893749	1.6142998038661	NA	NA	0.623391734434207	NA	NA
NA	NA	1.34845863617981	NA	NA	NA	1.35620285562671	1.11106386002132	0.757221336126298	1.12832943563928	NA	NA	0.734067569474591	0.526790793110957	NA	0.296137892568013	0.722881064137861	NA	0.754289837614811	NA	1.4573267067134	1.28105962496057	1.24113279953229	1.10834682020014	0.907267537957124	NA	0.88766884492031	NA	NA	NA	0.773272136478712	0.477786444429512	NA	0.247339685364472	NA	NA	NA	NA	0.875725556585652	0.32699785952184
NA	NA	NA	NA	NA	NA	NA	NA	NA	NA	NA	NA	NA	NA	NA	NA	NA	NA	NA	NA	NA	NA	NA	NA	NA	NA	NA	NA	NA	NA	NA	NA	NA	NA	NA	NA	NA	NA	NA	NA
NA	NA	NA	NA	NA	NA	NA	NA	NA	NA	NA	NA	NA	NA	NA	NA	NA	NA	NA	NA	NA	NA	NA	NA	NA	NA	NA	NA	NA	NA	NA	NA	NA	NA	NA	NA	NA	NA	NA	NA
NA	NA	NA	NA	NA	NA	NA	NA	NA	NA	NA	NA	NA	NA	NA	NA	NA	NA	NA	NA	NA	NA	NA	NA	NA	NA	NA	NA	NA	NA	NA	NA	NA	NA	NA	NA	NA	NA	NA	NA
NA	NA	NA	NA	NA	NA	NA	NA	NA	NA	NA	NA	NA	NA	NA	NA	NA	NA	NA	NA	NA	NA	NA	NA	NA	NA	NA	NA	NA	NA	NA	NA	NA	NA	NA	NA	NA	NA	NA	NA
NA	NA	NA	NA	NA	NA	NA	NA	NA	NA	NA	NA	NA	NA	NA	NA	NA	NA	NA	NA	NA	NA	NA	NA	NA	NA	NA	NA	NA	NA	NA	NA	NA	NA	NA	NA	NA	NA	NA	NA
NA	2.1140080981409	NA	NA	NA	1.89027361639365	NA	NA	1.8908302259012	NA	NA	NA	NA	1.67870795683323	2.05707480367587	NA	1.36207685310089	NA	NA	NA	1.52758391667829	NA	NA	1.19427357809432	1.10895577248763	1.32838254632824	NA	NA	1.08992369795124	NA	1.36143324189462	1.33788441517728	1.42491029078246	1.1489811761188	0.670763523235213	NA	NA	0.842662382627464	0.904199073900543	1.62568600400542
NA	NA	NA	NA	NA	NA	NA	NA	NA	NA	NA	NA	NA	NA	NA	NA	NA	NA	NA	NA	NA	NA	NA	NA	NA	NA	NA	NA	NA	NA	NA	NA	NA	NA	NA	NA	NA	NA	NA	NA
NA	NA	NA	NA	NA	NA	NA	NA	NA	2.18256828265183	NA	NA	NA	NA	NA	NA	NA	NA	2.058035008681	1.83164287152267	NA	1.99110629625253	1.91738928961865	1.83262502325442	1.93040602259496	NA	1.96551446151109	NA	1.58447555023299	1.35980559598791	1.33143834706943	1.3219848253159	1.04214715676346	0.870752676456456	NA	0.709888181415819	NA	NA	0.548544503426717	1.66412633194375
NA	NA	NA	NA	NA	NA	NA	NA	NA	NA	NA	NA	NA	NA	NA	NA	NA	NA	NA	NA	NA	NA	NA	NA	NA	NA	NA	NA	NA	NA	NA	NA	NA	NA	NA	NA	NA	NA	NA	NA
1.01955727899208	0.817221430965612	0.758663628558131	0.936955118737565	0.672878090881496	1.07765693119068	0.508892295293664	1.84206150508517	NA	NA	1.15754925877297	0.551959507795108	NA	0.347754794261289	0.555627973178914	0.593220225692015	0.769977450885221	0.86901471411337	1.06818448686892	NA	NA	NA	0.86275721795146	1.48090537213743	1.21784604268718	NA	2.00124728981909	NA	NA	1.01099721703221	NA	NA	NA	0.922012730083127	NA	0.386749865467577	NA	NA	NA	0.873097320848707
0.955489758467984	0.86247764163263	NA	NA	1.66671122911983	1.89977128906904	NA	NA	NA	NA	NA	0.542242868761886	0.609799390322025	1.80698102157058	0.717415654171767	NA	0.466172818456609	0.371504598038041	1.37955465038096	1.24054118574095	1.13811006193028	0.867935426091946	0.405566139212189	0.410973473703287	NA	NA	NA	1.4693746796905	1.33672992926357	NA	NA	NA	1.29356452541663	1.70831299634655	0.804510466706592	0.447770800900217	NA	NA	0.707690923408241	NA
NA	NA	NA	NA	NA	NA	NA	NA	NA	NA	NA	NA	NA	NA	NA	NA	NA	NA	NA	NA	NA	NA	NA	NA	NA	NA	NA	NA	NA	NA	NA	NA	NA	NA	NA	NA	NA	NA	NA	NA
NA	NA	NA	NA	NA	NA	NA	NA	NA	NA	NA	NA	1.54119360726605	NA	NA	NA	1.1249864859123	NA	1.09453689349635	0.935657554244548	NA	NA	NA	NA	NA	1.82332628555574	1.35335832296223	1.16887667657514	NA	NA	NA	NA	NA	0.606793685262907	NA	1.3557636927803	NA	NA	NA	NA
NA	1.51851165063029	1.15894689095262	NA	NA	2.43607254843216	2.38142327565858	2.33366372582228	NA	NA	1.44586120473794	2.68465425800027	2.6235797693488	NA	NA	2.15099606149156	NA	2.44038234895915	1.66311302663012	NA	1.30398815307748	1.71086782573805	2.07836715309485	NA	1.69497689974543	1.69590249076466	1.07118267419625	NA	0.707439467012559	0.983292240543543	NA	1.49469922731395	0.413005544038566	0.699980094994033	0.970311288128592	NA	NA	1.02127132757942	0.980967681896664	NA
1.56381325272125	1.61789467024206	1.43951004953942	NA	1.74190252449073	1.39261677526434	1.60260452009086	1.42927061645866	1.09093256718644	NA	1.0941217848905	1.40210463745768	NA	1.54192665075981	NA	NA	NA	1.34980361766434	1.50139833092983	1.14189384537877	NA	0.802227414470249	0.628694666527556	NA	1.35665130744202	1.54526911248553	0.792300703197312	NA	NA	NA	2.0448071032691	NA	NA	NA	NA	NA	NA	NA	NA	0.618410028265861
NA	NA	NA	NA	1.2015820171276	NA	NA	NA	NA	NA	NA	NA	NA	NA	2.25131630693647	NA	NA	NA	NA	NA	NA	NA	1.54387113787107	NA	1.27183615644386	0.867226128254132	1.40642253019882	1.50813780820122	NA	NA	1.01592270557021	0.586812188335769	0.21024437393742	0.210060244640633	0.448399349912501	0.318138246534131	NA	0.293748567410193	0.559739603065521	0.49371958115514
NA	NA	NA	NA	NA	NA	NA	NA	NA	NA	NA	NA	NA	NA	NA	NA	NA	NA	NA	NA	NA	NA	NA	NA	NA	NA	NA	NA	NA	NA	NA	NA	NA	NA	NA	NA	NA	NA	NA	NA
NA	NA	NA	NA	NA	NA	NA	NA	NA	NA	NA	NA	NA	NA	NA	NA	NA	NA	NA	NA	NA	NA	NA	NA	NA	NA	NA	NA	NA	NA	NA	NA	NA	NA	NA	NA	NA	NA	NA	NA
NA	NA	NA	NA	NA	NA	NA	NA	NA	NA	NA	NA	NA	NA	NA	NA	NA	NA	NA	NA	NA	NA	NA	NA	NA	NA	NA	NA	NA	NA	NA	NA	NA	NA	NA	NA	NA	NA	NA	NA
0.847121568705814	0.478397212843423	NA	NA	0.520933883802696	1.49105355894557	0.871818499576481	1.33191085741065	1.0849101150179	0.964851772688614	NA	0.980516877581256	NA	0.578056711070318	1.21679894071962	1.34843893072624	1.2658617754948	NA	NA	1.25567009536883	0.972991216483646	0.730561771327494	1.05086551834559	1.26754062771356	1.11704875904156	NA	NA	1.29093820864741	NA	NA	0.992990111294013	0.8093812547398	0.885943457742883	0.659732866538581	0.784729474417876	0.420409828135966	NA	0.921417146195705	0.664783596985798	NA
NA	1.49374461046774	1.4576664095449	NA	NA	NA	0.852884898909335	2.25349059363903	0.870074896196982	0.52330660031178	0.380251834145206	0.573701293366952	0.82163230244423	0.566217956720793	0.31963627684071	0.472425820971998	0.255884601463172	0.391242965109297	0.536582422050306	0.403074712157338	0.0455367888271289	0.681046175848072	0.397064860197025	0.464622174343736	0.900492602156005	NA	0.876606370435239	1.18393914160099	1.14330391352824	0.371712718825461	NA	1.10867677250379	0.871654937089009	0.919194777790626	1.45570276857367	1.36901232850559	NA	1.93932023244568	0.586273630329604	NA
0.85129577544434	NA	NA	NA	NA	0.673159419911246	0.657025950082299	0.200191140124369	0.613235531842368	NA	NA	0.720890609873622	NA	NA	0.701621082320864	1.01426100561611	0.90957354284945	1.74164572196975	0.440969968042214	0.56182147031996	NA	NA	NA	0.532457260347397	0.793469108726941	0.627838255236951	NA	0.973245890515545	0.233892016841218	0.344834858036565	0.404326520009941	0.31016173924473	0.380252013382066	0.469440000018125	0.340835771261608	NA	NA	0.343324362675943	0.231939811076929	0.69126294228978
0.719733793676371	NA	1.5951343666382	1.79129754967704	NA	1.31560079947669	NA	1.64167869360575	NA	NA	NA	NA	NA	1.65219299709907	NA	NA	NA	NA	NA	NA	1.07934157998531	NA	0.771170677912805	NA	0.236833640046006	NA	NA	NA	0.583583516072214	NA	NA	NA	NA	NA	NA	0.838512865304453	NA	NA	0.768738681022308	NA
NA	NA	NA	NA	NA	NA	NA	1.37551222092142	NA	NA	1.61922981826892	NA	NA	NA	NA	1.58358540628342	NA	NA	NA	NA	NA	NA	NA	NA	NA	NA	NA	NA	1.02114296821752	0.969947576319235	NA	0.381711313934789	0.832103220946318	0.620358848819578	0.40930326814093	NA	NA	NA	0.460595154369224	0.81623727810777
NA	NA	NA	NA	NA	NA	NA	NA	NA	NA	NA	NA	NA	NA	NA	NA	NA	NA	NA	NA	NA	NA	NA	NA	NA	NA	NA	NA	NA	NA	NA	NA	NA	NA	NA	NA	NA	NA	NA	NA
1.40324974040762	1.45962356953096	1.65881775116857	NA	NA	NA	NA	NA	NA	2.1478643122534	NA	NA	NA	NA	2.27292513652928	NA	2.12385849803147	NA	1.91104141623574	NA	NA	1.11776231301173	0.80895334457031	1.02892761494778	1.3288257147572	1.0834950980834	NA	1.00913653303997	NA	0.78395715045449	NA	NA	0.83390311545279	0.698771360301505	0.650892429371932	0.46105217941252	NA	0.597931191616093	NA	NA
1.38305479430894	1.42198218603533	1.44897409777564	NA	1.55783436739828	0.991920167310817	0.879139373569985	1.20997026438659	1.49365357395935	NA	0.919386093159126	NA	NA	NA	1.20657572958343	1.3333280571045	1.10152234462727	0.397435430069267	NA	1.05526564900723	1.13755917464281	1.19735913957715	1.07571545026188	NA	1.12541776873515	1.11868845852891	NA	NA	0.59836381856953	NA	1.05352299778239	NA	NA	1.23207082930317	NA	1.03608627577255	NA	1.42861036639584	1.63817739746949	NA
NA	NA	NA	NA	NA	2.14115252247579	2.82058577840904	2.87401645662973	2.81775659634069	NA	NA	NA	NA	NA	NA	NA	2.77055185417306	2.19613577735584	NA	1.84776224560948	1.51089148384315	NA	1.24048831295276	2.36121601904106	NA	NA	NA	NA	1.570869578486	1.36472441998008	1.70000735215504	NA	NA	NA	NA	0.475441295542016	NA	0.309286074872652	NA	0.828520795659827
NA	NA	NA	NA	NA	NA	NA	NA	NA	NA	NA	NA	NA	NA	NA	NA	NA	NA	NA	NA	NA	NA	NA	NA	NA	NA	NA	NA	NA	NA	NA	NA	NA	NA	NA	NA	NA	NA	NA	NA
1.7598769477471	NA	0.847694359675917	NA	NA	NA	NA	0.835492959973055	NA	NA	0.885362347843738	NA	0.955700013249698	NA	1.53052117406742	1.35512252366116	NA	NA	0.701374393023126	NA	NA	0.653223210755357	1.26615120231659	0.718413837401009	NA	NA	NA	NA	0.678008695291185	NA	NA	NA	NA	NA	NA	0.23388491757723	NA	0.321565591366442	0.346080924821985	NA
1.28558253800577	1.24943878288326	NA	1.71159448438277	NA	NA	NA	0.463093186125519	0.330747162451914	NA	NA	0.368473214989438	NA	0.538839633920678	0.111866993315092	1.55830279158234	0.73060496710048	NA	0.317430992951381	0.725292516285476	NA	NA	NA	NA	NA	NA	0.544831237858531	NA	NA	1.26927395113941	NA	0.805887173836543	NA	0.633049978687124	NA	0.81793921383097	NA	0.236893983462912	NA	NA
NA	NA	NA	0.688624099753252	NA	NA	0.601859344140648	0.626805489513146	0.342902591835552	0.509454680503799	NA	0.83962041019382	NA	0.575524843049847	NA	NA	NA	0.807688841368702	NA	NA	NA	0.0895271269205821	NA	0.592047126913658	1.10871556330253	NA	NA	NA	NA	NA	NA	NA	NA	NA	NA	NA	NA	NA	0.383719259543094	NA
1.65315674270516	NA	1.83910014200321	NA	NA	NA	NA	1.32536279439636	NA	NA	NA	NA	NA	NA	NA	1.22075992405285	1.22833853562173	NA	1.75302660369855	NA	1.89783750249431	NA	0.878343141096939	0.856728612974572	0.726232123486521	1.13469681948718	1.30572824866954	0.907236380317086	0.692545130107863	0.768701438566015	0.993006297017605	1.56739675578684	0.970300919245025	0.962685317612704	0.914251132162057	1.27678006207139	NA	0.663786635821006	0.328353712003953	0.767949115916443
NA	2.33063852970263	NA	1.81877771988856	NA	1.40712445561646	1.66024737843797	NA	NA	2.39486806008751	1.47420393936141	NA	1.61896957046786	1.87398648217569	NA	NA	NA	1.74621479541602	NA	1.4307099848327	NA	NA	0.555828069951299	NA	NA	NA	NA	0.543137443737997	NA	NA	NA	NA	0.431250219386276	NA	NA	NA	NA	0.797255763494947	NA	0.38178623667572
1.0512308331337	1.00373399876159	1.0434784163412	NA	NA	NA	0.284600232828934	0.742626068769884	NA	NA	1.05975060195265	0.629319497381178	0.643575604401789	NA	NA	NA	1.38284316259181	1.19436200694225	NA	NA	NA	NA	0.296077600265696	NA	0.499475324783048	NA	NA	NA	NA	NA	NA	0.925928921485228	NA	NA	0.164013839064632	NA	NA	NA	1.00760965687933	NA
NA	NA	NA	NA	NA	NA	NA	NA	NA	NA	NA	NA	NA	NA	NA	NA	NA	NA	NA	NA	NA	NA	NA	NA	NA	NA	NA	NA	NA	NA	NA	NA	NA	NA	NA	NA	NA	NA	NA	NA
NA	NA	2.02052706207166	NA	0.876328640136101	0.674153116789205	1.11003684366656	0.452359234457538	0.186095961219285	NA	2.48442423298035	NA	2.15149687900487	2.20658414807499	0.753422091390217	NA	1.27306168432766	1.38133560112209	NA	1.89027691483039	0.781075028293576	1.08035335171812	1.50805421242563	1.57181105761545	NA	NA	1.58315467902598	2.05246483839491	NA	1.36378095607652	1.84908189828259	0.657012414762226	1.42944450523348	0.789081179183746	NA	1.78704727652858	NA	1.13938426319142	1.25042998936524	1.26058793686814
NA	NA	0.263241947114488	NA	NA	0.451559160244886	0.809064560996483	0.786360059414602	0.469042247597793	1.04617787477218	0.883942472096309	NA	1.44539640777342	0.798566176400097	NA	NA	NA	NA	NA	NA	0.0760427541052061	NA	0.45888003499636	0.166944140854216	0.551535723909787	1.03347920447493	NA	1.55257392406839	1.11423894829115	1.5645280443563	1.43262323809224	0.295336322498993	0.522737014640114	0.315916461355939	0.130283169920873	NA	NA	NA	0.250090621001407	0.171913154034674
NA	0.497009211368099	0.58127104116405	NA	0.810929839659601	0.677920079424323	0.799009884130272	0.65469044993764	0.833043763757409	0.675400094007707	0.765446608082989	0.873602763640641	0.912626216647195	1.02195174516539	0.991364440304227	NA	1.15767478045091	1.45455853257522	1.89819761054855	1.49280551048593	NA	0.181221575849209	0.877065832472864	0.801202827901602	1.04090350677483	1.71643634542776	0.843779241783716	0.338221307529393	0.418073290611225	1.67749671697874	2.07026091676087	0.939518892446583	0.244756030810543	2.16894897157325	NA	NA	NA	NA	0.751837642224863	1.19653449338671
0.95144349718442	1.37392716626223	NA	NA	0.85335068670578	0.981038199419073	1.58902632383248	NA	NA	NA	NA	NA	NA	0.714629228047834	0.81173410016472	NA	NA	NA	NA	NA	0.713629951743834	NA	0.408136201931386	0.405537844207193	0.425041550166698	0.271033953251906	NA	0.840629463571561	NA	NA	1.18219108931063	NA	NA	NA	NA	1.48496366975966	NA	1.02316140634799	0.966609307112341	0.831932839932017
0.743774337717582	NA	NA	0.163051021579566	NA	NA	0.790901776325205	NA	NA	0.837465132215832	0.91849687583296	NA	0.951912814487511	1.52608737049228	0.59255037682612	NA	NA	NA	NA	NA	NA	0.931054197082241	NA	NA	NA	NA	1.06228264889487	NA	NA	NA	NA	0.806888131596855	NA	NA	NA	NA	NA	0.326655968185278	0.872273701754117	NA
1.46650474970863	1.28702738611115	0.688707780431092	1.58037395736437	0.872573184588541	0.328245580868419	1.48082065217667	1.49706726859148	1.60564486581679	0.536097566305503	NA	1.47173546008247	1.4126921728936	1.77151190320435	1.64753027217155	NA	1.3560680938771	0.870520157468029	1.01720169879996	0.523410758421361	0.456048650393908	1.86141841415211	1.44806342407329	1.01929741937325	1.36059348148747	1.25226277781282	0.994387712669879	0.269326617636592	0.295188796130837	0.528057451010448	NA	0.548848334801159	0.188690418363131	0.555266560168841	0.524878404287692	0.325691491661635	NA	0.420619482872044	2.22297577236334	0.295812612660153
NA	NA	NA	NA	NA	NA	NA	NA	NA	NA	1.03711746287238	NA	2.0420736520211	2.10431233040467	NA	NA	NA	2.32953077014229	2.05345677866706	1.65505472154592	1.60895756328702	1.66503352796377	NA	NA	1.50610737885988	NA	NA	1.37633339220567	NA	NA	NA	NA	NA	NA	NA	NA	NA	NA	0.768597319373966	NA
0.660268318288439	0.745156136626401	0.562054583495635	NA	NA	1.24273656440819	0.558009533319831	1.18181689204519	NA	0.874715413989331	1.15168430239478	1.28802883960681	0.409355319802397	0.962223089789809	0.708789360602986	NA	1.09056184229282	0.469419736354868	NA	0.933637749801501	NA	1.11021238023532	0.64404947412786	0.844584882763839	0.521151174483822	0.831663642969932	1.21693574177091	NA	0.754264600868623	0.725488910045962	0.792369555282415	0.475341763716086	0.689533433075162	0.524381701930322	0.358980700320532	0.387663051562325	NA	0.172077321125426	0.356180080827302	0.496222264259342
NA	0.753508439064008	0.681875139483665	NA	0.852827961470082	0.434826401249082	0.669179586796784	NA	0.495346448958901	0.881026431107981	0.62459505192879	1.12399470817326	0.735660299719541	0.700441195564596	0.541124868975518	NA	0.472744808746367	0.458436243640421	1.11337563117396	1.02397748730351	0.660398251281483	0.533372913180958	0.341378168279079	0.287037809559671	0.285521114535002	NA	NA	NA	0.384692028433032	0.506795537641928	NA	0.450066021284399	NA	NA	NA	0.61876693900319	NA	0.383687504129453	0.484430019080489	0.468166256609981
0.678216323389059	NA	NA	NA	0.427155865777038	NA	NA	NA	NA	0.446626863937575	NA	NA	NA	1.05339023372448	NA	1.29476816999914	NA	NA	NA	0.817897875870723	1.11607642589059	0.665050035037119	0.715419290857876	1.38757632414149	NA	1.31546459923645	0.763119129581124	0.751898668783245	NA	0.500151175285029	0.245870633405728	0.41499756649149	0.69037498162733	0.601599236775224	0.252666015122431	0.94500293133284	NA	0.286732364401256	0.82354065389965	0.651901835780956
NA	0.838085419298418	2.00795512150756	NA	NA	0.627821894105835	0.844759916692666	0.414422898337494	NA	1.0171983392245	1.91712210938377	1.35698151149431	1.36405873316598	1.16386077846667	1.85952766535628	NA	NA	NA	NA	NA	1.49749758685359	0.847857034617222	0.626261580076386	0.640976648505833	1.73449739568561	0.474503392344358	0.849560510395938	1.91639434907712	NA	0.271529255864457	NA	NA	NA	NA	NA	NA	NA	NA	0.683334495800275	NA
NA	NA	NA	NA	NA	NA	NA	NA	NA	NA	NA	NA	NA	NA	NA	NA	NA	NA	NA	NA	NA	NA	NA	NA	NA	NA	NA	NA	NA	NA	NA	NA	NA	NA	NA	NA	NA	NA	NA	NA
NA	NA	NA	NA	NA	NA	NA	NA	NA	NA	NA	NA	NA	NA	NA	NA	NA	NA	NA	NA	NA	NA	NA	NA	NA	NA	NA	NA	NA	NA	NA	NA	NA	NA	NA	NA	NA	NA	NA	NA
0.529019223315501	0.374041887305103	1.90227010626368	NA	0.624216701276066	0.800041544660034	0.887477918718428	1.52767905158883	NA	0.713472768403265	1.58958204397195	1.03595690235947	1.90057701063993	0.879945204950454	1.89064236918132	NA	NA	1.02897095112551	NA	1.21402239444653	0.5185312288365	0.540663027472553	0.389029629141084	0.312721445060321	0.819309088815096	0.534558160944312	1.3599990743733	1.2189487988102	0.748265726952633	1.25999804285359	1.36246455562468	1.02835298357104	0.55446235544841	1.2233125901435	0.322433005159683	1.39598222002405	NA	1.56101929460798	1.02003150783889	0.477430330850543
NA	NA	NA	NA	NA	NA	NA	NA	NA	NA	NA	NA	NA	NA	NA	NA	NA	NA	NA	NA	NA	NA	NA	NA	NA	NA	NA	NA	NA	NA	NA	NA	NA	NA	NA	NA	NA	NA	NA	NA
NA	0.817832489720225	0.745870123264677	1.26097026475198	0.875459912333375	NA	1.22024578238748	NA	NA	1.24108018547664	NA	1.03838202641474	0.498517165148551	NA	NA	NA	NA	NA	NA	NA	NA	NA	0.557525310412364	1.06558009444571	0.859494136055585	NA	NA	0.691469420206333	1.40249082219996	NA	1.15941131180892	0.209712169567868	NA	1.39037534565709	NA	NA	NA	0.455639642471039	0.704964447948573	0.620841156544414
1.70015314679745	1.34596106822292	1.18442217342767	1.09625540313817	0.927277829012223	0.746976252711717	0.869020080607932	0.868785826141373	1.93633460585927	1.89504112150612	NA	NA	NA	0.875858075180508	1.03022810545862	NA	1.10934980522278	0.900922864953601	1.42371897203578	1.4640712443857	0.587451954566884	0.769146625102031	1.6008887280701	0.662464634212071	1.44625326618624	1.56839904716507	1.75926265831396	1.42179123120594	2.17973196595212	NA	1.27399066316159	0.862935734332677	1.49553961530969	0.817539502677179	NA	NA	NA	1.07744434620375	0.382774018945739	0.440680850124763
NA	NA	NA	NA	NA	NA	NA	NA	NA	NA	NA	NA	NA	NA	NA	NA	NA	NA	NA	NA	NA	NA	NA	NA	NA	NA	NA	NA	NA	NA	NA	NA	NA	NA	NA	NA	NA	NA	NA	NA
NA	NA	NA	NA	NA	NA	NA	NA	NA	NA	NA	NA	NA	NA	NA	NA	NA	NA	NA	NA	NA	NA	NA	NA	NA	NA	NA	NA	NA	NA	NA	NA	NA	NA	NA	NA	NA	NA	NA	NA
NA	NA	NA	NA	NA	NA	NA	NA	NA	NA	NA	NA	NA	NA	NA	NA	NA	NA	NA	NA	NA	NA	NA	NA	NA	NA	NA	NA	NA	NA	NA	NA	NA	NA	NA	NA	NA	NA	NA	NA
NA	NA	NA	NA	NA	NA	NA	NA	NA	NA	NA	NA	NA	NA	NA	NA	NA	NA	NA	NA	NA	NA	NA	NA	NA	NA	NA	NA	NA	NA	NA	NA	NA	NA	NA	NA	NA	NA	NA	NA
0.544546574350705	NA	NA	NA	NA	NA	0.231228990272534	0.331587100818172	NA	NA	NA	NA	NA	NA	1.04023875962495	NA	0.697293116448859	NA	NA	0.871548896299938	0.340590150514824	NA	0.948733744748432	0.624451870256583	NA	NA	NA	NA	0.871643555994106	NA	0.595371430237715	0.811272551427259	NA	NA	0.510297330893046	NA	NA	0.513030354967763	NA	NA
2.68987972219682	3.02585278898049	NA	3.40412686265182	3.24026068410237	3.28116833413768	2.83004916186414	2.80654549423514	2.42800144763717	2.59136076638627	NA	2.16240055185182	1.86897669492991	1.71512959331409	2.30659579770696	2.2186790400916	1.77219760350376	2.31084979101427	2.05341633088891	1.71404914089881	1.84447262907203	3.43165488209635	NA	3.38679036470349	NA	NA	NA	0.586098373016858	NA	NA	NA	NA	NA	0.895574028367048	NA	1.36839147417106	NA	2.54519737127196	1.21664267985182	2.87269578526721
NA	NA	0.574129840816161	1.35676469907719	NA	1.48094435987119	1.03935914266942	0.701158024766472	0.566214930834406	0.977903714687389	1.2522683900749	1.16827414744906	0.59075405740616	0.671146402486846	0.596336384498876	NA	0.368678550023329	0.357194556255609	0.628947623552464	0.374778019367638	0.330133575303388	0.421418714607486	0.846191719804227	0.981297053843394	0.339984748360628	0.593553748117981	0.400627162408942	NA	0.272245560470831	0.642903475317053	0.119515295677034	0.610592075073356	0.542435949200118	NA	0.0722175417154421	NA	NA	0.894747946553367	0.836319401987281	NA
1.44248175368959	1.0624168089273	0.795672830902649	1.18284381359071	0.809895080836492	NA	1.34741971105401	1.33477084773804	NA	0.595310558637345	0.643618205220038	1.15402185263923	NA	0.980607237774757	0.629257719149026	NA	NA	0.388784207975755	NA	0.391697591204494	NA	0.73845528253866	0.512841602260397	NA	0.42099426092479	NA	NA	0.879501388803805	NA	0.801765382233176	NA	NA	1.16608739268433	1.15523957550997	2.52779832329677	1.11398883505514	NA	0.571849552072588	NA	0.792290402598499
NA	NA	NA	NA	NA	NA	NA	NA	NA	NA	NA	NA	NA	NA	NA	NA	NA	NA	NA	NA	NA	NA	NA	NA	NA	NA	NA	NA	NA	NA	NA	NA	NA	NA	NA	NA	NA	NA	NA	NA
NA	NA	1.80606242630677	NA	1.47988598122874	NA	0.747872503854677	NA	NA	0.712522864628329	NA	NA	NA	0.481995379978645	0.392501998833557	NA	0.428033417051747	NA	NA	NA	NA	0.617055665582263	0.647346124659318	0.495941437480139	NA	1.23481701900477	NA	NA	NA	0.986587176313518	0.861856898638045	NA	0.292726222670282	NA	0.275504106261146	0.435530290578601	NA	NA	0.309518495184339	NA
NA	NA	NA	NA	NA	NA	NA	NA	NA	NA	NA	NA	NA	NA	NA	NA	NA	NA	NA	NA	NA	NA	NA	NA	NA	NA	NA	NA	NA	NA	NA	NA	NA	NA	NA	NA	NA	NA	NA	NA
0.491989186685429	NA	0.926986979627126	0.761586591678253	1.07578272465845	1.49722783765723	0.62310407374297	0.492220247041215	1.90168430244162	1.2910995682643	1.79833007493466	1.3132637271639	NA	1.31986539478434	0.956389037841199	NA	1.44275203629255	NA	1.13805534586108	0.679981269691428	0.595959784674457	0.566666776085344	0.932930880258072	NA	0.898049094180473	0.628876491878905	0.439169772023215	1.09830982391398	0.414574566772842	1.01101256991199	0.61148318693278	0.366650626280521	0.960230102066621	0.562728243190441	0.45910354771749	1.11536240403793	NA	NA	NA	NA
NA	NA	1.5353914635563	NA	NA	NA	0.927548969612503	0.795948437932323	1.13833736851705	0.420278037770401	0.70435519624855	NA	NA	0.890019761704376	NA	NA	NA	0.930826858255062	NA	NA	NA	NA	NA	NA	0.608686026004759	NA	0.963477909075441	0.677876692719655	0.615545110711637	NA	NA	NA	0.342310797920254	NA	0.667379112720261	NA	NA	NA	0.617815360635486	0.601797474779275
NA	NA	NA	NA	NA	NA	NA	NA	NA	NA	NA	NA	NA	NA	NA	NA	NA	NA	NA	NA	NA	NA	NA	NA	NA	NA	NA	NA	NA	NA	NA	NA	NA	NA	NA	NA	NA	NA	NA	NA
NA	NA	NA	NA	NA	NA	NA	NA	NA	NA	NA	NA	NA	NA	NA	NA	NA	NA	NA	NA	NA	NA	NA	NA	NA	NA	NA	NA	NA	NA	NA	NA	NA	NA	NA	NA	NA	NA	NA	NA
NA	NA	NA	NA	NA	NA	NA	NA	NA	NA	NA	NA	NA	NA	NA	NA	NA	NA	NA	NA	NA	NA	NA	NA	NA	NA	NA	NA	NA	NA	NA	NA	NA	NA	NA	NA	NA	NA	NA	NA
NA	NA	NA	NA	1.88549895870772	0.507222221648503	0.389730630760701	0.41277872653963	1.35256919893689	NA	0.947193253692035	0.992684998533654	NA	0.631434875138995	0.543073621137067	NA	0.391483136628246	0.591297366611401	NA	0.544773794365788	NA	0.991708242847937	0.427205177069115	0.632957229347643	0.747660560989334	NA	0.323010940435638	NA	NA	NA	NA	0.73001914014583	NA	0.347348325072356	0.457217921585699	NA	NA	NA	NA	NA
1.12570615715983	0.733755118142064	NA	0.803369440215299	0.861736370111732	0.796439121626716	0.905112946974266	0.844068901308444	1.04669159372108	NA	1.05166258856459	1.09155267949517	0.908854311740904	2.69878365013411	NA	NA	NA	NA	0.892167582849798	NA	NA	0.567489702932412	NA	NA	1.59335392568937	2.7575539587354	NA	2.72024049089921	2.85303822078833	NA	1.23886546485903	1.17781030668469	1.1226954813184	0.888693451527883	0.741096818550646	0.58590684927709	NA	0.614757158637615	0.695628192487997	NA
1.68433214282964	2.60381256636798	2.63608815971163	NA	NA	NA	1.83275806413354	1.96289716299117	1.78362784587953	1.98221573595483	NA	NA	2.05057811784644	2.25982310314177	2.25822970596214	NA	NA	NA	NA	1.68304266237044	1.87592528443205	1.72158797663516	1.6071921807095	1.4019750277168	NA	1.31505190699379	1.09682798165655	NA	NA	NA	NA	0.314862266704553	NA	NA	1.031897845241	NA	NA	NA	0.32675237636974	0.713418946058833
NA	NA	NA	NA	NA	NA	NA	NA	NA	NA	NA	NA	NA	NA	NA	NA	NA	NA	NA	NA	NA	NA	NA	NA	NA	NA	NA	NA	NA	NA	NA	NA	NA	NA	NA	NA	NA	NA	NA	NA
NA	NA	NA	NA	NA	NA	NA	NA	NA	NA	NA	NA	NA	NA	NA	NA	NA	NA	NA	NA	NA	NA	NA	NA	NA	NA	NA	NA	NA	NA	NA	NA	NA	NA	NA	NA	NA	NA	NA	NA
NA	NA	NA	NA	NA	NA	NA	NA	NA	NA	NA	NA	NA	NA	NA	NA	NA	NA	NA	NA	NA	NA	NA	NA	NA	NA	NA	NA	NA	NA	NA	NA	NA	NA	NA	NA	NA	NA	NA	NA
NA	NA	NA	NA	NA	NA	NA	NA	NA	NA	NA	NA	NA	NA	NA	NA	NA	NA	NA	NA	NA	NA	NA	NA	NA	NA	NA	NA	NA	NA	NA	NA	NA	NA	NA	NA	NA	NA	NA	NA
NA	NA	NA	NA	NA	0.483582372203903	NA	0.663746122701178	0.766742420971459	NA	NA	NA	NA	0.853923879591673	0.734771505649992	NA	NA	NA	NA	NA	0.443611430510532	NA	NA	1.54454137141401	NA	NA	NA	NA	NA	1.33827834724091	NA	0.495143114608785	NA	NA	0.112542888024244	NA	NA	1.48593438625334	0.6677084701832	0.0740012092642443
NA	NA	NA	NA	NA	NA	NA	NA	NA	NA	NA	0.552602207681642	NA	NA	0.429195405900024	NA	NA	NA	NA	NA	NA	NA	NA	NA	NA	NA	NA	NA	NA	NA	0.913019124973866	0.668014636552557	1.21736456411782	1.10368289061902	NA	NA	NA	NA	0.261430622878683	NA
NA	2.06238350132765	NA	1.17279330148559	NA	NA	NA	1.71158496563622	1.75587584919084	NA	1.23304272709526	0.923691942001629	0.874073689593469	1.69551595230741	1.77245576444394	NA	1.81202621295546	NA	NA	NA	NA	NA	NA	NA	NA	NA	NA	NA	NA	NA	NA	NA	0.603185678726741	NA	NA	NA	NA	NA	0.911508310171014	0.582648728455135
NA	NA	NA	NA	NA	NA	NA	NA	NA	NA	NA	NA	NA	NA	NA	NA	NA	NA	NA	NA	NA	NA	NA	NA	NA	NA	NA	NA	NA	NA	NA	NA	NA	NA	NA	NA	NA	NA	NA	NA
NA	NA	NA	NA	NA	NA	NA	NA	NA	NA	NA	NA	NA	NA	NA	NA	NA	NA	NA	NA	NA	NA	NA	NA	NA	NA	NA	NA	NA	NA	NA	NA	NA	NA	NA	NA	NA	NA	NA	NA
NA	NA	NA	NA	NA	NA	NA	NA	NA	NA	NA	NA	NA	NA	NA	NA	NA	NA	NA	NA	NA	NA	NA	NA	NA	NA	NA	NA	NA	NA	NA	NA	NA	NA	NA	NA	NA	NA	NA	NA
NA	NA	NA	NA	NA	NA	NA	NA	NA	NA	NA	NA	NA	NA	NA	NA	NA	NA	NA	NA	NA	NA	NA	NA	NA	NA	NA	NA	NA	NA	NA	NA	NA	NA	NA	NA	NA	NA	NA	NA
1.25857823532706	1.52816595233138	NA	NA	NA	1.11263772941655	NA	1.00968681090802	1.21393023099528	1.63502004513242	1.27688825305641	1.25034136731506	0.820726835948126	0.720247146256711	0.743905421889619	NA	NA	NA	0.7090796491656	0.943530578839996	NA	0.98070964526112	0.252404929188452	0.321460434183693	NA	NA	0.510077294944127	NA	0.585927111700428	NA	NA	0.820525254872748	0.433853725276537	0.191734308257076	0.4786337242151	NA	NA	NA	0.311013119622125	0.43249004885168
NA	NA	NA	NA	NA	NA	NA	NA	NA	NA	NA	NA	NA	NA	NA	NA	NA	NA	NA	NA	NA	NA	NA	NA	NA	NA	NA	NA	NA	NA	NA	1.00315454708345	NA	NA	0.781881657081901	0.855819275008745	NA	0.273324900470946	1.80651162831579	NA
NA	NA	NA	NA	NA	NA	NA	NA	NA	NA	NA	NA	NA	NA	NA	NA	NA	NA	NA	NA	NA	NA	NA	NA	NA	NA	NA	NA	NA	NA	NA	NA	NA	NA	NA	NA	NA	NA	NA	NA
NA	NA	NA	NA	0.913880011913062	NA	0.531781006948149	0.588593096231858	NA	NA	0.559833617846274	1.04254263903205	0.878066029997622	1.36593780173426	NA	NA	1.10645606187907	1.01709442103776	NA	0.715071361919675	0.591562216059873	NA	NA	0.58675586345573	0.475497778588074	NA	NA	0.301079979374044	NA	NA	NA	NA	NA	NA	NA	0.8232554460516	NA	0.321516422277218	0.340931824986689	0.316173736714125
NA	NA	NA	NA	NA	NA	NA	NA	NA	NA	NA	NA	NA	NA	NA	NA	NA	NA	NA	NA	NA	NA	NA	NA	NA	NA	NA	NA	NA	NA	NA	NA	NA	NA	NA	NA	NA	NA	NA	NA
1.77889439832477	1.90919206103422	1.7101434043543	NA	1.82465321332589	1.76899073190535	1.81899092406864	1.75492573126641	1.57195997607312	1.51058082869899	1.74784159501351	1.41794355322816	1.32551438546334	1.38853914617667	1.44394798265393	NA	1.32174404714774	1.42598017081961	NA	1.3195540270753	2.00918808215809	1.35682410442058	1.66334896573558	1.52324353928939	1.48264545324011	1.20014033723115	0.823421359160985	0.953390251589805	0.465211143313203	0.658782136749826	NA	1.069475563961	0.207745059552395	NA	0.623120682687255	0.971641967956757	NA	1.21505143937522	0.665677086950917	0.688924409808705
1.79851103009993	NA	NA	1.84981111237927	NA	NA	1.36653760998722	1.43024188211481	1.35887182806957	1.43461830183167	NA	1.60926089774206	NA	2.38821715485825	1.58247421494848	NA	NA	NA	NA	0.91889813821246	NA	1.10561316922256	0.58751737952879	NA	1.55283555544416	1.45461347434474	1.77019781835877	1.74391492276419	NA	NA	2.1096944381115	NA	1.91056354504784	1.0443254167088	1.00254400850062	NA	NA	2.0204107778835	0.550013768522374	NA
2.5489430049639	NA	NA	NA	NA	NA	NA	2.99650600239559	NA	NA	NA	NA	NA	NA	NA	NA	NA	NA	NA	1.99501188965517	NA	NA	1.08259817451924	0.570555442300526	0.556432677430677	1.47114967355339	NA	NA	1.64623538703878	NA	1.83302082995829	0.849688317094461	NA	2.14092642472677	NA	1.30278885910413	NA	1.69710379878908	1.52220466727568	0.270008811898208
NA	NA	NA	NA	NA	NA	NA	NA	NA	NA	NA	NA	NA	NA	NA	NA	NA	NA	NA	NA	NA	NA	NA	NA	NA	NA	NA	NA	NA	NA	NA	NA	NA	NA	NA	NA	NA	NA	NA	NA
NA	NA	NA	NA	NA	1.86192385016344	NA	NA	NA	NA	NA	NA	NA	1.47968902943698	NA	NA	1.68829404072925	NA	NA	1.88670565449274	1.75254249034795	NA	NA	1.52768882958604	0.127934791691616	NA	1.07166002659142	1.19240421101003	NA	0.653286231114267	1.03848008792163	0.550292060775508	0.646700634592664	0.613514339786667	0.574592500889379	NA	NA	0.882075393228449	0.59786189471092	0.281884081109057
0.754571379541682	NA	1.66501155546816	1.54670137657074	NA	0.554330381391464	1.07451118346232	0.499105934998318	0.732548909282783	1.62617918739324	1.09485250404827	1.19454022657795	NA	0.380607286055847	NA	NA	0.375196063406817	NA	NA	0.663741251634895	0.683098067690165	0.38963977829139	0.821389014111504	0.529977568319897	NA	0.732483825146095	0.750450023550735	0.849931867009411	0.800337459615622	0.804440104311577	NA	0.661549407478858	0.793870422222818	NA	1.37195237678882	0.23660249204869	NA	NA	0.987168398389653	0.964711087439768
NA	1.84453161546213	2.1128667725144	1.73698453011082	1.91256918017924	1.59737015754187	1.4297116719249	NA	NA	NA	1.79037430171599	1.69936313209393	NA	NA	2.29466170538222	NA	1.49367488903902	1.70631168562413	1.46900843453475	1.31889011036045	0.98674784377371	0.893917545027669	0.651639734055445	0.598127151306851	0.489249057570297	NA	NA	0.582372433626928	0.548558915669996	0.288058623596747	0.416759584404097	NA	1.00761088497758	NA	NA	0.245285916705134	NA	NA	NA	NA
NA	NA	NA	NA	NA	NA	NA	NA	NA	NA	NA	NA	NA	NA	NA	NA	NA	NA	NA	NA	NA	NA	NA	NA	NA	NA	NA	NA	NA	NA	NA	NA	NA	NA	NA	NA	NA	NA	NA	NA
0.876458497751684	NA	1.13754735109404	0.72030041077009	0.707076824303162	1.64544823212757	0.704104055862438	1.51253304944669	0.910550787890361	1.58896130870638	2.13496008225043	2.03017029390027	2.49983474424252	NA	2.2431321335047	NA	NA	1.4461479521305	NA	NA	1.50594421646835	1.45644429672766	1.02447602068993	0.100511315216616	0.0991156539981793	1.07245105277658	0.400734747203756	0.955144708394374	0.272261145324129	0.379734320970777	NA	NA	NA	0.952816177569985	NA	NA	NA	0.684002072219307	0.609548088010419	0.729762592025543
NA	NA	NA	NA	NA	NA	NA	NA	NA	NA	NA	NA	NA	1.17099907442844	NA	NA	NA	NA	NA	NA	1.84073574760822	NA	NA	NA	1.07856760291609	NA	NA	0.902436323323395	NA	NA	NA	NA	0.649721250923021	1.43088400743382	NA	NA	NA	NA	0.282063313032295	NA
NA	NA	NA	NA	NA	NA	NA	1.07573989857211	1.43268262990487	1.17774036040481	NA	0.219597914643534	NA	NA	0.35003003548669	NA	NA	NA	NA	1.01178659122604	0.940711262980159	NA	0.534960780305672	0.240726263535283	NA	NA	NA	NA	NA	NA	NA	0.257955411018258	0.242465565563335	0.570057607970144	NA	0.842576082356333	NA	0.936428245068838	0.283728125431894	1.78303989108744
NA	NA	NA	NA	NA	1.69649515376074	NA	NA	NA	1.99236520528669	NA	NA	NA	1.74992152035837	NA	NA	1.47527459542776	1.93673841124461	NA	NA	NA	NA	NA	NA	NA	NA	NA	NA	NA	NA	0.947146167950005	NA	NA	0.783628137108806	0.501982463089533	NA	NA	0.204790983473195	0.289969520925099	0.667788259322575
0.424501706135945	0.487112340887672	NA	0.384142578225045	0.265675687320702	NA	NA	1.25989675256117	0.826438467535321	0.645213674025285	0.883524084920905	0.606693180253807	NA	NA	0.591053908114199	0.891205833763975	0.65108566501036	0.490870168675615	0.49913909060895	0.752944854119008	1.28476441258972	0.890757519046293	0.912937402073007	NA	NA	0.69199965844299	0.380394540941871	0.206203894213011	0.505098604082504	0.640229445969166	0.521242171318429	0.480010327753306	0.685047883407419	0.887246429978253	0.68712658755869	0.826244237318566	NA	0.365567824896039	1.05865122750925	0.471898018022416
NA	1.79422514430803	NA	NA	1.49690994838794	1.62511522901132	1.47992038435642	1.58039333246772	1.54353259417018	1.62970934971943	1.46411738075736	1.62542454631047	1.5934271494405	NA	NA	NA	1.64299644147379	1.36613574919741	1.39033688620596	1.73326625351515	1.44574038642505	1.33928437871749	1.56384480958573	NA	1.31506146455222	1.30917832274684	1.2200654952612	1.77354076027485	0.522925467378716	NA	0.306177128987927	0.28153440760648	0.176681779978123	0.379949157028352	0.533549686467727	0.411897730508669	NA	1.92598245326005	0.353533987878284	0.522153198590085
0.679078243071508	1.77303063298462	0.625548107105252	0.955764212419127	1.84530686437801	1.90667255064287	1.46854659987688	1.34870897330665	0.96660447127766	NA	1.04517312075719	1.040363794048	1.10467585301547	1.52548252234557	1.92051912720485	1.0473876799568	0.66058654775468	1.09948331509832	NA	NA	1.50704578949394	1.01144400173622	1.65784079683346	1.22977034124135	1.33701282655254	0.625218567996719	1.27792939136604	NA	0.887591884023198	0.527401460106112	0.9879224936105	1.34255800582218	1.57517472970062	NA	NA	0.953140074073178	NA	1.61954090588585	1.72054777428806	0.584607649561435
NA	0.50790688180198	NA	1.17503789705916	1.84264995101269	NA	NA	0.584801942022449	1.27227455497088	1.74365983449074	1.63496738661226	NA	1.89963911682239	1.47701501842972	0.81237681717882	0.968750012247156	NA	1.04058196301763	NA	0.54482986161618	1.38547728310491	0.785124305013525	1.91466205806568	1.40801975289146	1.54259709153468	1.23067447145132	NA	NA	1.63809371518903	1.54117237351459	1.16291079499843	1.59489487303834	1.20535862744519	1.97880299723028	0.951943167872335	1.58677671677082	NA	NA	1.07469902128084	0.830976567614216
NA	NA	1.42308164854395	NA	1.36105676525119	1.06404934817089	0.57747152501848	NA	0.517214335988236	0.89016476171583	0.642898966430888	0.776326771969949	1.05652098224893	1.08955562287932	0.806977676811863	1.2414858515913	NA	0.815789238940734	NA	0.431108133477999	0.637813852112663	0.826657408558637	1.01212965808181	0.952660794439563	1.11393504874783	0.464954133505587	NA	0.815640413527019	1.2773537115398	0.746975281378063	0.977491669429443	NA	NA	0.995926640111451	0.934309694674052	1.30434544041482	NA	1.14835077762595	NA	1.40447724063784
2.51287732822377	2.63242017672345	2.22327455031377	NA	2.92825769383886	NA	NA	2.04123438860382	NA	NA	NA	NA	NA	NA	2.40094225052992	NA	2.00168061941826	2.06213314518567	NA	NA	1.87747963765672	2.102200958297	NA	2.14075307482048	2.16836859987894	2.35449639603929	2.03974276982093	NA	1.97565359153748	NA	1.99837865547403	2.10826622695665	NA	2.53400301873717	2.1625805157585	1.92499639393581	NA	NA	NA	NA
2.19838202629929	1.26206661332258	1.0555021362385	NA	1.41761018591277	NA	2.06635349795896	NA	NA	NA	0.66394850799318	NA	NA	NA	NA	NA	NA	NA	NA	0.89738653958663	0.649652068212685	0.262943333474179	0.570872262802863	NA	0.680974440712771	0.696334411203404	0.367987954349044	0.580250660506589	NA	NA	NA	NA	0.290537805245336	0.274941308500953	0.0977075482622201	NA	NA	NA	0.467710117266926	2.03768712041072
NA	NA	1.21159835621209	0.866948735034441	0.989473628123021	0.603488934245225	0.186382401235059	0.427003191280331	0.248697163288218	0.633130182039315	0.63322703601823	0.692065782150859	0.439458645581729	0.554925187893874	0.187767259094625	NA	0.817774272521404	0.522956391870553	NA	0.225449763606009	0.354562517761462	0.58552821640639	0.384480600927468	0.213229751282813	0.911362111972648	1.32771178810291	0.346621904062714	1.17941894874905	0.504233319582519	0.616572606567234	1.79847193709215	1.0795012303909	0.88898540938276	0.804098050669226	0.570952289948456	0.427461914936464	NA	0.286147921956464	0.476984818734476	0.409263568604255
NA	NA	NA	NA	NA	NA	NA	NA	NA	NA	NA	NA	NA	NA	NA	NA	NA	NA	NA	NA	NA	NA	NA	NA	NA	NA	NA	NA	NA	NA	NA	NA	NA	NA	NA	NA	NA	NA	NA	NA
NA	NA	NA	NA	NA	NA	NA	NA	NA	NA	NA	NA	NA	NA	NA	NA	NA	NA	NA	NA	NA	NA	NA	NA	NA	NA	NA	NA	NA	NA	NA	NA	NA	NA	NA	NA	NA	NA	NA	NA
NA	NA	NA	NA	NA	NA	NA	NA	NA	NA	NA	NA	NA	NA	NA	NA	NA	NA	NA	NA	NA	NA	NA	NA	NA	NA	NA	NA	NA	NA	NA	NA	NA	NA	NA	NA	NA	NA	NA	NA
1.7369990603494	NA	1.56949248480932	NA	1.80332882634962	1.94145623364182	1.86397730775702	1.71987926693217	NA	NA	1.76848899342731	1.6123470507675	NA	1.32764273185665	1.38853901049069	NA	NA	1.6186997966023	NA	NA	2.19283274487701	NA	1.35970760202408	2.18238858564861	1.77309297576346	NA	NA	NA	NA	2.79351963911254	NA	0.931128565347328	1.24178192791184	0.473299129721461	NA	NA	NA	0.337025309478308	0.165237508490939	NA
NA	NA	NA	NA	NA	0.666261838374518	NA	NA	NA	NA	NA	NA	NA	0.860431651078179	NA	NA	1.27615631255681	0.913943374817378	NA	NA	0.691335902971768	0.383388777648275	NA	NA	NA	NA	NA	0.843984904154049	NA	NA	NA	NA	NA	NA	NA	NA	NA	0.198524955315917	0.377509561164981	NA
1.44804556690773	1.4141576573258	1.11779231128758	1.22211076782136	0.631424497103812	NA	NA	1.57034149984026	1.46020294542378	1.68417928555605	NA	2.40467060280323	NA	1.82030033935048	1.83816307943431	NA	1.82221847657353	NA	1.57704245589577	NA	2.19150904483356	1.0441277649641	1.79824234682183	0.309973941864801	0.23029738175903	NA	2.18532538249324	0.221957508887972	NA	0.67275330144334	0.583719124513329	0.172010063864715	0.328183644966708	NA	0.361640827617771	NA	NA	NA	0.53894119046395	0.115454349935264
NA	NA	NA	NA	NA	0.994093616143712	NA	1.48962125689056	1.39290836920749	NA	1.31122407010169	1.5335543868119	NA	1.40644676427874	1.39847168778118	1.87595781877658	1.58873597719727	1.45226577850864	NA	1.32291032501928	1.24963991869506	1.22875047576947	0.998390683450674	NA	NA	NA	1.32922605833711	NA	NA	0.808611910766625	NA	1.32213206916074	NA	1.0296987439421	1.62865174377082	NA	NA	0.322166376614265	0.65485518634396	0.624599894113886
NA	2.08043906637446	2.72435224403055	1.7391344962939	NA	1.1337173534239	0.690446231497966	1.14521250553416	1.28804697803512	0.916748063640078	0.889980140853892	0.816460332722094	0.878376652589273	1.22857840981075	0.714237839424841	NA	NA	1.34826765866022	1.6501417623767	NA	2.15903006990539	1.6741849787536	1.17314548416432	1.11870677313694	NA	1.02553512386912	NA	NA	1.01924450817379	NA	NA	NA	0.600472183757425	0.538930490372822	1.95256548754562	0.977215096813725	NA	0.231937072209434	0.342990599673553	0.670098826805169
NA	NA	NA	NA	NA	NA	NA	NA	NA	NA	NA	NA	NA	NA	NA	NA	NA	NA	NA	NA	NA	NA	NA	NA	NA	NA	NA	NA	NA	NA	NA	NA	NA	NA	NA	NA	NA	NA	NA	NA
2.02978493222142	2.05773121460577	1.76665423834593	2.00270256408151	2.1654546128429	2.09980947293291	2.12051618609915	1.20546717374354	2.86931484518629	2.09831889098838	1.88256946837761	1.88247807913394	1.95243269266273	2.22290084475128	2.06444178997493	2.24573655363764	1.11587861455131	2.14573020621495	0.717004445892383	NA	1.83820923539211	1.43887463195345	1.82570396747418	NA	NA	2.41445846943932	NA	2.06782212033822	0.764712253825008	1.18656287428667	2.3543431175322	0.516663712149351	0.74032443940866	1.76794530390953	1.24988702703174	0.511939590406635	NA	NA	NA	NA
NA	0.435242283070849	0.341078459500602	0.306138028846453	0.371794888510041	0.701175724775258	0.75946321988286	1.06051563212309	1.05648705590347	0.909583903174113	0.720489333134946	NA	0.521359596102724	NA	0.41076502781479	NA	0.263675989146005	NA	NA	0.565237771555016	0.567114456711718	0.53830097954697	0.496542140928555	NA	0.699013836703703	NA	NA	0.615129703010302	1.27729566590542	1.15077436834184	NA	1.24052852820556	1.54389913738323	1.14654492778282	1.72873079376662	0.476680163205793	NA	0.751423559231592	NA	NA
NA	NA	NA	NA	NA	NA	NA	NA	NA	NA	NA	NA	NA	NA	NA	NA	NA	NA	NA	NA	NA	NA	NA	NA	NA	NA	NA	NA	NA	NA	NA	NA	NA	NA	NA	NA	NA	NA	NA	NA
NA	NA	NA	NA	1.40621623127276	1.50444808955881	NA	NA	1.40855433218405	1.67247545894528	1.4551208853645	1.5197540263528	NA	NA	1.53636100758952	NA	NA	NA	NA	1.13738803888888	1.12075768668219	1.29636764517943	0.91880195839086	1.40241731469076	0.926864192136359	1.03380040451507	NA	NA	1.0540933183839	NA	0.7964353699563	0.856589368055412	NA	0.948226389055599	0.970810662066981	0.872305362747273	NA	NA	NA	NA
0.832774285502983	NA	1.19926045698682	1.22405341272638	1.51011522217566	1.19449446383782	NA	1.20595765515309	NA	1.00709047873095	0.886147192903281	1.15130619801439	NA	NA	1.83582415826819	NA	NA	NA	NA	NA	1.04037931165444	1.1195452883971	1.54137883761956	0.56992424847008	0.994581856403267	0.860186359265637	0.926106514698142	0.645950827647058	1.24777601633632	0.286175870651653	1.32605486827098	NA	0.72878223713764	NA	0.114533254141903	1.36088560000817	NA	0.505103236810676	0.626735010174189	1.50125152904646
NA	NA	NA	2.64809857465914	1.33426631011008	2.21410321622301	NA	2.57751564674474	1.47899728175018	NA	NA	NA	NA	NA	NA	NA	1.90995923537289	2.36307628602847	NA	NA	1.49008664206936	1.33169161466445	0.965034459456329	0.950984016669853	1.24445627873823	NA	0.473126318129721	NA	NA	NA	2.67940682735127	NA	NA	NA	0.606098446296228	NA	NA	0.684201633830379	0.820851953796147	1.19021659160278
NA	0.818425692121005	NA	1.65448479629447	NA	NA	1.61710883746231	1.37301857186155	1.39662689067827	NA	1.38842142827755	1.64537335647661	1.67903244901002	1.58612187318677	1.04171131871943	NA	NA	1.17829000433835	1.09699277055057	NA	1.18096078941558	1.1126281486332	NA	NA	1.87653135788557	NA	NA	NA	NA	NA	NA	NA	NA	0.733071773228591	NA	NA	NA	0.232756488949683	0.619434218064019	NA
NA	NA	NA	NA	NA	NA	NA	NA	NA	NA	NA	NA	NA	NA	NA	NA	NA	NA	NA	NA	NA	NA	NA	NA	NA	NA	NA	NA	NA	NA	NA	NA	NA	NA	NA	NA	NA	NA	NA	NA
NA	NA	0.986920520045293	0.733603519619348	1.28183846559419	NA	1.65249499674559	1.2202425340506	0.499057419761571	1.16757427322457	0.808126513088403	1.23102723260443	1.17850779792276	1.06041569130722	1.44006858649953	NA	0.38356257481481	1.29310441576285	NA	0.368202983685289	0.688600025309639	NA	NA	0.688040533392752	0.423110279863802	0.254270698055406	2.03408100294464	0.33518907393098	0.605114187868832	NA	0.707143265845054	0.706605545959358	0.529001922003836	NA	0.830989522922851	1.27882265599617	NA	0.659270549797469	0.381351133114749	1.49913859689273
0.79846300564884	NA	NA	NA	1.19748599133979	0.922815908751423	1.0409267275405	1.13003774933363	NA	NA	1.0537442941325	NA	NA	0.440927107610547	0.996548397329653	NA	NA	NA	NA	0.804372329351979	NA	1.24606855121232	0.460515739789354	0.615987916093739	0.564641426967693	NA	0.613091251036605	0.894174497525525	NA	1.00418013918766	0.760515004145731	NA	0.245718731534954	0.247425567952639	NA	0.37019863825164	NA	NA	NA	0.983184060057898
NA	1.64571434299398	1.43876557834686	NA	1.02156915118072	0.942308462060707	NA	NA	NA	1.57964080045554	NA	0.461560999740235	NA	0.396092899496927	0.846868840067961	NA	NA	0.903089759313895	NA	0.512098487051975	1.10888271079314	NA	0.750848563125385	NA	0.994335863649525	NA	NA	NA	NA	NA	NA	NA	NA	0.619784182089332	NA	NA	NA	NA	0.576596517985469	NA
NA	NA	NA	NA	NA	NA	NA	NA	NA	NA	NA	NA	NA	NA	NA	NA	NA	NA	NA	NA	NA	NA	NA	NA	NA	NA	NA	NA	NA	NA	NA	NA	NA	NA	NA	NA	NA	NA	NA	NA
NA	NA	2.37298362714848	2.69868125601125	NA	NA	NA	NA	1.37112669621389	0.470582092869627	NA	NA	0.670378855376344	NA	1.59714902083598	NA	2.02459620956627	NA	2.34795787941873	1.97148331670899	0.667635344008988	1.23398814523272	1.4352842169755	1.90341487280609	NA	NA	NA	1.58273555628429	NA	1.65530196338733	NA	NA	NA	NA	NA	1.57734063576781	NA	NA	0.41030395920369	NA
NA	2.77990961338478	NA	NA	NA	NA	1.38425350410893	1.44019172607799	1.23072193450294	1.44544037074395	NA	1.88382721972417	NA	1.39985024500418	1.23429403497522	NA	1.28331146980972	NA	NA	1.30006555054849	1.33047192924652	NA	NA	NA	1.23435472787862	NA	NA	1.22177621623508	NA	0.924315778362089	NA	NA	0.893682294092181	NA	0.847943505005163	NA	NA	0.541230049659865	0.385462702956225	NA
NA	1.17020821554868	NA	NA	NA	0.977251507199244	NA	NA	NA	NA	NA	NA	NA	1.51601156465284	NA	NA	NA	NA	1.08208421894314	NA	NA	0.394281627864899	0.398802932874665	NA	NA	0.696896623847558	NA	NA	NA	0.720784918297344	NA	NA	1.11258065348737	NA	0.211306958659388	NA	NA	NA	0.409552948474577	1.1074587543746
NA	NA	NA	1.13640960641021	NA	NA	NA	1.75142071469691	1.50262873476074	NA	NA	0.966930782286423	NA	0.281385235114497	NA	NA	1.3355222772248	0.743466161436876	NA	0.796097158563176	0.226250125057307	0.880460594523084	NA	0.300735090326625	NA	NA	0.655772846339665	1.21758279879394	NA	NA	NA	NA	0.736537358368374	NA	NA	0.406663695414136	NA	0.983587450559	0.810675258438344	0.766706321670988
NA	2.15907533740897	NA	NA	NA	1.1539199177236	1.44754571206027	1.06200038604432	NA	NA	1.76764004013272	1.53454369312426	1.00513705559474	0.781920735444357	1.14688748625296	NA	0.55366762763051	NA	NA	0.955104345940759	1.04789954278939	0.457384632030368	0.903718242628207	0.758246640313949	0.667034048717291	NA	0.383733988639175	0.679753472656534	NA	0.622811655058713	NA	1.14141163593782	NA	NA	0.509586718078388	NA	NA	0.464663620508017	NA	NA
0.43535705304577	0.860351397826363	NA	NA	NA	0.720185096618834	NA	NA	NA	NA	NA	0.77604217951423	NA	0.463876543718172	0.433930731205465	NA	NA	0.198860396002865	NA	NA	NA	0.513125949091374	0.474731063314474	0.481961019279191	0.547374243964255	0.487866489350385	0.457384405463838	0.990166240301419	0.563692461645091	0.78835505926817	NA	NA	NA	NA	0.328113703376398	NA	NA	0.483299329581518	NA	0.411349762350355
NA	NA	1.0755881496126	NA	NA	NA	NA	NA	0.950502525528	NA	NA	NA	NA	NA	NA	NA	NA	NA	NA	NA	NA	NA	NA	NA	NA	0.397091884498501	NA	NA	0.41681509787853	NA	NA	0.793907695151295	NA	NA	0.818969202086513	NA	NA	0.615663801470062	NA	NA
NA	NA	0.556925126961466	NA	NA	NA	0.546760253943088	NA	NA	1.49464795289738	1.63057592180379	1.50172384419207	NA	1.60141938489947	1.46576560620136	NA	NA	1.81934259895926	NA	NA	NA	0.771629444007326	1.97771699088523	NA	1.16016247002703	NA	NA	0.632205061023696	NA	NA	NA	NA	0.277881979343199	1.35894901759904	2.57026614300635	NA	NA	1.48554607909742	1.45543114252139	1.64747915619108
NA	NA	NA	NA	NA	NA	1.82773638724775	NA	NA	1.80684473636675	1.28884416182235	0.930778759819955	NA	NA	NA	NA	NA	NA	NA	NA	0.670366365107763	0.667757744729511	NA	NA	0.331890721698636	0.236316536681905	NA	0.622084549959807	NA	NA	NA	1.72855046820074	1.05899748878649	0.408574696055402	NA	0.344055477314169	NA	0.50363686407419	0.769311108932874	0.706394845789506
NA	NA	NA	NA	NA	1.34707280284038	NA	1.8262700935779	NA	NA	1.47046214564217	1.63644281731154	NA	1.82779290380791	NA	NA	2.21591476582919	2.12354041768058	NA	1.595705701282	NA	1.60292073999938	1.52624885458566	NA	1.16930056812212	1.34603763558442	1.36496323059073	NA	1.7926444149574	1.38543304423392	NA	0.71189377506653	1.32719316577362	NA	0.530253850081633	NA	NA	0.46731672295148	0.484493186557199	0.441384204720746
NA	NA	NA	NA	NA	NA	NA	NA	NA	NA	NA	NA	NA	NA	NA	NA	NA	NA	NA	NA	NA	NA	NA	NA	NA	NA	NA	NA	NA	NA	NA	NA	NA	NA	NA	NA	NA	NA	NA	NA
1.38663861033955	NA	1.38726750223652	NA	NA	NA	NA	1.15478189714164	0.268257557452352	NA	0.720051439152049	NA	NA	0.885350738227149	0.946689825960923	NA	NA	0.894024182904821	0.615821408155944	NA	1.15855175101751	0.163654931999206	0.703780528337529	0.526900388464581	NA	NA	0.620719743664198	0.78435772037552	0.600980293123785	0.627689708007697	0.210252700803593	0.846447317814183	0.242853826458674	0.179501800380268	0.378167092097399	0.633489772950351	NA	0.185139755710499	NA	0.0930158778826182
NA	NA	NA	NA	NA	NA	NA	NA	NA	NA	NA	NA	NA	NA	NA	NA	NA	NA	NA	NA	NA	NA	NA	NA	NA	NA	NA	NA	NA	NA	NA	NA	NA	NA	NA	NA	NA	NA	NA	NA
0.778838852551245	NA	NA	NA	NA	NA	NA	NA	NA	0.886898715494755	NA	NA	NA	NA	NA	NA	1.02986113942761	NA	NA	0.924193117153469	0.453044824325854	NA	NA	0.479450897147024	NA	NA	NA	NA	0.183246123424902	NA	NA	NA	0.34033302312281	0.326048563943259	NA	NA	NA	NA	NA	NA
NA	NA	NA	NA	NA	NA	NA	NA	NA	NA	NA	NA	NA	NA	NA	NA	NA	NA	NA	NA	NA	NA	NA	NA	NA	NA	NA	NA	NA	NA	NA	NA	NA	NA	NA	NA	NA	NA	NA	NA
NA	NA	NA	NA	NA	NA	NA	NA	NA	NA	NA	NA	NA	NA	NA	NA	NA	NA	NA	NA	NA	NA	NA	NA	NA	NA	NA	NA	NA	NA	NA	NA	NA	NA	NA	NA	NA	NA	NA	NA
NA	NA	NA	NA	NA	NA	NA	NA	NA	NA	NA	NA	NA	NA	NA	NA	NA	NA	NA	NA	NA	NA	NA	NA	NA	NA	NA	NA	NA	NA	NA	NA	NA	NA	NA	NA	NA	NA	NA	NA
NA	NA	NA	NA	NA	NA	NA	NA	NA	NA	NA	NA	NA	NA	NA	1.3010201732384	1.49888848073449	1.57511459920012	1.33793654515561	1.436125249404	NA	NA	NA	0.393954889875782	NA	NA	NA	NA	NA	NA	0.720297036048888	1.07973376321601	NA	NA	NA	NA	NA	0.529153267026775	0.633727403798709	NA
NA	NA	1.20617429205554	NA	NA	NA	NA	NA	NA	NA	NA	1.77889843715505	0.688202855225506	0.831451980917091	1.25326478050862	NA	1.71068588009362	NA	NA	NA	0.675423433152369	NA	1.9654208706939	1.38209639471661	1.87259268954435	NA	NA	NA	NA	NA	2.16252474231266	NA	NA	1.80253824376624	1.90230824978721	NA	NA	0.511731579356914	0.533772363535038	0.46722384590636
NA	NA	NA	NA	NA	NA	NA	NA	NA	NA	NA	NA	NA	NA	NA	NA	NA	NA	NA	NA	NA	NA	NA	NA	NA	NA	NA	NA	NA	NA	NA	NA	NA	NA	NA	NA	NA	NA	NA	NA
1.74560278623437	1.53910893347782	1.45792706981302	1.83484766341178	1.7872082999807	1.41309494218139	NA	NA	NA	1.1001636970451	NA	NA	NA	1.59070632895803	1.74737846911138	NA	1.25000497691916	NA	NA	1.24938026958737	0.932433473494097	NA	1.22257006568166	NA	1.12182917186788	1.06230944963759	0.862168518482197	NA	NA	NA	NA	0.958716614779396	0.766210400478049	NA	0.890452032421441	NA	NA	0.536904092816764	0.479422522760663	1.15072331629149
NA	NA	NA	0.489874315277195	NA	NA	NA	NA	1.61530363860031	NA	NA	1.60121676334992	1.0378309731192	1.3228947943941	1.78937908721823	NA	1.05906438153363	0.85207388603613	NA	NA	1.008477618183	1.43695497689101	0.95043130298956	1.09690185216599	NA	0.82025550583742	0.914188978474649	1.81498635966999	0.66348822706906	1.46029254893257	1.28142899292648	1.66117338721915	1.6944726081031	0.475206647464899	NA	0.371053247449533	NA	0.805994158457195	0.977780211934295	0.841780904514309
NA	NA	NA	NA	NA	NA	NA	NA	NA	NA	NA	NA	NA	NA	NA	NA	NA	NA	NA	NA	NA	NA	NA	NA	NA	NA	NA	NA	NA	NA	NA	NA	NA	NA	NA	NA	NA	NA	NA	NA
NA	NA	NA	NA	NA	NA	NA	NA	NA	NA	NA	NA	NA	NA	NA	NA	NA	NA	NA	NA	NA	NA	NA	NA	NA	NA	NA	NA	NA	NA	NA	NA	NA	NA	NA	NA	NA	NA	NA	NA
2.67969706788695	1.65596702562637	1.49382864795225	NA	NA	NA	2.32184467550249	2.03938740282953	1.94505570843773	NA	NA	1.50099185051212	1.83200534019572	NA	1.83532153631791	NA	1.44997987559514	NA	1.62367211064053	NA	1.12687379083383	NA	1.74600267401601	NA	1.78620826350693	1.39722757714854	1.03237796484881	NA	0.833930119691657	NA	NA	NA	NA	0.795206861685561	NA	0.559505231437177	NA	NA	0.311075793569664	NA
1.31281432698444	NA	NA	NA	NA	NA	1.7078088029533	NA	1.9046644709381	1.83192758186522	2.17445221881006	NA	1.87295657730744	1.75499188738231	NA	NA	NA	2.24707284033295	NA	1.49104268277046	2.43663980436833	NA	1.83020875650057	1.63139134382902	NA	NA	NA	NA	1.2641596508616	NA	NA	NA	NA	NA	1.15635489463924	0.803913579470592	NA	0.891031727258169	0.82695285922834	1.18391218320015
NA	NA	NA	NA	NA	NA	NA	NA	NA	NA	NA	NA	NA	NA	NA	NA	NA	NA	NA	NA	NA	NA	NA	NA	NA	NA	NA	NA	NA	NA	NA	NA	NA	NA	NA	NA	NA	NA	NA	NA
NA	NA	NA	NA	NA	NA	NA	NA	NA	NA	NA	NA	NA	NA	NA	NA	NA	NA	NA	NA	NA	NA	NA	NA	NA	NA	NA	NA	NA	NA	NA	NA	NA	NA	NA	NA	NA	NA	NA	NA
NA	NA	NA	NA	NA	NA	NA	NA	NA	NA	NA	NA	NA	NA	NA	NA	NA	NA	NA	NA	NA	NA	NA	NA	NA	NA	NA	NA	NA	NA	NA	NA	NA	NA	NA	NA	NA	NA	NA	NA
1.23263857399738	NA	NA	0.744289355684228	NA	0.792897198640754	0.817912226219316	NA	0.733750928457471	0.907014070094218	NA	0.964458486161749	NA	0.782791041244534	0.878139770521429	NA	0.978478047684736	0.67795687941401	1.09448586121972	1.01319502804475	NA	1.14109186136333	1.35788501312127	NA	0.932306068349049	1.1525854584277	0.99424225297525	0.86036828773138	0.76151349851395	1.00616424099599	NA	NA	0.670001709995393	0.26598168539129	0.448694791044097	0.44615091585773	NA	0.403978542540851	0.582140880010285	1.28874678939038
NA	NA	NA	0.711736718244251	NA	NA	NA	0.860371901060871	0.684103668577043	NA	1.58828645749735	1.75913239932279	NA	NA	1.40626041635089	NA	1.38540837765234	1.31442445215804	NA	NA	0.674536333326801	0.39816808209291	NA	0.410371040462261	0.483129575573059	NA	1.16274508605367	NA	0.873158382682071	NA	2.15776354836947	2.07631276238574	NA	NA	0.633286655804794	0.591078008900941	NA	0.154592966268215	NA	0.659490047885021
NA	NA	NA	NA	NA	NA	NA	NA	NA	NA	NA	NA	NA	NA	NA	NA	NA	NA	NA	NA	NA	NA	NA	NA	NA	NA	NA	NA	NA	NA	NA	NA	NA	NA	NA	NA	NA	NA	NA	NA
NA	NA	NA	NA	NA	NA	NA	NA	NA	1.27661291979741	NA	NA	NA	NA	NA	NA	1.55123183680082	NA	NA	1.22727850163154	NA	1.67756179224549	1.35889047968715	1.41146050839428	NA	1.34409847562852	NA	1.44728367826996	NA	1.6584480302326	NA	1.97511114794626	NA	1.78519217474485	1.83892605276498	1.83759724407933	NA	NA	0.16088253991575	NA
NA	NA	NA	NA	NA	NA	NA	NA	NA	NA	NA	NA	NA	NA	NA	NA	NA	NA	NA	NA	NA	NA	NA	NA	NA	NA	NA	NA	NA	NA	NA	NA	NA	NA	NA	NA	NA	NA	NA	NA
0.960432414000149	0.895095684759657	NA	1.53715591338918	0.779763967452819	0.957092724218308	1.23324856176061	1.35734503016778	1.84603351071747	0.977710866189805	0.689374433253927	NA	1.05846765213427	0.848979978823259	0.961186634386218	1.25532087983423	0.746207590975315	0.363988002385023	0.46082612022231	0.767745136391758	1.009208519428	0.719270833047463	NA	1.29272642031948	1.23225588928507	2.11596917451683	1.90006212936256	1.31986952782281	1.4157420142357	1.91697583876848	1.69800250294926	NA	NA	NA	NA	NA	NA	0.395127415610611	0.871854906995082	NA
NA	NA	NA	NA	NA	NA	NA	NA	NA	NA	NA	NA	NA	NA	NA	NA	NA	NA	NA	NA	NA	NA	NA	NA	NA	NA	NA	NA	NA	NA	NA	NA	NA	NA	NA	NA	NA	NA	NA	NA
NA	NA	NA	NA	NA	NA	NA	NA	NA	NA	NA	NA	NA	NA	NA	NA	NA	NA	NA	NA	NA	NA	NA	NA	NA	NA	NA	NA	NA	NA	NA	NA	NA	NA	NA	NA	NA	NA	NA	NA
NA	0.948226530291308	NA	NA	NA	1.09777383005171	1.27311535198334	1.20544453406799	1.41362276474874	1.67881106082758	1.39467044525933	1.88722458461589	1.53141219603377	NA	1.54880555321825	NA	1.65745437090144	1.65822654059316	NA	1.0842294231956	NA	0.184783733914448	NA	NA	0.955894617348173	NA	NA	NA	NA	NA	NA	NA	NA	NA	0.311521188136315	NA	NA	0.405333758461013	NA	NA
NA	NA	NA	NA	NA	NA	NA	NA	NA	NA	NA	NA	NA	NA	NA	NA	NA	NA	NA	NA	NA	NA	NA	NA	NA	NA	NA	NA	NA	NA	NA	NA	NA	NA	NA	NA	NA	NA	NA	NA
NA	NA	NA	NA	NA	NA	NA	NA	NA	NA	NA	NA	NA	NA	NA	NA	NA	NA	NA	NA	NA	NA	NA	NA	NA	NA	NA	NA	NA	NA	NA	NA	NA	NA	NA	NA	NA	NA	NA	NA
0.934975894819515	1.65719189640239	1.31569591595442	1.13513876699121	1.17500491566738	1.0180704152125	1.1567622216946	NA	1.38930709426848	1.99546797052298	NA	NA	NA	NA	1.16924799079929	1.87343291764913	1.02025652986232	1.10987132829835	NA	NA	1.07404668868021	0.944674274987878	0.44634457767358	0.471807749194245	NA	0.657024278601993	NA	2.20988783201283	NA	NA	NA	NA	NA	NA	NA	NA	NA	0.581760816383872	0.385225573951579	NA
NA	NA	NA	NA	NA	NA	NA	NA	NA	NA	NA	NA	NA	NA	NA	NA	NA	NA	NA	NA	NA	NA	NA	NA	NA	NA	NA	NA	NA	NA	NA	NA	NA	NA	NA	NA	NA	NA	NA	NA
1.05239850405564	NA	NA	0.523634430922732	NA	0.817061325842393	1.17159760650244	1.81886075739725	1.14947935014382	1.40495849938747	1.11615236394903	1.66583926338553	NA	1.19082111115209	1.52927897118419	0.576767096864693	1.69900571837231	1.71075160036352	NA	0.966163054015321	0.912939542875559	0.558888139602459	NA	0.592145711209776	0.627231437639036	0.263143058170346	NA	0.531817164313931	0.556430230708902	0.662826829826722	NA	NA	0.115761403194719	0.28626503892693	0.583213007219904	0.458460991962856	NA	0.334032234680807	0.475895093403636	0.651842066453878
1.29682122024241	1.37857583675112	1.27782743611672	NA	NA	1.53592058045824	NA	NA	1.43559255534222	NA	NA	1.34435467073624	1.55014090943732	1.3060807550503	1.02525137726865	0.957500259517708	0.764955856961294	1.0698131940262	0.71727968074516	NA	1.88477398712393	1.64918764611873	1.91378082348938	NA	1.55877215815965	1.080186401448	NA	1.21018762385235	0.991270111568305	NA	NA	NA	0.914231139014664	0.981418119712529	NA	0.986499410906059	NA	1.38810053226958	NA	1.15036502721403
NA	NA	NA	NA	NA	NA	NA	NA	NA	NA	NA	NA	NA	NA	NA	NA	NA	NA	NA	NA	NA	NA	NA	NA	NA	NA	NA	NA	NA	NA	NA	NA	NA	NA	NA	NA	NA	NA	NA	NA
NA	NA	NA	NA	NA	NA	NA	NA	NA	NA	NA	NA	NA	NA	NA	NA	NA	NA	NA	NA	NA	NA	NA	NA	NA	NA	NA	NA	NA	NA	NA	NA	NA	NA	NA	NA	NA	NA	NA	NA
NA	0.475126249812972	0.808504053405543	NA	0.478725584558275	0.349864341145981	0.50983028182463	0.636340332486322	0.617677358674702	NA	NA	0.993302260870937	0.909431155935098	0.848140103744368	NA	NA	0.626838404390134	0.499137612750304	NA	1.01569872658489	1.1018834718173	0.575391753619118	0.495887251487991	NA	NA	NA	0.948264664639134	1.57624663296781	1.56405645848153	0.691205256284777	1.46620027829938	1.42878220937364	0.385458465265076	1.6100534905592	0.459572798981774	NA	NA	NA	0.749797975053438	NA
NA	NA	0.95780540661381	NA	NA	NA	NA	NA	NA	NA	0.832777182755967	0.534735268540797	0.782977603393918	0.847494850008688	0.7865404168842	NA	0.937990494748325	1.0068973027364	1.16400138009397	NA	0.160044512926211	0.184273448754713	NA	0.140003595314935	0.388991864150404	0.206225618916152	0.512274255754526	0.547826280491765	0.294947272165476	0.334748719706511	NA	0.511869093599739	0.312199216214791	NA	NA	0.372108866139647	NA	0.349669759620744	0.313021081556376	NA
NA	0.812180865005448	1.41531983177126	NA	1.23964383095289	NA	0.90694654100523	NA	1.20517256817211	NA	1.10602454930478	1.16312980618989	NA	1.23733067098969	1.57015462518575	NA	NA	NA	0.834247869037375	0.775921342330855	0.805407572070272	NA	NA	1.44935446453999	NA	1.37358711065874	1.93234252294387	NA	1.19637688014797	1.36144238006158	NA	NA	NA	NA	NA	NA	NA	1.15021363692736	NA	NA
NA	NA	NA	NA	NA	NA	NA	NA	NA	NA	NA	NA	NA	NA	NA	NA	NA	NA	NA	NA	NA	NA	NA	NA	NA	NA	NA	NA	NA	NA	NA	NA	NA	NA	NA	NA	NA	NA	NA	NA
NA	NA	NA	NA	NA	NA	NA	NA	NA	NA	NA	NA	NA	NA	NA	NA	NA	NA	NA	NA	NA	NA	NA	NA	NA	NA	NA	NA	NA	NA	NA	NA	NA	NA	NA	NA	NA	NA	NA	NA
NA	NA	NA	NA	NA	NA	NA	NA	NA	NA	NA	NA	NA	NA	NA	NA	NA	NA	NA	NA	NA	NA	NA	NA	NA	NA	NA	NA	NA	NA	NA	NA	NA	NA	NA	NA	NA	NA	NA	NA
NA	0.903424702994776	0.916244226823299	NA	0.439646915178071	0.51027770819332	0.175925326659291	0.580457822869228	NA	1.15253378680884	0.278190482339197	0.269039756853317	0.409838929256699	0.460535650217718	0.290828129130871	0.457892283290442	0.412050585760762	0.220637684721366	0.696797992225399	0.37140220724454	0.384227446409284	NA	0.518537101528131	0.512830398034423	0.978831698182279	0.876419014354616	1.22010929659382	0.451510453005857	0.427472843098441	0.953620968562275	0.865804127572416	0.721948656927657	0.505978966263508	NA	0.516712549695619	0.444847663938193	NA	0.506190723279082	0.382893898383015	0.297139775189298
NA	0.63978185371828	NA	NA	0.407643748456529	0.71933196291456	0.510897222502081	0.611356118552284	0.472958228426255	0.719595490006141	0.779108165873898	NA	0.0838726365485188	0.391906497284483	0.418330601576059	NA	NA	0.356134703794081	NA	NA	0.65455572645129	NA	0.987432357223784	NA	NA	0.166792498285963	0.399116796909589	0.646890653408951	0.695673446047356	NA	NA	NA	0.543924198554516	0.32594734341079	0.216576390307457	NA	NA	0.508838333190906	0.182176211819927	NA
NA	0.192069671229167	NA	NA	NA	1.03098309257137	NA	NA	1.79560854801541	NA	NA	NA	1.18174817834213	1.38799977087935	NA	NA	NA	NA	0.261784780602098	0.197246326671703	0.31801889382307	NA	NA	NA	NA	NA	2.54342703606629	NA	NA	0.955809201730072	NA	NA	1.28660078717064	0.986544511987265	NA	1.29591510840794	NA	NA	0.654791434388355	NA
NA	NA	NA	NA	NA	NA	NA	NA	NA	NA	NA	NA	NA	NA	NA	NA	NA	NA	NA	NA	NA	NA	NA	NA	NA	NA	NA	NA	NA	NA	NA	NA	NA	NA	NA	NA	NA	NA	NA	NA
1.84452907271157	1.16684481932431	0.483788679025949	0.292026922958131	0.286061769856074	0.358398691747411	1.61224611406648	NA	NA	1.43438907032046	0.282249023475991	NA	NA	NA	NA	NA	0.523177414780645	0.665879040536942	0.456763347124007	NA	0.430839930303384	0.450011555392618	0.609543860220912	NA	NA	NA	NA	NA	NA	NA	NA	NA	0.449203075271144	0.127199907200012	0.293426193125806	NA	NA	NA	0.265170232480982	NA
0.351103497113693	NA	NA	NA	0.875834149314327	0.240444276807508	NA	0.86431589597669	0.344161544928698	NA	NA	0.860477087338591	NA	0.625039504083245	0.50217834830828	0.91727499494052	0.916693980032079	NA	NA	NA	1.01747786377577	NA	NA	0.822415629522629	1.18484797208851	NA	NA	NA	NA	0.297986656260635	0.297815382097777	0.51005296533179	NA	1.08768061732252	0.556996028548817	NA	NA	0.320854026151954	0.757254497996471	0.726076062770483
NA	1.70840398119081	0.962147487824348	0.926981773745985	0.926590880722631	0.792414512100846	1.13258546637622	NA	0.721899126719441	1.01108391482171	0.557477294225371	0.719069250028363	NA	0.975767017865457	1.08295173126889	0.802429633440671	1.12294303909672	1.16821166137423	1.08513722061904	1.12180025849252	0.619245880287304	NA	0.34959021530588	1.05992564403039	NA	NA	1.61514760444475	NA	NA	1.25436826400773	NA	0.231862390974788	NA	0.634460433515682	0.282677986672049	1.44631807298873	NA	0.486282409953685	NA	0.186508027675256
1.04008386685799	NA	NA	1.04034585267194	0.453655195839952	NA	1.43312551991888	1.33032597699868	1.28211901190905	1.32228553605563	1.02989778453074	0.891545621713776	0.827141886760158	0.359857823807956	0.14582486006299	0.268276094132984	NA	0.354527173315976	0.513733327151397	NA	1.53889689904178	0.935061643504838	0.70899239239352	NA	0.656870570861075	NA	NA	0.657763585409814	0.601953286100997	0.657017835556287	0.477560069276377	0.672703791252436	0.392435209389924	NA	0.44698402831049	1.95100335750469	NA	NA	0.362865047216942	0.441694382822037
NA	0.711733740975281	0.924172397859003	NA	NA	1.23905464092848	1.06686296038056	0.897654418825304	NA	NA	1.06537962390093	0.940062672864449	0.918088967691186	NA	NA	1.00514426607916	0.964988912177719	1.24947055576202	0.600472046598973	0.696658135376577	NA	0.383995317930656	NA	NA	0.419252960314999	NA	NA	NA	NA	0.344272516020841	NA	1.06455271533866	0.330602588413072	0.352797345631035	0.289283051093997	0.225577050455141	NA	NA	0.0465923078488768	NA
NA	NA	NA	NA	1.78250893977048	0.786483437050803	0.958261456475514	1.23763138417697	0.911328318149346	1.07436101878106	NA	1.48074464545659	NA	1.45389940442648	NA	NA	1.87809817207285	1.2517457791984	0.541378173374836	1.18211584167809	NA	1.50820540992711	NA	2.07368444017339	2.02551207403262	NA	1.50679977865226	NA	NA	1.00091849668106	NA	NA	NA	0.986767319432624	0.817883742225535	NA	NA	NA	0.979989501656409	0.803887343816325
0.780445835070166	0.513970967377681	0.29589661113287	0.390208993921764	0.307660345033586	0.285867399402108	0.705749625929218	NA	0.913179178877754	0.95641423911233	0.880185983479373	NA	0.627867853767634	1.39304562917948	1.30104561526354	NA	1.06691745340504	1.51318819140291	1.04807999992911	NA	0.61938933140257	1.22712062733116	NA	NA	NA	NA	NA	NA	NA	NA	1.04674765046722	1.13986369921421	0.624347478774889	0.891581804074314	1.0315419265976	0.85184449869361	NA	NA	0.748653923244297	NA
1.15187622723371	NA	0.388479389980164	NA	NA	0.607029123422322	0.408336600853103	NA	NA	0.794131163453644	0.706537462196707	NA	0.820874579973515	0.722114839855115	NA	NA	0.477234620548708	NA	NA	0.436788667396464	NA	0.932418291420755	NA	NA	NA	NA	1.42833456530842	NA	NA	0.396509050572068	NA	NA	0.535145016050354	0.777628742680591	NA	NA	NA	0.177027420148729	0.320337423288786	NA
NA	0.972835863620222	0.19833061964179	2.02832856438693	0.44594806659257	NA	0.641981871074446	0.558425030464385	0.504705290699588	NA	0.789294535809903	0.751693578997183	0.701969582900767	0.894570690370089	0.920957489401178	1.11386228051392	1.06147986986799	1.06693102395052	1.21468374885515	0.490681131859342	0.334280005458999	0.714350744107094	NA	1.02469509421664	0.656308447995446	0.624139709017101	0.619038178815514	0.908341997063708	0.707396229397708	NA	NA	0.803438619852353	0.736954590727254	0.795174574769244	0.478377033684608	0.563661291032916	NA	NA	NA	0.536104904100373
1.89236591965596	NA	NA	NA	NA	NA	NA	NA	NA	NA	1.13135221597417	NA	NA	NA	NA	NA	NA	1.61460702465079	NA	1.78830168324719	1.79472679757043	1.4610669885601	1.24006446826226	1.36315858410387	NA	NA	1.34743140207051	1.20732263653973	NA	1.32783838067965	1.61174251665518	NA	NA	0.907997916103959	NA	0.603761731026471	NA	2.00188598290491	NA	NA
NA	1.53560799069384	1.5148635586275	NA	1.44311674738761	1.78569016864449	1.05641638993869	0.952173437519879	0.83398181603142	0.740197905100601	2.13998529025703	NA	NA	NA	0.874475079281456	0.999002050616057	NA	1.01852075835055	1.16890349166672	1.15913934299811	1.0981651361959	0.684695197113769	1.08595546001654	1.60414837488015	NA	NA	NA	NA	0.749297723510322	NA	NA	0.998089266745806	NA	1.00340163681485	NA	0.177983237226776	NA	0.462155110307666	0.158785151293665	1.00713773169727
0.996988361392439	1.19421430389127	NA	0.813091059741269	1.04388617131494	NA	1.25348352382366	1.01601818946186	NA	1.55628576259734	1.72436169331968	0.998844184737763	NA	1.20351079567943	1.42883577305415	1.22793378085549	1.39878458099122	1.3286988978276	1.26065532830342	0.367518907502139	1.54368679561137	1.22068503182297	1.50047818675756	NA	2.01475322506918	1.53324185709687	1.37755756257602	NA	NA	NA	NA	0.449560467244423	NA	NA	0.445204884183898	NA	NA	0.594495943175832	0.599768060440872	NA
NA	NA	NA	NA	NA	0.808398278815511	0.420123403074676	0.60292377919359	0.266445417517417	0.756244187867859	0.918887834291292	0.679415642817151	1.19691451875572	NA	0.313876269578446	NA	1.37201004136247	0.308691813110664	NA	NA	1.08174928416439	0.820056648733978	0.692894005753871	0.750326808961935	NA	NA	NA	0.626921058984452	1.24949537494681	0.183746624009591	NA	0.620176757123557	0.418209414992175	0.311164630582304	0.508942808596743	0.32924907943367	NA	0.352702781469887	0.494895413153253	NA
1.26529621757717	NA	0.677429277561666	0.682986006834647	0.723283969379454	NA	NA	0.404593007496845	0.452571438442481	NA	NA	1.01273056022868	NA	0.891206012672176	0.703804308304672	0.603798092418954	1.12530391545711	0.585089172279282	NA	0.432149847554521	0.523917113906799	0.443982913941926	NA	1.10076541283452	NA	NA	0.91484609595747	NA	0.468274227391128	NA	NA	0.495643592439473	NA	0.622850654918064	0.633980211772323	0.459110096058483	NA	NA	NA	0.500849469652763
NA	NA	NA	NA	0.83660877770382	0.729817457374791	NA	0.586529709756709	0.963016437237026	NA	NA	NA	0.823633800153402	0.720914769264598	0.613203989947281	NA	0.505751775888234	0.715793937418635	1.18314326502478	0.95165202824195	0.607079113038737	0.620727652028249	0.444038935414159	0.847887155066069	0.510878438731954	0.692860201139895	NA	NA	0.526798266622828	0.708711472630144	NA	0.300145754694486	0.294937070704031	0.257942689498774	0.383989911192322	0.243892745463633	NA	0.196179960097807	0.529810000584611	0.283126948228904
NA	NA	NA	NA	NA	NA	NA	NA	NA	NA	NA	NA	NA	NA	NA	NA	NA	NA	NA	NA	NA	NA	NA	NA	NA	NA	NA	NA	NA	NA	NA	NA	NA	NA	NA	NA	NA	NA	NA	NA
0.832477365840585	1.0857425311871	NA	NA	NA	1.1087606913124	0.288537203261459	NA	0.843153984812228	0.558058586886979	0.440392806889794	NA	NA	NA	1.60646332460783	NA	1.01423923923316	NA	0.643003042085071	NA	0.396153778496798	0.562980661163539	0.63360360211221	NA	0.707662493226469	NA	NA	NA	NA	0.633668695733481	0.402635879004159	1.79914509935949	NA	0.735682208595535	0.633896392769078	0.36522080436583	NA	0.454301329061586	NA	0.356797373326789
NA	NA	NA	NA	NA	NA	NA	NA	NA	NA	NA	NA	NA	NA	NA	NA	NA	NA	NA	NA	NA	NA	NA	NA	NA	NA	NA	NA	NA	NA	NA	NA	NA	NA	NA	NA	NA	NA	NA	NA
NA	NA	NA	NA	NA	NA	NA	NA	NA	NA	NA	NA	NA	NA	NA	NA	NA	NA	NA	NA	NA	NA	NA	NA	NA	NA	NA	NA	NA	NA	NA	NA	NA	NA	NA	NA	NA	NA	NA	NA
NA	NA	1.51589027963241	NA	NA	1.84429676196268	NA	1.67212652174331	1.67423307161651	1.42840974443894	NA	1.93786316695515	NA	NA	NA	NA	NA	2.01486090290794	NA	NA	NA	1.73793759856618	1.71893574976511	NA	1.86238812596221	NA	NA	NA	0.812089247817078	NA	0.955510401580654	NA	0.556376290702874	NA	NA	NA	NA	NA	NA	NA
NA	NA	1.03576962778455	NA	NA	NA	0.742717396955167	0.716355359991827	0.490590635584677	NA	0.370446382864375	0.415404496258854	NA	0.446989627240166	0.548002490474654	NA	NA	0.751248286632038	0.729908805948897	0.757597365041155	NA	0.530775367306835	NA	0.615680254581249	NA	NA	NA	NA	1.00037742980844	NA	NA	NA	0.352419580886942	NA	NA	NA	NA	NA	NA	NA
2.25786374030366	NA	NA	NA	NA	NA	0.75624876511243	1.613151081586	NA	NA	1.0319915792273	NA	1.62873452786245	1.45245387513666	NA	1.88739972598289	NA	NA	0.90863384571721	NA	0.558314525478286	NA	NA	NA	NA	1.45418659517632	NA	NA	NA	0.928818470614399	NA	0.32846845017628	0.62272501097449	0.166494517401992	NA	NA	NA	NA	0.330413140267652	NA
NA	NA	0.480185661896864	0.484289125920717	NA	0.592557946397336	0.590652332440634	0.923117213799662	0.684270182602974	NA	NA	NA	0.490554964210564	0.652797469656501	0.580294603565835	1.37936393721503	1.15527680729404	NA	0.621892441762318	0.307803262238835	1.10314992037807	NA	NA	1.97448727503303	0.727132409162219	NA	NA	0.985686471189586	0.798436766747878	0.54470023670485	NA	0.277474317004553	0.498160634339066	1.16172649048605	1.04026727079289	0.665220056006547	NA	NA	0.7970578320857	0.348816141405327
NA	0.809896662559284	NA	NA	NA	NA	0.575837357798281	0.913614757266162	0.754577949223026	0.727699901655229	1.145605003235	NA	NA	1.29145519734525	NA	NA	1.46092391857763	NA	1.30415131204719	1.11704918717832	1.4335152998834	NA	NA	NA	0.515029429223136	0.819242486285286	0.802316227611665	0.823595149948816	1.1770633688207	NA	NA	0.49920243346146	NA	NA	NA	NA	NA	0.718861620167897	0.536595975181162	NA
NA	NA	NA	NA	NA	NA	NA	NA	NA	NA	NA	NA	NA	NA	NA	NA	NA	NA	NA	NA	NA	NA	NA	NA	NA	NA	NA	NA	NA	NA	NA	NA	NA	NA	NA	NA	NA	NA	NA	NA
NA	NA	1.2950862824771	0.965393468206685	NA	NA	NA	NA	NA	NA	NA	NA	NA	NA	NA	NA	NA	NA	NA	NA	NA	NA	NA	NA	NA	NA	NA	0.939568392630104	NA	0.563073497456859	NA	1.01048934739961	1.16724211953693	0.51975113158207	NA	NA	NA	0.209594364922882	0.414244274029213	NA
NA	NA	NA	0.999344477371276	NA	NA	0.77476972767083	NA	NA	NA	1.1600641190159	0.968307688744221	NA	NA	NA	NA	0.938891882435527	0.82896361713971	NA	NA	0.55228932867645	NA	NA	NA	NA	NA	NA	NA	0.564526665610563	0.798672664018344	0.77906474877675	0.651167781428621	NA	0.73174956113675	0.495590042552281	NA	NA	0.462733492051293	0.710965462218484	0.237555043424585
1.07570220873441	NA	1.18262874105984	0.834605898233855	1.67709833049886	NA	NA	0.888019777929861	NA	0.618241238668089	NA	NA	NA	1.71988634911563	1.45054806185264	NA	1.86971697641249	NA	NA	NA	NA	0.621781005781944	NA	0.118782226718198	1.13342030200533	NA	NA	NA	0.195552258647868	0.456673948908604	NA	NA	NA	0.308544206488498	0.559156336231705	0.542250811455756	NA	NA	NA	NA
2.12694798931876	NA	NA	NA	NA	NA	NA	NA	NA	NA	NA	NA	NA	NA	NA	NA	NA	NA	NA	NA	NA	0.726767634673725	0.466653196542934	0.478831856952838	1.06838771550584	1.49547380491445	NA	0.61449378228341	1.16423516975412	NA	0.607159099818329	NA	0.351550403576159	1.33984631727795	0.748435904980906	NA	NA	0.250781517269316	0.295463632395259	0.522140418050647
1.48963117981671	NA	0.758282026919078	NA	0.791647801582302	0.429553483589015	0.448676150793386	1.45960995292767	1.60850493251399	1.40189727882547	1.28190987175005	0.770102641889009	0.851002504745928	0.888678018748966	0.718255849275214	NA	0.560563895188544	1.03719894509434	0.42771657753318	NA	0.614209213670334	0.416820959443442	0.389756640444169	0.574932643047496	NA	0.54088544277384	0.738296373321174	0.806473550463448	0.853482407126755	NA	0.770503080264875	0.7279093651977	0.367485544409527	0.604306325903074	0.602252198259219	0.525562022355581	NA	0.329946548383463	NA	NA
1.61483556766728	0.854767099975274	1.02828518619739	0.259033995458713	NA	1.19800019601756	1.08730342098142	1.06875022486102	1.46448216817217	1.06899175640784	0.985290180634045	0.969890991247479	1.50369852859159	0.9233465803423	0.696563644762901	0.711034005654541	0.590217807285891	0.859851974925027	NA	0.776334519434841	1.02684663045408	0.879164962597739	0.789875041063239	1.64975744927909	NA	0.501721952899304	0.991960253667909	0.973333045017329	0.596552224355925	0.212599770264486	NA	0.348458982822115	NA	NA	NA	0.299970854236386	NA	NA	0.687738728543743	NA
1.45365053869571	NA	NA	NA	NA	NA	1.96985042993727	2.07121653478919	1.3638740301086	1.61392999096005	1.77747096630498	NA	NA	NA	1.55477722080732	1.55665974215553	1.56749436118931	1.62466198053252	1.62472782612702	NA	NA	2.09253254598134	1.43247639879373	1.49359227861961	NA	1.56880067699241	1.73161694663747	NA	1.19475802402477	0.447192428044324	NA	0.399330633933908	NA	0.634723624837777	NA	NA	NA	NA	1.2198221653313	NA
0.824592624688126	1.40885229214025	NA	NA	NA	NA	NA	1.09219935245023	0.749534556784232	NA	NA	NA	NA	0.518798026844223	0.475724790343709	NA	0.476481403828338	NA	0.190452427503881	0.502945209676211	1.58801883637268	NA	1.48152199183832	0.465830056777751	0.391999466913314	NA	NA	NA	0.167006743424011	NA	NA	NA	NA	NA	NA	NA	NA	NA	NA	NA
NA	NA	NA	NA	NA	NA	NA	NA	NA	NA	NA	NA	NA	NA	NA	NA	NA	NA	NA	NA	NA	NA	NA	NA	NA	NA	NA	NA	NA	NA	NA	NA	NA	NA	NA	NA	NA	NA	NA	NA
NA	NA	NA	NA	0.877789927924827	NA	NA	0.710451804908886	0.510270113425524	0.567474980706841	NA	NA	NA	0.254738972307033	0.165860991798808	0.541654529480683	NA	0.237309536394473	0.444886677830017	NA	NA	NA	NA	0.431419816978848	0.532850344507771	NA	NA	0.777055958122483	0.301215054755051	0.745319717219709	0.441595148799649	NA	0.483581260633942	0.560890562784838	1.29520808657554	0.650595019724988	NA	NA	0.115682575953639	NA
NA	0.760371167681589	NA	NA	0.849478607006151	0.999903691394932	1.10119290066798	0.600024989177097	0.657168323358786	NA	1.81854217417117	1.4081469035088	1.26800186927549	NA	NA	NA	1.09729517856454	0.934718519872004	0.888320537682009	NA	0.460012619870191	NA	0.837956460559111	NA	NA	NA	NA	0.91467663363743	0.790713580205501	NA	NA	NA	0.252555269406138	0.314998302986079	NA	NA	NA	0.262415852055082	1.82086427141384	0.675509179663232
NA	NA	NA	NA	NA	NA	NA	NA	NA	NA	NA	NA	NA	NA	NA	NA	NA	NA	NA	NA	NA	NA	NA	NA	NA	NA	NA	NA	NA	NA	NA	NA	NA	NA	NA	NA	NA	NA	NA	NA
1.51796726337192	NA	NA	NA	NA	NA	NA	NA	NA	1.56205555000144	1.97696201888446	NA	NA	2.15762223829424	1.6390023854589	NA	1.48479348168441	2.12456622289409	1.93942813760851	1.40924276117544	0.953038431223609	1.70533018415126	1.41309489972481	0.441946499272475	0.807264787602077	1.12746842889964	1.2477251286974	1.14053077539533	1.03654283389844	1.15552240826872	0.360986649145306	0.867372239639074	1.67801076317842	2.02402177361882	1.16234278786355	0.766753825970538	NA	1.03103508072416	0.157602918783048	0.612446416204408
NA	0.692294262909187	NA	NA	NA	1.731394174802	1.50644813753485	0.364070939670924	1.43455893509976	0.338384124679133	0.761416319395244	0.512927056685124	1.28205604583561	0.471838510150485	NA	NA	1.08115004127415	0.229556031932067	1.31903662018863	NA	1.9906387774625	NA	1.16092034436529	NA	0.606767570087994	NA	0.222544497459383	NA	0.847458614601007	0.623043435503693	0.683628206983898	1.11988846485152	0.658966641926524	0.271489269635254	NA	0.808985831933884	NA	0.455102807422581	0.599718797862341	0.961517920333887
NA	NA	NA	1.78972964661859	0.965220498881596	NA	1.05117947515796	NA	1.3880221007318	NA	NA	1.43008144965203	NA	0.947405459800087	1.02312082490604	NA	NA	1.49864882809925	NA	NA	0.802208199061514	NA	NA	NA	NA	0.91422200728767	NA	NA	NA	NA	NA	NA	0.738114978295379	NA	NA	NA	NA	0.381365036684225	0.374027671154053	NA
NA	NA	NA	NA	NA	NA	NA	NA	NA	NA	NA	NA	NA	NA	NA	NA	NA	NA	NA	NA	NA	NA	NA	NA	NA	NA	NA	NA	NA	NA	NA	NA	NA	NA	NA	NA	NA	NA	NA	NA
0.94613988558027	NA	NA	NA	0.458682000640001	0.606123901195752	0.6786768083583	1.65388885220996	1.26947553287526	NA	1.05484207526783	0.547410504874052	0.819500231706003	1.46411229538466	0.903585076436937	NA	0.969065429205559	0.978966872904277	0.634384574401053	0.785168514570455	0.951670974132226	0.55377443288563	0.372296109138531	0.605171653999647	0.892810360267653	NA	NA	NA	NA	NA	NA	NA	0.854826429595944	1.03587114828343	1.14481468079988	0.774723515885933	NA	0.982272746717211	0.224643799821167	0.409976521770435
NA	NA	NA	NA	NA	NA	NA	NA	NA	NA	NA	NA	NA	NA	NA	NA	NA	NA	NA	NA	NA	NA	NA	NA	NA	NA	NA	NA	NA	NA	NA	NA	NA	NA	NA	NA	NA	NA	NA	NA
NA	NA	NA	NA	NA	NA	NA	NA	NA	1.9733634310631	1.87183688584868	NA	NA	NA	NA	NA	NA	NA	NA	NA	NA	2.28545348768483	2.15932038883396	2.22005461670537	0.823082254731956	NA	NA	NA	0.993058072997598	1.08654803399201	1.2953613452534	1.83066708410005	1.06149007584613	1.22421795524639	1.42012805622535	1.22233750827223	NA	NA	0.202470501734936	0.408942119109948
NA	1.7505935941844	1.84469817908689	NA	NA	NA	NA	NA	1.76970124835405	NA	1.79449257174312	NA	NA	NA	NA	2.31628955144831	NA	1.65553970136561	NA	NA	0.837930097722582	0.280621172881696	NA	0.467099944599281	NA	NA	NA	0.820574186769646	NA	NA	NA	NA	NA	NA	NA	NA	NA	0.633449432528629	NA	NA
NA	NA	NA	NA	NA	NA	NA	NA	NA	NA	NA	NA	NA	NA	NA	NA	NA	NA	NA	NA	NA	NA	NA	NA	NA	NA	NA	NA	NA	NA	NA	NA	NA	NA	NA	NA	NA	NA	NA	NA
NA	NA	NA	NA	NA	NA	NA	NA	NA	NA	NA	NA	NA	NA	NA	NA	NA	NA	NA	NA	NA	NA	NA	NA	NA	NA	NA	NA	NA	NA	NA	NA	NA	NA	NA	NA	NA	NA	NA	NA
NA	NA	NA	NA	NA	NA	NA	NA	NA	NA	NA	NA	NA	NA	NA	NA	NA	NA	NA	NA	NA	NA	NA	NA	NA	NA	NA	NA	NA	NA	NA	NA	NA	NA	NA	NA	NA	NA	NA	NA
NA	NA	NA	1.58042773717218	1.13834011428287	1.01349515351407	1.38955932185836	0.932845198381792	1.0627692457879	1.38716755516564	1.18135863881122	NA	1.53141752212401	NA	NA	1.30543314492558	NA	1.75297024235395	NA	0.964094226197257	0.915005341243992	NA	0.61124161269389	0.590348687488597	0.62310091692703	0.869629884687154	NA	NA	NA	NA	0.663578927213223	0.608527200854097	0.562506811403926	NA	NA	NA	NA	0.224171523009193	0.457878470864913	0.508726596407583
0.812088045584051	NA	NA	NA	NA	NA	0.635230016800018	0.418971066263244	0.355846896621481	0.393088371292172	0.610452787866047	0.653882375262285	NA	0.871351484334994	0.886057919904913	0.952143511997531	0.942269402571599	NA	0.71766973661706	0.346366194005307	NA	NA	NA	NA	0.315504323816828	NA	NA	NA	NA	NA	0.416862080644203	0.162126038455447	1.36448812264505	NA	1.15482564867653	NA	NA	0.586651509475302	0.598441948697748	0.587980247151554
NA	NA	NA	NA	NA	NA	NA	NA	0.720542250156451	NA	NA	0.589046802330737	NA	0.400697300771235	0.52245472811761	0.512465111146364	0.783117900190069	0.822627950789353	NA	0.932952857390392	0.905061582588964	1.38608568330238	NA	1.01740811847848	1.34085008815055	1.3005208149134	1.26280070982496	NA	NA	1.64370831932066	1.5693795686565	NA	1.41655770493697	1.03892797141521	1.24087323627426	0.962405186182422	NA	0.491013226366479	0.398596623764796	1.4994145413759
NA	NA	NA	NA	NA	NA	NA	NA	NA	NA	NA	NA	NA	NA	NA	NA	NA	NA	NA	NA	NA	NA	NA	NA	NA	NA	NA	NA	NA	NA	NA	NA	NA	NA	NA	NA	NA	NA	NA	NA
0.674210021101096	NA	0.580763475775508	NA	0.534177821283036	1.0125847638061	0.973333232590551	0.858680014783525	0.810080166198901	0.623155245256189	0.93201948274856	0.896239636837553	0.834284934896822	1.01154069683608	NA	NA	1.07770246668204	1.22671906762033	0.880176461711701	0.584011411298099	1.09056414231373	1.07512276809706	0.50846608380982	0.827390340098971	0.716383136781042	0.826676701064493	0.930383021441701	1.48033414856989	0.461104739529731	1.02235778644316	1.05345239444814	1.23474309753073	0.538164385425229	NA	0.628304017425515	0.842500156899134	NA	0.471407021158138	0.617408811968014	0.913602498275732
0.745564722837359	0.574048835343281	0.453540877067523	NA	0.43679098842226	0.707758985248027	2.08814646145183	0.947649790938286	0.845748970836348	NA	0.95950290549178	0.80346700638683	0.749843430230464	0.709472073266132	0.862968360529914	NA	0.769309764141649	0.463541239189659	NA	0.634746883645137	0.372850890379133	0.598521955320844	0.522817088038055	NA	0.719857463596416	0.691582665009662	0.1483882995225	NA	0.383112205788649	0.507235077042504	0.54939335834506	NA	NA	0.973627439227347	NA	0.513310047824522	NA	0.674293342979056	0.376203870776752	0.941252926296876
NA	NA	NA	NA	1.01910546560531	NA	NA	NA	1.95286833777263	NA	NA	NA	NA	NA	NA	NA	1.46342533057272	NA	NA	NA	NA	1.07686413817323	NA	NA	0.18864969961858	NA	NA	1.42094655838464	NA	0.725848734033132	NA	0.699710857254931	1.09170063641792	NA	NA	NA	NA	NA	0.582126236413838	0.716594802711299
NA	1.65578690735757	1.08463091393506	1.09948067822197	0.487622683443327	1.55862140426029	1.79741235372598	NA	1.32713079872299	NA	0.902641943140321	1.26144039758671	NA	NA	NA	NA	1.72138049229962	1.57454804281031	NA	0.568469585544877	0.939534981422293	0.674187758419656	0.767247610817904	0.862086634383787	0.850602801464771	NA	1.27770978374138	1.00990775057939	0.63311138342411	0.526862149055803	0.889751380261622	0.765160108498497	0.749927770674405	NA	NA	NA	NA	0.710827281282723	NA	0.777591722680926
0.539874671790031	0.335783809827911	0.472139462046036	1.04881845208684	0.649351455501368	0.698606431540545	0.63748641473745	0.270689116736302	0.426770246441318	NA	0.704359237633243	0.517802322338668	NA	0.671228006105628	NA	0.691467533921772	NA	0.559746089887603	NA	NA	NA	NA	NA	0.610293457313745	0.297288023746047	0.343908258493904	0.467577965717557	0.435855831360508	0.745078663965832	NA	NA	0.390258931601374	0.368758865655585	0.208649115522541	NA	NA	NA	NA	0.296279281737318	NA
NA	NA	NA	NA	NA	NA	NA	NA	NA	NA	NA	NA	NA	NA	NA	NA	NA	NA	NA	NA	NA	NA	NA	NA	NA	NA	NA	NA	NA	NA	NA	NA	NA	NA	NA	NA	NA	NA	NA	NA
1.69420332482205	0.817175028235249	NA	NA	NA	2.34816392967234	NA	2.09485187014112	NA	2.23643876668923	2.29861011709299	NA	NA	1.25551700237493	0.730040691446206	NA	1.16830781620637	1.33717137059535	1.99990907206512	2.12316359644575	1.97671812723759	1.17507925184036	NA	NA	NA	NA	NA	NA	2.37144806948106	2.09507126095916	NA	NA	1.99927511669402	1.88522842674197	1.58897807291483	0.867057059578851	NA	1.33616151529007	1.3470080907607	NA
NA	NA	NA	NA	NA	NA	NA	NA	NA	NA	NA	NA	NA	NA	NA	NA	NA	NA	NA	NA	NA	NA	NA	NA	NA	NA	NA	NA	NA	NA	NA	NA	NA	NA	NA	NA	NA	NA	NA	NA
1.07218895930561	NA	1.14911235506043	1.47540587352137	NA	NA	NA	1.67186122511375	1.54267803489609	NA	NA	1.04050646574779	NA	NA	NA	NA	NA	NA	NA	1.6209020797926	1.93942388584629	NA	1.03701055865777	NA	NA	NA	NA	NA	NA	NA	NA	0.911090377527394	NA	NA	0.55749343032646	NA	NA	NA	NA	NA
NA	NA	NA	NA	NA	NA	NA	NA	NA	NA	NA	NA	NA	NA	NA	NA	NA	NA	NA	NA	NA	NA	NA	NA	NA	NA	NA	NA	NA	NA	NA	NA	NA	NA	NA	NA	NA	NA	NA	NA
NA	NA	0.86335448620808	0.594394495896868	NA	NA	NA	0.415433933934066	NA	0.777771392445166	NA	0.431036584022383	1.35329257027624	0.597473776417547	0.240572213830652	NA	0.537848476870266	0.512894877802264	0.73301531345959	NA	0.531365367861253	0.716982864649531	0.652939251429523	NA	0.484629227079212	NA	0.778654433317413	NA	NA	0.858151493671812	0.590792993409768	0.78977260742485	NA	NA	0.259050424415913	0.362997789659701	NA	1.16146831185923	0.451711156559497	NA
NA	NA	NA	NA	NA	NA	NA	NA	NA	NA	NA	NA	NA	NA	NA	NA	NA	NA	NA	NA	NA	NA	NA	NA	NA	NA	NA	NA	NA	NA	NA	NA	NA	NA	NA	NA	NA	NA	NA	NA
0.78608684460631	0.539663166894092	0.546038311533386	0.767979489483291	0.600288548174767	1.03228111518263	0.851694738606399	0.946720242061524	1.03603385102791	1.42735652935303	NA	1.16044988657021	1.32783803312833	NA	1.01269131223811	1.55973977655932	1.03998446676975	1.13167056085008	1.12908663261871	0.806496527298808	0.676484931291247	0.739307762103078	0.984178305855161	0.720847131187104	0.750770441253498	NA	1.0948946040027	0.665989445003606	NA	0.469134446938732	0.675152150372065	NA	0.336693836722448	0.598192487876805	0.601213314585821	0.391236641809993	NA	NA	0.256668593046832	0.656052434533244
1.01382189599631	NA	NA	NA	0.565455756877937	0.846273879931806	NA	1.31092631158695	NA	NA	NA	1.61214680776364	NA	1.18394636318443	NA	NA	NA	1.12729277450293	1.34197919335196	1.04862800855388	0.695822497783932	NA	0.673777631219816	NA	0.277353769685239	NA	NA	0.597209325038057	0.435759205731547	0.321401123829307	0.0807967271453888	0.400857732124598	0.486884118707663	NA	NA	1.02322311651847	NA	0.740857208084705	0.724491751042911	0.700552140974768
NA	NA	0.330805197771624	0.424932767337925	0.579590803322146	0.681682693777449	NA	0.576867784571723	0.851759608211822	NA	0.694837344252021	1.0775802472933	0.937242252362416	0.830854325027297	0.709906557545567	NA	NA	0.730267198183707	0.572282814898297	0.466497206118347	NA	0.663122749317123	0.562924765047477	0.490905607818608	0.601442563411909	0.457702868749947	0.219488694910801	NA	NA	NA	0.397548268057871	0.423132484901793	0.460481462141722	NA	0.207016961724254	0.0963682169884226	NA	0.59846439769417	NA	NA
NA	NA	NA	NA	NA	NA	NA	NA	NA	NA	NA	NA	NA	NA	NA	NA	NA	NA	NA	NA	NA	NA	NA	NA	NA	NA	NA	NA	NA	NA	NA	NA	NA	NA	NA	NA	NA	NA	NA	NA
NA	NA	NA	NA	NA	NA	NA	NA	NA	NA	NA	NA	NA	NA	NA	NA	NA	NA	NA	NA	NA	NA	NA	NA	NA	NA	NA	NA	1.57251289823735	1.34977443428456	1.8226651481407	NA	0.735203720026594	NA	0.583639775830027	0.418822521777307	NA	0.260944032162592	1.5846996891817	0.670986381794791
3.00503228302519	1.13148644515681	1.96963243271127	3.04033962344273	1.31720928512163	0.980712481814127	1.25078235871572	0.57789974778607	0.36993408949982	0.646254709281318	2.9848798606315	3.14932768624963	1.93234883586662	1.43655563054677	1.25914117291916	1.21496677655587	NA	1.30584158897583	NA	1.20970883752373	0.748366850663944	NA	NA	1.19382080376281	1.65544090687337	NA	2.94687276806679	1.39792560189668	NA	NA	0.801136555381999	1.0804313351505	0.498841509067512	NA	NA	0.165373075829299	NA	0.192696467672648	0.356407629481653	0.661102715917807
NA	NA	NA	NA	NA	NA	NA	NA	NA	NA	NA	NA	NA	NA	NA	NA	NA	NA	NA	NA	NA	NA	NA	NA	NA	NA	NA	NA	NA	NA	NA	NA	NA	NA	NA	NA	NA	NA	NA	NA
NA	0.975809209395028	NA	NA	NA	1.16271242835323	2.10028883370793	1.74585310006851	NA	1.17264835217458	NA	1.47618313715951	NA	1.46810519769184	1.47447222599257	NA	1.32091660825524	NA	NA	NA	0.928585839364267	NA	1.25487988419285	1.24288427580744	0.936971100267084	NA	NA	NA	NA	NA	NA	NA	NA	0.591392140746787	NA	NA	NA	0.315397948669231	0.43532315510512	NA
NA	NA	NA	NA	NA	NA	NA	NA	NA	NA	NA	NA	NA	NA	NA	NA	NA	NA	NA	NA	NA	NA	NA	NA	NA	NA	NA	NA	NA	NA	NA	NA	NA	NA	NA	NA	NA	NA	NA	NA
NA	NA	NA	NA	NA	NA	NA	NA	NA	NA	NA	NA	NA	NA	NA	NA	NA	NA	NA	NA	NA	NA	NA	NA	NA	NA	NA	NA	NA	NA	NA	NA	NA	NA	NA	NA	NA	NA	NA	NA
NA	1.05221418779819	0.696403365286437	NA	0.514558219526701	0.399759480929812	0.230648603332895	NA	NA	0.161491308225628	0.353891888622808	0.391467182239512	NA	1.08971071426767	NA	NA	NA	NA	NA	NA	NA	NA	0.166542217949871	NA	0.254103781691675	NA	NA	0.514838368910005	NA	NA	NA	NA	0.347702007072228	NA	NA	0.198035509337187	NA	NA	0.357682065296316	0.524771534300564
NA	NA	NA	NA	NA	NA	1.24907168626638	1.46126517325671	1.60200474227698	1.67879754785556	1.98866154066693	NA	NA	1.6380685971235	1.89228049378219	NA	1.47229335997136	1.53232922751904	1.19539959397478	1.58323979295426	NA	NA	0.950793843592297	0.991364128391969	NA	1.50909389000135	NA	NA	NA	0.512517952912898	0.797616041807635	NA	NA	NA	NA	NA	NA	0.201776559560746	0.841548922056968	0.797029740795461
NA	NA	NA	NA	NA	NA	NA	NA	NA	NA	NA	NA	NA	NA	NA	NA	NA	NA	NA	NA	NA	NA	NA	NA	NA	NA	NA	NA	NA	NA	NA	NA	NA	NA	NA	NA	NA	NA	NA	NA
NA	NA	1.21285921916302	NA	NA	NA	NA	0.870864826589591	NA	NA	NA	NA	NA	NA	NA	NA	0.553672262611854	NA	NA	NA	NA	NA	NA	1.45016362620207	NA	NA	0.824143728102262	0.8506829350766	NA	NA	0.657916090589173	NA	NA	NA	0.578984006165297	NA	NA	0.935115758419829	1.17361359578389	NA
0.776894961976729	NA	NA	NA	NA	0.792598573382257	0.889556789791806	NA	0.734417992376754	NA	0.753888466540351	1.06760290545912	NA	NA	NA	0.998754833848547	0.733659105848451	NA	0.650835403515292	0.542558063300352	1.42463890829808	1.16575863593607	1.09076853049191	1.06950953726055	1.23324748122846	0.743018533040762	NA	0.806531309965962	NA	NA	0.47504104583758	0.676334984659603	0.883383960025235	0.886043836899326	0.580624840095635	NA	NA	0.164448921830437	1.24798649448834	0.508358137754153
NA	NA	NA	NA	NA	NA	NA	NA	NA	NA	NA	NA	NA	NA	NA	NA	NA	NA	NA	NA	NA	NA	NA	NA	NA	NA	NA	NA	NA	NA	NA	NA	NA	NA	NA	NA	NA	NA	NA	NA
NA	NA	NA	NA	NA	NA	NA	NA	NA	NA	NA	NA	NA	NA	NA	NA	NA	NA	NA	NA	NA	NA	NA	NA	NA	NA	NA	NA	NA	NA	NA	NA	NA	NA	NA	NA	NA	NA	NA	NA
NA	NA	NA	NA	NA	NA	NA	NA	NA	NA	NA	NA	NA	NA	NA	NA	NA	NA	NA	NA	NA	NA	NA	NA	NA	NA	NA	NA	NA	NA	NA	NA	NA	NA	NA	NA	NA	NA	NA	NA
1.3149192473685	1.21900606759228	1.31069053827575	1.64552560491528	NA	1.09862867148769	1.59035590220704	NA	1.24635280071673	NA	0.701314405072062	1.22363735246277	0.256086672480431	0.501399777094626	0.588042105558892	0.967298293749704	0.59322662635217	0.297766010385394	NA	0.871957835165606	0.116393928332143	NA	0.271699007752631	0.318966449045465	NA	0.681525846217929	NA	NA	0.37089736491411	1.69622625187432	NA	1.07024211101949	NA	NA	NA	NA	NA	NA	NA	NA
NA	NA	1.00263831826634	NA	NA	0.722389709916962	NA	1.1409054904262	0.883665756997935	NA	1.12794933968666	0.621752726355833	NA	NA	NA	NA	0.797792295536863	NA	0.442674205300209	NA	1.17927895761091	NA	0.751457393990872	NA	NA	0.665011383448933	NA	0.969853475347344	0.293262344857108	NA	NA	0.608530618622909	0.272709721259636	0.393392073008917	NA	0.407546257755115	NA	0.886944422494479	0.547384287663527	NA
NA	0.563367378975315	NA	1.01662460037619	NA	1.60660408386201	1.67265989908017	1.85093533687005	1.25908287335227	NA	NA	NA	1.65695892434902	1.95431297143145	2.1245999764936	NA	NA	2.21457845724176	NA	2.26580810746235	1.57908046239493	1.92983440884714	1.76805243017887	1.46951124272225	2.24113993778227	NA	1.65768787236998	NA	1.57196556142229	1.41761379969318	1.55660670015462	1.70404531595475	1.71673212530725	NA	NA	NA	NA	1.16010920734837	1.27251876384778	NA
1.0557682368486	0.354603925469193	NA	1.16564213061888	1.55998561914432	NA	0.874579988420327	0.872186878244229	NA	NA	NA	NA	1.08891914341399	NA	1.23331259853042	1.16201994188633	1.02505839539438	NA	0.989960896594539	2.23685952993974	NA	NA	0.88204797851621	0.629084485765811	1.01091503180126	1.0097052889885	NA	0.314738654904799	NA	0.486806812036899	NA	0.641066979972966	0.747480170273151	0.623584646057211	NA	0.360800290441188	NA	0.418423412177231	1.09058254251497	NA
NA	NA	NA	NA	NA	NA	NA	NA	NA	NA	NA	NA	NA	0.710043806164076	NA	NA	NA	1.09559215716753	0.596068232754535	NA	NA	0.968469910758814	NA	NA	0.243532319947203	NA	NA	0.245450972467276	0.385444873765875	NA	1.24233455844659	0.12931471207667	0.28240763783454	NA	NA	1.32235575628157	NA	NA	NA	0.270909234825944
NA	NA	NA	NA	NA	NA	NA	NA	NA	NA	NA	NA	NA	NA	NA	NA	NA	NA	NA	NA	NA	NA	NA	NA	NA	NA	NA	NA	NA	NA	NA	NA	NA	NA	NA	NA	NA	NA	NA	NA
NA	NA	NA	NA	NA	NA	NA	NA	NA	NA	NA	NA	NA	NA	NA	NA	NA	NA	NA	NA	NA	NA	NA	NA	NA	NA	NA	NA	NA	NA	NA	NA	NA	NA	NA	NA	NA	NA	NA	NA
2.30073116188785	NA	NA	NA	2.22054609053687	2.3979177665737	NA	2.74820124840663	NA	NA	NA	NA	2.979441527472	NA	NA	NA	NA	NA	NA	NA	2.02497124340307	1.91304522824959	NA	1.70798128974316	1.2523609900617	NA	NA	2.25411011535033	NA	0.879429858319273	2.74592357421377	2.41200973366874	0.533025133770898	1.5967393633904	NA	1.40810109008028	NA	1.14856811317302	0.981867053902088	0.72229132579684
1.17634892936028	NA	0.900041376259529	0.949261266171614	1.64118582827201	NA	NA	1.39055936275002	NA	NA	1.27297692983884	NA	1.66819576094081	1.53003861572398	NA	1.33807809351399	1.36390295970079	NA	NA	NA	0.394679895602175	1.27229493940226	1.28898888250023	0.409966951160167	NA	0.506824683728513	NA	0.566137546889585	0.430257983965932	1.02636616801645	0.336903076557616	NA	NA	NA	0.922145285924411	0.67394918443104	NA	0.287037557786549	0.915371966829187	1.52254817175298
NA	NA	NA	NA	NA	NA	0.71242986334938	NA	0.377499266026117	NA	NA	NA	0.171712951247444	0.589988654159477	NA	NA	NA	0.493529536909941	NA	0.369286710362582	1.70394843840761	1.57300936806331	0.287465223388947	0.299809384906038	NA	NA	NA	NA	0.784807654473003	1.00355906745732	NA	NA	0.884281091472933	1.14018229462706	NA	NA	NA	NA	0.551509456732674	NA
NA	NA	NA	NA	0.980500759865259	NA	NA	NA	0.565843723932909	0.948958392429798	NA	0.532011562945886	1.14614316036106	NA	NA	1.26255445195539	0.58454803149944	NA	0.696100144852671	0.288550654694709	1.13701934194361	NA	0.558275633164405	NA	NA	NA	0.681132278460587	NA	NA	1.48911384876442	NA	NA	1.18057345513555	NA	0.915571558538068	1.02121084182498	NA	NA	0.423042297684896	0.631007291493106
NA	NA	NA	NA	NA	NA	NA	1.39037793193002	1.20329144049453	NA	1.0180309367598	1.46712247054077	1.49842015103931	1.3778931743043	1.12965429871376	NA	NA	1.41307445164128	1.35975559785755	1.60095147693384	NA	NA	1.26180455791163	NA	NA	0.480464339281433	NA	NA	NA	NA	1.05596224488612	NA	NA	NA	0.224550981819454	0.334424759214185	NA	NA	0.704388933848444	0.435477953881164
NA	NA	NA	NA	NA	NA	NA	NA	NA	NA	NA	NA	NA	NA	NA	NA	NA	NA	NA	NA	NA	NA	NA	NA	NA	NA	NA	NA	NA	NA	NA	NA	NA	NA	NA	NA	NA	NA	NA	NA
NA	0.834849059864832	NA	1.02451324558048	NA	NA	0.681717853254741	0.572928113487487	0.304405534306209	NA	0.448713390533561	NA	NA	NA	NA	NA	NA	NA	NA	NA	NA	0.715451558158044	NA	NA	0.681577541751256	NA	NA	NA	1.43924434377679	NA	NA	NA	NA	2.34198585128892	NA	NA	NA	NA	0.600481540335419	2.32705907712036
NA	NA	NA	NA	NA	1.08295952506127	NA	0.650624258771318	NA	NA	NA	NA	NA	NA	NA	NA	NA	NA	NA	NA	0.653636972956463	NA	1.11831692263297	NA	NA	0.820462037277085	NA	NA	NA	NA	NA	0.771078610699749	NA	0.5356275034851	NA	NA	NA	0.247785903346493	0.514252255393585	0.636621124027869
NA	NA	NA	NA	NA	NA	NA	NA	NA	NA	NA	NA	NA	NA	NA	NA	NA	NA	1.58107398314467	NA	NA	NA	NA	NA	NA	NA	NA	NA	1.1897257198525	0.85572607428734	NA	1.00016653515146	NA	NA	0.306018407382219	0.607483436871462	NA	NA	NA	0.615206962220146
NA	NA	NA	NA	0.742697758502643	NA	NA	NA	NA	0.977526812216324	NA	NA	NA	NA	0.844156003371122	NA	NA	0.944647354254488	NA	0.593415979694658	NA	NA	NA	1.53492346614713	1.26184441946298	NA	NA	1.19836960892976	1.56781452775229	1.1085515667455	1.33715806041656	1.50832203989208	NA	1.50865731900222	NA	1.26912515862317	NA	1.0725318465179	1.20737834130269	1.2922488081678
0.79556705304073	NA	NA	1.68172100435506	NA	NA	1.49085620934794	1.86275664912579	NA	NA	1.8447983768605	1.57806566468121	1.91971504394419	NA	NA	NA	NA	NA	NA	NA	NA	1.4654418001723	1.5193629140784	1.10742126664817	1.26998294865724	NA	NA	0.474213096295697	0.929359514125691	NA	NA	1.27089399790017	0.737671173084547	NA	NA	0.421306276436103	NA	NA	0.785627393537486	0.456681675155157
NA	NA	NA	NA	NA	NA	1.02085328093083	0.989267041395935	0.858385377105288	NA	NA	1.81472134824529	NA	NA	1.44065519384397	NA	NA	0.802439050245716	1.46300104885371	1.73343902092456	NA	1.01061497893458	1.21276058970921	1.71559345510034	NA	NA	NA	NA	2.17834577757039	NA	NA	NA	0.484070238680245	0.410535606494058	NA	1.61196959063624	NA	0.373482654130513	0.406860238771217	0.256480266217452
1.36780612391936	1.77110855898797	1.76071936983332	NA	NA	NA	NA	NA	NA	NA	NA	2.35266737351947	NA	1.88593306624123	NA	1.47429510645857	1.28068049901708	1.26642453777998	0.959846021608532	1.01809170909416	2.03101615752566	2.08605449028451	2.1096036726225	1.90140238882233	2.07706841341685	0.874162224621007	1.13728229240895	0.93749618969992	2.00723091533069	NA	NA	NA	0.796375967456689	0.186219884155159	0.0256091523568533	1.91287764800468	NA	0.499192609408548	1.96595495441895	1.52636026388267
NA	NA	NA	NA	NA	NA	NA	NA	NA	NA	NA	NA	NA	NA	NA	NA	NA	NA	NA	NA	NA	NA	NA	NA	NA	NA	NA	NA	NA	NA	NA	NA	NA	NA	NA	NA	NA	NA	NA	NA
NA	NA	NA	NA	NA	0.749038241231763	NA	NA	NA	NA	NA	0.338384608622668	NA	NA	0.662089792952	NA	NA	NA	NA	0.400468377052071	NA	0.66156390289942	NA	NA	1.42387581520649	NA	NA	NA	NA	NA	NA	NA	NA	NA	0.665565907886955	NA	NA	NA	0.356313689494943	NA
NA	NA	NA	NA	NA	NA	NA	NA	NA	NA	NA	NA	NA	NA	NA	NA	NA	NA	NA	NA	NA	NA	NA	NA	NA	NA	NA	NA	NA	NA	NA	NA	NA	NA	NA	NA	NA	NA	NA	NA
NA	NA	NA	NA	NA	NA	NA	NA	NA	NA	NA	NA	NA	NA	NA	NA	NA	NA	NA	NA	NA	NA	NA	NA	NA	NA	NA	NA	NA	NA	NA	NA	NA	NA	NA	NA	NA	NA	NA	NA
NA	NA	NA	NA	NA	NA	NA	NA	NA	NA	NA	NA	NA	NA	NA	NA	NA	NA	NA	NA	NA	NA	NA	NA	NA	NA	NA	NA	NA	NA	NA	NA	NA	NA	NA	NA	NA	NA	NA	NA
NA	NA	NA	NA	NA	NA	NA	NA	NA	NA	NA	NA	NA	NA	NA	NA	NA	NA	NA	NA	NA	NA	NA	NA	NA	NA	NA	NA	NA	NA	NA	NA	NA	NA	NA	NA	NA	NA	NA	NA
0.718994598859396	NA	NA	NA	NA	NA	1.14824767532846	1.76789274550714	NA	NA	1.54112243506947	1.51890596921576	1.88221278049679	1.04322329795914	1.51637123552604	0.818455618549296	1.1024643662075	NA	1.33589223250183	1.00367925196127	NA	0.920843455721159	NA	0.866888530931963	1.31325319987133	NA	NA	NA	NA	NA	NA	0.886258425508341	1.32594650809609	NA	NA	0.595714945334511	NA	NA	0.516290674624997	NA
0.779644563515551	0.480998066253866	NA	0.495581363685764	NA	NA	0.82747150937149	NA	NA	1.04208850138413	0.546170952392864	NA	1.05277422512999	NA	0.537586506168276	NA	NA	NA	NA	0.555384937298213	NA	1.07589769586749	0.373360361623838	NA	0.316687613355438	NA	NA	NA	0.241930536117166	0.278030321785201	NA	0.378272804874861	NA	NA	NA	0.618259822331106	NA	NA	NA	NA
NA	NA	NA	NA	NA	NA	NA	NA	NA	NA	NA	NA	NA	NA	NA	NA	NA	NA	NA	NA	NA	NA	NA	NA	NA	NA	NA	NA	NA	NA	NA	NA	NA	NA	NA	NA	NA	NA	NA	NA
NA	NA	NA	NA	2.23544944400644	NA	1.27333586147371	1.36587056323332	0.952076992073315	NA	1.9072940781573	1.12036449569166	NA	1.30872513519184	NA	1.45477811471985	NA	1.87002386761309	NA	NA	0.647595750087046	NA	NA	NA	NA	NA	NA	NA	NA	NA	NA	NA	NA	NA	NA	NA	NA	NA	NA	1.05842368653104
NA	NA	1.69880612060665	NA	NA	NA	NA	2.26451299368655	NA	NA	NA	NA	NA	NA	NA	NA	2.22812562889298	NA	1.45519820203923	1.54282693811322	1.97009675586408	NA	NA	0.770406018099577	NA	NA	2.06267279075515	1.74289664626915	NA	NA	NA	NA	NA	NA	NA	NA	NA	0.767490860105495	0.387602167551646	NA
NA	NA	NA	NA	NA	NA	NA	NA	NA	NA	NA	NA	NA	NA	NA	NA	NA	NA	NA	NA	NA	NA	NA	NA	NA	NA	NA	NA	NA	NA	NA	NA	NA	NA	NA	NA	NA	NA	NA	NA
NA	NA	0.578001922613179	1.31566636467994	NA	0.880138169365094	0.972930314489894	0.73652771692178	0.319571584907163	0.646408573328584	0.531616896970407	0.462944959618296	NA	0.632912120608581	NA	0.507359835801636	0.140309479842006	0.447211830521081	NA	0.367622100776803	0.394105476415034	NA	0.32048839249391	0.626684910420403	1.73830677787832	NA	0.354767348843308	1.20631582353611	NA	1.25467518750804	NA	0.77365612148119	0.357159223676009	NA	NA	NA	NA	NA	NA	0.401976088608409
NA	NA	NA	NA	NA	NA	NA	NA	NA	NA	NA	NA	NA	NA	NA	NA	NA	NA	NA	NA	NA	NA	NA	NA	NA	NA	NA	NA	NA	NA	NA	NA	NA	NA	NA	NA	NA	NA	NA	NA
NA	NA	NA	NA	NA	NA	NA	NA	NA	NA	NA	NA	NA	NA	NA	NA	NA	NA	NA	NA	NA	NA	NA	NA	NA	NA	NA	NA	NA	NA	NA	NA	NA	NA	NA	NA	NA	NA	NA	NA
NA	NA	NA	NA	NA	NA	NA	NA	NA	NA	NA	NA	NA	NA	NA	NA	NA	NA	NA	NA	NA	NA	NA	NA	NA	NA	NA	NA	NA	NA	NA	NA	NA	NA	NA	NA	NA	NA	NA	NA
NA	NA	NA	NA	NA	NA	NA	NA	NA	NA	NA	NA	NA	NA	NA	NA	NA	NA	NA	NA	NA	NA	NA	NA	NA	NA	NA	NA	NA	NA	NA	NA	NA	NA	NA	NA	NA	NA	NA	NA
NA	NA	NA	NA	1.02695736889166	NA	NA	0.713994958318745	0.733582025078915	NA	0.934519062286337	0.648047545051748	0.926920353952626	0.881555646227914	1.05984605761632	0.891951662996152	0.878445913924671	1.00525014022315	0.902608758416711	NA	0.588846453800415	1.07120609512137	0.773340650758218	0.618904122738733	0.295892290594997	NA	0.537048942016547	0.265940774383893	NA	0.258608146419572	0.391882012577215	0.358024805477386	0.177978491431822	NA	0.271425818667121	NA	NA	1.53866332515328	0.37338160215341	0.175244074987912
NA	NA	NA	NA	NA	NA	NA	NA	NA	NA	NA	NA	NA	NA	NA	NA	NA	NA	NA	NA	NA	NA	NA	NA	NA	NA	NA	NA	NA	NA	NA	NA	NA	NA	NA	NA	NA	NA	NA	NA
0.422498996766435	NA	0.512294931663463	0.317865591061255	0.715298558605151	1.11179660955381	NA	1.19357298536859	1.29624393104941	NA	1.331722921551	1.40309404592163	NA	1.52875016562434	1.31014783679036	NA	0.886305713793651	1.54212951608768	1.2652357472322	0.471062514536206	NA	0.621213168828861	1.61898023170018	1.5219740603045	1.38357611584002	0.408274194003188	NA	NA	1.57916233846565	NA	NA	NA	NA	0.274724612483443	0.201343489806258	0.299158228972899	NA	NA	NA	NA
0.34054115894086	NA	NA	0.5713109035262	0.50017397027053	0.843360695546941	0.635486596935269	0.864306002516592	0.841964493917096	NA	NA	0.828559801329872	0.87477365533499	1.15459683546975	NA	NA	1.12490720048232	1.44015926377643	NA	NA	0.514087281205864	NA	NA	NA	NA	NA	0.546833381365809	0.792017680104191	0.486640715829715	NA	NA	1.30201333202767	NA	0.745568289955771	NA	0.677147521534822	NA	0.984845289131123	0.251512963686822	0.791944684493732
NA	0.560987523962286	0.218821755482121	NA	0.863387390711354	NA	NA	0.343154776990989	0.448047562124676	NA	NA	NA	NA	0.502940318097045	NA	NA	NA	0.641295395152263	NA	0.480422467380718	1.14012024416612	NA	NA	NA	0.3592734695885	NA	NA	0.390982496265781	NA	0.278293515559527	NA	NA	NA	0.93585781786992	NA	0.467890591680351	NA	NA	1.22155817066128	NA
1.67536499066271	NA	NA	NA	NA	1.76624428671007	1.88699229430135	1.44567716319123	NA	NA	1.70091960427281	1.72914046783399	NA	1.59802618598205	1.3832475787955	NA	NA	NA	0.867387817577996	NA	NA	2.08852092243491	2.11640637836316	1.92353500231589	1.79839845526589	1.47840575541815	1.64846298901983	NA	NA	1.30743926616275	1.23744522457358	NA	1.42479066532785	NA	0.640579858112541	0.344363124991124	NA	0.705005414677882	0.659810938472418	0.581388291402671
NA	1.29540641095908	NA	NA	NA	NA	NA	0.859068419756014	NA	NA	NA	NA	NA	1.16678211934545	1.12500361348585	NA	1.08329205221003	NA	0.958429945586765	0.938103559926572	1.19349103360745	0.720701628260951	1.45623017169212	0.885249979900487	0.573537457755245	NA	NA	0.68259150026996	NA	NA	NA	0.559670938925744	NA	NA	0.363134684127757	NA	NA	NA	0.414975226797315	NA
NA	0.814570480114723	NA	NA	0.605575717223061	NA	0.660006746243328	NA	1.10083365765262	NA	NA	0.952119970831585	NA	NA	0.824506617597896	1.4440739007809	0.97154852465055	NA	1.01547640958428	0.998079220232121	1.16084762832314	NA	NA	NA	0.565132033243574	NA	NA	NA	0.677033131869746	NA	NA	NA	NA	0.519046687505608	0.316770895098221	NA	NA	0.276379304498084	NA	NA
NA	NA	0.829316908737907	NA	NA	NA	1.16032723422891	NA	1.53221505080934	NA	1.25174660228343	NA	1.18949074173602	1.43349049345365	1.52698918872124	NA	1.48688689900994	1.38316976942889	NA	NA	NA	1.49766112169655	1.58446735144123	NA	NA	NA	NA	0.247508347013626	NA	0.454772425611543	0.696347500903264	0.521987036978562	NA	NA	0.512979131818071	0.317594258729929	NA	0.241512935958189	0.308076121284731	NA
1.22268501057227	1.21233003787087	1.47753088484344	NA	1.42022979739082	0.801436916045445	NA	NA	0.69787039815837	NA	NA	NA	NA	1.47159642660718	NA	NA	NA	0.911835331339627	NA	0.791754630260096	NA	1.03781047666298	NA	0.965697168308405	NA	NA	1.6106727490775	NA	NA	NA	1.03179772168561	NA	NA	0.563093360949476	0.367969043251345	NA	NA	0.2832215739021	0.347048079956249	0.440706689021158
NA	0.985374621627995	NA	0.923316428850314	NA	NA	0.606174301795302	0.359971867587388	NA	0.359778355699734	0.325239057203724	0.494722358109926	NA	0.403641608798419	NA	NA	NA	NA	NA	0.458242028853557	0.248385507303988	NA	0.725619079457149	NA	0.646237908715977	NA	NA	0.933369271032808	0.984161979184582	NA	1.36175774701433	1.04974648028639	0.991750129553079	NA	NA	0.78112783015194	NA	NA	0.915419792641574	1.1808261476276
NA	NA	NA	NA	NA	3.02471592497951	NA	3.38003790277611	0.936500151647354	NA	3.13689157805377	2.51765287625201	0.925054500409988	2.45071748303298	0.512199202001315	3.01219058041758	0.195440468997199	2.59488370583384	NA	NA	2.87649141661974	NA	0.870635065940015	0.740898588549368	0.894158757508047	NA	NA	NA	NA	1.68281046422174	2.89324759715697	2.53385288885678	0.599542007542469	1.80782416463729	2.55815147802361	0.363128729074035	NA	NA	NA	2.61810310128615
NA	NA	NA	NA	NA	NA	NA	NA	NA	NA	NA	NA	NA	NA	NA	NA	NA	NA	NA	NA	NA	NA	NA	NA	NA	NA	NA	NA	NA	NA	NA	NA	NA	NA	NA	NA	NA	NA	NA	NA
NA	NA	NA	NA	2.48795892475465	NA	1.94824598995015	2.26262609902206	1.67294258323643	NA	2.12168981476603	2.24782390773853	NA	NA	NA	NA	1.44370248025848	1.91622837513358	1.8450407345768	NA	NA	2.27716746244223	NA	NA	NA	NA	0.541613444771779	NA	NA	NA	NA	1.7485168375157	1.70766493531985	1.86814574229188	NA	1.96254659046886	NA	1.88090630865654	NA	1.74267986295814
NA	1.85291415596227	1.33982305927892	NA	1.49684747609035	2.02448308716374	0.789804919062401	1.97172967845833	1.74519611895566	1.64909506799458	1.71528506832238	2.21460739106625	2.44813507437017	2.43586052005149	2.71703462361561	2.29241442575616	1.85813175625634	NA	1.96347199617288	1.641940151428	0.373226526018785	NA	NA	0.840423459995046	0.336461626231693	0.432806869038544	0.287981848832623	0.107887145130883	NA	0.482146417025651	0.249349896702684	NA	0.696885989952976	NA	0.304446533053979	0.305742105092115	NA	0.772284179985286	0.335098172862592	0.245553745797604
NA	0.298903671271412	NA	NA	0.463187864913882	NA	0.813925472683828	NA	NA	NA	1.89898764137308	NA	NA	NA	NA	NA	0.930759941489492	0.98666331151245	0.883683120148994	0.663005283132372	0.905657355782389	0.784150842854432	0.849832166193831	0.925222693044786	NA	1.12605671892579	0.848086710289975	1.13372475098579	NA	0.761564335274323	0.896275743659976	0.912808474695317	0.393877039188312	0.568649099246096	0.636306211548394	0.448273982779329	NA	0.300196555482543	0.183361655204595	0.540993463013949
NA	NA	NA	NA	NA	NA	NA	NA	NA	NA	NA	NA	NA	NA	NA	NA	NA	NA	NA	NA	NA	NA	NA	NA	NA	NA	NA	NA	NA	NA	NA	NA	NA	NA	NA	NA	NA	NA	NA	NA
NA	2.63573243567414	NA	NA	2.0502776048593	1.45796706349924	1.58098320387513	1.65675152995438	1.85793688958041	1.6889051268324	2.04877731524326	0.898180128247356	0.82994851904115	NA	NA	1.53399440069741	1.45133568213988	1.68529140820263	1.76465029944153	1.49525436768627	0.750606007389727	1.53171488464781	0.11076711854719	0.452482976394493	0.0835904563884668	1.36292856266689	NA	NA	0.715660658797039	0.65916373294471	NA	0.702352956470502	NA	0.536706978666997	NA	NA	NA	0.628729990840587	0.701860336018168	0.780835437155944
NA	NA	NA	NA	1.05647678117202	NA	NA	NA	NA	NA	NA	1.12536436807404	1.85171040446594	NA	NA	0.643757254113739	2.19022117452602	NA	NA	0.98040232224319	NA	NA	NA	NA	NA	NA	NA	NA	NA	2.28916600415004	NA	NA	1.05257532799663	0.557963210984072	NA	NA	NA	1.82987203788365	0.875098337043931	2.29157071926723
1.32072768600177	1.18496328264795	1.36432689336242	1.21511675955259	NA	NA	NA	NA	0.378412348111011	NA	NA	NA	0.778374385595145	0.854691141066957	0.447069351508449	NA	NA	NA	0.346622594194903	0.663680990279734	0.360056927386663	0.687125419933803	0.776592585723008	0.631613482575851	1.16323757018542	1.15044146016392	0.77492892189268	NA	0.494219429643872	0.53731393879447	0.384566433826722	0.179202806455559	0.244616016939187	0.618360386576893	1.3962849112001	0.288701896590095	NA	0.922884604085631	0.555768219727525	1.025012354619
1.74942881844755	1.5939729873888	NA	NA	0.649792462817815	NA	0.307438428658496	0.396382555483554	NA	0.299130624829512	0.19792918588267	NA	0.340206680829078	0.391270796686204	1.8501858675018	0.432144230833113	0.438239347042019	NA	1.86958370906412	0.338822834301437	0.715646798980075	NA	NA	0.498162550891789	NA	NA	NA	NA	NA	0.677388264452142	NA	NA	0.767064491327045	0.718884966692552	0.46160411224897	NA	NA	0.582034573790394	0.335511867972736	NA
NA	NA	NA	NA	NA	NA	NA	NA	NA	NA	NA	NA	NA	NA	NA	NA	NA	NA	NA	NA	NA	NA	NA	NA	NA	NA	NA	NA	NA	NA	NA	NA	NA	NA	NA	NA	NA	NA	NA	NA
NA	NA	NA	NA	NA	NA	NA	NA	NA	NA	NA	NA	NA	NA	NA	NA	NA	NA	NA	NA	NA	NA	NA	NA	NA	NA	NA	NA	NA	NA	NA	NA	NA	NA	NA	NA	NA	NA	NA	NA
1.06451610428646	NA	0.974442540437042	1.09394169970722	0.980667767012729	0.895584047958653	0.570125233673428	0.310274090108889	0.659261608202424	0.187606229286033	NA	NA	0.715449555146107	0.527409439069072	0.600765522530226	NA	NA	0.752094872801393	0.744268300119849	0.620161654970445	NA	1.83146411914542	0.23987019745944	NA	0.614470604945135	NA	0.575151919309402	0.376605982923988	0.529091990012582	0.60548235016353	NA	0.674329829505112	NA	0.846386813878536	0.814251060365756	NA	NA	NA	0.284374700618888	0.487154901381129
0.743455226609992	NA	1.2270239772589	NA	1.05412693016962	NA	1.00953610956905	1.03078162337826	0.917989449547811	1.0388188648531	1.20522576136497	1.00818941340103	1.12013454283818	0.9015586742021	1.06959514113051	0.701615846658259	0.805212301784425	NA	NA	0.731702208482311	NA	0.428570986217429	NA	NA	0.789800867984795	NA	NA	NA	NA	NA	NA	NA	0.438649023291994	NA	0.8298398017935	NA	NA	NA	0.738454906274218	NA
0.778483640156104	0.513981667699282	NA	0.557618980847789	0.452556321487825	0.41716174545465	0.633445961134559	0.894477932877817	NA	0.69314591678947	0.695172943500982	NA	0.591595931697463	0.547975937508451	NA	0.351115598978698	0.641960207355167	NA	0.76638813464262	0.376792606220337	NA	0.662391843881139	0.506364048868104	0.429805237137025	0.378250136230831	0.879517561453693	0.204488307167067	NA	0.968509464982377	0.525059216578812	0.366047225619981	0.659166023230302	0.938062461465784	NA	0.481740158204525	1.1291977577921	NA	0.78390741500947	1.04922638381109	NA
0.767944167768966	NA	NA	1.38991917051011	NA	0.413293348101316	0.391524890543557	0.53010438548946	0.282818469008988	0.172742358289501	0.421122291289717	0.698301932445396	0.821024711926062	0.856902497994759	0.323121804259104	NA	0.660736833551637	NA	0.539086276411965	0.518036194879244	NA	0.369094897062706	NA	NA	0.332523315005289	NA	NA	NA	NA	NA	NA	NA	NA	NA	NA	NA	NA	NA	0.199950730032249	NA
NA	NA	NA	1.7317825514982	1.55808042591081	1.32969603511922	NA	NA	NA	NA	NA	1.49796329068812	1.5792463956461	NA	1.7595053560376	1.91570205635238	1.68186816064262	NA	1.7688871258877	2.03303732881266	NA	0.666628327279924	0.721566885239321	0.731117749079747	NA	NA	NA	NA	NA	NA	NA	1.53752015696551	1.4947084848228	1.72807264022561	NA	1.86847628734535	NA	1.33330784648266	0.215360227002309	0.769255746024034
NA	NA	NA	NA	NA	NA	NA	NA	NA	NA	NA	NA	NA	NA	NA	NA	NA	NA	NA	NA	NA	NA	NA	NA	NA	NA	NA	NA	NA	NA	NA	NA	NA	NA	NA	NA	NA	NA	NA	NA
1.62169728650668	NA	2.2333799131196	NA	1.88363049793724	1.68670517050208	2.02059468824339	NA	1.83695390883479	NA	1.73785181766486	1.19964912059578	1.2632291151616	1.78569828605522	NA	2.39580669651035	0.857893547439606	1.17577227841989	1.50808959468779	0.883591184957249	1.10622280813209	0.90038123289565	NA	0.928818513920922	1.6728344057403	1.04882354283054	NA	0.876572053078243	NA	NA	NA	NA	0.597010114965168	NA	0.506186110227495	0.335329308204328	NA	1.88756476695998	0.395229459183701	NA
NA	NA	NA	1.28129835334086	NA	1.84994502299864	NA	1.81900577870897	1.92879651471031	NA	NA	NA	NA	1.06600001885676	NA	NA	1.92248444832882	1.55980510560883	1.09826451384986	1.07199974731588	NA	0.323670812986079	1.23230341739915	0.896814114791798	0.728952545885105	0.694144946511337	NA	0.360373239141656	0.572627646007029	NA	0.549431455879892	0.87568483250538	0.627280885086844	0.341215162292993	0.240685258830736	0.15305757453867	NA	0.479021465389446	0.750873561027637	0.847405100200494
NA	NA	NA	NA	NA	NA	0.507998896872212	0.399374869780274	0.673731977749848	0.543304161613499	0.395414080792096	1.22973933183592	0.962107900793095	0.715112435092406	0.620514423855276	0.876998706541186	NA	NA	0.662768640301302	0.788112303607162	0.551401440917772	0.399425900623948	0.68454171943563	0.783216343102809	NA	NA	NA	NA	NA	NA	NA	NA	1.33201182827715	NA	0.823672827115696	0.715788102929152	NA	0.908336548141615	0.986881164764199	NA
1.31853671708459	NA	NA	NA	NA	NA	0.871813416575663	NA	NA	1.22084210047971	0.702491519016845	0.722614558704304	NA	NA	NA	NA	NA	NA	0.680518927501946	1.14632514629351	NA	0.898238145302431	0.700870685832415	1.55333712456851	1.04029523423781	1.32443943289583	NA	NA	NA	0.210017837993392	NA	NA	0.183615655140434	NA	1.11912950299685	NA	NA	NA	NA	0.440794657107082
NA	NA	NA	NA	NA	NA	NA	NA	NA	NA	NA	NA	NA	NA	NA	NA	NA	NA	NA	NA	NA	NA	NA	NA	NA	NA	NA	NA	NA	NA	NA	NA	NA	NA	NA	NA	NA	NA	NA	NA
NA	NA	NA	NA	NA	0.855137558783603	0.921481248564858	0.930501288236261	0.792115789970824	1.18360674678117	1.73386288995091	1.25306290017413	NA	1.37000138023599	NA	0.540842764582198	NA	NA	NA	0.740606649553465	0.997547896828823	1.39216993818416	1.41447296969924	0.572734809182877	0.472248005417532	NA	NA	0.997508067574156	1.1074137250503	NA	0.973750561852834	0.785596227031628	1.29988846713228	NA	NA	NA	NA	1.10552904051249	NA	1.50735819818038
1.44304486027886	NA	NA	NA	NA	0.8323202522774	1.46047464966956	NA	1.70350066565202	0.983167198390912	NA	NA	NA	NA	1.63166753305886	NA	NA	NA	NA	NA	1.47570265568664	1.67324470073789	0.384433384188695	0.754122790573324	0.409879712320539	NA	NA	NA	NA	NA	NA	NA	0.294141013821253	NA	NA	NA	NA	0.199088800111506	1.84877616913022	NA
NA	NA	NA	NA	NA	NA	NA	NA	NA	NA	NA	NA	NA	NA	NA	NA	NA	NA	NA	NA	NA	NA	NA	NA	NA	NA	NA	NA	NA	NA	NA	NA	NA	NA	NA	NA	NA	NA	NA	NA
NA	NA	NA	NA	NA	NA	1.05008540232198	1.21296364909607	1.09520283413884	0.944025364730126	NA	0.498104906837242	NA	0.182442234476339	NA	NA	2.17450070295307	NA	2.18859592455596	0.461559555682427	NA	NA	0.875862228611701	NA	NA	NA	NA	NA	NA	NA	0.827409250070141	0.858877425733559	NA	NA	0.30985582029505	NA	NA	NA	0.736858171199084	NA
NA	1.10494310649313	NA	1.22092362420643	NA	NA	0.888790958151481	1.51038707793167	NA	NA	NA	1.13701613988986	1.05441328620458	1.3972671390216	1.34784656089911	NA	0.960693566433867	NA	NA	0.853253809833468	0.527812724074285	NA	0.832226780594495	NA	1.89901959685632	0.450618194892537	NA	NA	NA	0.981867737081975	0.919377999191853	NA	0.218842359997577	NA	0.47353836812901	NA	NA	0.142007813823715	NA	NA
NA	NA	NA	NA	NA	0.957108215987738	1.11098120769539	NA	NA	NA	NA	1.58621191067804	1.29270898065913	1.5847204974514	NA	1.53696744020938	1.66292771402564	2.07306820163582	2.08424130405952	NA	2.05108561613696	NA	1.12947966227931	NA	NA	NA	NA	1.34217177586696	NA	NA	NA	NA	0.541906304342486	NA	NA	0.249833142009685	NA	0.160898201254094	0.401198652880444	NA
0.682772311495725	0.92169101595442	NA	NA	0.541576764894372	0.913965896144117	0.816135130147099	NA	0.909060523908958	0.629006530502907	0.502668008214369	1.12926580540877	1.42538879957116	1.17120181015328	1.0663235636911	NA	1.13362024243009	0.90036234807219	0.732411560739615	0.706672727097802	0.453859165091585	0.264754396171668	NA	0.28740709445075	0.664659833621044	NA	0.360156657661113	0.461379995692154	0.430892575134607	0.727629121924907	0.718049447309434	0.541740729289338	NA	0.382438978116559	0.364311708866032	0.311361100923138	NA	0.879908841789594	NA	0.553146050441083
NA	NA	NA	NA	NA	NA	NA	NA	NA	NA	NA	NA	NA	NA	NA	NA	NA	NA	NA	NA	NA	NA	NA	NA	NA	NA	NA	NA	NA	NA	NA	NA	NA	NA	NA	NA	NA	NA	NA	NA
0.653999047458004	NA	NA	NA	NA	NA	1.02501835523187	0.249984854356542	NA	NA	NA	NA	NA	0.787897453654718	NA	NA	0.671426844588567	NA	NA	NA	NA	NA	NA	NA	NA	NA	NA	NA	NA	0.739218255578952	NA	0.331161122672803	0.555548933966047	0.834192682327852	0.318723551405344	0.405822650510359	NA	0.47228975360467	0.393904137202699	NA
0.70480528034752	1.21693052638386	1.16999513497555	NA	NA	NA	NA	0.494526510792576	0.528397403847555	1.0012244296515	NA	NA	NA	NA	0.81727131270826	0.889805653250403	NA	0.948750735908892	0.438443939375332	0.324668280520894	NA	0.663476356271708	NA	NA	NA	NA	NA	NA	2.06579051841527	NA	1.1334734195197	0.371276940324907	NA	0.608768476092107	NA	NA	NA	0.122760818954899	0.185260015116724	NA
NA	NA	1.95444744310204	NA	1.55371302876651	0.821160336820602	NA	1.00902609823654	1.33780480118871	1.22343884312666	NA	1.00840037546151	NA	1.30560127271517	1.41410517435821	NA	1.32633020397728	NA	NA	0.74700079825238	1.19849477233597	1.11192412817331	NA	0.941373008832092	NA	NA	0.4866758644057	NA	NA	NA	NA	0.77708830795736	NA	NA	NA	NA	NA	NA	0.351878577098534	NA
NA	NA	NA	NA	NA	NA	NA	NA	NA	NA	NA	NA	NA	NA	NA	NA	NA	NA	NA	NA	NA	NA	NA	NA	NA	NA	NA	NA	NA	NA	NA	NA	NA	NA	NA	NA	NA	NA	NA	NA
0.315188026246247	0.558538482234941	1.82422825107049	1.12316314599652	NA	0.536515779655997	0.669652745464255	0.591819932415393	0.539356110912863	NA	1.00554726010173	0.399020612796147	1.29119385892636	0.545566926032247	NA	0.818055924324998	0.757715564295177	0.200270967606938	0.495480002142613	0.53583996015115	1.15698668948008	1.64352849404076	NA	NA	NA	0.271097178903904	NA	NA	0.374613605588308	0.674704230688513	NA	0.470292990153016	0.330472364636941	NA	0.779292972403912	NA	NA	0.457929245505523	0.210421619697912	0.464239698501142
NA	NA	1.12104079294983	0.844451273325637	1.05999885625747	NA	NA	0.798604978532884	NA	NA	NA	1.41124061096427	NA	2.23348312535002	1.77602267473396	NA	1.89879380165069	1.98993802990093	0.876837043571611	NA	0.643029714627085	1.76583740680029	1.02644759918257	NA	1.95209909998174	NA	1.84696666067717	NA	NA	NA	NA	0.724953621475984	0.994393139517814	0.263328585462771	NA	0.298113471513457	NA	0.668916215721474	0.265211086232421	1.94700153955723
NA	NA	NA	NA	NA	NA	NA	NA	NA	NA	NA	0.773479544694395	NA	NA	NA	NA	0.829581299356079	NA	0.626163124463817	NA	NA	0.539817078829439	0.315131666225529	0.463839600286147	NA	NA	0.665991157066848	NA	NA	0.113310910750107	NA	0.561204472568845	0.385527945281023	0.629553615156872	0.651905248810787	NA	NA	NA	0.764340631762478	NA
NA	NA	NA	NA	NA	NA	NA	NA	NA	NA	NA	NA	NA	NA	NA	NA	NA	NA	NA	NA	NA	NA	NA	NA	NA	NA	NA	NA	NA	NA	NA	NA	NA	NA	NA	NA	NA	NA	NA	NA
NA	1.29577323175707	1.31440934438532	NA	1.22775100451348	1.44787591996744	1.37802058897592	0.881039600659156	1.09275019725065	NA	1.71934778632822	NA	0.812784351577711	NA	1.44920027102463	NA	0.779481891375734	1.15837336085852	0.558089208441017	0.819682749954332	1.58609144253317	1.39088234450652	NA	NA	NA	NA	1.4182472507047	NA	NA	0.804262097461167	NA	1.78920136688691	0.297706366502633	NA	NA	NA	NA	1.04031124996232	NA	0.706066894760148
NA	1.77456023681022	1.9123204223854	1.80849189283673	NA	NA	1.00164787907393	1.03920222752344	NA	NA	0.514158477534409	NA	NA	NA	0.705152496136038	NA	NA	0.90335080909655	NA	0.63678468557123	NA	0.220961233736258	NA	NA	0.672503175589567	NA	0.748883199120339	NA	NA	NA	0.403711609030211	0.188319689841438	NA	0.261482758949834	0.261637312713669	NA	NA	0.346921118381694	NA	0.30131518700605
NA	NA	NA	NA	0.849572107232677	NA	NA	NA	1.46871411529463	1.64861184459164	0.931028919953496	0.886278296619195	0.969739409715868	1.06336480273144	1.03758314808183	1.29904549425813	NA	NA	1.2176846763966	0.606210635567227	0.839596603400573	NA	1.12767589606637	1.02336329849569	0.894518688369462	NA	NA	1.23721159146462	NA	1.02654855763067	NA	0.821464166605065	0.811450380102605	NA	NA	NA	NA	0.188880704044213	0.461592939440093	NA
NA	NA	NA	NA	NA	NA	NA	NA	NA	NA	NA	NA	NA	NA	NA	NA	NA	NA	NA	NA	NA	NA	NA	NA	NA	NA	NA	NA	NA	NA	NA	NA	NA	NA	NA	NA	NA	NA	NA	NA
NA	NA	NA	NA	NA	NA	NA	NA	NA	NA	NA	NA	NA	NA	NA	NA	NA	NA	NA	NA	NA	NA	NA	NA	NA	NA	NA	NA	NA	NA	NA	NA	NA	NA	NA	NA	NA	NA	NA	NA
1.5921036978522	NA	1.79857297663425	NA	NA	1.90872931310884	NA	NA	2.03679865081699	NA	NA	NA	NA	NA	NA	NA	NA	NA	NA	NA	1.12164026373	NA	NA	NA	NA	NA	NA	NA	NA	NA	0.445385431291076	0.594666317165972	0.612413620308704	NA	NA	NA	NA	0.125771627710714	0.26655374581008	NA
NA	NA	NA	NA	NA	NA	NA	NA	NA	NA	NA	NA	NA	NA	NA	NA	NA	NA	NA	NA	NA	NA	NA	NA	NA	NA	NA	NA	NA	NA	NA	NA	NA	NA	NA	NA	NA	NA	NA	NA
NA	NA	NA	NA	NA	1.57887806009536	2.00424585887517	0.783678419105674	NA	1.38892482435932	0.877006199826738	NA	NA	0.234813705092014	NA	NA	1.75711552942882	2.15355401270564	0.792697846656474	0.489300182520049	0.843347658868541	0.538768716798486	0.894213688097965	0.809288808737055	1.87079064792265	0.649280142774934	NA	NA	NA	NA	NA	0.546992558453668	NA	1.95130218457331	NA	0.133506631988777	NA	NA	NA	NA
NA	NA	0.204039584347475	NA	0.55428604259408	NA	0.564171558423219	0.965664183183447	0.926984301083708	0.803897027860954	0.593512956917496	0.414777296651851	0.918793940768491	NA	NA	1.63302454026587	1.24261688891762	0.893837742230637	NA	0.52449852713066	NA	NA	NA	NA	0.713996702163138	NA	NA	NA	NA	NA	NA	1.21186655869579	2.18860508913997	1.30936539134122	NA	NA	NA	NA	NA	NA
NA	1.18916400172715	1.4003692549104	0.626202215110154	0.754704520551089	NA	1.10132948891412	NA	0.817354835456409	0.654821190389886	0.887722389889506	0.61150924638984	NA	0.676906705293591	1.10391114973793	1.03309008972983	0.748585614944656	1.1343396437628	NA	NA	0.462810379164032	0.471984490322647	NA	0.834298877387073	0.59933066270818	0.525065732630751	0.878594390952558	0.312837425769983	0.339495238173198	0.238266200327303	0.260239230362537	0.331616466613014	NA	NA	0.309778339447343	NA	NA	NA	0.298957602385094	0.588071138495591
NA	NA	NA	NA	NA	NA	NA	NA	NA	NA	NA	NA	NA	NA	NA	NA	NA	NA	NA	NA	NA	NA	NA	NA	NA	NA	NA	NA	NA	NA	NA	NA	NA	NA	NA	NA	NA	NA	NA	NA
NA	NA	NA	NA	NA	NA	NA	NA	NA	NA	NA	NA	NA	NA	NA	NA	NA	NA	NA	NA	NA	NA	NA	NA	NA	NA	NA	NA	NA	NA	NA	NA	NA	NA	NA	NA	NA	NA	NA	NA
NA	NA	NA	NA	NA	NA	NA	NA	NA	NA	NA	NA	NA	NA	NA	NA	NA	NA	NA	NA	NA	NA	NA	NA	NA	NA	NA	NA	NA	NA	NA	NA	NA	NA	NA	NA	NA	NA	NA	NA
NA	NA	NA	NA	NA	NA	NA	NA	NA	NA	NA	NA	NA	NA	NA	NA	0.991930554285673	0.880340115497194	0.857966241280474	0.66407459557806	NA	NA	NA	NA	NA	NA	NA	1.32733605540139	NA	NA	1.05892586752822	1.42483349906095	NA	1.05083135520289	0.870007473702962	0.422197956826709	NA	0.630999498095768	NA	0.445628580277146
0.676729754714567	2.16426117962996	NA	NA	0.420759845275644	0.577607588956546	0.82029240075426	0.512517568077004	0.397649733936171	NA	NA	NA	NA	NA	1.02503399419108	0.988674819781834	1.28353903946417	NA	NA	NA	NA	NA	0.439612360871765	0.533965928286551	NA	NA	NA	0.675609848704401	0.98685878781448	1.10451158570879	1.56736791448314	NA	NA	0.70999021287579	NA	NA	NA	1.15560525712637	0.974963924870789	1.54345678820122
NA	NA	NA	NA	NA	NA	NA	1.55415746183311	1.55796473504104	NA	1.16730321160368	0.769118285531924	NA	NA	0.789372555079091	0.944523695423634	0.641463958637586	NA	NA	1.06719877716298	NA	NA	1.03180290918619	0.497311172172295	NA	NA	NA	NA	NA	0.317580476294406	0.433396546478394	NA	NA	0.241070098510895	0.478446223956976	0.649719277309964	NA	0.605556831785538	0.553647441884861	0.407443029844906
NA	NA	NA	NA	NA	NA	1.63592320419532	1.69605223923434	NA	NA	1.74603300471725	NA	1.43697483340762	NA	1.17311743399383	0.802512557102077	1.22241810915991	1.31190412425271	1.20923149137808	1.10527002891622	NA	0.801879870602493	NA	0.719784915191159	0.820338380101197	NA	NA	NA	0.535046061705563	NA	NA	0.649201631327937	0.372285802244961	0.535663272116263	0.340210697432923	NA	NA	0.492628141375225	0.46099106763959	NA
NA	NA	NA	NA	NA	NA	NA	0.996749265072684	1.73303934236973	1.0018298101953	0.550259172469251	1.23485037672841	NA	1.08386689770063	1.0332459648885	1.30873291932796	0.611274100345714	0.449233057137429	NA	NA	0.673811880572868	0.633127749906386	NA	0.670382598809856	NA	NA	NA	0.753742923744737	0.822766960904472	NA	NA	0.776964788115269	NA	0.562050472459345	0.625906691211143	0.882421391850047	NA	0.503520725463157	0.682778525366871	NA
NA	NA	NA	NA	NA	NA	NA	NA	NA	NA	NA	NA	NA	NA	NA	NA	NA	NA	NA	NA	NA	NA	NA	NA	NA	NA	NA	NA	NA	NA	NA	NA	NA	NA	NA	NA	NA	NA	NA	NA
NA	NA	NA	NA	NA	NA	NA	NA	NA	NA	NA	NA	NA	NA	NA	NA	NA	NA	NA	NA	NA	NA	NA	NA	NA	NA	NA	NA	NA	NA	NA	NA	0.492609121893576	0.73519667942083	0.408230127997917	NA	NA	0.366064993099324	0.452291537097897	0.787502684152841
NA	NA	NA	NA	NA	NA	NA	NA	NA	NA	NA	NA	NA	NA	NA	NA	NA	NA	NA	0.617353438233218	NA	NA	NA	NA	1.60498643640648	NA	NA	NA	NA	NA	1.41016338690566	1.56507651452787	0.644560972233011	NA	NA	0.63626355843945	NA	0.375019332126275	0.436559195105974	NA
NA	1.06890900714949	NA	NA	1.40474678847115	1.58092915705368	1.92443912414584	NA	NA	NA	NA	NA	NA	2.22474981286067	NA	NA	1.88098487500362	1.98295529760125	1.06151190635388	NA	NA	NA	NA	NA	NA	NA	NA	NA	NA	NA	NA	1.12399320983948	NA	0.425196340713315	0.217795578845458	0.304203172412991	NA	NA	0.413782885664229	NA
NA	NA	1.06976820497564	NA	NA	1.09876790617049	NA	1.08843482310222	0.707162716849977	1.03550571197518	0.940796167134564	0.617538973400259	0.561875862815695	0.913891097463908	0.91604413221243	0.873284873104608	0.522588871307951	1.06014271300934	0.645360145888489	1.15455361070652	NA	NA	1.17233789911647	NA	NA	NA	NA	0.934483633428833	NA	0.815822779823123	0.677376428718946	0.477272688668913	0.680344477311896	0.214730641027923	0.245936445384302	0.252073344611381	NA	0.306086078391395	0.409281782028166	0.597879629530591
NA	0.700538715875316	NA	1.02825551763575	0.960784722988907	1.08621574437033	NA	NA	NA	NA	NA	NA	NA	NA	NA	1.69311792521126	1.08270564285695	0.919444328596715	NA	NA	0.80337726726826	0.698474868360495	NA	NA	NA	NA	NA	0.946048152190801	0.202903726887137	0.374278062936715	0.406363136102656	0.446082405134274	NA	0.178947980893487	0.202382417742646	0.399676763916132	NA	0.477914377149865	0.84043845985358	NA
NA	NA	NA	NA	NA	NA	NA	NA	NA	NA	NA	NA	NA	NA	NA	NA	NA	NA	NA	NA	NA	NA	NA	NA	NA	NA	NA	NA	NA	NA	NA	NA	NA	NA	NA	NA	NA	NA	NA	NA
1.21189314819367	NA	0.867309955397286	NA	NA	NA	NA	1.63297722107798	1.41000701577552	1.13411043922364	1.08464103491796	NA	NA	1.01405153197635	NA	NA	NA	1.53944213686471	NA	NA	NA	0.546440871059072	1.14755095982797	NA	0.501327455625582	NA	NA	0.455838161770583	0.551953687409306	NA	NA	0.555649955336249	NA	0.719350329545292	0.177394280723514	0.550557625264865	NA	0.231278869196724	0.340919351215312	0.279359847202238
NA	NA	NA	NA	NA	NA	NA	NA	NA	NA	NA	NA	NA	NA	NA	NA	NA	NA	NA	NA	NA	NA	NA	NA	NA	NA	NA	NA	NA	NA	NA	NA	NA	NA	NA	NA	NA	NA	NA	NA
NA	NA	NA	NA	NA	NA	NA	NA	NA	NA	NA	NA	NA	NA	NA	NA	NA	NA	NA	NA	1.25581313020903	0.4902590123083	0.209628174154389	0.314757190571859	0.563206176346552	0.377512374188725	0.667397560187794	0.548560471594429	0.434463551275277	0.440976110786712	0.435979367945047	NA	NA	0.328219010466117	1.70445456396596	NA	NA	NA	NA	0.631077905583671
NA	NA	NA	NA	NA	NA	NA	NA	NA	NA	NA	NA	NA	NA	NA	NA	NA	NA	NA	NA	NA	NA	NA	NA	NA	NA	NA	NA	NA	NA	NA	NA	NA	NA	NA	NA	NA	NA	NA	NA
NA	NA	NA	NA	NA	NA	NA	NA	NA	NA	NA	NA	NA	NA	NA	NA	NA	NA	NA	NA	NA	NA	NA	NA	NA	NA	NA	NA	NA	NA	NA	NA	NA	NA	NA	NA	NA	NA	NA	NA
0.493213025206854	0.593714014912716	0.626710572765519	1.0604762244785	NA	0.541727328897273	NA	0.601346522452594	0.916473377956987	0.89385982291528	NA	0.962585805793093	0.74195140375507	0.274319801406715	0.189364575632131	NA	NA	0.8486938123844	1.11260967841	2.02365659439322	0.878566079099482	0.620181069582136	NA	0.189276866704503	0.545493622703734	NA	NA	0.698170903328237	0.700129178158584	0.804296711760593	0.761987164626289	1.83732657604089	0.856398115049745	0.524831675877147	0.31672805433217	0.36636531116849	NA	0.653346780221731	0.627318173604536	0.899396866467557
NA	NA	NA	NA	NA	NA	1.28068606756978	NA	1.20862923734209	1.18048242157297	NA	1.37177649383192	NA	NA	NA	NA	1.15648210366263	1.57315469630758	NA	NA	NA	NA	NA	0.363491433615437	0.344272384988126	0.657256519347058	0.349879542094284	NA	0.256185629047219	NA	NA	0.380182097800779	0.600742328821824	NA	NA	0.551026748715125	NA	NA	0.346056881230245	0.725703611645196
0.561054032419282	NA	NA	0.684374121481694	NA	NA	0.654164085640358	NA	0.589163818605404	0.756423637602521	0.877019821213769	1.05167756305921	1.29489325108855	1.30498351270032	1.52004026522333	NA	NA	1.6021662791858	1.19620934629139	1.17283363929852	NA	0.534138810993983	0.610204143851252	NA	NA	NA	0.593331487181433	NA	0.216902091189962	NA	0.820230005403371	0.877116468697262	0.314626138601564	0.312991713294795	0.689397967761813	0.535022871911758	NA	0.163035609899913	0.186227550399178	0.319291187092055
NA	NA	NA	1.07188002136497	NA	NA	NA	NA	NA	NA	1.67508572341734	NA	NA	NA	NA	NA	NA	NA	NA	NA	1.3714471182419	NA	NA	NA	NA	1.25614115679631	0.881198100685577	NA	1.37669866713233	1.63467803166486	1.21626546261575	1.30333442439724	0.835969066726389	0.941846985407684	NA	0.932349811199728	NA	2.05524881483982	1.49237295693373	2.89348301246265
1.82910409937192	NA	NA	0.730992279629153	NA	1.20895646740387	NA	NA	NA	1.0114739522364	NA	NA	NA	1.54731001127555	1.46800263759056	NA	1.19208350324601	0.621795608856097	1.21665109594616	NA	1.00176925546527	NA	0.570579749941296	0.61463186078319	0.685107455882209	NA	0.527894634160387	0.361751123539856	0.496894654202542	0.241723828356998	NA	0.443759119620283	NA	0.97243557216343	0.755117317758463	1.36212383981901	NA	NA	0.167019809471855	0.223308445671621
NA	NA	NA	NA	NA	1.39616326197657	1.31149259183967	NA	1.33606148441205	NA	NA	NA	NA	NA	NA	NA	1.43371902310375	1.33991178003236	1.33789680895843	NA	1.52580027697722	1.35571191433554	1.23261543577249	NA	NA	NA	NA	NA	NA	1.24600858319422	1.38614167073691	NA	NA	0.754942672780191	1.08930821926155	1.31638237370152	NA	1.16733651934449	0.321944920394368	NA
NA	NA	NA	NA	NA	NA	1.3419989382222	2.04978767403189	0.835020555775731	NA	NA	1.06796979919623	NA	1.28443789844018	0.979461624778885	NA	NA	NA	0.978566520667573	NA	1.2658676196777	0.299084798626739	0.447088214903081	NA	NA	0.38100590154058	NA	NA	NA	NA	NA	1.72433612705829	1.85955086130116	0.479876107624983	NA	0.650620225382038	NA	1.86398253478595	NA	NA
NA	NA	NA	NA	NA	NA	NA	NA	NA	NA	NA	NA	NA	NA	NA	NA	NA	NA	NA	NA	NA	NA	NA	NA	NA	NA	NA	NA	NA	NA	NA	NA	NA	NA	NA	NA	NA	NA	NA	NA
1.18125817825111	0.990160537462989	NA	1.12704649566477	0.907412300416747	NA	1.0712440816141	1.01852128321285	0.833092582886113	1.06368127630496	0.857806637562811	1.10464539188983	1.09594070000569	0.97103448653593	1.53656896486765	1.48322738653252	1.20411783545494	1.04099645737555	1.02825277739872	NA	0.832753678688139	0.661225592790867	0.286230286432464	0.42983418969107	0.448124688978807	0.519744834685271	0.362993748797641	NA	0.537955355622333	0.732055484745362	0.422294795751817	0.647004582911745	0.481244825905772	NA	NA	NA	NA	NA	0.357042279018517	NA
NA	NA	1.04099900736686	1.09080015783631	NA	1.56798921472053	1.33007319046386	1.71700702616996	0.940724849768326	1.03637805001198	NA	NA	NA	0.683950988915501	1.54450904288257	0.806739869289969	0.745338712600139	0.690673374204253	NA	0.492257311016458	0.865521518354007	0.702596888938706	NA	0.590160706148658	0.933100304385896	1.06954284208741	0.79689942598748	NA	0.442748430676313	0.219896642841968	0.368515123659147	0.11785313826414	0.481845698044727	NA	0.175226036856888	0.554242414719052	NA	NA	0.250680260733676	0.331399371558153
0.960046202629419	NA	NA	0.232047068085045	NA	1.61349021023802	NA	NA	NA	NA	NA	NA	1.15830523079838	NA	NA	NA	0.51501590265042	NA	0.306592248285972	0.689880966511484	0.244268276199232	0.119587495830785	0.171579310930873	0.343005639722184	NA	NA	1.85566872100071	NA	0.762927071633422	0.616123201357384	1.11249836492677	0.15470370970428	NA	NA	NA	NA	NA	NA	NA	NA
NA	NA	NA	NA	NA	NA	NA	NA	NA	NA	NA	NA	1.03896008227427	NA	1.3287584830793	NA	NA	0.435722761237722	0.82266861145296	NA	0.731112356631561	0.54728222497416	NA	NA	NA	NA	NA	0.772360402395137	NA	0.729783346823301	0.753542125541555	0.916822461553846	NA	0.808205885651429	NA	1.21878763224069	NA	0.432358076087039	NA	NA
NA	NA	NA	NA	NA	0.326711982302243	0.771703710664661	1.46228266328813	0.661311978013814	1.07988111555739	1.12060383403837	1.22974879155357	1.62340892765924	1.07757058830256	0.498439867349983	NA	0.56584736539865	0.485339768026842	0.449092209657197	0.35438962478659	0.863849535746432	0.270985203821797	0.413556065792021	NA	0.730191965828187	0.640163405122654	NA	NA	0.424705194021415	0.234049358857272	NA	0.0977126793436072	0.151043683694072	NA	0.356533708519189	0.530327105489314	NA	NA	1.14722196457023	NA
NA	NA	1.05130307253618	NA	0.623332695538415	NA	1.10188814461165	0.825069778390456	0.754022519631302	0.964512259447614	0.595286432838749	NA	NA	1.61224709422979	NA	1.05232165943013	1.05053634123737	0.847481359179944	NA	1.0079765198444	NA	1.11023081362553	0.535993562272849	NA	NA	1.35067201763106	NA	0.662845849970279	1.33960956225364	0.549776087592925	1.54183425470836	NA	NA	0.272141478405669	NA	0.658183301731865	NA	NA	0.603737063095441	0.638225895912741
0.748712608051768	NA	NA	NA	0.626042042708718	0.89955889039837	NA	1.17909171004383	0.926616123051706	NA	0.510143040879139	0.798099458649642	0.998403269032182	1.29638703367942	0.884245541776599	0.870659147657029	0.701904931760492	NA	0.316739726724194	0.453395701854656	0.706400042248044	0.474037404517885	NA	NA	NA	NA	NA	2.32341353398969	0.343623628111641	0.281154464642329	NA	NA	NA	NA	1.73704251077102	NA	NA	NA	0.253490496645032	NA
NA	NA	NA	NA	NA	NA	NA	NA	NA	NA	NA	NA	NA	NA	NA	NA	NA	NA	NA	NA	NA	NA	NA	NA	NA	NA	NA	NA	NA	NA	NA	NA	NA	NA	NA	NA	NA	NA	NA	NA
NA	NA	NA	NA	NA	NA	NA	NA	NA	NA	NA	NA	NA	NA	NA	NA	NA	NA	NA	NA	NA	NA	NA	NA	NA	NA	NA	NA	NA	NA	NA	NA	NA	NA	NA	NA	NA	NA	NA	NA
NA	NA	NA	NA	NA	NA	NA	NA	NA	NA	NA	NA	NA	NA	NA	NA	NA	NA	NA	NA	NA	NA	NA	NA	NA	NA	NA	NA	NA	NA	NA	NA	NA	NA	NA	NA	NA	NA	NA	NA
NA	NA	NA	NA	NA	NA	NA	NA	NA	NA	NA	NA	NA	NA	NA	NA	NA	NA	NA	NA	NA	NA	NA	NA	NA	NA	NA	NA	NA	NA	NA	NA	NA	NA	NA	NA	NA	NA	NA	NA
NA	NA	NA	NA	NA	NA	NA	NA	NA	NA	NA	NA	NA	NA	NA	NA	NA	NA	NA	NA	NA	NA	NA	NA	NA	NA	NA	NA	NA	NA	NA	NA	NA	NA	NA	NA	NA	NA	NA	NA
1.56066456406967	NA	NA	NA	NA	1.09448131585087	1.19337342726421	1.29612629600741	1.00945154222344	NA	NA	0.858529538137187	NA	0.92923469602949	0.806051921193543	NA	NA	0.447471114329974	NA	0.732995776557391	NA	NA	0.293698756228264	0.481747102518541	NA	NA	NA	NA	1.31992285707216	0.597582555097725	NA	NA	NA	0.431808382231244	NA	NA	NA	0.181029369893992	0.322157789938829	0.746206181885264
NA	2.79385917560238	1.46267366929815	1.0139063244399	NA	1.90502687154444	1.58168981570149	1.43798998630326	1.25118705565068	1.12286395497983	1.30266718448562	1.0891695885356	NA	1.49465505683992	1.15699166745347	1.17788230579736	1.39722872690112	1.95642487209693	1.44613143378299	1.37771367418715	1.95923137521461	NA	0.757193220294643	0.892309937876066	0.866698431487877	1.15170024431956	1.10301590519453	NA	NA	1.06353632517703	0.90865983736341	1.09566350795406	3.04602631889608	0.877472779521548	1.04664295811083	2.3110891970731	NA	0.983276286730829	0.661391622232817	0.651373356952468
NA	1.69575554803544	NA	2.65402475936046	0.482362386288815	0.695363856295934	2.22577321818264	0.936839077357708	0.712169158817956	1.26413143907677	1.3724786898035	0.940530302534666	2.11096857233968	0.986098846817954	0.860473762950037	1.01991175309025	1.59305875404064	0.792801441654218	NA	2.45184479179923	2.42704733750273	0.433115768423076	0.415092637690016	NA	0.885902031006865	2.26552546971634	NA	NA	2.16840541980821	0.274809324774666	NA	2.28900771046818	NA	0.486666595713539	NA	NA	NA	2.33594207708604	2.65081398470324	1.26940312693159
NA	NA	NA	NA	NA	NA	NA	NA	NA	NA	NA	NA	NA	NA	NA	NA	NA	NA	NA	NA	NA	NA	NA	NA	NA	NA	NA	NA	NA	NA	NA	NA	NA	NA	NA	NA	NA	NA	NA	NA
NA	NA	2.02845619405603	NA	1.84764481752729	1.16601580492182	1.61593139760489	0.841436103083979	NA	1.89416651368511	0.553156376363186	1.16772092085008	NA	NA	NA	NA	1.04499322817577	NA	NA	0.497195620643044	NA	0.829582218086394	NA	NA	0.963569506034588	NA	NA	NA	NA	0.408948597521317	NA	0.356286917539364	0.12162765921813	NA	NA	0.739177332309514	NA	NA	NA	NA
NA	1.1717371561858	NA	NA	1.08790599138649	NA	NA	NA	NA	NA	NA	NA	NA	NA	NA	NA	NA	NA	NA	NA	NA	NA	1.60212349987161	1.57415564711061	1.61691718139819	NA	NA	NA	0.418677780983473	NA	NA	1.19842488773649	0.81194106737053	NA	0.329895527401852	NA	NA	0.558815063821175	NA	0.503079787685051
1.82164754605614	0.633614595771363	NA	NA	0.771283111810513	NA	1.42151745696113	1.70635942474385	1.72216309348137	1.49559287510434	1.05405182403404	1.41908346844422	1.23352084179383	NA	1.72112530662907	NA	1.06438217928722	0.657867872089963	0.716154519839355	1.47357978034767	1.55871454880439	NA	0.506416185714384	0.941837902934363	0.793695498586602	NA	NA	0.651200295330475	NA	NA	NA	NA	0.270319396621179	0.2493782378713	NA	0.148414021255592	NA	0.586103040462726	0.190029899365973	0.465745340670398
NA	NA	NA	NA	NA	NA	NA	NA	NA	NA	NA	NA	NA	NA	NA	NA	NA	NA	NA	NA	NA	NA	NA	NA	NA	NA	NA	NA	NA	NA	NA	NA	NA	NA	NA	NA	NA	NA	NA	NA
NA	1.77055416767528	NA	NA	0.994238765070253	NA	2.48303927123199	2.31581353145027	NA	1.67504511992421	NA	1.64861607597427	NA	1.87244075676772	NA	NA	NA	NA	2.15420525570723	1.76863296384582	1.97706847999674	NA	NA	2.14899190497262	2.03016445089212	NA	1.19174092416701	1.65769633197034	1.65230262742163	1.74306359829364	1.90868216132917	0.260494312791756	0.295059679271756	0.335708686293823	0.683850802154253	2.10656341331835	NA	0.611260969238614	1.98626303735197	0.363537169276386
NA	NA	NA	NA	NA	NA	NA	NA	NA	NA	NA	NA	NA	NA	NA	NA	NA	NA	NA	NA	NA	NA	NA	NA	NA	NA	NA	NA	NA	NA	NA	NA	NA	NA	NA	NA	NA	NA	NA	NA
NA	NA	NA	NA	NA	NA	NA	NA	NA	1.44964584589503	NA	NA	NA	NA	1.16245450032467	NA	NA	NA	NA	NA	NA	NA	NA	NA	NA	NA	NA	NA	NA	NA	NA	NA	NA	NA	0.686207958125182	0.755353912832146	NA	0.63606052470536	0.436240894833149	0.405835077947115
NA	NA	1.50540463730285	1.59718586646178	1.31963687324097	0.727636672427158	NA	NA	NA	NA	NA	NA	NA	0.985673595670573	NA	NA	NA	1.08434467117493	NA	NA	0.564346134645158	0.592362556853388	0.563944843261616	NA	NA	NA	NA	NA	0.582093995984961	NA	NA	0.803821454858455	0.73505005904915	NA	0.33158871743001	0.371300545410462	NA	0.165244205299094	0.310692109564653	NA
NA	NA	NA	NA	NA	NA	NA	NA	NA	NA	NA	NA	NA	NA	NA	NA	NA	NA	NA	NA	NA	NA	NA	NA	NA	NA	NA	NA	NA	NA	NA	NA	NA	NA	NA	NA	NA	NA	NA	NA
0.843707988815281	1.21021411333292	NA	NA	NA	0.97776369405037	NA	0.84486027559207	1.41050500437127	1.04221311227261	0.845574257905871	0.617229079760541	NA	0.938977937252208	0.972832636793324	1.38959258323059	1.08038205515517	NA	0.56027550800753	0.528493099606692	0.430621031897644	0.353909850110572	0.160477780606329	0.250132372793787	0.249782833767869	0.442510428345356	0.234475864308985	0.387291763021359	0.599727962289152	NA	1.8508276154967	0.70356702125865	NA	0.411390438286614	0.116678726879609	0.416095620154157	NA	NA	0.453968727518487	0.315393521065967
NA	NA	0.997326517684015	NA	NA	1.675668014285	NA	NA	1.12012906296077	NA	0.448470205920328	1.49792970023509	NA	NA	NA	0.767010336534071	0.701489922769016	1.02076268574962	NA	1.03606790553733	1.32114325207945	1.82504295810544	1.36208959309776	1.20391854072655	1.11125578010552	0.67451922508475	0.204210673334082	2.62951686288368	1.18888154935851	0.788720425383637	0.606345691943126	0.234551823993381	0.622829614149629	0.360513098119253	NA	0.577683837385119	NA	0.0814554963097434	0.272004596006265	0.487153549575276
NA	NA	NA	NA	NA	NA	NA	NA	NA	NA	NA	NA	NA	NA	NA	NA	NA	NA	NA	NA	NA	NA	NA	NA	NA	NA	NA	NA	NA	NA	NA	NA	NA	NA	NA	NA	NA	NA	NA	NA
NA	NA	NA	NA	NA	NA	NA	NA	NA	NA	NA	NA	NA	NA	NA	NA	NA	NA	NA	NA	NA	NA	NA	NA	NA	NA	NA	NA	NA	NA	NA	NA	NA	NA	NA	NA	NA	NA	NA	NA
1.63921297361669	1.51772547174584	1.05679896239417	1.21497889805682	1.52482252584968	1.5075624073863	1.13819787296965	0.56485861178748	NA	0.905660828757355	1.36260710782576	NA	NA	1.94808013865097	NA	1.72746607263226	NA	1.20617361579017	1.41675909748659	NA	0.830536635919385	0.304774368982798	0.926354720269343	1.49201105607611	0.824131257932711	1.43643819619799	0.390194706074527	1.67525983708502	0.662899342737699	0.237150997794126	0.261231347260752	0.496286950579598	0.679387357445931	0.749729279377405	0.663425144848457	0.669472685130956	NA	0.34584199517323	0.2307759709666	NA
NA	NA	NA	NA	2.05050872879714	0.621675554311147	1.11908145928479	0.920683589781494	0.81022939492005	NA	1.28602793484154	NA	1.081617155261	0.944060158673734	NA	0.679056876008494	0.542080846799997	1.02153379262828	0.632392456757943	NA	1.24851812955157	0.795327938736938	1.03950560013672	NA	0.313461971887433	NA	0.362294001784784	NA	NA	NA	0.810868727193697	NA	0.945038111494378	NA	0.813073219679208	NA	NA	0.46775216580172	NA	NA
NA	NA	NA	NA	NA	0.39323920526778	NA	NA	0.893120868735622	0.561951730032597	NA	NA	NA	0.621654793893878	NA	NA	NA	NA	NA	NA	NA	NA	NA	NA	NA	NA	NA	NA	0.351389470951061	NA	0.54940395712707	0.646058843560401	0.652216864558417	0.463984675858273	NA	NA	NA	NA	0.332440371984278	0.239129008198926
2.0112545832412	NA	2.34897975813299	NA	2.4816653960331	2.36192483465796	2.13150721100541	NA	1.52300980893044	NA	2.07269606777021	NA	1.62055377251363	NA	NA	1.86140523656511	NA	2.22915267094821	NA	2.2448872983825	NA	2.122743689636	NA	NA	2.06461478214848	NA	NA	NA	NA	NA	NA	NA	NA	NA	NA	2.16740739592597	NA	1.29555247719702	1.27799506072867	NA
1.62552301143776	NA	1.32592766229614	2.2638686761933	NA	NA	NA	NA	0.989039183901161	NA	NA	1.17097388693799	NA	0.687036794129498	NA	NA	NA	NA	NA	0.905236453235406	NA	NA	NA	1.32054798144614	1.06696807230023	NA	NA	NA	1.32706453154741	1.12417142561472	NA	NA	NA	NA	NA	NA	NA	0.730816865776673	NA	NA
2.30938270483328	NA	NA	1.10216382587754	1.04252361725907	NA	1.80053287975503	NA	1.83359991432305	0.904736650035404	NA	1.87373770188127	0.734820211151389	NA	NA	NA	NA	NA	NA	NA	0.345509455722142	1.31092525595804	0.339438473529953	0.332570941706478	0.877823378602131	NA	NA	NA	0.158547589831977	NA	0.210109321542798	0.7103615973592	NA	NA	1.34620262203228	0.370565422604318	NA	NA	NA	NA
NA	NA	NA	NA	NA	NA	1.15167713808399	0.901021780225738	NA	NA	NA	NA	NA	NA	NA	NA	NA	NA	NA	NA	0.580562757913626	NA	0.863191357786391	NA	0.994931942424719	0.684469796303152	NA	NA	0.644899946233163	0.951795460481959	NA	NA	1.22039756838202	NA	NA	NA	NA	NA	NA	NA
NA	NA	NA	1.20429472842257	NA	NA	NA	NA	1.28412090416832	NA	1.59215819446724	1.73641097182878	NA	1.40722169375689	NA	0.967869908797019	NA	NA	NA	NA	0.602420332262149	0.312534332272759	NA	NA	1.20488997902571	NA	NA	1.12515373229846	1.57626011386874	NA	NA	1.11009539296718	NA	NA	NA	NA	NA	0.723522789170885	0.32224132088141	NA
NA	NA	NA	NA	NA	NA	NA	NA	NA	NA	NA	NA	NA	NA	NA	NA	NA	NA	NA	NA	NA	NA	NA	NA	NA	NA	NA	NA	NA	NA	NA	NA	NA	NA	NA	NA	NA	NA	NA	NA
NA	NA	NA	NA	NA	NA	NA	NA	NA	NA	NA	NA	NA	NA	NA	NA	NA	NA	NA	NA	NA	NA	NA	NA	NA	NA	NA	NA	NA	NA	NA	NA	NA	NA	NA	NA	NA	NA	NA	NA
NA	NA	NA	NA	NA	NA	NA	NA	NA	NA	NA	NA	NA	NA	NA	NA	NA	NA	NA	NA	NA	NA	NA	NA	NA	NA	NA	NA	NA	NA	NA	NA	NA	NA	NA	NA	NA	NA	NA	NA
NA	NA	NA	NA	NA	NA	NA	NA	NA	NA	NA	NA	NA	NA	NA	NA	NA	NA	NA	NA	NA	NA	NA	NA	NA	NA	NA	NA	NA	NA	NA	NA	NA	NA	NA	NA	NA	NA	NA	NA
NA	NA	NA	0.633153296933217	NA	0.79372008966114	NA	1.30598024548305	NA	NA	1.0472821722082	NA	1.34619145658402	NA	1.32368460086806	0.482544203529437	1.23680732626705	0.970005971537154	0.921380865695388	NA	NA	NA	0.928910462090697	NA	NA	NA	NA	0.713543858070562	NA	0.766601047573243	NA	1.06731053924965	1.33895845555709	0.601331033704901	NA	NA	NA	0.751298630856173	0.816507889235608	0.581549388503506
NA	NA	NA	NA	NA	NA	NA	NA	NA	NA	NA	NA	NA	NA	NA	NA	NA	NA	NA	NA	NA	NA	NA	NA	NA	NA	NA	NA	NA	NA	NA	NA	NA	NA	NA	NA	NA	NA	NA	NA
NA	NA	NA	NA	NA	NA	NA	NA	NA	NA	NA	NA	NA	NA	NA	NA	NA	NA	NA	NA	NA	NA	NA	NA	NA	NA	NA	NA	NA	NA	NA	NA	NA	NA	NA	NA	NA	NA	NA	NA
NA	NA	1.17521191702011	1.11373406919917	NA	0.641169872789134	0.745077875859111	1.063901010062	NA	1.138890698262	1.80651828618983	NA	NA	1.34876262373652	NA	NA	1.06872340916924	1.24082170718263	0.202781268932621	0.549372149718042	0.873848046226818	1.09616232472857	0.922840518624053	1.00652518321898	1.54646464168718	NA	0.835444236574888	0.262353991716517	0.461958206009084	NA	NA	NA	NA	0.384791158527204	NA	NA	NA	0.708225811799895	1.17170445161503	0.87132079578753
NA	NA	NA	NA	NA	NA	NA	NA	NA	NA	NA	NA	NA	NA	NA	NA	NA	NA	NA	NA	NA	NA	NA	NA	NA	NA	NA	NA	NA	NA	NA	NA	NA	NA	NA	NA	NA	NA	NA	NA
NA	NA	NA	NA	NA	NA	NA	NA	NA	NA	NA	NA	NA	NA	NA	NA	NA	NA	NA	NA	NA	NA	NA	NA	NA	NA	NA	NA	NA	NA	NA	NA	NA	NA	NA	NA	NA	NA	NA	NA
NA	1.90361482927496	2.09929040747404	1.89423869732628	1.97206876957892	2.01301340639186	2.15515552052388	1.76515116378847	2.13224395009218	NA	1.62260739295072	NA	1.93217615161257	2.48326912599351	1.32785490297407	1.94716296870764	1.78993300307654	1.80241528153709	1.62082825286091	0.270661978244388	1.49594496925012	NA	1.37737101212284	NA	1.47103727407745	NA	1.70996877171824	NA	NA	NA	NA	2.53328609432679	0.396331005505479	2.65636898192945	2.59650350688315	2.34674266337648	NA	NA	0.432125799801015	1.7050729614464
NA	NA	NA	NA	NA	NA	NA	NA	NA	NA	NA	NA	NA	NA	NA	NA	NA	NA	NA	NA	NA	NA	NA	NA	NA	NA	NA	NA	NA	NA	NA	NA	NA	NA	NA	NA	NA	NA	NA	NA
NA	NA	NA	NA	NA	NA	NA	NA	NA	NA	NA	NA	NA	NA	NA	NA	NA	NA	NA	NA	NA	NA	NA	NA	NA	NA	NA	NA	NA	NA	NA	NA	NA	NA	NA	NA	NA	NA	NA	NA
NA	NA	NA	NA	NA	NA	NA	NA	NA	NA	NA	2.01963693320098	NA	1.89629508634577	NA	NA	2.1438279863482	1.15342282200829	1.98273171030329	1.74046567034571	NA	NA	NA	NA	NA	NA	NA	2.67882025831977	NA	NA	NA	NA	0.65897070399951	1.17846681845479	NA	1.45239111442479	NA	2.86016077236131	NA	0.467877989874276
NA	NA	1.42268935502454	0.933085954791653	1.04090095197584	0.806834569362333	0.97507971464721	0.610729012557413	NA	0.798125188146024	0.86553490586315	NA	0.516116775570873	0.585122250443828	0.903711380917297	1.12140636595306	0.92584804415602	1.2689198379405	1.12570879886871	1.22507015587793	1.05791325479689	NA	NA	0.632549473120137	0.601120463355031	NA	NA	0.845606115808864	0.344954554229441	NA	0.380314162114915	NA	0.539722176344701	NA	NA	NA	NA	0.792858291162654	NA	NA
NA	NA	NA	NA	NA	2.42897012934132	NA	NA	1.84557966707003	1.45594200859258	NA	NA	0.96584358758831	NA	2.03333466710516	1.86162466719473	1.51386732096709	NA	0.902707631722494	1.87255222058056	NA	0.935638692167761	NA	1.42027911216275	1.39780332800704	1.16958413231152	1.18259005328074	1.25944534205136	1.17067389935555	1.20859543038875	NA	1.04961928759141	0.980362669091803	NA	NA	0.910877941056633	NA	NA	1.03796338644129	0.538125624132434
NA	NA	NA	NA	NA	1.10992397388951	1.0747224086643	NA	0.526948029418378	NA	0.668295988922034	0.871511592601528	0.645423720020515	NA	0.450666771457538	NA	NA	0.981442026607967	0.93866678658537	1.87708695216633	0.535472665496076	0.7523637090528	0.635493309430125	1.03147377512883	0.598695872696431	NA	0.794187066788643	0.592383732409433	NA	0.925483770627196	NA	0.743194443253683	0.593981958599675	0.746986751419442	NA	0.607644517294792	NA	0.692745089063994	0.737660961571199	0.299854350935743
NA	NA	NA	NA	NA	NA	NA	NA	NA	NA	NA	NA	NA	NA	NA	NA	NA	NA	NA	NA	NA	NA	NA	NA	NA	NA	NA	NA	NA	NA	NA	NA	NA	NA	NA	NA	NA	NA	NA	NA
NA	NA	NA	NA	NA	NA	NA	NA	NA	NA	NA	NA	NA	NA	NA	NA	NA	NA	NA	NA	NA	NA	NA	NA	NA	NA	NA	NA	NA	NA	NA	NA	NA	NA	NA	NA	NA	NA	NA	NA
NA	NA	NA	NA	NA	NA	NA	NA	NA	NA	NA	NA	NA	NA	NA	NA	NA	NA	NA	NA	NA	NA	NA	NA	NA	NA	NA	NA	NA	NA	NA	NA	NA	NA	NA	NA	NA	NA	NA	NA
NA	NA	NA	1.39967218993884	NA	NA	NA	1.59910673873258	NA	0.918936434497293	NA	NA	NA	0.710074944901111	NA	NA	1.06417224999504	NA	NA	0.271886742777399	NA	NA	NA	0.437984088935085	NA	0.285541119559865	0.7350990961831	NA	0.127232189991638	NA	NA	NA	NA	NA	1.17304787950994	0.14424389232259	NA	0.530745355708924	0.57758234717233	0.534168310161645
NA	NA	NA	NA	NA	NA	NA	NA	NA	NA	NA	NA	NA	NA	NA	NA	NA	NA	NA	NA	NA	NA	NA	NA	NA	NA	NA	1.10463906554083	NA	NA	0.859240746169121	NA	0.390863688162245	NA	0.44984295059832	0.136470225661094	NA	NA	0.568124817760505	0.566955751300616
NA	0.791669110730545	NA	NA	0.415731216106309	0.667650872790009	0.937873033346012	NA	0.918702556588375	NA	NA	0.717741009600738	0.558810261370957	0.667565462302707	0.538570727957542	1.06438186966911	NA	NA	NA	NA	0.590488195747115	NA	NA	0.78425583146239	NA	NA	0.588320115765527	NA	NA	NA	NA	0.421346948722692	0.869010106704195	NA	NA	NA	NA	0.206776884968824	NA	NA
1.65525755558772	NA	NA	1.28464824730694	NA	NA	0.712541178028263	NA	NA	NA	0.918644545226364	0.485420792642622	NA	1.15636481046453	0.665920397264584	NA	0.326093174246915	0.262832311934005	NA	0.25205971624148	0.569459266340421	NA	NA	NA	NA	NA	NA	NA	0.660733236878441	NA	NA	0.554992877865672	0.285207102705023	0.431241845771169	NA	NA	NA	NA	NA	NA
1.25783336126827	NA	1.34709038145829	1.23888173813994	1.3921551428632	0.454594329077227	0.640774415261358	0.522902216017975	0.235468338363122	1.00444050906745	NA	1.59002369014327	1.30010454877448	0.575882338846408	1.25137269887016	NA	1.37590835149537	1.18100117008578	0.896551471297425	NA	NA	0.2584514531021	0.5403019630948	1.28135018074358	1.14841351431759	0.580867952229922	NA	0.986363687976212	NA	0.414249952918541	0.352399395779622	0.62831120364293	NA	NA	NA	0.640426462615795	NA	NA	0.915639822471819	NA
NA	NA	NA	NA	NA	NA	NA	NA	NA	NA	NA	NA	NA	NA	NA	NA	NA	NA	NA	NA	NA	NA	NA	NA	NA	NA	NA	NA	NA	NA	NA	NA	NA	NA	NA	NA	NA	NA	NA	NA
1.26089902093741	NA	1.09350318986151	NA	NA	0.845797784093721	0.829762193588094	0.673079768329478	1.29034959606053	1.05242679630518	NA	1.13781836487234	0.774481388963418	0.379989717978423	1.30513300620048	1.3152439152775	0.990347999447449	1.03006033168912	1.0504740522092	0.622588854631041	1.25162860020026	0.728089985089061	0.710240333552832	0.825991980236647	0.779330624812795	1.31055668599934	0.932460874643845	1.0334444190652	1.82454819325981	0.395284349525219	NA	NA	0.418154400528145	0.258677658718262	NA	NA	NA	0.283701779803951	0.280736069650896	0.405628634234088
0.637597160713619	NA	0.74156553956106	0.576308522115991	1.71389086385151	0.702707296994934	NA	NA	0.541447512247763	0.784195835660648	NA	0.928429817240113	1.08054622135624	1.13385482860886	0.924088298055483	1.29613868846624	1.21474381809116	0.775352664327294	0.755137724558656	0.562595165347308	NA	0.802621464349783	0.897764031327485	0.940571391949473	0.899885785139181	NA	1.54496220160771	NA	NA	1.24981230393567	1.2750364163293	1.21269705119932	0.931859778368792	NA	NA	0.71268816462239	NA	NA	0.370883126112452	0.382225381725072
NA	NA	NA	NA	NA	NA	NA	NA	0.893072730373895	NA	0.922973578772914	1.19363725443737	NA	NA	1.22291027196553	1.53805344841956	NA	1.26173146146765	NA	1.13111337008892	0.61298425783405	0.740508976674137	NA	NA	0.59475269255943	NA	NA	0.565623750951958	NA	NA	0.748336035862356	0.709334964619077	0.43676267584334	0.31287690807706	NA	NA	NA	0.517766337797299	0.10105878058957	NA
0.896111613238698	NA	NA	NA	NA	NA	NA	NA	NA	NA	NA	0.390063382215923	NA	NA	NA	NA	0.391506794109039	NA	NA	NA	0.833373172424846	NA	0.741705811029251	NA	NA	0.804206330056022	NA	NA	0.929529964641661	NA	NA	NA	NA	NA	0.545341590773823	NA	NA	0.223110604443829	NA	NA
NA	NA	NA	NA	NA	NA	0.916207704031717	NA	0.789143103534415	NA	NA	NA	NA	0.718596020994151	NA	NA	NA	1.15872930157692	NA	0.966721210842564	NA	NA	NA	NA	NA	0.395946039623815	NA	NA	NA	NA	NA	NA	NA	NA	NA	NA	NA	NA	NA	0.781591059318707
NA	NA	NA	NA	NA	NA	NA	NA	NA	NA	NA	NA	NA	NA	NA	NA	NA	NA	NA	NA	NA	NA	NA	NA	NA	NA	NA	NA	NA	NA	NA	NA	NA	NA	NA	NA	NA	NA	NA	NA
NA	NA	NA	NA	NA	NA	0.222615798204037	NA	0.461048661955027	NA	NA	0.621412340364968	NA	NA	NA	NA	NA	NA	NA	0.49702959322296	1.10916672787903	NA	0.161405280757312	0.637211398309792	NA	0.610642105595827	NA	NA	NA	NA	NA	NA	NA	1.94838814428489	NA	NA	NA	NA	NA	NA
0.519796008060102	NA	0.691472849386937	NA	0.777057450777068	0.745663762989656	NA	NA	0.199776298182973	0.89108917137295	0.189072315609558	0.767050692772839	0.357407767956242	NA	NA	1.08425835336917	0.504985553728077	0.258695856986205	NA	NA	NA	1.02134260362241	1.04656034550544	1.22478027471113	1.10240074280073	1.45666019303887	0.470014266788997	0.881411407020917	NA	0.942863282653619	0.988666343346896	0.877705605484565	1.00054811350091	0.827660609576782	0.627670219539818	0.609457895605551	NA	0.891229097079066	1.10482444986686	0.538399413853847
NA	NA	NA	NA	NA	NA	NA	NA	NA	NA	NA	NA	NA	NA	NA	NA	NA	NA	NA	NA	NA	NA	NA	NA	NA	NA	NA	NA	NA	NA	NA	NA	NA	NA	NA	NA	NA	NA	NA	NA
NA	NA	NA	NA	NA	NA	NA	NA	NA	NA	NA	NA	NA	NA	NA	NA	NA	NA	NA	NA	NA	NA	NA	NA	NA	NA	NA	NA	NA	NA	NA	NA	NA	NA	NA	NA	NA	NA	NA	NA
NA	NA	NA	NA	NA	NA	NA	NA	NA	NA	NA	NA	NA	NA	NA	NA	NA	NA	NA	NA	NA	NA	NA	NA	NA	NA	NA	NA	NA	NA	NA	NA	NA	NA	NA	NA	NA	NA	NA	NA
NA	0.715184195501791	NA	1.18554990968978	NA	1.10087709269675	1.40120282870502	NA	0.804435179563943	0.793667504696918	NA	NA	NA	NA	0.529857551178868	NA	0.386083302449424	0.210151908951323	0.605770671660683	0.655964629995042	NA	0.123274109280897	0.348808346942162	0.370545339408474	0.462096496817089	0.427401510706357	0.41558206320374	NA	0.434862577787549	NA	0.506519067390566	0.507091322621208	NA	NA	0.623407023380603	0.417245132854103	NA	0.787517422186045	0.873525809775878	0.812208405682355
NA	0.651105052092376	0.993255361146973	NA	1.39526133596227	1.26168488853	NA	1.36012828715707	1.51981097314596	1.2397482369534	0.92196789620197	1.64449461927352	NA	NA	NA	NA	1.37673299819541	NA	1.51660065009971	1.5853905696482	1.19651869874075	0.821765741369713	0.571848473539443	NA	0.480709033260953	0.337555435633255	NA	NA	0.687612252033293	0.156433219420342	NA	0.42706498256639	0.957822667884513	0.987512705892324	0.633307275092148	0.385810275441523	NA	NA	0.202704726018438	0.753203824020231
NA	NA	NA	NA	NA	NA	NA	NA	NA	NA	NA	NA	NA	NA	NA	NA	NA	NA	NA	NA	NA	NA	NA	NA	NA	NA	NA	NA	NA	NA	NA	NA	NA	NA	NA	NA	NA	NA	NA	NA
NA	NA	NA	NA	NA	NA	NA	NA	NA	NA	NA	NA	NA	NA	NA	NA	NA	NA	NA	NA	NA	NA	NA	NA	NA	NA	NA	NA	NA	NA	NA	NA	NA	NA	NA	NA	NA	NA	NA	NA
NA	NA	NA	NA	NA	NA	NA	NA	NA	NA	NA	NA	NA	NA	NA	NA	NA	NA	NA	NA	NA	NA	NA	NA	NA	NA	NA	NA	NA	NA	NA	NA	NA	NA	NA	NA	NA	NA	NA	NA
NA	NA	NA	NA	NA	NA	NA	NA	NA	NA	NA	NA	NA	NA	NA	NA	NA	NA	NA	NA	NA	NA	NA	NA	NA	NA	NA	NA	NA	NA	NA	NA	NA	NA	NA	NA	NA	NA	NA	NA
NA	NA	NA	NA	0.604549334759915	0.47010645425491	0.904581912684326	0.290179466562455	NA	NA	NA	NA	1.05457063261309	0.984073395769592	NA	NA	NA	1.07687685180583	NA	0.337384252263869	NA	NA	NA	0.419698620072999	NA	NA	NA	NA	0.883506086472879	NA	NA	NA	NA	NA	NA	0.343331281784839	NA	0.353697576970019	NA	0.344616663688751
1.08542530302248	1.23254324082296	1.14589906417604	1.28421783409395	NA	0.937500522534112	0.912984970002474	NA	1.0156036405688	0.805031340730583	1.02203180262618	1.00468976239934	1.01212532599735	0.996363128247053	1.11064973344505	0.832510519738621	1.32441312892769	1.1064757273238	NA	0.982684379786339	0.88418286478066	0.709944339097922	1.10114711236281	NA	NA	NA	NA	NA	NA	NA	0.613161546866296	0.478754601069929	0.645646613161643	NA	NA	0.979608562550174	NA	0.399321828287355	0.463064625023651	0.998264393376486
1.22226810108484	1.05284522776238	NA	NA	1.03516171956993	0.998929009915937	NA	1.16439019692089	0.625288676560671	0.661248572678394	1.4466508216316	0.839045810862561	0.607937177422602	0.838981736523656	NA	NA	1.63217062022993	1.27295772803714	NA	1.35960924676622	1.10574145317151	NA	0.40990165392708	NA	0.827133860574515	NA	0.873198046274435	0.600046034652282	0.590764722729801	0.546120110260327	0.256312239345047	NA	NA	NA	NA	NA	NA	0.363814937832271	NA	NA
NA	NA	NA	NA	NA	NA	NA	NA	NA	NA	NA	NA	NA	NA	NA	NA	NA	NA	NA	NA	NA	NA	NA	NA	NA	NA	NA	NA	NA	NA	NA	NA	NA	NA	NA	NA	NA	NA	NA	NA
NA	NA	NA	NA	NA	NA	NA	NA	NA	NA	NA	NA	NA	NA	NA	NA	NA	NA	NA	NA	NA	NA	NA	NA	NA	NA	NA	NA	NA	NA	NA	NA	NA	NA	NA	NA	NA	NA	NA	NA
0.513031291306723	0.658521165167919	0.280018838965239	0.551559137082767	0.379562692372602	0.43454493078278	0.490727939211614	0.227468669539456	1.72780290786335	0.329384073862694	NA	0.524742068049914	NA	NA	0.447669892903104	NA	NA	0.784898952691462	NA	0.410802410984987	0.705350544925968	NA	NA	1.18406827313668	0.238113306272321	NA	NA	1.22910853148244	NA	1.55615125933966	NA	NA	0.379147851381011	0.329938899857787	NA	NA	NA	0.313512037147782	0.782679704253711	NA
NA	NA	NA	NA	NA	NA	NA	NA	NA	NA	NA	NA	NA	NA	NA	NA	NA	NA	NA	NA	NA	NA	NA	NA	NA	NA	NA	NA	NA	NA	NA	NA	NA	NA	NA	NA	NA	NA	NA	NA
1.3411052712009	1.58305261128323	NA	1.76540777498892	NA	2.09174131991205	NA	2.19573549858261	NA	2.20218315247742	2.70785076298075	2.42418624991045	2.55475318249698	1.88840435539163	1.88987652125173	2.55883016396527	1.97863482615043	2.73648958178123	NA	1.37738646511486	1.46832991448033	1.81705000909752	1.385992341457	1.64665881972773	NA	2.16750393977599	1.7970947150006	NA	NA	1.44903149349321	1.15103792435586	1.1494804771362	1.37033970831525	0.285621516926215	0.522665497477509	0.726963063917193	NA	0.807672174242804	0.603395946224926	1.29352321891887
NA	NA	NA	NA	NA	NA	NA	NA	NA	NA	NA	NA	NA	NA	NA	NA	NA	NA	NA	NA	NA	NA	NA	NA	NA	NA	NA	NA	NA	NA	NA	NA	NA	NA	NA	NA	NA	NA	NA	NA
NA	NA	1.76123315173844	NA	1.18610386963116	0.202093776638426	NA	1.45249965740641	NA	1.35677455462756	NA	1.13723933134555	NA	1.12875236181162	1.07307371209716	1.25140912052397	0.836427134277141	1.21916578981086	NA	NA	1.19689084504414	NA	NA	2.31050609485608	0.317304454480517	NA	0.433151885885756	0.857864772855709	NA	NA	NA	NA	0.646007880356087	NA	NA	NA	NA	0.698490417786646	NA	NA
NA	NA	NA	NA	NA	NA	NA	NA	NA	NA	NA	NA	NA	NA	NA	NA	NA	NA	NA	NA	NA	NA	NA	NA	NA	NA	NA	NA	NA	NA	NA	NA	NA	NA	NA	NA	NA	NA	NA	NA
NA	2.8544154013858	2.06542090917718	2.74057640114039	NA	NA	2.76996185458509	NA	2.36732472019305	2.45685839234339	0.78687786279168	2.62992494451143	2.30671673120412	2.54114638084922	2.74636071943155	NA	NA	2.84675086455824	NA	NA	1.34843417779438	NA	1.42072835834403	NA	NA	1.91913666001254	NA	1.84125748416158	1.89420994038992	1.50963244745608	1.59046476457893	1.50497074028993	1.35743198362642	1.69669670011936	1.54709979966153	1.57533810160183	NA	1.06332926504174	1.62086873122821	1.80649217680309
NA	NA	NA	NA	NA	NA	NA	NA	NA	NA	NA	NA	NA	NA	NA	NA	NA	NA	NA	NA	NA	NA	NA	NA	NA	NA	NA	NA	NA	NA	NA	NA	NA	NA	NA	NA	NA	NA	NA	NA
NA	NA	NA	NA	NA	NA	NA	NA	NA	NA	NA	NA	NA	NA	NA	NA	NA	NA	NA	NA	NA	NA	NA	NA	NA	NA	NA	NA	NA	NA	NA	NA	NA	NA	NA	NA	NA	NA	NA	NA
NA	NA	NA	NA	NA	NA	NA	NA	NA	NA	NA	NA	NA	NA	NA	NA	NA	NA	NA	NA	NA	NA	NA	NA	NA	NA	NA	NA	NA	NA	NA	NA	NA	NA	NA	NA	NA	NA	NA	NA
NA	NA	NA	NA	NA	NA	NA	NA	NA	NA	NA	NA	NA	NA	NA	NA	NA	NA	NA	NA	NA	NA	NA	NA	NA	NA	NA	NA	NA	NA	NA	NA	NA	NA	NA	NA	NA	NA	NA	NA
NA	NA	NA	NA	NA	NA	NA	NA	NA	NA	NA	NA	NA	NA	NA	NA	NA	NA	NA	NA	NA	NA	NA	NA	NA	NA	NA	NA	NA	NA	NA	NA	NA	NA	NA	NA	NA	NA	NA	NA
1.55103434747968	NA	1.79358239384391	2.31812333548549	1.75203580274088	2.02301299747933	2.14717112573585	1.63685061778347	2.72678228604979	2.38353868292554	NA	1.88237083690766	NA	3.19988852968218	3.18344400362315	NA	NA	1.62584206552628	NA	NA	1.500108918466	1.05413961260979	2.06670739764018	2.12075882033794	1.94402304466224	1.84495169254212	NA	2.50194544924268	1.77370411785567	1.48626425959885	1.86889111617348	NA	1.93572807003939	0.581742939384789	NA	1.75931134868185	NA	NA	0.800006106892628	NA
NA	NA	NA	NA	NA	NA	2.06246774302028	1.89512824742854	1.85248728999729	NA	NA	NA	NA	2.85544106964656	2.22581954368863	NA	NA	1.28059256762493	1.47276601675635	1.21723936477336	0.941846289829973	NA	1.39911901275506	0.751505438582385	0.617319452578833	0.108229788305873	NA	NA	0.396765432248815	NA	0.644809956715024	0.646936388529421	NA	NA	0.452834295962376	0.2648449832973	NA	NA	NA	NA
1.52319760054057	NA	0.92555373688573	0.944115339671889	1.16729624379695	1.7179367676932	1.55830099223119	1.28168087623212	0.398694554075307	NA	0.654589718061317	NA	NA	0.335502459288974	NA	0.45153712242884	0.438808350309463	0.296718556532407	1.06933373309614	0.390212125632351	0.406037908045062	NA	0.722155740661461	0.615954122281643	0.990369185303183	1.09731577370955	1.28540277576991	0.939669825388532	0.82247753466092	0.815443126444518	0.669016704346169	1.1088246839418	0.729272039645506	0.371967221881001	0.325346423704233	NA	NA	0.534214388281786	0.515695805488894	0.468779656961686
0.618860684004133	0.537884447838034	0.692149921840667	NA	0.768177521051102	0.788351293435126	NA	NA	0.41846080739671	NA	NA	NA	NA	NA	NA	NA	1.14880054085831	0.759055957640827	1.17028160723787	0.405125750151496	0.730839579831344	NA	NA	1.22313165570629	NA	1.34702972001905	1.26578952926348	0.604674797240966	NA	NA	NA	1.48455537117544	NA	NA	NA	NA	NA	NA	NA	2.00884402323924
NA	NA	NA	NA	NA	NA	NA	NA	NA	NA	NA	NA	NA	NA	NA	NA	NA	NA	NA	NA	NA	NA	NA	NA	NA	NA	NA	NA	NA	NA	NA	NA	NA	NA	NA	NA	NA	NA	NA	NA
NA	NA	1.01559417436416	NA	0.388380025469032	0.251053929437257	NA	NA	0.379269626571974	NA	NA	NA	NA	NA	NA	NA	0.674242992987183	0.722186699605285	0.2711956756878	0.98572138906501	0.585209302927703	1.05056158446197	0.926716095202295	1.1090544982719	NA	NA	2.20512273737614	NA	0.526291860816087	NA	NA	1.01566515518167	NA	NA	0.246823268715189	0.46262071272022	NA	0.41891513935721	0.453229477809077	0.509986418803947
0.975014271105017	NA	NA	NA	NA	0.291844089610316	NA	0.603461898873387	0.309633637700029	NA	1.03673136065779	NA	0.640106799605375	0.934145418226399	NA	0.810733491287807	NA	0.852024224165067	NA	NA	NA	NA	0.50260739660351	0.644820565626995	NA	NA	0.733594824812722	0.903237338884581	NA	NA	NA	NA	NA	1.04194806067502	NA	NA	NA	1.14138922610621	1.05446791823114	NA
1.7600357168087	1.5968272641827	NA	NA	NA	1.71217251816418	2.07666854798537	1.95454372927357	2.00064673299935	1.9046947371643	NA	NA	NA	NA	NA	NA	NA	NA	1.86151381574241	NA	NA	0.435034399533337	NA	NA	NA	NA	0.904803635338301	NA	NA	0.359838023279324	NA	0.44883264476286	0.379065076056237	0.643736102406889	NA	0.265145756432721	NA	0.266534379371536	NA	0.444315082641613
1.59492640082841	NA	1.0988128342369	1.31338464925797	0.708484031788714	1.5064903507967	NA	NA	0.392570720565579	NA	1.30391670372808	0.807700716011972	1.41376088123047	1.1255072904241	1.10211974431226	NA	0.639046589565966	0.839016516032531	0.497717615395511	NA	1.37247590815705	0.442197148726457	0.605896116973251	0.743881233202852	0.764129309184989	0.829386842313387	0.880705993065235	NA	NA	NA	NA	NA	1.53351905025719	0.656393469586184	NA	0.461529429465295	NA	0.165981706458738	0.119962188109323	0.570959732541922
1.54690995129279	NA	0.628065258148787	0.560539188915928	NA	0.729647432482645	1.37806533753835	NA	NA	0.533193791382489	NA	NA	NA	NA	NA	NA	1.70968714687843	0.876631349745237	0.911839991624042	1.09514779196128	1.09753222911825	0.986779909898206	1.39378525687485	0.74776257722061	NA	0.991500884171769	NA	1.20342639645639	0.967694807951652	0.445101432053526	0.554232208119333	0.331565430290874	0.370938757102525	0.319940623523374	0.513012177469128	0.675977603995712	NA	0.77636800660192	NA	1.15268088195152
NA	NA	NA	NA	NA	NA	NA	NA	NA	NA	NA	NA	NA	NA	NA	NA	NA	NA	NA	NA	NA	NA	NA	NA	NA	NA	NA	NA	NA	NA	NA	NA	NA	NA	NA	NA	NA	NA	NA	NA
NA	NA	NA	NA	NA	NA	NA	NA	NA	NA	NA	NA	NA	NA	NA	NA	NA	NA	NA	NA	NA	NA	NA	NA	NA	NA	NA	NA	NA	NA	NA	NA	NA	NA	NA	NA	NA	NA	NA	NA
1.92522560356987	1.42926984038307	NA	1.42450094431726	1.47816332378448	NA	NA	0.872223055397365	1.02099579251631	0.881780201128634	NA	NA	NA	1.47257635238416	1.29732602349222	NA	1.82038667989299	NA	1.85600058875679	NA	NA	1.29088861745328	1.11420211391832	1.08493453039788	NA	NA	1.22783174064014	1.4269990175843	2.14168560839058	1.41800867851577	1.9933878392731	1.58716053433952	NA	1.58392620126181	1.57779470728873	1.46056707668812	NA	NA	0.94065079522009	1.49326024085671
NA	NA	NA	NA	NA	0.802356613410206	NA	0.568455911707344	1.00544745100237	0.713413702815185	0.659475997571551	0.907477489846548	NA	0.555355753635372	0.808712360763901	NA	NA	NA	NA	0.308209985534238	0.663835218890617	0.725314669456555	1.4858638357565	NA	0.8072661711559	1.63371761504744	NA	NA	1.51824231852336	NA	NA	NA	NA	1.00181879494391	NA	NA	NA	NA	NA	0.341197921262419
NA	NA	NA	NA	NA	NA	NA	NA	NA	NA	NA	NA	NA	NA	NA	NA	NA	NA	NA	NA	NA	NA	NA	NA	NA	NA	NA	NA	NA	NA	NA	NA	NA	NA	NA	NA	NA	NA	NA	NA
NA	NA	NA	NA	NA	NA	NA	NA	NA	NA	NA	NA	NA	NA	NA	NA	NA	NA	NA	NA	NA	NA	NA	NA	NA	NA	NA	NA	NA	NA	NA	NA	NA	NA	NA	NA	NA	NA	NA	NA
1.63570048507402	0.582104358030666	NA	NA	NA	0.702481050110852	0.952415319619884	1.89724030126547	1.74428515901359	1.55326549375328	1.72402756570328	0.985693181922429	0.568741257217516	0.567620915759904	1.03832823747164	1.10804631312005	1.01165216965937	NA	1.43434463688736	0.840715675876057	1.8536545502354	1.63850393788294	0.433756628917472	0.397746801354232	0.41277972095694	0.333901435060395	0.442277644735937	0.372295942547664	0.601539155057343	0.373024703000602	0.301308899875389	0.307043845375788	0.330695299333145	0.468790106797312	1.05598749403114	NA	NA	0.177516590019303	NA	0.627528876689294
NA	1.40395773992093	0.905908093229434	NA	NA	NA	NA	0.744100866292	0.736263191379173	NA	0.561252121130332	0.801591301043518	NA	0.822845039892838	NA	0.89928057833403	NA	NA	NA	NA	NA	0.613578617615885	NA	NA	NA	NA	0.718749654673262	NA	NA	0.45248693054169	NA	NA	NA	NA	0.36086560720487	0.441384977261484	NA	NA	NA	0.472208332844825
0.443846308417617	NA	NA	NA	NA	NA	2.00307679545771	1.99117621808307	1.85165109851831	NA	NA	1.89375977178409	NA	2.37079327495192	NA	2.0887744845069	2.30330351362513	2.38407068935582	NA	1.97366342660258	NA	1.6948412401013	NA	NA	0.51607886641803	0.631684298082769	0.441816451853474	0.576247065136878	NA	0.240825969746822	0.606013914804978	0.368878390394506	NA	NA	0.429819765681532	0.928305127354212	NA	0.558932947658308	0.428929207907012	0.471936156652369
NA	NA	NA	NA	NA	NA	NA	NA	NA	NA	NA	NA	NA	NA	NA	NA	NA	NA	NA	NA	NA	NA	NA	NA	NA	NA	NA	NA	NA	NA	NA	NA	NA	NA	NA	NA	NA	NA	NA	NA
NA	0.442740935818373	0.575876037013898	NA	NA	NA	0.527978605453194	0.608163871288019	0.935919354379684	NA	NA	NA	NA	NA	0.832660538759993	NA	NA	1.17639403250897	NA	NA	0.211185953804608	0.379224012811042	0.278135159344127	NA	0.523859604494431	1.71233615736936	NA	NA	0.499064378617144	NA	NA	0.613668296274719	0.743935991093957	0.462552273391802	0.259562191655512	0.219228389014615	NA	0.23341477484205	0.318528315137417	0.461981331057186
NA	NA	NA	NA	NA	NA	NA	NA	NA	NA	NA	NA	NA	NA	NA	NA	NA	NA	NA	NA	NA	NA	NA	NA	NA	NA	NA	NA	NA	NA	NA	NA	NA	NA	NA	NA	NA	NA	NA	NA
1.15487937426015	1.50233409401519	NA	NA	NA	1.15791093246335	1.22038758693899	NA	1.24587459485246	1.16760350007393	1.29966280709182	1.04332363690142	1.416835295699	1.54440452400174	NA	1.88023648622066	1.52470916898813	1.70000235138947	2.12884331606277	NA	NA	NA	1.31623263587718	NA	1.25986760698531	1.51064555545756	1.29496424538263	1.28583164054454	1.16824466830671	0.947109859032274	0.591988665264868	0.736574459015765	0.482522963190875	0.541860753175029	NA	0.245091427028785	NA	1.77544787395774	0.26156619800466	0.493329951577148
0.829742869389278	NA	0.417866001589098	NA	0.539254394972825	0.945549364739293	1.07843383691807	0.919806745069816	0.925249256568258	0.903841012562023	0.899342891589239	1.88944919019698	NA	NA	1.14458834509751	0.985652843805261	NA	NA	0.347394089966668	NA	0.537070078797215	0.591719112028623	0.570781672030245	0.569123241620061	NA	1.16610144598345	NA	NA	0.55314234451006	0.406685663105457	NA	0.265376915603022	NA	NA	NA	0.332069152998022	NA	0.542274963251092	0.626380705397774	0.480243432396072
NA	NA	NA	NA	NA	NA	0.800563499623708	NA	NA	0.735894537771725	NA	0.695438717696947	1.20765391529814	1.27108274370932	1.11276958583285	NA	NA	NA	NA	NA	NA	1.01977611429986	0.969261431914845	0.915212396579267	1.24734489385146	1.20801634597207	NA	0.902539806654746	0.49798901415554	NA	NA	NA	NA	NA	NA	1.44354937178817	NA	1.06580294619898	0.626579784354403	NA
NA	NA	NA	NA	NA	NA	NA	NA	NA	NA	NA	NA	NA	NA	NA	NA	NA	NA	NA	NA	NA	NA	NA	NA	NA	NA	NA	NA	NA	NA	NA	NA	NA	NA	NA	NA	NA	NA	NA	NA
0.469327796481776	0.451798174739662	0.537051401211094	0.790560168176034	0.334815592093604	0.315518132600184	NA	NA	NA	NA	0.218515192905505	NA	0.803615563591928	1.5662797229798	NA	NA	NA	0.430627536957625	NA	1.40645853882136	0.540125226560459	0.196498406587876	1.05313149294055	0.773972994839574	NA	NA	NA	NA	0.305009502643255	0.465881159468211	0.777122473929425	NA	0.61368472007656	NA	0.544373632963681	NA	NA	0.383636377266062	NA	0.70467282588777
NA	NA	NA	NA	NA	NA	NA	0.478718829247872	NA	NA	1.16176168293659	0.878624897924784	NA	NA	NA	0.800599464200812	1.09536073820107	0.88342217370187	NA	0.731398336882481	0.473592528307186	NA	NA	0.228649173044046	NA	0.817643923202685	NA	NA	NA	0.42588282141993	NA	NA	0.64764189020213	NA	NA	NA	NA	NA	NA	NA
NA	NA	NA	NA	NA	NA	NA	NA	NA	NA	NA	NA	NA	NA	NA	NA	NA	NA	NA	NA	NA	NA	NA	NA	NA	NA	NA	NA	NA	NA	NA	NA	NA	NA	NA	NA	NA	NA	NA	NA
NA	1.2609188068092	0.956214832080238	2.33763227150929	NA	NA	NA	NA	NA	NA	NA	NA	NA	1.19129058302863	1.74047569701489	NA	NA	1.60230456473598	NA	1.48448212401353	1.13731503789229	0.20626990882842	NA	NA	NA	0.752117894126337	NA	1.12786534567836	1.58049743053584	1.28778905095158	NA	1.5016242182675	NA	0.800597666464185	0.715367018991904	0.516645433011956	NA	0.743119215855275	0.717488334944509	1.44788422430807
NA	0.932918520577344	NA	NA	1.0340629842348	0.794032113310478	NA	NA	0.539007990745186	0.726510184233259	NA	NA	NA	NA	1.30948415379708	0.591097189133636	NA	1.13787144883843	1.12603083321239	0.410511835047775	NA	1.72824392218843	1.52119588653505	1.16287108950808	1.55206497561245	0.410791933431987	NA	1.96855307409518	NA	NA	0.960227489261844	2.39482492788835	NA	1.79656760314244	1.33042511595136	NA	NA	NA	NA	NA
NA	NA	NA	NA	NA	NA	NA	NA	NA	NA	NA	NA	NA	NA	NA	NA	NA	NA	NA	NA	NA	NA	NA	NA	NA	NA	NA	NA	NA	NA	NA	NA	NA	NA	NA	NA	NA	NA	NA	NA
NA	1.92528103039799	NA	1.63933777032834	NA	0.77890868488941	NA	1.08035745672794	1.36197346852678	1.51095462181314	1.78372126167402	0.776262743861392	NA	NA	1.14932597573824	NA	1.75190633199478	NA	1.26364507670302	NA	0.552786329200105	0.841100900917033	0.506704974439619	0.81266001379839	NA	NA	NA	0.790698579086228	0.961349200720231	0.572833994110113	NA	NA	0.629872504718625	0.393044487282753	1.03925063426781	0.276810770839446	NA	NA	0.033573377794259	NA
0.949258701262484	NA	NA	NA	NA	NA	NA	NA	NA	0.568750456802303	NA	0.747687258505027	NA	NA	0.946461662535437	NA	NA	NA	NA	0.64303910448537	0.644574839041236	0.379810858295594	NA	0.891749537267368	NA	NA	NA	NA	NA	0.924091113870035	NA	NA	0.647094612503197	0.599790760769866	1.67927583366048	NA	NA	NA	0.695546562252772	NA
NA	2.37373629619613	1.79997959456592	NA	1.11508270954056	1.25291814899077	0.872456164255953	1.76635383258328	1.07723489647547	1.90938417511596	0.861436198103153	1.29786303993656	1.96893093926422	0.745719156612936	2.04797053111483	2.09758147253893	1.6354161962644	NA	1.69174400619331	NA	0.859724295649842	0.543901225608547	0.343774708266729	NA	0.630971705448856	0.332988564533307	0.333811273113739	0.313906463533651	0.467619751032291	0.453078400812121	0.415724977120653	0.711289990056823	0.395210199469274	1.07307270970587	1.91051614609353	1.93289841301409	NA	0.227474829437298	0.272278484934235	0.681491234805546
NA	NA	NA	NA	NA	NA	NA	NA	NA	NA	NA	NA	NA	NA	NA	NA	NA	NA	NA	NA	NA	NA	NA	NA	NA	NA	NA	NA	NA	NA	NA	NA	NA	NA	NA	NA	NA	NA	NA	NA
NA	1.46445967821944	1.75106332582862	NA	1.7363387936148	NA	0.984778853933498	NA	1.18635716999144	1.54813782683103	1.13181151920187	NA	1.2056244267272	1.39312862530657	NA	1.74484914277042	1.2140974785646	1.11838776636689	1.18603212030828	1.00305135098764	NA	0.749391689217868	0.595925190776206	1.52663288461551	0.43739701099423	1.87673092331578	0.476810524413085	1.54272088527612	0.678754912825986	0.542952020651917	NA	0.651742581565264	1.52692338935751	1.45950264307358	1.63335281499818	NA	NA	0.205458324874341	0.382057916981725	0.237031233513974
NA	NA	NA	NA	NA	NA	NA	NA	NA	NA	NA	NA	NA	NA	NA	NA	NA	NA	NA	NA	NA	NA	NA	NA	NA	NA	NA	NA	NA	NA	NA	NA	NA	NA	NA	NA	NA	NA	NA	NA
NA	NA	NA	NA	NA	NA	NA	NA	NA	NA	NA	NA	NA	NA	NA	NA	NA	NA	NA	NA	NA	NA	NA	NA	NA	NA	NA	NA	NA	NA	NA	NA	NA	NA	NA	NA	NA	NA	NA	NA
NA	0.473229885183242	NA	0.475351559919863	NA	NA	1.25379491168654	NA	0.781068718462298	NA	1.18577578063412	1.3044470761078	NA	0.810006019404061	1.16028205536055	NA	1.20676935564545	1.37621411763967	0.495145339607311	0.579221494674432	0.788633780419804	0.807851565367438	NA	1.96615666532738	NA	NA	NA	NA	NA	1.34468399129651	NA	0.942241839333188	1.09192098257887	1.0554488514458	0.472993893146876	0.316731514514139	NA	NA	NA	NA
0.9188689242916	NA	NA	NA	0.541873001609954	NA	1.04158998647556	0.947873941381947	NA	0.781937559519241	NA	1.2955132129714	NA	NA	NA	NA	NA	1.77355118564641	0.795882714632457	0.698708015543059	NA	0.825356859205946	1.15479738673301	1.58243859956303	0.582615812189057	NA	NA	1.90351369197443	NA	NA	NA	0.305494587110251	0.438271555230339	NA	0.641485449679116	NA	NA	0.457805058044263	0.338626681903133	0.800497261543588
NA	NA	NA	NA	NA	1.19590455792531	NA	1.21126873940233	1.70950140348047	NA	NA	0.393351728126778	NA	0.443787287260307	0.74736669219179	NA	0.722747618518063	NA	NA	NA	0.40801103447994	0.145170098399899	NA	0.22907026064618	NA	NA	0.451182748656733	NA	0.295280554688003	0.289112636700596	NA	NA	NA	0.454155904388066	NA	NA	NA	0.467881573342187	0.313965463288001	NA
NA	NA	NA	NA	NA	NA	0.990155681262476	NA	NA	NA	NA	0.84449310663228	NA	0.864767623077428	NA	0.785605468033497	0.462177291870514	0.53969778618226	0.299465811547158	0.333948747291015	NA	0.534709643203562	0.279201332031529	0.104520672606849	0.808985179389519	0.706338664717454	NA	NA	0.51720123871812	0.462151306547858	NA	0.269866736129477	NA	0.267853606541626	0.407488723270405	0.262003889454997	NA	0.305105193339895	0.0841230525568409	0.266255622459089
NA	NA	NA	NA	NA	NA	NA	NA	NA	NA	NA	NA	NA	NA	NA	NA	NA	NA	NA	NA	NA	NA	NA	NA	NA	NA	NA	NA	NA	NA	NA	NA	NA	NA	NA	NA	NA	NA	NA	NA
NA	NA	NA	NA	NA	NA	NA	NA	NA	NA	NA	NA	NA	NA	NA	NA	NA	NA	NA	NA	NA	NA	NA	NA	NA	NA	NA	NA	NA	NA	NA	NA	NA	NA	NA	NA	NA	NA	NA	NA
NA	NA	NA	NA	NA	NA	NA	NA	NA	NA	NA	NA	NA	NA	NA	NA	NA	NA	NA	NA	NA	NA	NA	NA	NA	NA	NA	NA	NA	NA	NA	NA	NA	NA	NA	NA	NA	NA	NA	NA
NA	1.11440016110501	NA	0.68840052554466	NA	NA	NA	0.152554692524685	NA	NA	NA	NA	0.181217305739501	NA	NA	NA	0.555700474225724	NA	NA	NA	0.3021620468192	0.391931120702481	NA	1.976467364337	NA	1.58666655539336	0.299819436955698	1.15376590878822	0.222047246526819	NA	0.200152988893081	0.731706856304377	1.15100126572937	0.836892870167493	NA	0.595400588051815	NA	1.37615987441053	NA	1.05085328882725
NA	NA	NA	NA	NA	NA	1.65976583073359	NA	NA	NA	1.64946022311074	NA	NA	NA	NA	NA	NA	1.24488800618251	NA	1.40960503525477	NA	NA	0.705953448674465	1.07978131425412	NA	0.863818238456058	0.543667339096022	NA	0.900007377914919	NA	0.60838404211258	NA	NA	NA	0.672529895760114	0.572576432599237	NA	NA	2.62755078635427	0.893184287063059
NA	1.5664921569004	1.51047571279005	1.20103750035947	0.717654548163213	0.878588717745926	1.77347836282026	1.70385349792711	NA	1.47718259487608	2.04180578116444	NA	2.49460006379846	2.17817723834445	NA	NA	2.22201920770961	NA	0.364537445478931	0.647437379090542	1.39465030066082	1.08496266549326	0.765301584365071	0.539317637366494	0.281220844044041	0.552736807679012	0.387384537915139	0.473256632641678	1.46391307626368	1.55947949205591	NA	1.58223832269453	NA	NA	1.35264731370494	1.16989803374667	NA	1.58165023409621	1.69715404604971	1.15881991323953
NA	NA	NA	NA	NA	NA	NA	NA	NA	NA	NA	NA	NA	NA	NA	NA	NA	NA	NA	NA	NA	NA	NA	NA	NA	NA	NA	NA	NA	NA	NA	NA	NA	NA	NA	NA	NA	NA	NA	NA
1.02413987267691	0.913671217450112	NA	NA	1.20842381418674	0.634835898089521	1.01039554506161	1.13500233451982	1.0529590913683	1.06282537113105	1.00421667308787	0.61941453009837	NA	0.741667801918449	0.863393148685339	NA	1.00124340454388	0.991403881150467	NA	NA	NA	0.462404898983062	0.616553144368475	0.564904339651997	0.287490894038202	NA	0.465586172951051	NA	NA	NA	0.398432638651732	0.914245813096464	NA	NA	NA	0.0852045923836078	NA	0.515089738136979	0.235909082398119	0.407594423198548
NA	NA	NA	NA	NA	NA	NA	NA	NA	NA	NA	NA	NA	NA	NA	NA	NA	NA	NA	NA	NA	NA	NA	NA	NA	NA	NA	NA	NA	NA	NA	NA	NA	NA	NA	NA	NA	NA	NA	NA
NA	1.09137693935586	NA	0.960155235851371	NA	NA	NA	0.186587270286495	0.127277669764497	NA	0.443181820030781	NA	0.280337685005368	NA	NA	NA	0.223027394957666	NA	NA	0.701152585662656	0.325693090980692	0.4253644712362	NA	NA	NA	NA	0.259201871782398	NA	0.282584645317314	NA	NA	0.791368347574559	NA	1.03602670888613	NA	1.33262447109154	NA	NA	NA	0.444228585978511
NA	NA	2.13454699265197	1.4481595027872	1.01779956456325	0.924429949376294	0.756356205795835	0.606318067147179	1.26385747259142	1.03243100625984	0.825735893662623	NA	1.23653547775853	1.16689030496818	1.40925441628765	1.1025323389949	1.11448863340651	NA	1.30442270074291	0.804139932633484	0.578935596764636	0.368294019508129	0.67957592055171	0.567880589524181	0.546147845370421	0.193381428797984	NA	NA	NA	0.439403759545484	0.43634639224988	NA	NA	NA	NA	0.367685932690869	NA	0.199342552122619	NA	0.270144449614418
0.689522356851704	NA	NA	NA	0.885050404455086	0.500221221130485	0.688585512197056	0.692407266659506	1.05143708417721	0.832476650094385	1.0168600643512	0.323676851233851	0.735891102448993	0.722394289653539	0.821916254353241	0.633184151075645	1.20511547995823	1.08008678329547	NA	NA	0.754629929588347	0.726736096545918	NA	NA	0.210773713609153	NA	NA	NA	NA	NA	NA	NA	NA	NA	NA	NA	NA	NA	0.363849400813393	NA
NA	1.72843835523422	1.78663639724383	1.56460082912484	1.53838499460574	2.42828914071562	2.27875337271214	1.91794083342813	NA	NA	2.31978275086117	NA	2.58411808302254	2.22494549565142	NA	NA	2.19238201545486	2.21367810270436	0.858133792740342	0.736759329912845	2.55530337757609	0.964729325648951	0.84271453693399	0.617011004071575	0.392141132852928	NA	0.578899512001505	1.06237119578574	1.42326718116724	1.19190808838645	0.565977813247057	1.36441190415844	0.998341590327127	0.497699257835323	1.09462630358282	0.262855266484178	NA	0.320103511927618	1.50138002048839	1.37809493931713
NA	1.12095260890331	NA	NA	1.1130303523056	0.492311032670219	NA	NA	NA	0.418383123054703	0.452541880005624	NA	NA	0.783892080709427	NA	NA	1.00292451340355	1.03026035660033	NA	NA	NA	NA	0.119232756173203	NA	NA	NA	NA	NA	1.37911001363704	NA	NA	NA	0.426088912833691	1.6513249092905	NA	NA	NA	NA	NA	NA
1.49577064653323	NA	1.67522305742724	1.29995826815583	NA	1.02814387545047	NA	NA	1.39369797200083	NA	1.50453797255253	2.09912206922747	1.41550225007937	1.48937437391482	1.35895603645096	1.91824616666922	1.37779203205565	1.98410033433524	1.24291446722114	1.40262901665253	1.05399925951432	0.856624114575659	NA	0.562686026989518	0.716748992245499	NA	0.984181986657976	0.938389798550276	1.11238857437981	NA	0.778080403459753	0.650028410073632	0.439690166395564	0.310636692682621	0.812003288807979	0.794473862827264	NA	0.964424304345456	NA	NA
0.694024894040783	NA	NA	NA	NA	NA	0.872047799655183	0.999929246611385	1.17494772405482	1.12914359038871	0.950898288258029	0.0501059511225206	NA	0.945310365517716	1.09276654736997	1.29701302217716	NA	1.17845490115689	NA	NA	0.577034834242148	0.427376651550715	NA	NA	0.591510688618419	0.545016450351469	0.780225813970158	NA	NA	NA	0.915311739893241	0.655057599374426	0.624408215707689	0.411858593925821	0.309570618239207	NA	NA	0.485376362354771	NA	0.333716690273501
NA	0.962811071648441	1.0348657395358	1.1753294151235	0.648126139671444	0.34772940084515	1.30165070246223	0.35241355749093	0.563925927064668	1.43289959565032	1.34763409734641	0.506863964363561	0.5333813597652	0.92632639443601	0.429949717470897	1.11950449767599	0.688974756371303	NA	0.159603672078806	1.08529057293018	0.538187989565528	0.984443134242316	0.137033393525225	NA	0.765600152878556	NA	NA	1.28396888810108	1.21099321260049	1.04544791490735	NA	NA	NA	0.983680775731274	NA	NA	NA	0.485802798934496	0.47669132356613	NA
1.95014180883988	0.515291852564954	0.527544701938561	0.913412977671179	0.74469837730339	0.446222633686342	0.390834995730105	0.765362531928539	NA	0.433740606785637	0.619997815633633	0.613817170799615	1.567019214596	1.5369797275151	1.00071024592962	0.973179654323595	0.418694921348238	0.596563805815657	0.1275859053837	NA	0.626610490836245	0.559104966918675	0.560919127870804	0.0748579014912286	0.353003253605456	NA	0.287151904634254	0.416249535520991	0.45862063290446	NA	NA	NA	0.799703140872106	NA	NA	0.288797616066554	NA	NA	0.408739326917851	NA
NA	NA	NA	NA	NA	NA	NA	NA	NA	NA	NA	NA	NA	NA	NA	NA	NA	NA	NA	NA	NA	NA	NA	NA	NA	NA	NA	NA	NA	NA	NA	NA	NA	NA	NA	NA	NA	NA	NA	NA
NA	NA	NA	NA	NA	NA	NA	NA	NA	NA	NA	NA	NA	NA	NA	NA	NA	NA	NA	NA	NA	NA	NA	NA	NA	NA	NA	NA	NA	NA	NA	NA	NA	NA	NA	NA	NA	NA	NA	NA
1.46291259103533	NA	NA	NA	0.724928835077358	NA	0.664651885118719	0.780413027535933	NA	0.899042348446443	NA	0.894940751878885	NA	1.11669929332668	1.15991005335477	NA	NA	1.0346258441761	NA	NA	1.08572194170608	1.46972551064706	NA	NA	1.19871590037958	2.22007762025123	NA	NA	NA	1.69240321406035	NA	NA	NA	NA	NA	0.565462322015749	NA	0.550433727508561	1.08451670314597	NA
0.949399978602176	NA	1.10282915077539	NA	NA	1.52661432570834	0.49181094116529	0.723508011445647	1.32208449465856	1.23833889977702	NA	1.17319771421111	1.03814992728573	NA	1.11278617073938	0.818947147659575	0.583945820397204	0.565777789745964	1.50318074851096	1.12601366139392	1.9742852633948	0.384364137954204	0.927015448382193	NA	NA	NA	NA	0.841268361271711	0.906095876405098	NA	NA	NA	0.268157694464874	0.446745669667911	0.34311626714895	NA	NA	NA	0.786521889140658	1.03846434836054
NA	NA	NA	NA	NA	NA	NA	NA	NA	NA	NA	NA	NA	NA	NA	NA	NA	NA	NA	NA	NA	NA	NA	NA	NA	NA	NA	NA	NA	NA	NA	NA	NA	NA	NA	NA	NA	NA	NA	NA
NA	NA	NA	NA	NA	NA	NA	NA	NA	NA	NA	NA	NA	NA	NA	NA	NA	NA	NA	NA	NA	NA	NA	NA	NA	NA	NA	NA	NA	NA	NA	NA	NA	NA	NA	NA	NA	NA	NA	NA
1.21526651571668	0.33078784713998	0.698160292447244	0.380947621385086	0.517783065650862	0.712519314360046	0.725325385156271	0.321662635232696	0.398991050252238	0.712987022486035	NA	0.577948804783756	NA	NA	0.926820539881146	NA	NA	NA	0.304009821465423	0.449198865552782	0.291335448306268	0.274152308338153	0.203978448902102	0.421279476347459	0.120629929667184	0.704763903815398	0.820765961336209	0.785130646036324	NA	0.790960427682042	NA	0.626579735133262	1.05824703009246	0.840075464881347	0.72342503290013	0.628065943116364	NA	NA	0.308332171253243	0.71005163291579
NA	NA	NA	NA	NA	NA	NA	NA	NA	NA	NA	NA	NA	NA	NA	NA	NA	NA	NA	NA	NA	NA	NA	NA	NA	NA	NA	NA	NA	NA	NA	NA	NA	NA	NA	NA	NA	NA	NA	NA
NA	NA	NA	NA	NA	NA	NA	NA	NA	NA	NA	NA	NA	NA	NA	NA	NA	NA	NA	NA	NA	NA	NA	NA	NA	NA	NA	NA	NA	NA	NA	NA	NA	NA	NA	NA	NA	NA	NA	NA
NA	0.836487969455833	1.11275308161008	0.987663577772066	0.901220890906884	1.3165306835909	NA	0.855495707442006	1.01831907668615	1.07295215911239	1.76940069762951	1.31548963546493	1.31351290655864	1.56831750370308	0.950854487326644	NA	1.01529953600316	1.49813922755101	1.13583714888598	0.848995046240138	0.328251681964594	0.274453705126452	0.530569560979466	0.406946702438034	0.422871830700552	0.684111455118062	0.46350805953993	1.03546909567711	0.890177625772016	0.292346795951763	0.530335059393617	0.275309715861702	0.641510300627332	NA	NA	0.844646642158885	NA	0.421722798827886	0.724722233690098	NA
NA	NA	1.16419170036241	1.39075993297332	NA	0.883369076118987	0.746703190416416	0.413468516580138	NA	0.655416274416882	0.815421961985588	0.532465965614918	1.18578967806114	NA	0.780406748572732	NA	0.926999351294683	0.888952473007596	NA	NA	NA	0.922769773243015	NA	1.16480571952795	NA	NA	NA	NA	0.860329106339651	0.638283753841932	0.767739451799335	0.874622871000167	NA	NA	NA	NA	NA	NA	NA	0.552072192620101
NA	0.449211841744087	NA	NA	0.220427305468719	0.327385207246464	NA	NA	0.446504169606728	NA	1.17841136698118	0.756757053218236	NA	0.84867692980251	0.225501005800812	NA	0.390579905338632	0.512865159027195	NA	0.846106692011954	0.45700374004488	NA	0.474068910281384	0.725864778320862	1.06500452118138	0.918623122335852	NA	0.397338753385652	NA	0.733466556334902	0.569736650476153	0.311908086912382	NA	0.523500974142626	0.427796947025787	NA	NA	0.825851508803595	0.374109301114378	0.939835045658515
NA	NA	NA	NA	NA	NA	NA	NA	NA	NA	NA	NA	NA	NA	NA	NA	NA	NA	NA	1.14448692760052	NA	NA	NA	NA	NA	NA	NA	1.25709647410032	NA	NA	NA	NA	0.700002625144685	0.60222322140987	NA	0.57322895176396	NA	0.49803893680362	0.445599695625334	0.676820505944472
NA	NA	NA	NA	NA	NA	NA	NA	NA	NA	NA	NA	NA	NA	NA	NA	NA	NA	NA	NA	NA	NA	NA	NA	NA	NA	NA	NA	NA	NA	NA	NA	NA	NA	NA	NA	NA	NA	NA	NA
1.09717194068705	1.24926489415872	0.923245819405624	1.30154112390245	NA	0.592054439448815	1.21709740647797	0.956668046648812	NA	1.61523940350574	0.392695133012807	NA	0.777718257130658	0.725794371228891	NA	NA	1.17365793286084	0.844686220995505	1.42433580596253	1.18137177528112	NA	1.05656262826293	NA	0.86992507616553	0.946744609527226	0.908583192315351	0.928044901920774	0.492788264441386	0.682972193147103	0.237838706928142	0.408016500288372	0.715088690461594	1.1586813155332	0.52935087136641	NA	NA	NA	0.37489767342594	0.273518799908498	0.383828152944266
NA	NA	NA	NA	NA	NA	NA	NA	NA	NA	NA	NA	NA	NA	NA	NA	NA	NA	NA	NA	NA	NA	NA	NA	NA	NA	NA	NA	NA	NA	NA	NA	NA	NA	NA	NA	NA	NA	NA	NA
NA	NA	0.90885076089904	NA	NA	NA	NA	0.965164632430473	1.20221666124447	0.932125030102902	1.05304603570737	0.977605454725436	1.62861522355493	1.26353399410128	1.52723256120255	NA	1.67619608566495	NA	0.977097021842184	0.962483531975736	0.733163057331464	1.28905110438145	1.2632884013185	0.649528968068735	1.76079242347377	NA	1.85691794227802	1.79896527645293	NA	2.16675667565962	NA	2.07284198855635	NA	1.29286061584184	NA	NA	NA	NA	1.61295644112845	NA
NA	NA	NA	NA	NA	NA	NA	NA	NA	NA	NA	NA	NA	NA	NA	NA	NA	NA	NA	NA	NA	NA	NA	NA	NA	NA	NA	NA	NA	NA	NA	NA	NA	NA	NA	NA	NA	NA	NA	NA
1.17812897402748	1.09187921638772	0.771204592551531	0.863005644322743	0.900074897667979	NA	0.953644014529967	1.2616875646733	1.51846049816987	1.49113871535972	1.65105646530606	0.788979925522833	1.84651456531278	1.75005825087774	NA	1.19601747845464	1.15837721397282	1.22466924613621	1.8623896051588	0.940627172270183	1.77086835531045	NA	0.640605569636934	1.03786073770443	1.7993720862906	1.86301879972468	0.745237436798783	NA	1.93664234514347	0.823049564597929	NA	0.672138735462911	0.938363099466926	0.591477367995464	0.546902300199256	NA	NA	0.392423855742449	NA	NA
NA	NA	NA	NA	NA	NA	NA	NA	NA	NA	NA	NA	NA	NA	NA	NA	NA	NA	NA	NA	NA	NA	NA	NA	NA	NA	NA	NA	NA	NA	NA	NA	NA	NA	NA	NA	NA	NA	NA	NA
NA	0.483175655389297	1.35090790499676	NA	1.06005252252309	NA	0.224357203203073	NA	NA	NA	0.541946796345535	0.665709654518807	NA	NA	0.783527463729299	NA	0.643965716716244	NA	1.82353260079502	NA	NA	0.103066083256075	NA	0.562324981305893	NA	1.55968738923501	0.471164482405875	0.710192880964999	NA	NA	0.674778391554585	0.609608265261117	0.577931043743873	1.6498595136156	0.533521368734878	NA	NA	NA	1.63730438930642	0.439521659237166
NA	1.21622850977601	NA	NA	0.978086909287784	0.683561279183313	0.825970176826081	0.872309527691009	NA	0.428606969183517	NA	0.776640332550925	NA	NA	0.439682315583121	NA	0.772738920121398	0.791070445840596	0.559057125260373	0.525200330417567	0.719732453843194	1.03253315444286	1.0956062524514	NA	1.59002727250122	NA	1.34492228718237	NA	1.40635434337958	NA	NA	0.259636601884657	1.04958368002035	NA	NA	0.933892961134056	NA	1.31743698644136	1.07911631489968	0.94754489767997
0.653553686283744	NA	0.663357772660574	1.27853833679468	0.80836194687383	0.816256648449763	NA	NA	NA	NA	1.21875903530043	0.99940295343356	NA	0.752969984850049	NA	NA	0.84506164991864	0.505177689134932	0.724721816986088	1.01794738984127	1.15830803946313	0.691276003166091	0.674337374701318	NA	NA	1.40122076744775	NA	NA	0.682304710109916	0.606451632860751	NA	NA	0.429642419640338	0.577207241993701	NA	1.08031769327748	NA	NA	NA	0.556831191399083
1.38564282525384	0.637200054307261	1.10307106867373	1.1027150734585	0.997242403106019	NA	0.795656034396006	NA	0.970756610083941	NA	0.673128991615453	1.19273836125368	0.637604961791256	1.01255976286222	1.03724320945782	0.185624924415462	0.671137376212507	0.554863680502377	1.17960818528492	NA	NA	0.374499835427859	0.218367753005798	0.311438527722238	0.389729984083284	0.221296276261548	0.314541432569022	0.976786671391991	1.73147413970314	0.441327171496515	0.530765739479695	0.533874833244937	0.705721342244746	0.366078886666078	0.474759028902839	0.140523458226483	NA	0.397834148053248	0.657657519907308	0.319552068506238
NA	NA	NA	NA	NA	NA	NA	NA	NA	NA	NA	NA	NA	NA	NA	NA	NA	NA	NA	NA	NA	NA	NA	NA	NA	NA	NA	NA	NA	NA	NA	NA	NA	NA	NA	NA	NA	NA	NA	NA
NA	NA	NA	1.98352063705346	NA	NA	1.2764156738537	NA	NA	NA	NA	NA	NA	1.25686516644556	0.67516180074195	NA	NA	NA	NA	1.05332796162478	1.02230265045486	NA	NA	NA	NA	0.274130416088341	NA	NA	NA	NA	NA	NA	0.316011036267269	0.889863599948909	0.185306896357438	0.516840198686816	NA	NA	0.319508867851883	NA
NA	0.850036918478127	NA	NA	NA	NA	0.399260187092722	0.816468288682457	0.603342497870242	NA	0.38337079029559	0.532840240469881	NA	NA	0.74759779840338	NA	0.524810396219962	NA	0.485776367785016	0.360939658423235	NA	NA	NA	NA	0.364823115363023	NA	NA	NA	NA	NA	NA	NA	1.59722242241501	0.618825682159782	0.605402403029982	0.614491555488265	NA	1.71920528748769	0.47603666945528	NA
NA	2.11859971534967	1.85360755586006	NA	1.8498996776223	1.61111231990654	1.90046443244934	1.5345072142802	1.45653616583008	1.65124707404141	1.57934993769195	NA	NA	1.66800860692105	1.07146011424661	1.22192322204293	NA	1.13255592032943	1.32897522326443	NA	0.774815112995818	0.845428179173541	0.71274387841906	0.929465362431556	0.831356789799075	0.918750615211495	0.953282648535767	NA	NA	0.552821599321568	0.667127706381674	0.605296754384057	0.714640389531017	NA	NA	NA	NA	0.390589785831714	0.360448182803116	0.319447451704286
NA	NA	0.332916933392261	NA	0.224993388613384	0.132483959072288	1.14174424428383	1.16216620597486	0.742042639438957	NA	0.675218491928937	0.807788432661809	0.681599904735762	NA	0.48883696150968	NA	NA	NA	NA	0.572766128423242	NA	NA	0.647703021088358	0.568679296677833	1.60894556097981	0.73767623825819	1.12926265261699	NA	NA	NA	0.769999236500095	NA	NA	1.29095861778335	NA	1.61904533826817	NA	1.43242560670942	NA	1.46184527297892
NA	NA	NA	NA	NA	NA	NA	1.91770214057605	1.56217749456203	NA	NA	NA	NA	NA	NA	NA	NA	NA	NA	NA	0.770216090265452	0.960647132437929	NA	NA	NA	NA	NA	1.3187729111663	0.748136294517468	NA	NA	1.21493091193329	0.978937886834063	0.748050157928823	0.393715918931601	NA	NA	0.490138079925374	0.433130465421967	1.37130452045094
NA	NA	NA	NA	NA	NA	NA	NA	NA	NA	NA	NA	NA	NA	NA	NA	NA	NA	NA	NA	NA	NA	NA	NA	NA	NA	NA	NA	NA	NA	NA	NA	NA	NA	NA	NA	NA	NA	NA	NA
NA	NA	NA	NA	NA	NA	NA	NA	NA	NA	NA	NA	NA	NA	NA	NA	NA	NA	NA	NA	NA	NA	NA	NA	NA	NA	NA	NA	NA	NA	NA	NA	NA	NA	NA	NA	NA	NA	NA	NA
NA	NA	NA	NA	NA	NA	NA	NA	NA	NA	NA	NA	NA	NA	NA	NA	NA	NA	NA	NA	NA	NA	NA	NA	NA	NA	NA	NA	NA	NA	NA	NA	NA	NA	NA	NA	NA	NA	NA	NA
1.41720958454328	NA	NA	NA	NA	1.50512320821508	NA	1.53300770951624	1.30669779329615	NA	1.84361077077892	2.19793332747974	NA	NA	1.79744109013974	1.54363858140015	NA	1.45346582256264	NA	1.73593940503423	NA	1.08683855903189	1.24608350940222	0.748845070413973	0.962116440276898	0.835747810241415	NA	0.56803812498282	NA	NA	2.80872658503616	NA	NA	0.871609572556426	0.741842354081046	0.537080896122114	NA	0.242601877393074	NA	NA
NA	NA	NA	NA	NA	0.998310173354765	NA	NA	1.11217638632757	NA	NA	NA	NA	NA	NA	NA	0.977521261159447	0.785924636397135	NA	1.38862905761041	1.29133580534284	NA	NA	1.96758135825033	1.948984719271	1.83056727194255	NA	NA	1.54779293069618	NA	1.42407258151088	1.03414780088599	NA	1.20609833426746	0.679796690146627	0.571933467828099	NA	NA	1.0063083195816	1.29219715393384
1.90293562036658	NA	NA	NA	NA	1.39519165241925	0.475157318952205	0.376214127408153	NA	NA	0.435193322922525	NA	NA	0.658424680678669	NA	0.85591090381586	1.33873993021479	1.39726767655476	1.4539307573686	1.3943141072438	NA	0.548412421847446	0.306856654898911	NA	0.89374508852394	0.416782073433232	1.3373240933978	1.42217644020524	0.866497262092378	0.496834735769379	0.822317790311773	0.926419347136288	0.850864454314516	1.02289412039098	NA	NA	NA	0.403158076823656	0.713463190622029	NA
NA	NA	NA	NA	NA	NA	2.18215286344193	2.80063233518811	NA	NA	2.56276569121648	0.856402781375553	NA	1.13912147408228	NA	0.622185558648322	1.95403459946017	1.98594465826859	NA	0.695408782495851	0.857008798107903	1.58198297660284	2.23702039914201	1.40171061887466	1.20202177151878	2.36093401238059	2.03278523257171	2.63518333627517	2.42906951606601	2.04736823543781	NA	NA	0.386435198144631	NA	0.823090821254861	2.38762769993289	NA	2.44648864122309	NA	3.04822698781578
NA	NA	NA	NA	NA	NA	NA	NA	NA	NA	NA	NA	NA	NA	NA	NA	NA	NA	NA	NA	NA	NA	NA	NA	NA	NA	NA	NA	NA	NA	NA	NA	NA	NA	NA	NA	NA	NA	NA	NA
1.68333205179501	1.51262980578149	1.54823577233908	NA	1.69220297011466	1.38158108053192	NA	1.31649779878857	1.5584928371638	1.46283821127788	1.17565924271848	NA	1.07345816828618	NA	1.19413104835257	0.961692402562459	1.13039738700625	1.13475662459513	1.12380332748226	1.36391740722969	0.49896684696697	0.730406589426325	0.52226983962317	0.334980626396094	NA	NA	1.64129074499706	0.797952097159379	0.401781804048407	1.04576650700855	0.360771478619366	0.708626252081662	0.98665373665453	0.663887351581815	0.464017966071459	0.695610123193488	NA	0.21165048798004	0.187561821868303	0.606374618420838
NA	NA	NA	NA	NA	NA	NA	NA	NA	NA	NA	NA	NA	NA	NA	NA	NA	NA	NA	NA	NA	NA	NA	NA	NA	NA	NA	NA	NA	NA	NA	NA	NA	NA	NA	NA	NA	NA	NA	NA
NA	NA	NA	NA	NA	NA	NA	NA	NA	NA	NA	NA	NA	NA	NA	NA	NA	NA	NA	NA	NA	NA	NA	NA	NA	NA	NA	NA	NA	NA	NA	NA	NA	NA	NA	NA	NA	NA	NA	NA
NA	NA	NA	NA	NA	NA	NA	NA	NA	NA	NA	NA	NA	NA	NA	NA	NA	NA	NA	NA	NA	NA	NA	NA	NA	NA	NA	NA	NA	NA	NA	NA	NA	NA	NA	NA	NA	NA	NA	NA
NA	NA	NA	NA	NA	NA	NA	NA	NA	NA	NA	NA	NA	NA	NA	NA	NA	NA	NA	NA	NA	NA	NA	NA	NA	NA	NA	NA	NA	NA	NA	NA	NA	NA	NA	NA	NA	NA	NA	NA
NA	0.903150922072156	0.610214042987316	0.977607915889534	0.886647718351863	0.662292656455401	0.58656495185217	0.598179006818595	1.14170084840644	NA	1.3119358909393	0.411240069708371	NA	0.511927578546401	0.514196224746039	NA	0.483186554300723	1.39112414037347	0.396954166320909	NA	0.65501945869449	NA	NA	0.771605839543824	0.48745538068794	0.651389926906676	1.13833360075862	0.858734487422992	1.02431601790014	0.747922567540783	0.570711504033534	0.163015747941512	1.51521319792609	0.286548910807164	0.776037436950441	NA	NA	1.05954391806179	0.481798755965332	0.72880364748385
NA	NA	NA	NA	NA	NA	NA	NA	NA	NA	NA	NA	NA	NA	NA	NA	NA	NA	NA	NA	NA	NA	NA	NA	NA	NA	NA	NA	NA	NA	NA	NA	NA	NA	NA	NA	NA	NA	NA	NA
NA	NA	0.777553937763869	NA	0.946632673934364	NA	0.393258468042048	NA	NA	NA	0.608559827498924	NA	NA	1.1462004452844	0.986229566705184	NA	NA	1.13410994526879	1.16697510106276	NA	NA	1.16850029714509	NA	0.840111967898486	NA	NA	1.17183769778043	1.05580161411536	1.04102155041899	0.309737773880014	0.987966859787807	1.43896889016053	NA	NA	0.354255038032953	NA	NA	NA	NA	NA
NA	NA	NA	NA	NA	NA	1.7406030035938	NA	1.12722531536159	NA	NA	NA	NA	NA	NA	NA	NA	NA	NA	NA	NA	0.564943187254931	NA	NA	NA	NA	NA	2.05185073612073	NA	NA	0.673431424999808	NA	0.477605897217374	1.85045392101223	0.556675305763843	NA	NA	0.400215311381495	0.945433435952247	0.976529889456144
NA	0.5178719213366	NA	0.654139822053554	0.753728692846651	1.17341363059894	NA	0.933336246531111	NA	NA	0.936087638558894	1.03817260327556	NA	0.837338593224287	0.869812757536818	0.772383765657716	0.593283978090057	0.588389520934009	NA	NA	1.07330613450657	NA	0.997797440557924	1.09891702463221	1.04295439561299	0.864879493726898	0.883504525571801	1.02994705251632	0.624847520200086	0.986497661540226	1.50102489745721	NA	NA	NA	NA	NA	NA	0.204877954572292	1.16388249659155	1.18524519058288
1.77627828747971	1.87808224925375	NA	NA	NA	NA	1.32818376168551	NA	0.860840834481223	0.911604447080052	NA	NA	1.3026521239373	NA	NA	1.43992882692166	NA	NA	1.19455143144993	0.287020223309302	NA	2.12508080440837	0.574051205084065	NA	NA	NA	1.81849252706133	NA	NA	0.793821718484154	2.05016530872329	NA	NA	NA	NA	NA	NA	1.33944436353842	1.51971329809289	1.57449542447526
NA	NA	NA	NA	NA	NA	NA	NA	NA	NA	NA	NA	NA	NA	NA	NA	NA	NA	NA	NA	NA	NA	NA	NA	NA	NA	NA	NA	NA	NA	NA	NA	NA	NA	NA	NA	NA	NA	NA	NA
NA	NA	NA	NA	NA	NA	NA	NA	NA	NA	NA	NA	NA	NA	NA	NA	NA	NA	NA	NA	NA	NA	NA	NA	NA	NA	NA	NA	NA	NA	NA	NA	NA	NA	NA	NA	NA	NA	NA	NA
NA	1.86425987036917	NA	NA	NA	NA	NA	NA	0.852150228983392	0.693403354529766	0.837707769719373	NA	NA	NA	NA	NA	NA	NA	NA	NA	NA	NA	NA	NA	NA	NA	NA	NA	0.605679947965703	0.922069405372824	0.834309657774288	NA	0.908324267207707	NA	NA	NA	NA	NA	0.724932063695173	0.295878514334683
NA	NA	NA	NA	1.58135829459248	NA	NA	1.56958918527148	NA	NA	0.473208622523232	NA	NA	NA	NA	NA	1.04369562285873	NA	1.40904077063024	NA	1.0772740605542	NA	NA	NA	NA	NA	NA	NA	0.909772512324743	1.21895502391388	NA	0.818993278411294	NA	NA	NA	NA	NA	NA	NA	1.12467119882633
NA	NA	NA	NA	NA	NA	NA	NA	NA	NA	NA	NA	NA	NA	NA	NA	NA	NA	NA	NA	NA	NA	NA	NA	NA	NA	NA	NA	NA	NA	NA	NA	NA	NA	NA	NA	NA	NA	NA	NA
NA	NA	NA	NA	NA	NA	NA	NA	NA	NA	NA	NA	NA	NA	NA	NA	NA	NA	NA	NA	NA	NA	NA	NA	NA	NA	NA	NA	NA	NA	NA	NA	NA	NA	NA	NA	NA	NA	NA	NA
0.774898606187378	NA	NA	NA	0.760646090060495	NA	0.448600754247949	0.394693041522202	NA	NA	1.23850359708297	0.359472986944828	1.10171026645119	NA	0.800350367142264	NA	0.662971811599462	NA	NA	0.632543880026442	NA	0.404607921777336	0.220428516888474	0.34786343483321	0.377409751412557	NA	0.416241583219648	0.588804762749815	0.880248050647669	NA	NA	0.218488459555132	0.470108033429377	0.425205064406839	0.662496436766778	0.48728639174829	NA	0.512220499836664	0.235622895380656	0.358116167994158
1.72737025786447	NA	1.18797814126766	NA	NA	0.652675568902646	0.881490696177158	0.914412876332736	0.73519757837635	0.477392878682464	1.12871112597543	NA	NA	1.1099737850208	0.89977334237995	1.02035777419105	0.615763935613115	0.702312390844467	NA	0.556622022978892	0.685538538498549	0.433575797750998	NA	0.793225189336699	0.816368746545418	0.881302030295204	NA	0.977533350050618	0.61728825713149	0.438708257599625	0.59621017654776	NA	NA	0.652817533291422	0.640584454329387	NA	NA	NA	NA	NA
NA	NA	NA	NA	NA	NA	NA	NA	NA	NA	NA	NA	NA	NA	NA	NA	NA	NA	NA	NA	NA	NA	NA	NA	NA	NA	NA	NA	NA	NA	NA	NA	NA	NA	NA	NA	NA	NA	NA	NA
NA	NA	NA	NA	NA	NA	NA	NA	NA	NA	NA	NA	NA	NA	NA	NA	NA	NA	NA	NA	NA	NA	NA	NA	NA	NA	NA	NA	NA	NA	NA	NA	NA	NA	NA	NA	NA	NA	NA	NA
NA	1.84869074671393	NA	2.16118336773465	1.98350893444712	1.25132352569236	NA	1.20721786905626	1.047954443034	NA	NA	1.02546449566729	NA	1.12603084993411	1.04661314457114	NA	1.24051309190828	NA	0.764970159267107	2.37434647726375	0.797625030736714	1.32985628611421	NA	0.892538010449711	0.655468256670911	0.719076093721818	1.08584473291063	0.68063318839675	0.640452260075854	0.948224340069793	1.52529977005478	0.496839616974996	NA	0.271794151075229	NA	NA	NA	0.5554297588174	0.259648513135193	0.296646350731467
NA	1.21927992607172	1.01250513805403	NA	NA	1.07948729234342	1.23256324271845	NA	NA	NA	1.01368874837819	NA	NA	1.05338870711985	1.02914126885295	0.980077919788503	0.952587915390729	0.972551883521098	NA	NA	0.845248731021998	0.795315836218699	NA	0.143902720330284	NA	NA	NA	NA	0.484256685982296	0.805954189950192	NA	NA	NA	NA	NA	0.528903654499723	NA	NA	0.286153040120998	0.806415765154445
0.388804104624435	NA	NA	0.431221228498078	NA	NA	0.686257822181278	NA	NA	NA	0.20924756726223	NA	NA	0.494663349701795	0.448279608963705	NA	NA	0.098982788981681	NA	NA	NA	NA	0.707439863304862	0.578462742797585	1.09093018298742	NA	0.520950515702828	NA	NA	NA	NA	NA	NA	0.242724412033886	0.489031624602422	0.614648772399759	NA	0.323832301260681	0.512677175608633	0.625735687357722
1.08268579411404	NA	NA	0.686689384049555	NA	1.18349719620928	1.51451421244431	1.16273045172105	1.1907021120552	NA	NA	1.69862709660198	0.960210712096929	0.874195265479783	NA	NA	0.653696340456918	0.611904501007643	NA	0.756154465771746	0.703929759164935	0.923818443966327	NA	1.10759488074841	NA	NA	NA	NA	NA	NA	NA	0.305659206675383	0.477643645004566	NA	0.292640684907343	NA	NA	NA	0.326798930147729	0.198387845347063
NA	NA	NA	NA	NA	NA	NA	NA	NA	NA	NA	NA	NA	NA	NA	NA	NA	NA	NA	NA	NA	NA	NA	NA	NA	NA	NA	NA	NA	NA	NA	NA	NA	NA	NA	NA	NA	NA	NA	NA
1.91704440785556	NA	NA	NA	NA	0.850856687482656	1.43639955770136	NA	1.45987253831951	NA	1.29959434981939	1.45330385334102	0.784509482324903	0.735167737918512	0.6594812561982	NA	0.468933273854888	NA	1.02806317488846	1.33589517006683	NA	0.681648756762296	0.60205692719816	0.577591214347773	0.683914139896407	0.877243441107507	0.737397242584963	0.457790644621418	0.85513377008527	0.789675919148505	0.6888984101832	1.00329617295077	0.367799315254344	0.434790808133459	0.989931010020486	0.259439516595983	NA	1.61601159982799	0.892805814907638	1.0292072651597
2.52188305494745	2.57580892235494	NA	2.4238713762455	2.10119100651462	1.8982811165846	NA	2.05120095056135	2.84283208248209	1.85711316685978	2.08909736287964	3.02245887031878	NA	2.91506650610728	2.67265233901788	2.96050183773616	NA	NA	NA	2.51028890287521	NA	1.89501205609075	1.86570559015038	1.39578473630257	NA	1.824028246448	NA	1.91933509308516	1.47013011044287	1.82041550370394	NA	1.96524877863341	1.94027154449521	NA	NA	NA	NA	NA	NA	2.04937306917043
1.06873221392531	1.24249451328503	0.941508896319586	1.12759840685112	0.886489900904776	1.88189631156586	0.604168413322909	0.904781217931322	0.325678546127663	0.403065003191057	0.360000528243293	0.983152237044615	0.859455316837457	1.06763988600794	1.57243072321426	1.20652671439223	1.41133957790393	1.64296897125944	1.37853643650496	1.60848590685386	1.34082047665267	1.00239623628983	NA	NA	0.774090962342403	1.67171015025659	0.304565020633241	NA	1.36183569105929	1.20986617123416	1.25412170540559	1.15542839231055	1.38636810342148	NA	1.49872419401601	1.57456585542737	NA	0.440473901066137	0.633757161604909	1.44709622481607
1.20621616579336	0.967417771023732	0.474660618936809	NA	0.781265661607088	0.803753795907679	1.33970682216358	NA	1.17708865237303	1.573805695761	NA	1.70843771111419	1.43169735380977	1.1705977157688	NA	NA	1.56116181216575	1.44167604032245	1.33176994385527	0.912524477119013	0.66766816008581	1.10929093953225	0.944731438911373	0.870303933938083	1.12237827184529	1.36788366350689	1.22214566112115	0.962370096694611	NA	NA	0.948284491061993	0.877062944839794	NA	0.434871019850917	0.346149626040595	0.255497592979204	NA	0.261875403912463	0.51198949496362	0.764041090876504
NA	NA	NA	NA	0.504488944780722	NA	0.56131680776651	NA	0.80989517549934	1.3451496654859	NA	NA	NA	0.896102704423533	1.07726190338047	NA	0.755150357223138	0.626026859069474	0.52146208214263	0.797662015844611	0.818952714822076	0.62960308487787	0.641081146750402	0.594189382849131	0.749939401336045	1.14317448436766	0.577308396490215	NA	NA	NA	0.931529936264116	0.858600038752807	NA	0.299622315654041	0.593428909846463	0.349707693489559	NA	0.966222482003306	0.590455522291536	0.981790134260344
NA	NA	NA	NA	NA	NA	NA	NA	NA	NA	NA	NA	NA	NA	NA	NA	NA	NA	NA	NA	NA	NA	NA	NA	NA	NA	NA	NA	NA	NA	NA	NA	NA	NA	NA	NA	NA	NA	NA	NA
NA	NA	NA	NA	NA	NA	NA	NA	NA	NA	NA	NA	NA	NA	NA	NA	NA	NA	NA	NA	NA	NA	NA	NA	NA	NA	NA	NA	NA	NA	NA	NA	NA	NA	NA	NA	NA	NA	NA	NA
NA	NA	NA	NA	NA	NA	0.656264007205727	0.431075743364312	0.42754417385803	NA	NA	0.688213531848414	NA	0.719057889903738	NA	NA	0.341762277734724	0.332875158927752	NA	0.682960870752724	NA	0.720553232230186	NA	0.291043634798568	NA	NA	0.477686916678075	0.441345351134737	NA	0.256575379841497	NA	NA	0.224325896311727	0.428503560487868	NA	NA	NA	NA	NA	NA
NA	NA	NA	NA	NA	NA	NA	NA	NA	NA	NA	NA	NA	NA	NA	NA	NA	NA	NA	NA	NA	NA	NA	NA	NA	NA	NA	NA	NA	NA	NA	NA	NA	NA	NA	NA	NA	NA	NA	NA
NA	NA	NA	1.96385040407169	1.56185922694192	1.20739023231576	1.76772690436246	NA	1.82801355118118	1.913069774665	2.01729070996631	1.85206654659634	NA	1.46151805744967	1.83409387863401	1.79068891808109	NA	NA	NA	NA	NA	NA	0.56853133088497	NA	NA	1.55124111341889	NA	0.850461581629654	0.485161142488358	1.72310566903849	1.35250790708549	0.467362725012846	1.22243581550339	0.619030397078876	0.381409824185737	1.76033629506264	NA	0.408600285581405	1.82895236176009	NA
NA	1.33815954086879	NA	NA	1.26827317110904	0.817410931916739	0.550597545062652	0.871620393223591	0.73715826687864	0.464489257067127	0.445328473884101	NA	0.95321207934367	1.1136449376647	0.549200717895967	0.659337438344258	0.639360374992855	NA	0.646843608520892	NA	NA	0.599385442614947	0.682628274757528	0.400092443120165	0.413597285256159	0.289562765152811	NA	NA	0.99306765562833	1.13007562670849	0.979385213076076	0.67702732916892	1.12811560888	0.333225891935401	0.301975467964174	NA	NA	NA	NA	NA
1.54947136088115	1.82232628582085	1.51031377827783	1.64827499501593	NA	1.21524617815196	1.28036781009424	1.52507730428228	1.32423666873481	1.13904352518085	0.88166150827422	1.87789144639938	1.65167056594929	1.31092527271076	1.19905414522484	NA	1.28090196599664	1.22930392810518	1.73205496785412	NA	0.879165483359222	0.865118816264578	1.09898613525126	1.18339632530136	1.21702647704544	1.28370895915266	1.23988819655338	1.39964606823994	0.570895869777665	NA	0.329320367106317	0.396243079410967	NA	NA	0.25747728421071	NA	NA	1.62494447355733	NA	1.69695781821527
NA	NA	NA	NA	0.771339295308699	1.12042094807457	1.06397993332053	0.766483561885859	0.925070294333926	NA	NA	NA	0.776495962788707	0.916051668270589	1.33038558540647	1.1038704167006	1.55450130478106	NA	0.975605769871291	1.01124377327026	0.647934832894771	0.347227611615758	0.554878851952295	0.627975210356378	NA	NA	NA	0.525578484884514	NA	0.345298101235693	NA	0.394347843095134	0.386945455404933	NA	0.128117463680086	0.363865517794129	NA	0.295137303391515	0.412458999897291	0.443906995415659
NA	NA	NA	NA	1.28974840969725	NA	NA	0.786064028343439	0.506800262889738	NA	0.544918574999905	0.625232420201615	NA	NA	0.653583038419663	0.892479097931962	NA	0.445884224473526	NA	NA	0.802072738698757	0.876486533053455	0.37693031515809	NA	0.305424963562328	0.359105064431719	0.816701686398008	0.471499489190319	NA	0.501038587149812	NA	1.08165628131508	NA	0.685151943815426	NA	0.210850473050091	NA	1.96755197529621	1.05182235631257	0.444611785836576
NA	NA	NA	NA	NA	NA	NA	NA	NA	NA	NA	NA	NA	NA	NA	NA	NA	NA	NA	NA	NA	NA	NA	NA	NA	NA	NA	NA	NA	NA	NA	NA	NA	NA	NA	NA	NA	NA	NA	NA
0.634298211221895	0.87412068546767	NA	NA	1.3099676722665	1.53233840764433	1.02176874138096	1.11361819621453	1.36331396753578	NA	1.10340629123016	NA	NA	1.3160120437008	NA	NA	1.43288331938847	1.39022458493067	NA	NA	1.81126601852472	2.2461082902552	1.39438473548301	1.02339952214587	1.40609514853679	0.824901475000775	NA	0.969022196422285	1.38811465597524	NA	NA	0.73273283954583	0.798198856795231	NA	0.411259015039479	NA	NA	0.225260025511292	NA	NA
NA	NA	NA	NA	NA	NA	NA	NA	NA	NA	NA	NA	NA	NA	NA	NA	NA	NA	NA	NA	NA	NA	NA	NA	NA	NA	NA	NA	NA	NA	NA	NA	NA	NA	NA	NA	NA	NA	NA	NA
NA	NA	1.63697850507234	NA	1.90357915948136	2.27219123152228	2.18916397180079	2.11959263543648	2.14747052512454	NA	2.05270401266487	2.43059211140546	2.0222488498785	NA	1.86811463953634	NA	1.4989327987744	NA	NA	NA	1.95844213194706	1.68453482650076	1.81268779573632	NA	1.2451351759592	1.11629210091464	NA	1.31020530738015	1.2077270655297	0.764189026261438	0.555754327038863	NA	0.601977304818624	NA	0.431073842187786	NA	NA	NA	0.961927001231331	0.289463858194715
NA	NA	NA	NA	NA	NA	NA	NA	NA	NA	NA	NA	NA	NA	1.15547357587445	NA	NA	1.05572770173422	0.743882808131176	NA	NA	NA	NA	NA	NA	NA	NA	NA	0.51513867261505	0.530039921403404	NA	NA	0.658392484777503	0.958146064273375	NA	0.867526382805111	NA	0.683699543838958	0.716126372052302	0.808633714604522
1.2045009348186	NA	NA	NA	0.854438738436397	1.24040762052691	NA	NA	1.39974365487045	NA	0.79917254677064	1.14722197462029	NA	1.49420429981263	1.81017171300933	1.96399614820111	NA	0.389112109845073	1.331594484113	0.712160509658428	0.414001040394298	NA	1.09711870786327	0.57881021840761	0.322901659565103	0.446890937052855	NA	0.478408578902123	NA	0.521090871071825	0.479837939964897	0.218638595554278	0.211902226181662	0.414812208667187	0.476242294689785	1.26045851193432	NA	NA	NA	0.812335460537161
NA	NA	NA	NA	NA	NA	NA	NA	NA	NA	NA	NA	NA	NA	NA	NA	NA	NA	NA	NA	NA	NA	NA	NA	NA	NA	NA	NA	NA	NA	NA	NA	NA	NA	NA	NA	NA	NA	NA	NA
NA	0.841992979016476	NA	NA	NA	1.45748436498011	NA	1.54631236265871	2.03473081552987	1.20456077352793	0.892663681046132	NA	NA	NA	1.53246348586428	1.12278984656386	1.09173037790055	NA	NA	NA	0.48199838315512	0.794099024797745	0.82397243891796	NA	NA	NA	NA	NA	NA	NA	NA	0.703465122731225	0.942414626863027	NA	NA	NA	NA	0.544244641096391	0.365756467193917	0.538917797036651
NA	1.47175967875971	NA	1.08743013964447	NA	NA	NA	NA	NA	NA	NA	NA	NA	NA	NA	NA	NA	NA	NA	NA	NA	NA	NA	NA	0.756182762574163	NA	NA	NA	NA	0.654963322777457	NA	0.701941149088029	0.609267682615748	NA	0.736997848161574	0.160922113544977	NA	NA	NA	0.936821886124582
1.97578241710345	1.93939828879462	NA	2.01883046403126	1.76537276586801	1.0097276516254	0.751123118356218	0.981841042477709	1.25690330596528	0.953284212973085	0.716919104162631	NA	NA	1.18364518406259	0.992680382015671	NA	0.70338578047013	0.668920233377839	0.31279871639408	0.714757431352279	NA	0.947345882464957	1.2015506543805	1.34270909401626	1.54093778466972	NA	1.89597253388259	1.99675791100138	1.95131628503802	NA	1.91412811588074	2.48033687749752	1.93428804914186	1.69126373456879	1.57136881517628	NA	NA	1.31800152341839	NA	1.22903882209759
1.84026716327089	1.98763090201237	1.76157689738035	NA	1.93940125158609	1.79107848182684	2.11893193223423	1.89633414908498	1.56535553482612	2.117936150713	1.52923020774517	1.31241083516912	1.48657447629328	1.39931472735323	1.2832585552064	0.760458599920537	1.03349941156809	0.956667814771512	NA	NA	1.84716423276164	1.06682516168915	0.558202437564138	0.664382852760805	NA	1.11644493283143	1.50866277124633	1.54667784010725	1.18481291575826	1.48745310914718	1.30946858731156	0.388432089613762	NA	0.6598041419031	1.75905685437377	0.225560689686698	NA	1.12081654141966	1.31121925997795	2.02467187023072
NA	NA	NA	NA	NA	NA	NA	NA	NA	NA	NA	NA	NA	NA	NA	NA	NA	NA	NA	NA	NA	NA	NA	NA	NA	NA	NA	NA	NA	NA	NA	NA	NA	NA	NA	NA	NA	NA	NA	NA
1.03593094504479	0.87428382612477	NA	NA	NA	NA	0.384885663855651	0.836998549602706	0.950454645638423	0.79665883075658	0.736979459745259	1.36636822984411	1.74016624735682	1.67937620241613	1.34530537912641	NA	1.45203587224641	1.42672293230901	0.861746894962521	NA	0.980231697339844	0.638142916346228	0.749088655365184	0.735974156926016	0.94948144988167	NA	0.579374124079272	NA	NA	0.634470052875025	0.350934543754718	0.917810309489553	0.389599028140603	0.373187005014463	1.65265704491804	NA	NA	NA	NA	NA
0.855004661966707	NA	1.15224316323828	NA	1.03663439277836	NA	NA	NA	1.52232800105843	1.67593520234975	1.53546545015084	2.15516800631756	1.97949483483961	1.87851102969435	1.72951686137821	NA	1.91403191475145	1.50123121362483	0.988818068824254	NA	1.16686046209042	0.803331985957462	0.541333597090032	0.488652219349308	NA	NA	0.57496747752007	0.418367619068671	NA	0.502953648584006	0.395361172639138	NA	0.23229570876914	0.352864003835342	0.526905660223901	0.744226780473859	NA	0.203380514974062	0.664338888808151	0.451196845167026
NA	NA	NA	NA	1.06280872733884	0.781124076976365	0.848706122288923	NA	NA	NA	NA	0.639346502855791	0.154409340252815	0.178840010390046	0.597680969448855	0.181976182758593	0.547960788246043	0.722892604862009	0.455870477177551	0.462724109188529	0.691447298316169	0.691243084945496	0.278296211438144	1.05919484403737	0.294315578010307	0.956644331150988	1.0733274722032	NA	0.861591706357318	0.680555582121377	NA	NA	NA	0.50695488916849	0.641989350460491	0.756443120364051	NA	0.0381105080643761	0.302751809845852	1.04796236712583
NA	1.00199663128983	NA	NA	NA	NA	1.08859870928823	1.34351386076122	1.17958079924322	NA	NA	NA	NA	NA	1.40071440483854	1.29324722881602	NA	1.13501039381033	1.23035112072551	NA	0.651025955035331	NA	1.00833163290766	NA	NA	NA	0.908499430144223	NA	NA	NA	NA	NA	1.23086635128087	0.647883215859615	NA	NA	NA	NA	2.13460338985803	NA
NA	NA	NA	NA	NA	NA	NA	NA	NA	NA	NA	NA	NA	NA	NA	NA	NA	NA	NA	NA	NA	NA	NA	NA	NA	NA	NA	NA	NA	NA	NA	NA	NA	NA	NA	NA	NA	NA	NA	NA
NA	NA	NA	NA	NA	NA	NA	NA	NA	NA	NA	NA	NA	NA	NA	NA	NA	NA	NA	NA	NA	NA	NA	NA	NA	NA	NA	NA	NA	NA	NA	NA	NA	NA	NA	NA	NA	NA	NA	NA
NA	1.2066765161707	1.12871092381662	NA	NA	0.570563074127855	0.448657187858561	0.484566306526409	0.694263926175658	0.961306109991634	0.763257097409469	1.17022810514533	1.04561293457031	0.913684933532905	NA	0.702842074164214	NA	0.357831507971681	NA	0.459360389847358	0.312266187078531	NA	NA	0.336280976358795	NA	0.561746546278665	0.514542280985693	NA	NA	NA	0.398239753211963	NA	0.41306544536982	0.911962456120859	0.369057399104576	NA	NA	0.3100529796016	NA	0.620352568731504
NA	NA	1.30938850110229	NA	NA	1.04992729805484	NA	NA	1.84417607045494	1.70520671695926	1.87211494523117	NA	NA	1.97060065636211	2.0974314127626	1.92980566079729	1.71597249125433	1.69532171415164	1.1627689276461	1.5459989323649	1.41229122771953	NA	0.134775466521385	0.558641985178841	0.259478763934308	NA	NA	NA	NA	0.322821635607472	NA	0.863890401390131	0.48278762021239	0.835285149106588	NA	NA	NA	0.292612895788401	0.435404802736161	0.491792306543219
NA	1.76376816767213	0.861026051076744	1.09366387702791	0.623997788449889	0.729788439228555	0.509884346926283	0.211603585380304	0.681064970269624	1.25557530968459	0.984758140509591	NA	0.63920191041124	0.647675235416722	1.16918918158722	0.789405732650126	0.803774366656367	0.734160235470704	0.772254913559643	0.848698294207605	0.400700345457515	0.706323193736985	0.28345185602781	0.390828279154087	0.380986347019789	0.203007475332458	0.402396200475842	0.3754670959313	0.142431884239792	0.332628479952121	0.294475993908544	0.33151256246107	0.402339386915419	0.472645159823569	0.117172001544773	0.209393237421304	NA	NA	0.265167528406983	0.398853787597655
NA	NA	NA	NA	NA	NA	NA	NA	NA	NA	NA	NA	NA	NA	NA	NA	NA	NA	NA	NA	NA	NA	NA	NA	NA	NA	NA	NA	NA	NA	NA	NA	NA	NA	NA	NA	NA	NA	NA	NA
0.438623231592437	1.03515782198014	NA	1.32527840055321	1.4420988444024	2.03347838816076	1.95701896197804	0.737933097044172	1.02522615712162	1.8108310687012	1.08780496136917	1.15029650785132	0.795620961899589	0.814663013119792	0.646863616822601	2.02586672190627	2.11269072836621	1.96475455975248	1.15721016582488	1.78113356348773	1.42447470092066	1.36525807318162	NA	1.11794238825601	0.801626244891939	0.61435029947785	0.985130364630151	1.2053364611901	1.47178141462415	NA	0.533010145728998	1.36142670455988	0.730041587850899	0.999813931569797	NA	0.70567747932521	NA	0.109386960391343	0.445569124817068	0.579073543055803
0.950796678192167	0.708380273712701	0.248874380083378	NA	0.647844603837376	0.19635123385362	0.732067344678497	0.640258936927418	0.575889143048185	0.19781176264243	0.132101308875031	0.582334311644271	NA	0.469758111079843	0.564903891943465	0.880171206537569	0.431961218278497	0.164352948962299	NA	0.294232234784945	0.736510689686856	0.687760881362778	0.528641248086362	0.687826324437091	0.76241099059925	0.582183081707843	NA	0.381892864173065	0.677449010606721	NA	0.735649739050406	1.04160158225996	0.873707009670461	1.2794153073726	1.63133771894201	1.23664836834841	NA	0.802518122679556	1.39922951511034	1.59590949170759
NA	NA	1.33309665259771	NA	1.0149802900863	0.746058550584038	1.22381991323472	0.673593629622771	0.213056366738965	0.439384935437507	NA	NA	1.67516503928722	0.822424769634894	NA	NA	NA	NA	NA	0.94164468766974	0.513091501071187	NA	1.63835862851816	0.488296924973859	NA	0.703199373889718	NA	NA	NA	NA	0.529554641121202	0.531072189523907	1.09675916517531	0.214009370342946	0.274746518359478	NA	NA	0.226077593530731	0.410942331475704	NA
NA	NA	NA	NA	NA	NA	NA	NA	NA	NA	NA	NA	NA	NA	NA	NA	NA	NA	NA	NA	NA	NA	NA	NA	NA	NA	NA	NA	NA	NA	NA	NA	NA	NA	NA	NA	NA	NA	NA	NA
1.33273075186508	1.73791879298932	NA	NA	NA	1.3762182871145	NA	1.03144777355217	1.252331977138	1.08568830567006	2.17643866456923	NA	NA	1.10905036213553	0.909284408370123	NA	1.33681020827031	1.31650331668381	2.18374186955574	1.18953249063269	0.692913351094516	NA	0.534679517677001	0.837798311139683	NA	NA	NA	0.923040228250594	0.896874441851298	0.667679955350819	0.771638227160705	0.744443478678659	0.795745802598154	1.20937549854922	0.453917407488818	0.212675864814618	NA	0.524184692019502	0.832716818979477	0.708263014882662
NA	NA	NA	NA	NA	NA	NA	NA	NA	NA	NA	NA	NA	NA	NA	NA	NA	NA	NA	NA	NA	NA	NA	NA	NA	NA	NA	NA	NA	NA	NA	NA	NA	NA	NA	NA	NA	NA	NA	NA
NA	0.969518071754584	NA	0.803940613058434	0.891540102087678	NA	2.40283563363791	NA	1.30247903505433	2.59971552029934	1.32378864762453	1.2357506394433	1.89514460646607	1.14342203536324	NA	NA	NA	1.17947057486729	0.848179072737571	0.820039334449349	1.00879975030554	0.927938428006124	1.39910973610155	1.07849015895419	1.21319594551125	1.59624241528138	1.56251030327388	1.63235084767764	1.08929131353865	1.77281534554109	NA	1.50898660888568	NA	1.25634472996186	NA	NA	NA	1.45779355657912	0.919944015473876	1.08691519190267
NA	NA	NA	NA	NA	NA	NA	NA	NA	NA	NA	NA	NA	NA	NA	NA	NA	NA	NA	NA	NA	NA	NA	NA	NA	NA	NA	NA	NA	NA	NA	NA	NA	NA	NA	NA	NA	NA	NA	NA
NA	NA	0.525075139444672	NA	0.324467566492703	0.642985470031127	NA	1.09361488086313	NA	NA	NA	NA	NA	1.31165754824368	0.55443583891909	NA	0.689812978812497	NA	0.718793472027432	0.754673947540361	0.325477872012381	0.533290656531737	0.31807231137815	0.852515150822436	NA	NA	NA	NA	0.920454979446228	NA	0.871458691894569	NA	0.816803143254818	NA	NA	0.617763409673434	NA	NA	NA	NA
1.11667736551264	0.802041187939356	NA	NA	NA	1.34299417539336	NA	NA	NA	NA	1.62850977086582	1.70698650445854	1.36063436962751	1.17405279297609	0.493932394188787	1.27233962089869	0.687640314290655	0.194679745949801	1.66115983652061	0.624780165081853	0.601019468852404	0.900680234979493	0.602522312287218	0.722457796848578	0.907724708453813	1.01866556192695	0.849960033776796	NA	1.02929055077114	0.645283520129076	0.664109973555202	0.770025058436928	0.854226418568666	0.710279911657835	0.310723896731849	0.365415557852572	NA	0.320398641381198	0.472879509275373	0.279492249165832
NA	NA	NA	NA	NA	NA	NA	NA	NA	NA	NA	NA	NA	NA	NA	NA	NA	NA	NA	NA	NA	NA	NA	NA	NA	NA	NA	NA	NA	NA	NA	NA	NA	NA	NA	NA	NA	NA	NA	NA
0.482964383260592	NA	NA	0.677284073583366	1.00350147653626	0.605365020811089	0.737626726142743	0.935009806499841	0.941365637271959	1.2207081562313	NA	1.01562938244438	NA	NA	1.70410213702797	NA	1.32457938351381	NA	1.27519912682292	1.32033587812823	NA	0.65049668696666	1.00216987079793	0.978884785898374	1.10273649183279	1.06198782683702	0.782144552066114	NA	0.346261853474953	0.875026915392508	0.771801650998269	0.633240306738104	0.392821553615734	NA	NA	0.421308632499585	NA	0.570207183053811	NA	1.0212942830857
1.2380066633419	1.39301935316814	1.32410467586797	NA	0.835400479699325	NA	NA	1.21878665222735	NA	NA	NA	1.40736104550493	NA	0.970180949183797	0.748027363576877	NA	0.747936701864919	0.52396955137021	0.812000064276349	NA	1.01924418976148	0.559066867354563	0.771922699170499	NA	NA	NA	NA	0.72421096049026	0.206741278381487	0.387142842927839	1.5312359289004	0.890773622434723	0.553405640298696	0.284953446591226	0.300810764051732	NA	NA	1.00084855045944	0.771839211942906	0.903813566588146
NA	NA	NA	NA	NA	NA	NA	1.35593980476012	1.29763607135821	NA	NA	NA	NA	NA	NA	1.04151184723904	1.09224471724755	0.709718592534814	NA	1.26779106993521	0.821793673980719	NA	0.712959407563245	0.679124466932602	NA	NA	0.281332419485523	NA	NA	0.787558628693743	NA	NA	0.476559402808438	NA	NA	NA	NA	NA	0.251116630450511	0.383810680249731
NA	NA	NA	NA	NA	NA	NA	NA	NA	NA	NA	NA	NA	NA	NA	NA	NA	NA	1.76466937882766	NA	NA	NA	NA	NA	NA	NA	NA	NA	1.70121260951044	0.257952607649044	0.506037117395177	0.373700319949811	0.231396079410687	0.338674417216826	0.602788867974668	0.254496859588808	NA	0.548790900914938	0.638728810127499	0.631158517271308
NA	0.966597649829471	0.524172461612544	NA	NA	NA	1.03316187853786	1.03477406066912	NA	NA	NA	0.301671184762779	NA	0.484341037284614	NA	0.663751104516524	0.620208142519384	0.612350002328388	0.71077406066046	NA	0.877689439341951	0.805814206592255	0.883345284632068	0.620182671931661	0.527303824190805	0.449616144835449	NA	0.87867998344098	0.471211620699518	0.801417902233508	0.533261758440124	0.529757807538375	0.271443059164489	0.423669092626199	NA	NA	NA	0.125672972613793	0.317242786004967	NA
NA	NA	NA	NA	NA	NA	NA	NA	NA	NA	NA	NA	NA	NA	NA	NA	NA	NA	NA	NA	NA	NA	NA	NA	NA	NA	NA	NA	NA	NA	NA	NA	NA	NA	NA	NA	NA	NA	NA	NA
NA	0.635958032278953	0.623676922739504	0.644561650618302	1.58960803691445	0.947274010294269	0.910089542686363	1.43712472270167	0.98739189819386	1.28750152717488	1.44442669033214	NA	NA	0.523762807191349	0.28034294012508	0.695264925745072	0.7523277187584	0.878671798257167	0.627967849185953	1.13110088938461	NA	1.58795237351308	1.63698063641206	1.32965569494857	NA	NA	1.26720505164841	NA	NA	NA	NA	0.78358470270738	0.723009932610808	0.471766184374095	0.759145004054488	0.8952970006388	NA	0.599290264044783	0.487524453614593	0.62703164827632
1.09205858270049	NA	NA	2.12906254431501	NA	NA	NA	NA	0.836244059311341	NA	1.04648284064543	1.09499300293472	1.16116561697075	1.43669450200616	NA	NA	0.746902706213338	1.33090917123007	0.664306199788576	0.540217655320298	0.265227317363438	0.347760697015856	0.412038474506636	1.00594816544746	0.874781857583686	0.859747975560853	NA	0.606306943795576	0.860858543160442	NA	0.686459103223424	0.514665709398175	0.98170549055182	0.621989026217973	0.954683557519641	0.365977157317238	NA	NA	0.688835959909649	0.294348910581888
NA	NA	NA	NA	NA	NA	NA	NA	NA	NA	NA	NA	NA	NA	NA	NA	NA	NA	NA	NA	NA	NA	NA	NA	NA	NA	NA	NA	NA	NA	NA	NA	NA	NA	NA	NA	NA	NA	NA	NA
NA	NA	NA	NA	NA	NA	NA	NA	NA	NA	NA	NA	NA	NA	NA	NA	NA	NA	NA	NA	NA	NA	NA	NA	NA	NA	NA	NA	NA	NA	NA	NA	NA	NA	NA	NA	NA	NA	NA	NA
NA	NA	NA	NA	NA	NA	NA	NA	NA	NA	NA	NA	NA	NA	NA	NA	NA	NA	NA	NA	NA	NA	NA	NA	NA	NA	NA	NA	NA	NA	NA	NA	NA	NA	NA	NA	NA	NA	NA	NA
NA	NA	NA	NA	NA	NA	NA	NA	NA	NA	NA	NA	NA	NA	NA	NA	NA	NA	NA	NA	NA	NA	NA	NA	NA	NA	NA	NA	NA	NA	NA	NA	NA	NA	NA	NA	NA	NA	NA	NA
NA	NA	NA	NA	NA	NA	NA	NA	NA	NA	NA	NA	NA	NA	NA	NA	NA	NA	NA	NA	NA	NA	NA	NA	NA	NA	NA	NA	NA	NA	NA	NA	NA	NA	NA	NA	NA	NA	NA	NA
NA	NA	NA	NA	NA	NA	NA	NA	NA	NA	NA	NA	NA	NA	NA	NA	NA	NA	NA	NA	NA	NA	NA	NA	NA	NA	NA	NA	NA	NA	NA	NA	NA	NA	NA	NA	NA	NA	NA	NA
NA	NA	NA	NA	NA	NA	NA	NA	NA	NA	NA	NA	NA	NA	NA	NA	NA	NA	NA	NA	NA	NA	NA	NA	NA	NA	NA	NA	NA	NA	NA	NA	NA	NA	NA	NA	NA	NA	NA	NA
NA	NA	NA	NA	NA	NA	NA	NA	NA	NA	NA	NA	NA	NA	NA	NA	NA	NA	NA	NA	NA	NA	NA	NA	NA	NA	NA	NA	NA	NA	NA	NA	NA	NA	NA	NA	NA	NA	NA	NA
1.02519734602012	1.0889757033519	1.43148441054409	1.05070535435	NA	NA	NA	NA	NA	NA	NA	0.69251229369011	NA	0.715428543547322	NA	0.933943232270621	0.781858139555417	NA	NA	0.499549335767499	NA	1.47832924121252	1.47619343265744	1.13191557978032	NA	1.07269471279363	NA	1.16340967710716	1.19528081382921	NA	NA	1.6327238419211	NA	NA	0.49619162234619	0.982603412122365	NA	2.30681431137307	0.698617421461437	0.813909184805379
NA	1.82552797173335	NA	NA	NA	NA	NA	1.03596869620851	0.880463726878849	0.599033165314697	0.61635522171207	1.16412477590976	2.21319607579408	1.54692965478198	1.91673461452188	1.60656459737127	2.07739679485593	2.16679200025014	NA	NA	NA	2.05610274375378	NA	1.75784222363363	1.96597053022449	1.88639438463817	NA	1.84280327693864	NA	NA	NA	NA	2.06889925403515	NA	NA	NA	NA	NA	NA	NA
NA	NA	NA	NA	NA	NA	NA	NA	NA	NA	NA	NA	NA	NA	NA	NA	NA	NA	NA	NA	NA	NA	NA	NA	NA	NA	NA	NA	NA	NA	NA	NA	NA	NA	NA	NA	NA	NA	NA	NA
NA	NA	NA	NA	NA	NA	NA	NA	NA	NA	NA	1.04483350763595	NA	NA	NA	NA	NA	NA	NA	NA	NA	1.01412180090631	1.02267334462129	0.83907116874014	1.11073176127747	NA	1.07113305256062	NA	NA	0.984922175408073	0.823010430912187	0.951461824148397	1.0729910055081	1.33309371940031	1.45152171763117	1.64112107852054	NA	2.0554120543789	0.922397439165471	2.32485091497345
NA	NA	NA	NA	NA	NA	NA	NA	0.75634398870735	NA	NA	NA	NA	NA	1.13927069606182	NA	0.692414661291498	NA	NA	NA	1.1381521740865	NA	0.304209843103687	0.641134467344105	NA	0.695442770540316	NA	NA	0.397364144175145	0.7810752214515	NA	0.459886852366517	NA	NA	NA	NA	NA	NA	NA	0.409523672327174
NA	NA	NA	NA	NA	NA	NA	NA	NA	NA	NA	NA	NA	NA	NA	NA	NA	NA	NA	NA	NA	NA	NA	NA	NA	NA	NA	NA	NA	NA	NA	NA	NA	NA	NA	NA	NA	NA	NA	NA
1.34356582254726	NA	1.11549402560372	NA	NA	NA	NA	0.916699031927785	0.791459949769156	0.568056947970944	0.575999427763597	0.873062716075421	0.916913702318784	NA	0.641838776072043	NA	1.02246385416685	NA	1.55858181432628	0.282161770274489	0.40591220095878	0.893851568265767	0.367463316772484	0.625351534329829	0.602522303046925	1.00828263501894	1.49557491715478	0.244393108530303	1.08014202742831	0.722229280619669	0.602782762168491	NA	NA	0.375774539950253	0.707789253288306	0.314760821534917	NA	NA	1.728308073946	2.22852701862594
NA	NA	NA	NA	NA	NA	NA	NA	NA	NA	NA	NA	NA	NA	NA	NA	NA	NA	NA	NA	NA	NA	NA	NA	NA	NA	NA	NA	NA	NA	NA	NA	NA	NA	NA	NA	NA	NA	NA	NA
NA	NA	NA	NA	NA	NA	NA	NA	NA	NA	NA	NA	NA	NA	NA	NA	NA	NA	NA	NA	NA	NA	NA	NA	NA	NA	NA	NA	NA	NA	NA	NA	NA	NA	NA	NA	NA	NA	NA	NA
0.852199975318281	NA	1.03194369074503	NA	NA	0.726189648744765	NA	NA	NA	NA	1.31759403921253	0.781246754408999	NA	0.554643532542373	0.79118039895806	0.907187772856733	NA	NA	0.415092434048663	NA	0.822135602685174	1.20655334407034	0.674259753735116	1.42219374130021	NA	0.660977293910597	NA	0.713781873189169	NA	NA	NA	0.992554702589964	0.436582024708248	0.495625664597012	NA	NA	NA	NA	0.342466383721062	0.300415826517955
NA	NA	NA	NA	2.12264840661729	NA	NA	1.63519303654789	NA	NA	NA	NA	NA	NA	0.98775350180249	1.0876446152692	NA	NA	NA	1.42466731671976	NA	1.11312365702533	NA	0.782452252812416	NA	1.31066393964469	0.910402169981629	1.34454278915224	1.00106092328076	NA	NA	NA	NA	0.897695758888231	0.355544098476769	NA	NA	0.646179877403797	1.22330176484038	0.634931601330863
NA	NA	NA	NA	NA	NA	NA	NA	NA	NA	NA	NA	NA	NA	NA	NA	NA	NA	NA	NA	NA	NA	NA	NA	NA	NA	NA	NA	NA	NA	NA	NA	NA	NA	NA	NA	NA	NA	NA	NA
NA	0.540782546109834	NA	NA	NA	0.640628206903784	NA	0.294157602877789	0.385430674836152	NA	NA	NA	1.04739964578598	0.701711538629226	0.779448279828825	0.795051291531356	0.587119966924757	NA	NA	0.456852050758319	0.867564437281332	0.689021493675696	NA	0.788529144476356	NA	0.2870468014722	0.444263072660364	NA	NA	NA	NA	0.68217430412176	NA	0.499237733116248	0.795908190380342	NA	NA	0.585095098941386	0.587790633479362	0.798876860017184
NA	NA	NA	NA	NA	NA	NA	0.741867962229869	NA	1.80968309969776	NA	0.233111854816049	1.93172368747322	0.28168989214463	NA	NA	0.521112964962371	1.10908649215778	0.30819339842614	0.465312145115714	0.801080656414697	0.541142565267683	NA	1.05726170510588	1.79175290025441	NA	NA	NA	NA	NA	0.599490263366469	0.558853259821345	0.623568550704398	0.464334628691244	0.68772729957956	0.79342931000982	NA	0.716641003464729	NA	NA
NA	NA	1.84968028953722	NA	NA	NA	NA	1.24016378834089	NA	NA	NA	NA	NA	NA	NA	NA	NA	0.902930532585152	NA	NA	NA	NA	0.4706530854117	NA	NA	NA	NA	NA	NA	NA	NA	NA	0.486275727266322	1.94240359518995	NA	NA	NA	NA	0.580492997260004	NA
NA	0.931878172858129	NA	NA	0.927763996180754	NA	1.43721141514526	1.92213836396282	NA	NA	1.63180326924613	1.47971344995471	NA	1.76019256976895	NA	NA	NA	NA	1.64220230186378	1.81457014256518	NA	NA	1.20251323608977	NA	NA	1.86635470044288	NA	NA	0.656207970721363	NA	NA	NA	NA	NA	1.17320347606699	NA	NA	0.323717786069118	0.460458853417545	0.413560262981013
NA	NA	NA	NA	NA	NA	NA	NA	0.719280867805866	NA	NA	NA	NA	NA	NA	NA	NA	NA	NA	NA	0.802874888803269	1.08213769513622	NA	NA	NA	NA	NA	1.13953973498443	0.875852635934762	0.84999199885366	NA	NA	NA	NA	NA	NA	NA	1.17855384847929	NA	1.26867657020145
NA	NA	NA	0.87510844362314	NA	0.528514445873223	NA	NA	NA	NA	NA	0.817309413324701	1.10066876659419	0.820370706457373	NA	NA	0.991422442968839	NA	NA	0.634521140242969	1.03943177676558	0.600485118644171	0.825345781175063	1.03397725842234	1.05901882630974	NA	NA	0.886939010300689	NA	1.09084883442238	0.68916323489907	0.842547015755333	NA	1.23458432242373	1.39104125675129	NA	NA	0.903266056340487	NA	NA
1.30993426943774	NA	NA	NA	NA	1.27858476962052	NA	NA	NA	NA	NA	NA	NA	NA	NA	1.35137251806423	NA	NA	NA	NA	0.838139084346873	NA	NA	0.595750053060043	NA	0.564134943368859	NA	0.27382615276297	NA	NA	NA	NA	0.550647518550796	NA	NA	NA	NA	0.441896102959206	0.373318658049328	0.385897640776757
NA	NA	NA	NA	NA	NA	NA	NA	NA	NA	NA	NA	NA	NA	NA	NA	NA	NA	NA	NA	NA	NA	NA	NA	NA	NA	NA	NA	NA	NA	NA	NA	NA	NA	NA	NA	NA	NA	NA	NA
0.923970252337772	0.368771492484986	NA	0.590224194762232	0.108848029193916	0.514480431107163	0.363373642036623	0.743824291924023	0.859241713002843	0.334226436820367	0.463443574270952	0.613330872797241	0.475802651224057	NA	0.95192739516332	0.325704858553782	0.673628898432936	0.549918765283651	NA	NA	NA	0.697160990647056	NA	0.992580379378118	0.60429562005583	0.688319584916422	NA	0.917963991582491	0.921872103750424	NA	NA	NA	NA	0.402992742830841	0.350494556932385	0.594056446586161	NA	0.754722692862323	NA	NA
0.500578150134916	0.531299329105168	NA	0.47108696076487	0.452999754699734	0.380239761635919	0.424572831636979	0.304030783534025	0.540546753852889	0.77285309865949	0.873259082143775	1.25032681343669	1.31776918527092	1.35973886277534	NA	1.67494485509955	0.772852220205759	1.50405804361265	1.31896171011095	0.818669363484018	NA	0.895802456387554	0.798056790485436	NA	1.26845296086336	NA	1.23080499893437	NA	NA	NA	NA	NA	NA	0.404978604650477	0.570305163479108	0.407807732497508	NA	NA	0.279518609536426	0.498482712056475
NA	NA	NA	NA	1.10828575302717	NA	1.32645086336484	0.339791153940471	0.346020289884473	0.972695016946204	0.548000634331574	NA	NA	NA	0.558653771030726	0.69766367721245	0.837053390364221	0.786301460225865	0.993626010804547	0.527098340035722	NA	0.829020497082691	0.205587128634983	0.662937879310821	NA	0.536677532801598	1.78968669036632	0.485755987568719	0.420654668801018	NA	0.351022029474784	0.715333592132059	0.452993360932933	0.879178478718983	NA	NA	NA	0.512657174888544	0.989932477357293	NA
NA	NA	NA	NA	NA	NA	NA	NA	NA	NA	NA	NA	NA	NA	NA	NA	NA	NA	NA	NA	NA	NA	NA	NA	NA	NA	NA	NA	NA	NA	NA	NA	NA	NA	NA	NA	NA	NA	NA	NA
0.707264157246834	NA	NA	NA	NA	NA	0.671722472850052	0.647696084945116	NA	NA	NA	NA	NA	NA	NA	NA	NA	NA	NA	NA	0.370301541171187	0.217328903276615	0.174244880817931	NA	0.328496525009389	NA	NA	NA	0.177900268286883	NA	1.4965777800937	NA	0.484825376354922	NA	NA	0.300456718171263	NA	0.669131420171989	NA	0.629155624224326
NA	NA	NA	NA	NA	NA	NA	NA	NA	NA	NA	NA	NA	NA	NA	NA	NA	NA	NA	NA	NA	NA	NA	NA	NA	NA	NA	NA	NA	NA	NA	NA	NA	NA	NA	NA	NA	NA	NA	NA
2.57329951605633	NA	NA	NA	NA	NA	NA	NA	NA	NA	NA	NA	NA	NA	NA	1.73437211689704	1.39869239455402	NA	2.07149597286416	1.73289340236132	NA	NA	NA	1.67952539925661	NA	NA	NA	2.17711209817646	NA	NA	NA	NA	NA	1.40909907382117	0.34885969437901	0.809162904398201	NA	NA	0.293808632539015	NA
0.655576376076332	1.52975153260328	NA	NA	0.58331340988348	0.791914381520505	1.50127504810613	NA	1.21723624776807	1.4311485467304	NA	0.977837460000935	1.5554069710511	1.60906450081884	1.40082181364055	1.91821596865565	1.63687146253465	1.6883540123123	1.14349975358615	NA	0.363336116159514	0.318551754816657	0.371687619076641	1.93919706994523	0.623550516242747	0.690914299673968	1.08791452161279	NA	0.601502592983003	NA	0.217188840263024	NA	0.249360408658105	0.893373313096864	0.818366876814241	0.874432006321155	NA	0.439532546372437	0.295151377087145	NA
NA	NA	NA	NA	NA	NA	NA	NA	NA	NA	NA	NA	NA	NA	NA	NA	NA	NA	NA	NA	NA	NA	NA	NA	NA	NA	NA	NA	NA	NA	NA	NA	NA	NA	NA	NA	NA	NA	NA	NA
NA	1.10189271123826	0.812311060198297	1.01938620682126	1.31769858274338	1.6678903339552	1.51217725932025	1.26816776185153	1.87589034483736	NA	1.81658827420613	1.187895480068	0.797148541409603	0.821950601622779	0.977763493744445	NA	1.2343644572452	1.31909833155862	1.6509130280889	1.39573009059586	1.58952682201516	1.30609027834016	1.27953456610592	0.909138870073288	0.887075392162929	0.678424879770026	0.899569394759037	0.956626469126516	NA	0.270827449530433	NA	NA	NA	0.684295174888294	NA	NA	NA	0.314152182641739	0.413331476014119	0.594106056178531
NA	1.09371965368608	NA	NA	NA	1.12271726198093	0.986871338487369	0.810034577765726	NA	NA	1.28280881605592	NA	1.50702925811443	NA	NA	NA	0.959647097488197	0.964305850029265	0.758295939752141	1.05831850616205	NA	NA	NA	NA	NA	NA	1.83496112966035	NA	NA	NA	0.829561570920403	0.933003265585203	NA	0.590286848607264	0.287300692032358	0.158282893773456	NA	NA	0.282978251040697	NA
NA	NA	NA	NA	NA	NA	NA	NA	NA	NA	NA	NA	NA	NA	NA	NA	NA	NA	NA	NA	NA	NA	NA	NA	NA	NA	NA	NA	NA	NA	NA	NA	NA	NA	NA	NA	NA	NA	NA	NA
1.46129675488237	NA	NA	1.51000119959542	NA	NA	0.775847103365189	NA	0.726174900373152	0.661960477466216	0.431201644000513	1.33837227158615	NA	NA	0.534442954633147	0.668242066737294	NA	1.00832282800728	NA	1.86557816083598	NA	NA	0.905958603783623	0.703367740100664	0.608201586111413	0.420447473755108	0.645418196117787	NA	NA	NA	NA	NA	NA	NA	NA	0.572724866491681	NA	0.22471882327102	0.219540174541217	2.03746127618543
NA	NA	1.34139495773797	NA	NA	NA	NA	1.03702104553526	NA	1.36255637303245	0.931134483176256	NA	NA	1.07744070813325	NA	1.60968313893695	NA	NA	NA	NA	NA	NA	1.12411522019518	NA	1.25936254205841	1.30373722003579	NA	1.03427154933189	NA	NA	NA	0.717901041398116	NA	1.05070540211221	NA	NA	NA	NA	NA	NA
NA	1.98157065718906	2.13322751725574	NA	NA	1.05598067735975	NA	NA	1.23528784384006	1.16817512694155	0.92870333140578	1.4112496973369	0.357118867443044	NA	0.329969484618752	0.874366938836625	0.84540105915512	0.361002950574522	0.915850304003902	1.06969499974652	NA	NA	0.606399268590814	0.312175234449723	0.619105583695666	NA	0.40315809095703	0.654837123295291	0.157701251070042	0.33449915469786	NA	NA	NA	2.05117614087643	0.336710612792578	0.531495547536766	NA	NA	NA	NA
NA	NA	NA	NA	NA	NA	NA	NA	NA	NA	NA	NA	NA	NA	NA	NA	NA	NA	NA	NA	NA	NA	NA	NA	NA	NA	NA	NA	NA	NA	NA	NA	NA	NA	NA	NA	NA	NA	NA	NA
NA	NA	NA	NA	NA	NA	1.38593945169778	1.12877423135055	NA	NA	NA	NA	NA	NA	NA	NA	NA	NA	1.23443339173205	NA	NA	NA	1.29991225587532	NA	NA	NA	NA	NA	NA	NA	NA	1.22493537666076	1.11595533210477	NA	0.954469099110935	NA	NA	0.563898246667911	NA	NA
0.905162607126609	NA	NA	1.35274563467458	1.45052176382977	NA	NA	1.33511309434637	1.13707028533613	NA	1.28995959299821	1.64362835516977	1.74118282571848	1.93208923715275	1.15658931154365	0.959414914166616	0.729033712706689	0.702984922160961	NA	0.996697896603971	0.893210401142216	NA	NA	NA	NA	NA	NA	0.804090656385623	NA	NA	NA	NA	NA	0.5396853553819	0.538270788989862	NA	NA	NA	0.535402013451173	0.37697960014902
0.702774540712608	NA	0.756867016529498	NA	0.819990578783369	0.768561324608046	NA	NA	NA	NA	0.480869308164295	NA	NA	NA	0.879773029081869	1.24287424469483	0.799907464650078	NA	0.226467578190703	0.266637316655606	0.471981386545443	NA	0.852577159637994	0.955511284701935	0.967066676604331	1.86364834661426	NA	0.564326183049275	NA	NA	1.44444516094776	1.87528526470502	1.69408212772416	1.4253855876588	NA	1.73773458840106	NA	0.698833868539649	0.509368252619799	0.282884993634769
NA	NA	1.68855772217579	NA	1.43082861074413	1.05129595059889	NA	1.86074013677203	1.54445529866961	1.34247199213444	1.04928050012161	2.07852896450308	NA	NA	NA	NA	NA	1.05507173991185	NA	0.925370687367935	NA	0.667142932921345	0.516905892695755	0.83928526445746	0.876120811380023	NA	NA	1.21468124906218	NA	NA	0.436920510249368	0.486839394905896	0.393691366716665	0.284878756309449	0.353658605587999	NA	NA	0.32748823668965	0.470054064547667	0.685625204569138
0.614481149058949	NA	NA	2.32416136244777	1.03465177798502	1.0311760391338	1.23737723987262	1.40064122881329	NA	1.54365023896623	1.546283418797	1.21131213938094	0.945076103757161	0.89755096525596	NA	1.41277349715525	1.45570879958105	2.04291002084843	1.89203114665302	1.71096547488129	1.31006413475972	1.14179946153577	0.682051765168103	1.40571128033687	1.05514023183394	1.27103329953075	1.30366262482895	0.339438304612487	0.540069285433874	0.472245051917017	NA	1.33844528970832	NA	0.242180068974218	0.425933234878607	0.547640964875587	NA	0.37914103805536	NA	0.43727445291062
NA	NA	NA	NA	NA	NA	NA	NA	NA	NA	NA	NA	NA	NA	NA	NA	NA	NA	NA	NA	NA	NA	NA	NA	NA	NA	NA	NA	NA	NA	NA	NA	NA	NA	NA	NA	NA	NA	NA	NA
NA	NA	NA	NA	NA	NA	NA	NA	NA	NA	NA	NA	NA	NA	NA	NA	NA	NA	NA	NA	NA	NA	NA	NA	NA	NA	NA	NA	NA	NA	NA	NA	NA	NA	NA	NA	NA	NA	NA	NA
NA	NA	NA	NA	NA	NA	NA	NA	NA	NA	NA	NA	NA	NA	NA	NA	NA	NA	NA	NA	NA	NA	NA	NA	NA	NA	NA	NA	NA	NA	NA	NA	NA	NA	NA	NA	NA	NA	NA	NA
NA	1.72915017474215	NA	2.07295162485685	NA	NA	1.55380942908312	NA	NA	NA	NA	NA	NA	NA	NA	1.32140579252599	NA	1.19280385924713	NA	0.850394295572079	0.666898860519441	0.651125403892294	NA	0.569210224559802	0.608446544129631	1.23737134084472	NA	1.55923964888608	1.10883997734604	NA	NA	1.05955703100321	0.99974327358725	0.818329214749533	0.899529477663139	NA	NA	0.945488958112186	0.952661598707027	0.937804827910122
NA	0.587083029550328	1.55128392907627	0.631456096065819	0.83877581354039	1.73509837301158	1.11765986802185	1.5393433622562	0.393243891348147	0.307506275632176	1.42278291025315	0.720449047181421	1.36749182605877	1.08587191058452	1.35023807890854	1.45222791553374	1.43829526874831	1.36359429608872	1.48817817535372	0.42347940445765	2.59494547943174	0.685426482907487	1.84314231253989	1.64905383842562	1.65624359037549	NA	NA	1.50708922372496	NA	NA	1.93538437043005	0.597564484545478	0.760410738039152	0.302155289102943	0.258932794279776	0.175383720216762	NA	1.55491454296252	1.70713055574475	1.40043081232902
NA	NA	NA	NA	NA	NA	NA	NA	NA	NA	NA	NA	NA	NA	NA	NA	NA	NA	NA	NA	NA	NA	NA	NA	NA	NA	NA	NA	NA	NA	NA	NA	NA	NA	NA	NA	NA	NA	NA	NA
1.02158143157287	1.05885514417365	NA	NA	NA	NA	1.67468333881077	NA	NA	NA	NA	0.704066298857487	0.940102904447774	0.894328095855187	0.442295985814112	0.440085808995265	0.79090524889221	1.19701383856743	NA	1.76196877693	NA	0.915527677247044	0.760319906077295	0.506872907384556	1.61064809227307	0.545972445084522	0.720452718413106	NA	0.846453000590464	0.315448065420157	NA	0.649095412385512	0.786165117709562	0.0793708763672398	0.124368140980316	1.03730866612939	NA	0.341298647118114	NA	0.437845141432236
NA	NA	1.41763026983474	0.762186199337808	0.465081145202883	NA	0.412724062326601	NA	0.912690453657601	0.656146870708458	0.555702965858169	NA	NA	1.0946106739261	1.05190047511004	0.695700627878645	1.23202438413978	0.379905977028696	0.683345758681829	0.643724345035774	1.09134680083018	0.294195042381618	1.14536013538034	0.631468730278259	0.666476633415055	NA	0.582506905076093	NA	0.625877946527829	0.881789350955598	1.10134047667131	0.987040363733125	0.41472371155502	0.3455189383424	0.297145318615819	0.509405835546492	NA	0.506184032450433	NA	NA
NA	NA	NA	NA	1.15132263589605	0.809013859236257	NA	1.54102909195573	NA	NA	NA	2.15415386912838	NA	2.15085970082068	2.13814281630308	2.25841491855048	1.9364067253356	1.52809463945464	1.74050555822367	NA	NA	NA	0.317683287786413	NA	0.675569350545456	NA	NA	NA	NA	NA	NA	NA	NA	0.328249627674406	NA	NA	NA	NA	NA	0.469261072764291
NA	NA	NA	NA	1.2811990335035	NA	NA	1.24355165735109	1.15942810226914	NA	0.924828225977312	NA	NA	NA	NA	NA	NA	NA	NA	NA	0.764596151949793	0.795236884739855	NA	NA	1.13457118118357	1.17182637340883	NA	NA	NA	1.20033583873377	NA	NA	0.794798706488487	NA	NA	0.304591685641027	NA	0.220200235575684	0.452016100914551	0.566071579488721
NA	NA	0.544130978834882	NA	0.406974202717505	0.610830082398702	0.688128299930089	NA	0.667119260849205	0.485043460164131	0.727810642547183	NA	NA	0.386897033693725	NA	0.62064768850677	0.77349747880452	0.646743202544467	0.767334134533993	NA	0.528214276130661	NA	NA	NA	0.661307353436527	NA	NA	0.369566450229541	0.694721565093883	NA	NA	0.513971602314981	NA	NA	0.610442555754932	NA	NA	NA	NA	NA
0.0143278951299766	NA	0.312772663846588	NA	0.225587696135642	0.416240118814879	0.698773788604434	NA	NA	NA	NA	0.730582341470186	NA	NA	NA	NA	0.914592523152693	1.01645781591298	0.932447396327777	0.644452749414137	0.777491852822308	0.818743354389325	0.959352734378111	0.728034513635562	0.780096112007604	1.00862407415424	0.777702289664967	0.543020521272384	0.73951791516865	NA	NA	0.574866472385981	0.741461012256057	NA	NA	NA	NA	1.38207697544635	0.0727527062330786	0.624436032172958
NA	NA	NA	NA	1.2022516865607	NA	NA	NA	1.41363966485648	1.1934096392814	NA	0.865186529090966	0.713936710184792	0.937304860452744	0.935641603268657	NA	1.28322086709713	0.888669400846374	NA	0.81276255077097	1.57509794012018	0.858756351704378	NA	0.745664743901437	NA	NA	NA	NA	NA	0.175526983444962	0.411169103036627	NA	0.361583523569259	0.510290162687634	NA	NA	NA	NA	NA	0.185551126336341
1.37079990595602	NA	1.36466636581403	0.901306769937043	0.445093196430855	1.37807379591218	1.56031614909916	1.63579600961574	NA	0.485221349863296	NA	1.5485000978824	NA	1.03351409013451	NA	NA	NA	1.58800290874294	1.41218451028147	NA	1.38561504822271	0.973708661761417	0.700536376868894	0.374237823183495	0.621063166631859	0.851917917112567	NA	NA	1.63924589711549	1.16489027668207	1.4921974720707	1.14328904263593	0.92038677268612	1.37052605952287	1.52509420968194	1.63608660618772	NA	NA	NA	0.36856903675967
NA	NA	1.24754261960453	NA	NA	NA	0.350622775360931	0.343163553124014	0.954812460850983	NA	0.43083174473744	1.112582470269	NA	0.766834738958757	1.12186571834896	NA	NA	0.512826527286737	NA	0.788290200506655	1.40811498463554	0.91555574486722	NA	0.686731134329635	0.984516908967073	NA	NA	NA	0.568822477385875	0.836255220360142	1.0499260570672	NA	NA	0.331065547857362	0.665204397044888	0.613556136909965	NA	0.412741071862128	0.487232529206295	0.588272277368722
NA	NA	NA	NA	NA	NA	NA	NA	NA	NA	NA	NA	NA	NA	NA	NA	NA	NA	NA	NA	NA	NA	NA	NA	NA	NA	NA	NA	NA	NA	NA	NA	NA	NA	NA	NA	NA	NA	NA	NA
NA	NA	NA	NA	NA	NA	NA	NA	NA	NA	NA	NA	NA	NA	NA	NA	NA	NA	NA	NA	NA	NA	NA	NA	NA	NA	NA	NA	NA	NA	NA	NA	NA	NA	NA	NA	NA	NA	NA	NA
0.654800451092353	NA	NA	NA	NA	NA	NA	NA	NA	NA	NA	NA	0.323263785205633	NA	NA	NA	0.397299995729766	NA	0.42764996274421	0.571865840913481	NA	NA	1.23077786453295	NA	NA	NA	NA	NA	NA	NA	NA	NA	0.875593169279648	NA	0.722869518667235	NA	NA	NA	NA	NA
NA	NA	NA	NA	NA	NA	NA	NA	NA	NA	NA	NA	NA	NA	NA	NA	NA	NA	NA	NA	NA	NA	NA	NA	NA	NA	NA	NA	NA	NA	NA	NA	NA	NA	NA	NA	NA	NA	NA	NA
1.04563052520537	NA	1.74287529640932	1.55794235076807	1.53890924334433	0.924834224631111	NA	1.16232966134528	NA	1.21335437467291	NA	NA	0.869889865122358	1.05306850847651	0.61666124380351	0.260717989561437	NA	0.527568079512136	0.573643900757299	NA	0.830038536952725	0.562339880825052	1.02984154832198	0.702540981767117	0.856044415435199	0.403743088949734	NA	NA	0.44703889474697	0.554414100355265	0.193435327643603	0.358127590745836	0.573018794649533	0.828917015138227	0.2228644874682	0.741748583476864	NA	0.475047285700556	0.599600097330226	0.56573528803413
NA	NA	1.34844885502466	NA	1.17524643139003	1.68170839675428	1.1994078819677	NA	NA	1.23960038482204	NA	NA	1.38673639471433	1.48916288072033	0.186551324177518	NA	1.64569280726166	1.32418275785818	0.696862238469467	1.40653282721458	NA	NA	1.00460376906687	0.751226488908804	1.97782744914044	0.737397948911402	0.590004527411805	0.541852595417422	NA	0.644445156090685	0.208655127331704	NA	0.610704645453111	1.26955580941693	NA	0.751928302577969	NA	0.369846970599702	NA	0.596470501750887
NA	NA	NA	NA	0.752532516292447	NA	NA	NA	NA	NA	1.62243527662964	0.912279337096169	NA	NA	NA	NA	NA	NA	NA	NA	NA	0.309944191533584	NA	NA	NA	0.375270248606132	0.237603839437806	1.10471429989084	NA	0.294017198498671	0.561739143707051	1.25985793903454	0.663897481941214	0.527438664630204	0.366862095319317	0.549743180746719	NA	0.325939093854169	NA	NA
NA	NA	NA	NA	NA	NA	NA	NA	NA	NA	NA	NA	NA	NA	NA	NA	NA	NA	NA	NA	NA	NA	NA	NA	NA	NA	NA	NA	NA	NA	NA	NA	NA	NA	NA	NA	NA	NA	NA	NA
NA	NA	NA	NA	NA	NA	NA	NA	NA	NA	NA	NA	NA	NA	NA	NA	NA	NA	NA	NA	NA	NA	NA	NA	NA	NA	NA	NA	NA	NA	NA	NA	NA	NA	NA	NA	NA	NA	NA	NA
NA	NA	NA	NA	NA	NA	NA	NA	NA	NA	NA	NA	NA	NA	NA	NA	NA	NA	NA	NA	NA	NA	NA	NA	NA	NA	NA	NA	NA	NA	NA	NA	NA	NA	NA	NA	NA	NA	NA	NA
NA	NA	NA	NA	NA	NA	1.24408408401924	NA	NA	NA	NA	NA	NA	1.64712099557677	NA	NA	NA	NA	NA	NA	2.32758770784996	NA	NA	NA	NA	NA	NA	NA	NA	NA	NA	NA	NA	NA	NA	0.794045293276065	NA	0.457434413075097	NA	0.84172994434297
1.55410160518539	NA	2.58942983741886	2.66990718671255	0.817865444020564	2.17055571177681	0.843660195051674	2.46602720578749	0.951096672059753	1.18636365731105	1.39584425826654	2.57275666990048	2.41464584144038	NA	1.85445224366722	NA	NA	1.33145102225555	1.0525673223026	NA	2.00693915604857	1.3131796716263	1.27494872993779	0.811499185651682	0.954749918926093	2.20967411272817	1.83592719689232	0.613779571827978	1.06055810068662	1.82965640709177	NA	NA	0.713421125430137	0.842737044171944	0.478526906584086	NA	NA	NA	0.603920760072287	0.679539146170881
1.382458480974	NA	1.61558066174983	1.61077286284481	1.37654659447062	1.18559921680604	0.680606416974099	0.224685507559605	0.479980980145815	0.814850001632536	NA	NA	NA	NA	NA	NA	NA	NA	1.88713912123882	NA	NA	NA	2.03279802607035	1.83671395210067	1.92974576708991	2.34917398205638	1.74337941784753	NA	1.59267519370157	NA	NA	NA	1.72116168107015	NA	2.37888277943819	NA	NA	1.77329496110669	NA	NA
NA	NA	NA	NA	NA	NA	NA	NA	NA	NA	NA	NA	NA	1.23552783192223	NA	NA	NA	NA	NA	NA	NA	0.703015736148746	NA	NA	NA	NA	NA	NA	NA	0.412926599162371	NA	NA	NA	NA	NA	NA	NA	NA	0.51778069947003	0.492299302794477
NA	NA	NA	NA	NA	NA	NA	NA	NA	NA	NA	NA	1.68507081071416	1.8764941729173	1.72867435472353	1.28137450055231	1.26542731717834	1.06368695959869	1.21121526995325	0.880291561773973	NA	NA	NA	NA	NA	1.71151729557231	1.80740443370572	1.41641305011782	1.216551492719	1.20732964580381	1.11768094018955	0.880971246737055	0.754170058799513	0.62353909330506	0.40844658842881	0.373585052791551	NA	0.0905639877253648	0.198881798294623	0.178874891212282
NA	NA	NA	NA	NA	NA	NA	NA	NA	1.60278030668309	NA	1.5080266797632	NA	1.16918947703854	NA	1.10780168585295	NA	1.03978229928125	NA	0.891974784559729	NA	NA	NA	NA	NA	NA	NA	1.62934906502396	1.61064268605763	1.34184083068615	1.21404606520758	0.996039309179406	NA	0.396120225743448	0.595292631636514	0.526250397591643	NA	0.1664298110642	0.333572434716635	0.301351260036219
NA	NA	NA	1.09510350623701	1.15638741673304	1.36444172845605	NA	0.737293552797081	0.817931304746378	1.47859174445881	NA	1.59589816633729	NA	NA	1.95895607754643	NA	1.15603887788943	NA	0.71972596044291	NA	NA	NA	NA	0.890943760411568	NA	0.50554196148171	1.07268808788531	NA	0.803784168218104	NA	NA	NA	0.762405227266765	0.723544596556415	NA	NA	NA	0.320737813584664	0.304398035476601	0.766401390966072
NA	NA	NA	NA	NA	NA	NA	NA	NA	NA	NA	NA	NA	NA	NA	NA	NA	NA	NA	NA	NA	NA	NA	NA	NA	NA	NA	NA	NA	NA	NA	NA	NA	NA	NA	NA	NA	NA	NA	NA
NA	NA	NA	NA	NA	NA	NA	NA	NA	NA	NA	NA	NA	NA	NA	NA	NA	NA	NA	NA	NA	NA	NA	NA	NA	NA	NA	NA	NA	NA	NA	NA	NA	NA	NA	NA	NA	NA	NA	NA
NA	1.74403801583119	NA	1.58060178028214	NA	1.14262742039097	1.29548016295833	NA	0.816097267927348	NA	NA	NA	NA	NA	0.964493171600289	1.25561109965135	1.20432196783251	NA	NA	NA	NA	NA	0.530789365439358	NA	0.78051586084423	0.629629283571936	NA	2.38636739979946	0.722904360204491	0.839032305709996	NA	0.612771819870704	0.29960616269437	0.345688523483921	0.415219972321758	0.49074922823191	NA	0.13718207209993	0.892818803939042	0.798313244930439
NA	NA	NA	NA	NA	NA	NA	NA	NA	NA	NA	NA	NA	NA	NA	NA	NA	NA	NA	NA	NA	NA	NA	NA	NA	NA	NA	NA	NA	NA	NA	NA	NA	NA	NA	NA	NA	NA	NA	NA
NA	NA	NA	NA	NA	NA	NA	NA	NA	NA	NA	NA	NA	NA	NA	NA	NA	NA	NA	NA	NA	NA	NA	NA	NA	NA	NA	NA	NA	NA	NA	NA	NA	NA	NA	NA	NA	NA	NA	NA
NA	1.79954025350865	NA	NA	NA	1.45904908869929	NA	NA	1.23842894498975	NA	NA	NA	NA	NA	1.14842357450923	NA	0.922113693385952	NA	NA	NA	NA	1.05598245107279	0.887309894175063	NA	0.516003304564692	NA	0.83644146112606	NA	NA	0.307851398259012	NA	NA	0.272898670676888	NA	NA	0.515353351347343	NA	0.575221505258629	0.596476699307495	0.805853896812569
NA	0.947659584680664	NA	NA	NA	1.32723194728766	NA	0.710361664481371	NA	NA	0.443818683053398	0.520635231218995	0.617779454430429	0.760843217387982	NA	0.652574765338696	NA	0.529886743107314	0.437507154261496	0.494141268398523	NA	0.507765145278011	0.186002769495801	0.313136536355704	NA	NA	NA	0.585485781066252	0.478354834238379	NA	NA	0.460148326482655	0.575167314845405	0.480813546756015	1.32765738798191	NA	NA	0.561870746561375	NA	0.574047223867612
NA	1.02121952447419	0.733408931135545	NA	NA	NA	NA	0.747336605747677	NA	NA	1.31045690492255	NA	NA	NA	1.13895708495619	NA	NA	1.4558854516159	1.41740887194833	1.47020977836348	2.03256333630007	NA	0.640183721012121	NA	0.600847487218267	0.438339567370805	NA	NA	NA	0.330057488093271	NA	0.531258207970111	NA	0.722025965540774	0.904880181587944	0.97915432631706	NA	NA	0.848230543145502	0.598356349207158
NA	NA	NA	NA	NA	NA	NA	NA	NA	NA	NA	NA	NA	NA	NA	NA	NA	NA	NA	NA	NA	NA	NA	NA	NA	NA	NA	NA	NA	NA	NA	NA	NA	NA	NA	NA	NA	NA	NA	NA
NA	NA	NA	NA	NA	NA	NA	NA	NA	NA	NA	NA	NA	NA	NA	NA	NA	NA	NA	NA	NA	NA	NA	NA	NA	NA	NA	NA	NA	NA	NA	NA	NA	NA	NA	NA	NA	NA	NA	NA
NA	0.461581030107344	NA	NA	1.43868968391474	NA	1.74615198374774	1.55869043069296	NA	NA	0.811820448008718	NA	NA	NA	NA	0.325500172090718	0.388172218033642	0.613988514151314	NA	0.325506794541677	1.05878860435869	0.196024998353572	0.851738036088696	0.822603112334997	1.11119942528394	1.3282067239074	0.824390868692289	NA	NA	0.702511071382404	1.45380762803633	0.339663743439622	1.0282005271979	NA	0.849274261200367	NA	NA	1.41304552047239	NA	0.46937474828309
NA	NA	NA	NA	NA	1.92776409545675	2.28986585225099	2.38697322432399	NA	2.0620935199914	1.71394538048632	NA	NA	0.744503326993244	NA	NA	NA	1.63759662651165	NA	1.6993042642672	NA	2.17622110606148	1.8272111833642	2.30607845588339	1.78241610555752	NA	NA	NA	NA	NA	NA	0.66823958064157	0.65635145105946	NA	NA	0.473244769668878	NA	NA	NA	NA
NA	NA	NA	NA	NA	NA	NA	NA	NA	NA	NA	NA	NA	NA	NA	NA	NA	NA	NA	NA	NA	NA	NA	NA	NA	NA	NA	NA	NA	NA	NA	NA	NA	NA	NA	NA	NA	NA	NA	NA
NA	NA	NA	NA	NA	NA	NA	NA	NA	1.04236044894045	2.03980741740443	NA	1.12575869674524	NA	NA	NA	0.976743602725901	NA	1.040898453691	0.98138088451695	0.909706164887547	NA	1.51968695148453	1.03340695371757	0.600857511502131	0.88031014189871	1.34300131873992	1.02565636453634	1.62670221837595	1.31489659276193	1.32006215433228	0.821495597379875	0.600670344578044	0.328773477686391	0.879380776901301	NA	NA	0.805041140203643	NA	0.518825121698435
NA	NA	NA	NA	NA	NA	NA	NA	NA	NA	NA	NA	NA	NA	NA	NA	NA	NA	NA	NA	NA	NA	NA	NA	NA	NA	NA	NA	NA	NA	NA	NA	NA	NA	NA	NA	NA	NA	NA	NA
NA	NA	NA	NA	NA	NA	NA	0.7673572629268	0.707764014934291	NA	0.923492253443675	0.925506852767464	NA	0.91095810768692	NA	NA	NA	0.774732329245668	1.0970084618417	0.649981188212658	0.643750719222472	NA	0.51315585732914	0.859793825769552	0.944831953570115	NA	0.658923478419855	0.773906513819089	NA	NA	NA	0.546493693691611	0.372992143718896	0.11765698033038	0.230227549654184	NA	NA	0.367603659822101	0.350468460255589	0.503153146222829
1.01022510250372	0.880775741766122	NA	1.52561885893108	0.905049317634488	1.21694959184497	1.03140665086588	0.956862210974821	1.08580571343015	1.34098841221139	1.15798141908745	1.55709211758988	1.86397368319442	0.996551906390695	0.933730361577011	1.22622164829683	1.98968348999301	1.02378559080594	1.19010781054717	1.8954560023649	1.7923665066703	1.1073042673447	1.45831192184919	0.702320391695397	0.597663728581479	0.62796228755958	0.674584061889284	0.65936316979939	0.56216190171367	0.96702262734204	0.735932763456501	0.627272989599008	0.923198132148085	0.618797949279385	0.441713560404157	0.391594116727522	NA	0.23429010354186	0.194008036908735	0.213054165381154
NA	0.871637779515138	1.02122672277925	1.2865794458399	1.01997019313249	0.866043005233981	0.736673082033838	1.07628612278965	1.23088134883369	1.930842280866	0.366719880102241	NA	NA	NA	NA	NA	0.945133793094473	0.57102582816279	0.674379210967961	NA	NA	NA	NA	0.936758161514284	1.39100725755419	1.05715582683705	NA	NA	NA	NA	NA	NA	0.729371127457043	NA	NA	NA	NA	NA	1.04924702623495	0.305801695539143
1.41165240119216	NA	NA	0.952763909682765	0.659702213910119	NA	0.22207488618026	0.421381332234937	NA	NA	NA	NA	NA	0.797326671345666	NA	0.706920831674501	NA	0.72354812722504	0.613692575905436	NA	NA	NA	0.523171072289377	0.519438526868325	0.474954472993747	NA	NA	0.232756448272444	0.629600225781587	NA	NA	0.515116478792636	0.694848939206851	1.03068592219715	NA	NA	NA	NA	NA	NA
NA	1.13592432219017	NA	NA	0.963697351528265	NA	1.5844671336925	0.651656493004726	NA	NA	NA	1.15447944996059	1.30089821220323	0.86984256843361	NA	1.53048144372936	1.40221358555837	1.61847208421621	NA	1.38495510691548	1.37498830909401	1.45375104723132	1.61977755556736	NA	0.480619148056138	1.37862144829166	0.848544002635974	NA	1.15729813038051	0.596702372215001	1.07841424069566	0.398148664599381	0.637676393375162	NA	0.524352749838134	2.25190711051385	NA	NA	1.9464326045074	1.67187604331387
1.70120411302852	1.46036872950958	1.46688502763522	NA	NA	0.766294317763625	2.08186093106213	NA	2.05099081667067	NA	NA	NA	NA	1.26721195364997	NA	1.12294266081089	NA	NA	NA	0.793238375772826	1.29648143929973	NA	0.609455441728001	0.629994127146641	0.690911332113118	1.32329684364553	NA	NA	NA	0.295207407996079	NA	NA	0.550474636165571	0.534524352919804	NA	NA	NA	0.40656909552267	0.527540185288886	0.671787321706198
NA	NA	2.38873126878738	NA	1.92363464250714	2.3009857809216	2.24208864387806	2.09772487503064	2.00843270552773	2.23426602244985	2.17137361367042	2.13368284745526	1.23112000733646	1.21270519518408	NA	1.34971951379536	1.55639922152015	NA	1.45646110551337	1.81611426087892	2.26671837166614	NA	1.86236171839133	2.07779617426143	1.75411914194204	NA	NA	2.20560054897812	NA	2.29451535401511	NA	NA	NA	NA	NA	NA	NA	1.20518373460069	NA	2.46130416897823
NA	NA	NA	NA	NA	NA	NA	NA	NA	NA	NA	NA	NA	NA	NA	NA	NA	NA	NA	NA	NA	NA	NA	NA	NA	NA	NA	NA	NA	NA	NA	NA	NA	NA	NA	NA	NA	NA	NA	NA
NA	NA	NA	NA	NA	NA	NA	NA	NA	NA	NA	NA	NA	NA	NA	NA	NA	NA	NA	NA	NA	NA	NA	NA	NA	NA	NA	NA	NA	NA	NA	NA	NA	NA	NA	NA	NA	NA	NA	NA
NA	0.259422492624064	0.171459300442175	NA	NA	NA	NA	1.01674121621417	NA	NA	NA	1.14387889192289	NA	1.35296772408268	1.2537877788817	NA	NA	0.828827311955048	1.1475821839796	0.7060018427551	0.546510936715203	0.431602546804356	NA	1.35885066401904	NA	0.586941353349651	NA	0.610605150619069	0.430085703783938	0.267103019172541	0.348430107246994	0.111514366991894	0.646518175772143	0.465538443424075	0.341388922359003	0.537005829753558	NA	0.37653600315028	0.616647549658709	NA
NA	NA	NA	NA	NA	NA	NA	NA	NA	NA	NA	NA	NA	NA	NA	NA	NA	NA	NA	NA	NA	NA	NA	NA	NA	NA	NA	NA	NA	NA	NA	NA	NA	NA	NA	NA	NA	NA	NA	NA
1.67367482508613	1.16906242656307	1.24630211362376	NA	1.10892397377581	1.26237957251764	1.24220014829819	1.48660116492354	NA	1.70861742350601	1.2588076939255	2.10183568089507	1.22991137047442	1.12412667818704	1.29216319141681	NA	1.23740163102437	1.17774307053804	1.51190570928784	1.89905870892579	NA	0.65291929174434	0.911648626243499	0.411889284107081	1.42784111642503	0.713599352221203	NA	1.7839019338368	NA	0.663489679375706	0.908921287457473	NA	2.17646854626343	0.604019589794216	2.54619211992167	0.655452258384727	NA	0.925163084486164	0.838428248149409	0.811095323232999
NA	NA	0.574828748974929	1.1094325327143	0.664234438351608	2.23043391809275	0.600223157009828	0.808993338759177	0.404640471642948	0.392678065878674	0.405969326419782	NA	NA	NA	NA	0.643558605826447	0.356917874666886	NA	0.670863625921856	NA	0.374108465485818	0.406778781109658	0.982035103769123	NA	NA	NA	NA	NA	NA	0.734989289418004	NA	0.896560946467021	0.845231582083775	NA	0.421022613664996	0.259309782339818	NA	0.774365694095063	0.717149025106973	0.469093294101367
NA	NA	2.02772443078843	0.336704388965019	NA	NA	1.62842345434962	0.531517017608066	NA	NA	NA	NA	NA	NA	0.542614585960138	0.817607831637266	1.50782861308112	0.785468097948102	NA	1.09192345889549	0.856367388917953	NA	0.654534950713486	0.47839826837259	0.405664847842629	0.594431091795793	NA	1.14042478818158	NA	NA	1.75051430692344	0.551430392759972	0.817380786288496	NA	NA	NA	NA	0.734429424026114	0.421374125622322	0.499000614559771
NA	NA	NA	NA	NA	NA	0.977541931972146	NA	NA	NA	NA	NA	0.631583637794916	NA	NA	NA	NA	NA	1.07530092872774	1.06791230536496	NA	0.288909198392499	NA	0.469538909962782	0.778959637199574	NA	NA	NA	1.28546638452741	NA	NA	0.676982465147354	0.672231888303004	NA	NA	0.633863058542913	NA	0.37606150674477	NA	0.780833736250675
0.72843928338906	NA	NA	NA	NA	NA	NA	0.391057520443605	0.282206556103745	NA	NA	1.0212140757996	0.735172489138648	1.01599567133364	0.878237616028714	1.3964166968123	2.0422408398849	0.917371595558958	0.796932721912468	0.621655043161983	0.461446998810975	NA	NA	1.35063387524399	NA	NA	NA	1.38611305538332	1.25723619757371	0.963907463393168	NA	NA	0.605309865539969	NA	0.479133263015698	0.366351304137839	NA	0.642859932426782	0.275466858110161	0.388513752405399
1.80644671443338	NA	1.02262326630215	NA	0.892575343471834	0.625671729721644	0.574337958587233	0.818689927083983	0.751905078413657	NA	0.92486521965333	NA	0.23800116730862	0.288945850175746	0.761489049601086	NA	0.392738826352443	0.954178531496922	0.989252594346817	0.674851488116891	1.12465403160237	1.13623974514169	1.32949520645964	NA	1.69050273492627	NA	NA	NA	2.45036422190395	NA	NA	NA	NA	NA	NA	NA	NA	1.54811551061303	NA	1.48299453175168
NA	NA	NA	NA	NA	NA	NA	NA	NA	NA	NA	NA	NA	NA	NA	NA	NA	NA	NA	NA	NA	NA	NA	NA	NA	NA	NA	NA	NA	NA	NA	NA	NA	NA	NA	NA	NA	NA	NA	NA
NA	NA	NA	NA	NA	NA	NA	NA	NA	NA	NA	NA	NA	NA	NA	NA	NA	NA	NA	NA	NA	NA	NA	NA	NA	NA	NA	NA	NA	NA	NA	NA	NA	NA	NA	NA	NA	NA	NA	NA
NA	NA	NA	NA	NA	NA	NA	NA	NA	NA	NA	NA	NA	NA	NA	NA	NA	NA	NA	NA	NA	NA	NA	NA	NA	NA	NA	NA	NA	NA	NA	NA	NA	NA	NA	NA	NA	NA	NA	NA
NA	NA	NA	NA	NA	NA	NA	NA	NA	NA	NA	NA	NA	NA	0.751191641150781	NA	NA	NA	NA	2.27428297413006	NA	0.670898113150303	0.646126922180532	0.507881289288402	NA	NA	NA	NA	NA	NA	NA	NA	0.931091849640774	NA	NA	NA	NA	0.262738854147095	1.10679371929718	0.471356802927454
NA	NA	NA	NA	NA	0.512748134437775	0.71978010911722	NA	NA	NA	NA	NA	NA	0.549493028126529	NA	NA	0.652928348528845	NA	NA	NA	NA	NA	0.493347244940862	NA	1.29849465407379	NA	NA	1.0699015463514	NA	NA	NA	0.91621012336067	0.603567134744905	0.607803187825623	NA	NA	NA	NA	NA	0.305223601553366
NA	NA	NA	NA	NA	NA	0.634235923394981	0.452726459443346	NA	NA	NA	NA	NA	NA	NA	NA	NA	NA	NA	NA	NA	1.06416786235352	NA	NA	1.259786866437	NA	NA	1.50215103504354	NA	NA	NA	0.759707922919116	NA	NA	1.51190726248982	1.79217129645016	NA	NA	0.365518098702301	1.5858307510634
NA	NA	NA	NA	NA	NA	1.20687841768841	1.1907085775985	NA	0.786380175980776	NA	NA	NA	1.10129394872107	NA	NA	1.19168813678862	0.985539649271859	1.16724717650731	NA	NA	0.787427821143666	NA	NA	NA	NA	NA	NA	NA	NA	NA	NA	NA	NA	NA	NA	NA	1.23566785944726	1.39288943276133	NA
NA	1.18920963075405	1.41410171619984	NA	1.29610550085587	NA	1.03180501767115	NA	NA	1.6275553102359	NA	NA	1.6568352346132	1.27174773103391	1.32711956599135	NA	1.27403916278733	NA	1.1530881307783	0.741326804282539	0.433336058944708	NA	0.671281624211536	0.463230594655463	NA	0.846127974239279	NA	NA	1.95368670676188	1.94953942472029	NA	NA	1.05148099627791	0.890405592859449	0.366995096282393	0.470402843026015	NA	0.261552287065871	0.386983575050467	NA
NA	NA	0.562190157853941	NA	NA	NA	NA	1.434754810798	NA	NA	NA	NA	NA	1.5151140795888	NA	NA	1.00373508091667	NA	NA	NA	NA	0.861413008286307	0.834042266759341	NA	0.711337229215339	1.06678429892063	0.492747548600283	1.00991876344471	1.09822309498898	0.493933215724315	0.436761456078879	0.779083136554993	1.67259305438798	0.701611737164491	0.809745093122457	NA	NA	1.66601747708758	0.542287073339131	0.653510524288654
NA	NA	NA	NA	NA	NA	NA	NA	NA	NA	NA	NA	NA	NA	NA	NA	NA	NA	NA	NA	NA	NA	NA	NA	NA	NA	NA	NA	NA	NA	NA	NA	NA	NA	NA	NA	NA	NA	NA	NA
NA	NA	NA	1.82250554863542	NA	NA	NA	1.5185864008541	NA	1.66025463710821	NA	NA	NA	NA	1.36140058398861	NA	1.23853606864543	NA	NA	NA	1.16042523228948	NA	NA	0.859700893713986	NA	1.3509351048933	NA	NA	NA	NA	NA	NA	NA	NA	NA	NA	NA	NA	NA	0.811982031904072
1.10043594015808	0.993199389177532	1.11521472675708	NA	NA	NA	0.77077273311748	0.864063947683515	0.908210139210422	NA	0.983721268206437	0.659261433581061	NA	0.853366211403963	NA	0.802009802774455	1.02869992157265	NA	NA	1.0327783627285	2.01783820338396	NA	0.371173621918911	NA	1.36684219328175	0.854823590811652	NA	0.672246201602031	NA	0.56420108703192	NA	NA	NA	0.579621302141696	0.248532956981218	NA	NA	0.193741267695594	0.277181098782769	0.22151801889561
NA	NA	NA	NA	NA	1.5418930124174	NA	1.01199723451771	1.36401251526748	NA	NA	NA	1.51959787243485	1.84630008106571	1.59426595442741	1.2474280127398	NA	1.23144562090797	NA	NA	NA	NA	NA	NA	NA	1.12051486149333	NA	NA	NA	NA	NA	0.404422175991833	1.55675497368044	NA	NA	NA	NA	0.939889560451933	NA	NA
NA	NA	NA	NA	NA	NA	NA	NA	NA	NA	NA	NA	NA	NA	NA	NA	NA	NA	NA	NA	NA	0.440731077126373	1.0666129367931	NA	NA	0.808706427767974	NA	NA	0.603493344983515	0.635914731842608	NA	NA	NA	NA	0.218354122704049	0.467348455776441	NA	0.937019991567619	1.29433163610827	1.92025229383546
NA	NA	NA	NA	NA	NA	NA	NA	0.836024061303473	0.612348827016763	NA	NA	0.850585081287648	1.411370541568	NA	NA	NA	NA	NA	NA	0.971441765095604	NA	NA	NA	NA	NA	NA	NA	0.481319471676607	NA	NA	NA	0.114749760434646	NA	0.716693897442394	NA	NA	0.144260946046751	0.190149923802516	NA
NA	NA	NA	NA	1.62785545455688	1.06917910424768	0.581969373237946	NA	NA	NA	NA	0.637408444388362	NA	1.7536602134379	NA	0.737350476683393	0.688088097334559	NA	NA	NA	0.768800413269888	NA	0.357006433365888	NA	NA	NA	NA	NA	NA	NA	0.225356005000004	0.237152749850319	0.84200772504424	NA	NA	NA	NA	0.279566642343684	NA	1.30652291964328
NA	NA	NA	NA	NA	NA	NA	NA	NA	NA	NA	NA	NA	NA	NA	NA	NA	NA	NA	NA	NA	NA	NA	NA	NA	NA	NA	NA	NA	NA	NA	NA	NA	NA	NA	NA	NA	NA	NA	NA
NA	NA	NA	NA	0.87688657868898	NA	NA	NA	NA	0.78651605186617	NA	NA	NA	NA	NA	NA	0.832629856922369	NA	NA	NA	0.952382341614923	0.79021479790962	0.963935548875406	1.88729660137287	NA	NA	NA	NA	NA	NA	NA	NA	0.573900923272228	NA	NA	NA	NA	NA	0.237594531858092	NA
NA	NA	NA	NA	NA	NA	NA	NA	NA	NA	NA	NA	NA	NA	NA	NA	NA	NA	NA	NA	NA	NA	NA	NA	NA	NA	NA	NA	NA	NA	NA	NA	NA	NA	NA	NA	NA	NA	NA	NA
NA	NA	NA	NA	NA	NA	NA	NA	NA	NA	NA	NA	NA	NA	NA	NA	NA	NA	NA	NA	NA	NA	NA	NA	NA	NA	NA	NA	NA	NA	NA	NA	NA	NA	NA	NA	NA	NA	NA	NA
NA	NA	NA	NA	NA	NA	NA	NA	NA	NA	NA	NA	NA	NA	NA	NA	NA	NA	NA	NA	NA	NA	NA	NA	NA	NA	NA	NA	NA	NA	NA	NA	NA	NA	NA	NA	NA	NA	NA	NA
NA	NA	NA	NA	1.27439992526665	NA	NA	NA	NA	NA	0.240149834885933	0.822471822383732	1.91619209030761	1.1390467267008	NA	NA	0.89617283597883	0.815521459635396	NA	0.821563035225232	NA	NA	NA	NA	NA	NA	NA	NA	2.04570455000905	1.54776911655954	1.59133285386798	1.44124995212107	1.47689442139411	NA	1.00904134712352	NA	NA	NA	0.944021054401428	NA
NA	NA	NA	NA	NA	NA	NA	NA	NA	NA	NA	NA	NA	NA	NA	NA	NA	NA	NA	NA	NA	NA	NA	NA	NA	NA	NA	NA	NA	NA	NA	NA	NA	NA	NA	NA	NA	NA	NA	NA
NA	NA	NA	NA	NA	NA	2.01664733382981	NA	NA	NA	NA	NA	NA	NA	NA	NA	1.37840620324509	1.14809698084969	1.29882777914708	1.03360522150216	1.4630731071115	1.21508816111068	1.54588765203964	1.12742879951218	1.50032294632428	NA	NA	NA	NA	0.790216432825938	NA	0.812454787000016	NA	NA	0.228579462668862	0.370719287178308	NA	1.08502803921977	0.392965191736864	0.27132319983729
NA	NA	NA	NA	NA	NA	NA	NA	NA	NA	NA	NA	NA	NA	NA	NA	NA	NA	NA	NA	NA	NA	NA	NA	NA	NA	NA	NA	NA	NA	NA	NA	NA	NA	NA	NA	NA	NA	NA	NA
NA	NA	1.41283242851034	NA	0.389650226938903	1.41081372706638	NA	NA	NA	NA	NA	1.76797057326818	1.29014240994492	1.4805933319251	1.29965984724855	1.40327099690545	1.34660627069423	0.481933213097813	1.45856985141042	NA	1.58154817742847	NA	NA	1.99856164522975	NA	NA	0.415890622822409	NA	1.490260075276	NA	1.82852936271431	NA	NA	1.55376181293543	0.458277560776327	0.0392372446371093	NA	0.428154054856229	2.06042406157149	1.83199516098248
NA	NA	NA	NA	NA	NA	NA	NA	NA	NA	NA	NA	NA	NA	NA	NA	NA	NA	NA	NA	NA	NA	NA	NA	NA	NA	NA	NA	NA	NA	NA	NA	NA	NA	NA	NA	NA	NA	NA	NA
NA	NA	0.759176587910743	NA	NA	0.433540826165405	0.627144746844198	0.471224612159776	0.357094847601263	NA	NA	0.506498379667395	0.714098130707851	0.565983404978637	NA	0.784353068748471	0.590404744799708	NA	0.243415977752862	0.246038019054204	0.475197756713386	0.528298138796818	1.25165801846484	NA	NA	NA	NA	NA	NA	NA	NA	NA	NA	NA	0.627504830060076	NA	NA	NA	NA	NA
NA	NA	NA	NA	NA	NA	NA	NA	NA	NA	NA	NA	NA	NA	NA	NA	NA	NA	NA	NA	NA	NA	NA	NA	NA	NA	NA	NA	NA	NA	NA	NA	NA	NA	NA	NA	NA	NA	NA	NA
NA	NA	NA	NA	NA	NA	NA	NA	NA	NA	NA	NA	NA	NA	NA	NA	NA	NA	NA	NA	NA	NA	NA	NA	NA	NA	NA	NA	NA	NA	NA	NA	NA	NA	NA	NA	NA	NA	NA	NA
NA	NA	NA	NA	NA	NA	1.76354020766411	1.6568362838617	NA	NA	NA	NA	NA	NA	NA	1.26136113944058	0.912698116657104	NA	0.986822156525168	1.18009391154933	0.956797810529372	0.474354300378411	0.493293200344188	0.787197325644598	NA	NA	0.884882312578791	NA	NA	NA	NA	0.676743181202941	0.605817345245773	0.756240880221652	0.347432756472528	0.566196003559236	NA	1.09509163866092	NA	NA
0.864871337634711	NA	NA	NA	NA	0.268734768459742	NA	1.00100418004271	0.606485040962413	NA	NA	NA	NA	0.397862108825307	1.13433649348855	NA	NA	NA	0.516820651813065	0.310236794727459	1.15288366310627	NA	1.22670252324352	0.630697113331581	0.677970482828848	1.17705177890057	NA	0.837751750881362	NA	1.0567237703198	NA	0.484205765714338	0.495737474770581	NA	0.866662097274082	0.62261359894897	NA	0.623313659140341	0.938152406791404	1.37072526264098
NA	NA	NA	NA	NA	NA	NA	NA	NA	NA	NA	NA	NA	NA	NA	NA	NA	NA	NA	NA	NA	NA	NA	NA	NA	NA	NA	NA	NA	NA	NA	NA	NA	NA	NA	NA	NA	NA	NA	NA
3.08997658557132	NA	NA	2.65867159151487	NA	NA	NA	NA	1.55937660453753	1.52125049495491	NA	1.39948827918269	NA	NA	1.25286599312344	NA	NA	NA	1.78553756449264	1.73822229198493	2.09659390221123	2.26286672972996	2.07769748543421	NA	2.08232875604966	2.06672721788666	1.81991967743007	1.84724444369469	NA	NA	NA	NA	1.01503108341554	NA	0.790377534012619	NA	NA	NA	0.428693819706332	0.719164516037277
0.858451543090972	0.982061382435325	NA	NA	NA	0.423870506678308	NA	NA	NA	NA	0.850922357239431	NA	NA	0.669254945351307	0.606631095302751	NA	0.464901846831528	0.351191925400316	NA	0.496660761123088	1.24693207906267	NA	0.595502691456377	NA	NA	NA	NA	NA	NA	NA	1.21265375354225	NA	NA	0.474804795686814	NA	NA	NA	NA	0.622389446890848	NA
NA	2.17124710892931	NA	NA	NA	2.34212919630557	2.38501126406976	1.74136068288211	NA	NA	NA	2.31979867847533	NA	2.15093113775167	1.83240627338798	NA	2.02608239287152	2.27583809546918	NA	NA	2.00875447845301	1.75493067639725	1.51373586227472	1.25314714502807	0.841053584446322	1.0740942387121	0.669728151072153	NA	0.666851054460837	NA	NA	NA	NA	NA	NA	NA	NA	NA	0.264712164021845	NA
NA	NA	NA	NA	NA	1.40730018404828	NA	NA	1.478413252263	NA	NA	NA	NA	NA	0.593200677624751	NA	1.85536541194376	0.560252601367911	1.03225763182778	NA	1.28030937064694	1.27873569750127	NA	NA	0.49387717728913	NA	NA	NA	NA	NA	NA	NA	0.0808728592527677	0.939983496263189	0.962667252319587	1.3035204110898	NA	0.637920933821402	0.292565259359572	NA
NA	NA	NA	NA	NA	NA	NA	NA	NA	NA	NA	NA	NA	NA	NA	NA	NA	NA	NA	NA	NA	NA	NA	NA	NA	NA	NA	NA	NA	NA	NA	NA	NA	NA	NA	NA	NA	NA	NA	NA
0.696610392791948	NA	0.931193405458246	0.841111168665952	0.475940750368668	0.870943633152604	0.745351220747008	NA	NA	0.921968102021272	1.03055262653452	NA	NA	0.5894442019458	NA	NA	NA	0.566083668471086	NA	NA	0.772243136686655	0.817569966989977	NA	1.09539422048106	NA	0.577993508421245	1.13182130560167	NA	1.07078963154344	NA	1.50576954111829	0.375449552560708	0.556844457644524	0.334681154697248	1.72751494195829	NA	NA	0.312743989254194	0.504933833622866	0.57570706165809
NA	NA	NA	NA	NA	NA	NA	NA	NA	NA	NA	NA	NA	NA	NA	NA	NA	NA	NA	NA	NA	NA	NA	NA	NA	NA	NA	NA	NA	NA	NA	NA	NA	NA	NA	NA	NA	NA	NA	NA
NA	1.17963895510922	NA	NA	NA	NA	NA	NA	0.756535717115775	NA	NA	NA	NA	NA	NA	1.54955133356866	1.18120380033108	1.29045856826123	0.580578335587911	NA	0.658138902848794	NA	NA	0.193648657175978	1.05757111353931	NA	0.61463611867326	NA	0.36978754014696	NA	NA	0.612371180525129	NA	0.461965411300193	NA	NA	NA	NA	0.351846643934039	0.172613892949428
NA	NA	NA	2.56905528124484	NA	NA	0.894787485301646	NA	NA	1.20953932059744	NA	NA	1.59915478444933	NA	1.40393192103468	NA	0.714021190482752	0.659870866263684	0.485242692638672	0.479539389790125	NA	NA	NA	0.212660052754312	NA	0.514050812860054	0.391542033587843	NA	0.876600898040965	NA	0.273133824286002	NA	0.533563926856689	1.46671732003355	NA	0.178845789503515	NA	NA	2.34350465520007	0.261790895391695
NA	NA	0.278517288532296	NA	NA	0.725565891987666	NA	0.662536796329839	1.00867873638875	NA	NA	1.19724976236865	NA	NA	NA	NA	0.72133321424003	NA	NA	0.539918001028099	NA	0.600265785015549	NA	1.10724384848756	1.11307552093524	NA	NA	NA	NA	NA	NA	0.91578136485264	1.13752164726837	NA	0.999739219764516	NA	NA	NA	1.17401005709088	NA
NA	NA	NA	NA	NA	NA	NA	NA	NA	NA	NA	NA	NA	NA	NA	NA	NA	NA	NA	NA	NA	NA	NA	NA	NA	NA	NA	NA	NA	NA	NA	NA	NA	NA	NA	NA	NA	NA	NA	NA
NA	NA	NA	NA	NA	NA	NA	NA	NA	NA	NA	NA	NA	NA	NA	NA	NA	NA	NA	NA	NA	NA	NA	NA	NA	NA	NA	NA	NA	NA	NA	NA	NA	NA	NA	NA	NA	NA	NA	NA
NA	NA	NA	NA	NA	1.11999623152043	1.19079222178546	0.855367510230565	0.809990919910075	0.645867707314545	0.591695108511587	0.579104874660914	NA	0.674293574742983	0.424261633440172	0.433118178578572	0.470719226913987	0.272693513381645	NA	0.374965323980992	0.543261313202928	0.473600586787628	0.432099343456754	0.413539889138843	NA	NA	NA	NA	0.321089009665309	NA	NA	NA	NA	0.691184013398219	0.545528053426039	NA	NA	0.393780846707697	0.400581865876463	0.291963342307166
NA	1.51292759537175	1.53467515696593	NA	1.30421595770177	1.23628296481713	NA	NA	NA	1.42482546216076	1.58539279085116	1.89068145469948	NA	NA	NA	NA	NA	NA	NA	1.34692797783577	0.952929007457074	1.03224120215575	1.20817146503209	0.885859343133493	1.21212353544644	1.38238427108121	NA	1.86642437151051	NA	0.752107948854542	NA	0.73174009841797	NA	NA	0.555094733165895	0.799830202925146	NA	NA	NA	NA
NA	NA	NA	NA	NA	NA	NA	NA	NA	NA	NA	NA	NA	NA	NA	NA	NA	NA	NA	NA	NA	NA	NA	NA	NA	NA	NA	NA	NA	NA	NA	NA	NA	NA	NA	NA	NA	NA	NA	NA
NA	1.64296548515769	1.74058912163818	1.57732982788152	1.4368495695199	1.42613687325867	NA	NA	NA	NA	NA	1.4914077761417	1.42156422258242	NA	0.786933857739168	NA	NA	NA	1.40323772006002	0.86943838355238	NA	1.0179765681804	0.871067881711416	1.30382992690652	NA	NA	NA	1.71627232237162	1.49026631632139	NA	0.481535989769335	0.528687099220024	0.581952180800631	0.373456861609233	0.220128290780364	NA	NA	0.420193446099939	0.547055187649994	0.697049777185284
1.46620144606451	NA	NA	NA	NA	1.20614569851388	NA	1.35557876335118	NA	NA	1.05719301992822	1.36008740050017	1.01907603896192	NA	0.960425004752598	NA	1.18340032661304	1.46769608273463	NA	1.2241231578056	0.963483493472393	0.72959166141386	NA	0.916956956444966	0.687037225860556	0.681525302082028	NA	1.03899757464702	NA	0.692538650661332	NA	0.714019721554534	0.593696234224749	0.917029295737846	0.537399278587062	0.427655561963586	NA	0.314307181098312	0.480702708698983	NA
2.13519309754315	1.1816740494682	NA	NA	NA	1.5609980187744	NA	NA	0.93422089380145	NA	NA	NA	0.848806582139989	0.849541522103589	0.646460816805546	1.22876492548381	0.320394570054948	0.2661726463841	NA	NA	NA	NA	0.860052976551777	NA	0.315123086505027	NA	NA	0.440555425722042	0.641530234018088	NA	NA	NA	NA	NA	NA	NA	NA	NA	NA	NA
NA	NA	NA	NA	NA	NA	NA	NA	NA	NA	NA	NA	NA	NA	NA	NA	NA	NA	NA	NA	NA	NA	NA	NA	NA	NA	NA	NA	NA	NA	NA	NA	NA	NA	NA	NA	NA	NA	NA	NA
NA	NA	0.675843234052083	NA	NA	NA	1.10835329820968	NA	NA	NA	NA	NA	NA	0.921037356904644	0.805358892076208	0.776844046051107	1.09402624867149	0.982272564320907	NA	NA	1.19287694286783	0.608556255059941	0.762915879273455	1.21006840025154	NA	1.16329609037003	NA	0.874163170536807	0.812308579506734	NA	NA	0.711584641498823	0.708712559972472	0.669409921149212	NA	NA	NA	NA	NA	0.970634088465223
NA	NA	NA	NA	NA	NA	NA	NA	NA	NA	NA	NA	NA	NA	NA	NA	NA	NA	NA	NA	NA	NA	NA	NA	NA	NA	NA	NA	NA	NA	NA	NA	NA	NA	NA	NA	NA	NA	NA	NA
NA	NA	NA	NA	NA	NA	NA	NA	NA	NA	NA	NA	NA	NA	NA	NA	NA	NA	NA	NA	NA	NA	NA	NA	NA	NA	NA	NA	NA	NA	NA	NA	NA	NA	NA	NA	NA	NA	NA	NA
0.496743254834887	NA	1.00643361386882	0.751818420010719	NA	NA	0.381910566107294	0.538112531157128	NA	NA	0.531888068815221	NA	NA	0.251281065474611	0.434824084404845	NA	0.569484869797175	NA	NA	0.418585307311262	0.597173463838236	0.297979437792683	NA	NA	1.82165962203555	0.201191100142776	NA	NA	0.327910439128082	NA	NA	0.477792164777389	0.466938491306974	NA	NA	0.452339242156835	NA	0.220962705086356	NA	0.181434337993632
NA	NA	NA	NA	NA	NA	NA	NA	NA	NA	NA	NA	NA	NA	NA	NA	NA	NA	NA	NA	NA	NA	NA	NA	NA	NA	NA	NA	NA	NA	NA	NA	NA	NA	NA	NA	NA	NA	NA	NA
NA	NA	2.28650257679946	NA	1.93572434167338	2.09813925724384	2.28468942356813	NA	NA	NA	NA	2.90597481572192	2.13953560337244	NA	NA	0.659289039495815	2.30895653227676	0.83884730888894	NA	1.88632423614578	NA	NA	1.96483037340676	1.14396171928479	0.824831726764385	0.587181257488517	NA	NA	NA	NA	NA	0.915474103502653	2.64867631578086	1.3518403450371	0.593116551456288	0.514149398957635	NA	1.49650973156263	1.47395722342121	0.505209997577231
NA	NA	NA	NA	NA	NA	NA	NA	NA	NA	NA	NA	NA	NA	NA	NA	NA	NA	NA	NA	NA	NA	NA	NA	NA	NA	NA	NA	NA	NA	NA	NA	NA	NA	NA	NA	NA	NA	NA	NA
NA	NA	NA	NA	NA	NA	NA	1.09234722571823	NA	NA	1.22923627526332	NA	0.588752117888339	0.786071915508836	0.695536667265051	NA	NA	1.07570478380365	NA	NA	1.65236180102894	0.926435269678605	NA	NA	NA	NA	NA	NA	0.719321508085122	0.745200599391321	NA	0.737857589846212	0.685647925941989	0.683960980589699	0.303571933074126	NA	NA	0.561249675222149	NA	0.52470153630847
NA	NA	NA	NA	NA	NA	NA	NA	NA	NA	NA	NA	NA	NA	NA	NA	NA	NA	NA	NA	NA	NA	NA	NA	NA	NA	NA	NA	NA	NA	NA	NA	NA	NA	NA	NA	NA	NA	NA	NA
NA	NA	NA	NA	NA	NA	NA	0.604787443837387	0.938471452925243	NA	NA	NA	NA	2.38611376669632	NA	NA	NA	NA	NA	NA	NA	0.578035263819687	0.364935236715359	NA	NA	0.692483338883513	NA	NA	NA	1.37081129288241	NA	1.24584135960403	1.38359941618513	NA	1.00616845494107	0.300625588193074	NA	0.508935741766925	1.39163872672917	0.578299664899835
NA	NA	NA	NA	NA	NA	NA	NA	NA	NA	NA	NA	NA	NA	NA	NA	NA	NA	NA	NA	NA	NA	NA	NA	NA	NA	NA	NA	NA	NA	NA	NA	NA	NA	NA	NA	NA	NA	NA	NA
1.52937786479748	1.88158708474636	NA	1.67787962037423	1.42729239957381	NA	1.28947832245981	1.06634782274837	NA	1.21402218791268	0.942376855479857	1.45027378955598	1.5663615866482	NA	1.12846678521284	1.94709153225994	1.65347051952498	1.12893080892662	1.83525794973518	1.95799725545781	0.942428198043373	0.786890549686028	1.11475938312737	0.602741297907462	0.723865237199148	1.57201173017859	1.5739174421799	1.07254897179355	0.613597389199428	0.294207873827769	NA	0.557808523604108	0.527370069779797	0.370475770539147	NA	1.86156649009934	NA	0.426232135086357	0.304622044870854	0.588914986600954
1.43868248583401	NA	NA	NA	NA	NA	NA	0.673467892505242	NA	NA	NA	0.788674400628386	NA	NA	0.853526080962554	NA	NA	0.781387212565225	0.758812005619028	NA	NA	1.21334834458083	NA	NA	NA	NA	NA	NA	1.02110082624494	0.86149696442561	0.711542914782242	NA	NA	NA	NA	0.61267721577301	NA	0.938011167649436	NA	1.0636697404054
1.53330462840888	1.46780071358023	1.11498796390548	NA	1.92215266462892	1.84448934941284	1.15235506142593	NA	0.489535308270713	NA	1.40526174599164	1.16782829916508	1.36253319669443	1.04266766251187	0.771180946966913	1.02973162401118	1.04825583189898	0.932510278140364	0.760394687250448	0.528816605171099	0.363487017349321	1.48598637303169	0.0816809687158482	0.532498933649606	1.66230650293863	0.908533208812625	NA	1.24539474524414	1.30501171566025	1.39642668763281	1.44003961651708	0.987887897288881	1.24897443028953	NA	1.12471628733702	0.809148778567332	NA	0.369826092833983	0.856928311179103	0.820962378908224
NA	NA	NA	1.35903956691744	NA	0.529818738316016	NA	NA	0.523599788720307	NA	NA	NA	NA	1.39480700111006	NA	0.781847875267937	0.453601885461915	NA	0.968169333025452	1.38375089734781	NA	NA	0.724472743126079	0.533243698036672	0.852900474679992	1.12884974772064	0.332740437806742	0.60554630336225	0.987480250369081	0.965260647790121	NA	0.869018439928109	0.652476281867484	0.57229737977805	0.398913802042452	0.564725404967151	NA	0.290982987750727	NA	0.312946238473207
NA	NA	NA	NA	NA	1.25249088867679	1.59228336821325	1.50004610223159	1.37772188689924	NA	NA	0.650853078800466	NA	0.988415531877997	1.11125556588839	0.389172295099931	1.19750910876988	NA	1.36327603990288	0.994089742305061	0.754714488421551	0.891293497836844	0.338112291214905	0.627849304795812	0.880345707553435	0.684805247121959	NA	0.82978595642317	0.950229001264896	0.725949166307489	0.889358359726822	1.25601875341545	NA	1.14341911374061	0.802841133652199	0.941204993833518	NA	0.562999640001506	0.631329191147023	1.08983577180273
NA	NA	NA	NA	NA	NA	NA	NA	NA	NA	NA	NA	NA	NA	NA	NA	NA	NA	NA	NA	NA	NA	NA	NA	NA	NA	NA	NA	NA	NA	NA	NA	NA	NA	NA	NA	NA	NA	NA	NA
NA	NA	NA	NA	NA	NA	NA	NA	NA	NA	NA	NA	NA	NA	NA	NA	NA	NA	NA	NA	NA	NA	NA	NA	NA	NA	NA	NA	NA	NA	NA	NA	NA	NA	NA	NA	NA	NA	NA	NA
NA	NA	NA	NA	NA	1.05059249543528	1.28801920899874	1.32544296873011	1.13828218035108	1.03764999253958	0.745432390356924	NA	0.505516744566207	0.240889499260627	NA	0.712394621724579	1.25626332951131	0.811564654807666	NA	0.90050936410897	0.87201242732354	1.09917216837264	0.664390228942665	0.882988068177133	0.755570644764607	0.739675141472707	NA	1.23987464915986	0.520020529401697	NA	NA	0.20137644817921	0.484506125033907	0.450471804201851	NA	NA	NA	0.513984512970984	0.32850955418239	NA
NA	NA	NA	NA	NA	NA	NA	NA	NA	NA	NA	NA	NA	NA	NA	NA	NA	NA	NA	NA	NA	NA	NA	NA	NA	NA	NA	NA	NA	NA	NA	NA	NA	NA	NA	NA	NA	NA	NA	NA
1.42856263324035	NA	NA	1.14182094167106	NA	0.762133257959823	0.548945613579814	1.08727816531697	0.983086146322779	0.965204906820792	NA	NA	1.87175496841721	0.498168136344337	0.628931632591631	0.660604007376248	NA	1.32272801137249	1.02130308115469	1.95178817304675	1.77078253229584	0.830468990113102	NA	1.18443496760854	NA	NA	0.75039647114688	NA	0.168950496712127	1.47285952597397	1.65438057036495	0.703799685013677	1.34581606436954	0.444526379619868	1.35229655746711	1.47651323563748	NA	2.00451051161538	1.03531950051316	1.90598283677772
NA	NA	NA	NA	NA	NA	NA	NA	NA	NA	NA	NA	NA	NA	NA	NA	NA	NA	NA	NA	NA	NA	NA	NA	NA	NA	NA	NA	NA	NA	NA	NA	NA	NA	NA	NA	NA	NA	NA	NA
NA	NA	1.11994439761105	NA	1.49860553037508	NA	0.627847711081595	NA	NA	NA	NA	NA	NA	NA	NA	NA	NA	NA	1.11042739320154	1.36802632261303	0.681826363474653	1.39035688221011	NA	0.797345987741225	0.37919556866533	1.4984512026538	1.29998784025932	0.719289470374215	1.33881131062427	0.750941603631536	1.12358239978239	1.11989200131737	1.22047931216976	NA	0.960467437197193	1.23466504776679	NA	0.4695544229047	NA	0.934981942162689
NA	NA	NA	NA	NA	NA	NA	NA	NA	NA	NA	NA	NA	NA	NA	NA	NA	NA	NA	NA	NA	NA	NA	NA	NA	NA	NA	NA	NA	NA	NA	NA	NA	NA	NA	NA	NA	NA	NA	NA
NA	NA	NA	NA	NA	NA	NA	NA	NA	NA	NA	NA	NA	NA	NA	NA	NA	NA	NA	NA	NA	NA	NA	NA	NA	NA	NA	0.993372259582999	0.842037853928529	0.885321020822363	0.610984402451008	0.501444931245513	0.363396866890618	0.216581809493807	0.0997560312933713	0.0233647154855853	NA	0.351509592079842	0.46056339059583	0.636547115546756
NA	NA	NA	NA	2.40341280218581	2.17981324188011	2.00306417451897	2.20710205587678	1.91513029423112	NA	2.029336023996	NA	1.83680863946698	NA	NA	NA	2.08762168322308	1.85038179598083	NA	NA	2.14956627287031	NA	1.73086573701571	1.73594459782291	0.711056378073429	0.971902724753763	1.11148104784932	1.78716580231617	1.72967103958889	NA	NA	NA	1.09004624052613	1.05882973512649	1.03868084746965	NA	NA	1.04259546958248	NA	1.34869842685309
1.31123042649721	1.24106869645745	NA	1.47883447608746	1.5030644351088	0.619411717197065	0.615166546234072	1.31544428144555	NA	0.828488277238926	0.455910556621037	0.37388702651401	2.0691894107375	NA	0.286915925593895	0.398892982982327	0.847131966433138	0.955072993893211	0.816547629722596	0.292049591054783	NA	1.33116937286969	1.73609194379433	1.02176713230522	1.31083993851734	0.29754317805514	0.352750972693534	1.40040180081748	1.94167659174672	NA	1.9686035043555	1.60656013754152	0.30389368655948	NA	2.26098936657605	NA	NA	0.157088699091255	0.550278257115275	0.668032908250435
1.40445669658382	NA	1.21116798592284	NA	NA	NA	0.508420771504106	0.422629687503384	NA	0.635496325325719	0.479963757816216	NA	NA	0.966403557478827	1.00915836094297	NA	0.900867360789153	NA	0.642751515357711	NA	NA	1.97417419796099	NA	1.42959156426564	NA	NA	NA	NA	NA	NA	NA	0.895215486769307	NA	1.33725923985609	0.5063290174517	1.61274376758168	NA	1.59045262622871	1.60584408351098	NA
NA	NA	NA	NA	NA	NA	NA	NA	NA	NA	NA	NA	NA	NA	NA	NA	NA	NA	NA	NA	NA	NA	NA	NA	NA	NA	NA	NA	NA	NA	NA	NA	NA	NA	NA	NA	NA	NA	NA	NA
NA	NA	NA	NA	NA	NA	NA	NA	NA	NA	NA	NA	NA	NA	NA	NA	NA	NA	NA	NA	NA	NA	NA	NA	NA	NA	NA	NA	NA	NA	NA	NA	NA	NA	NA	NA	NA	NA	NA	NA
NA	NA	NA	NA	1.12753022722134	NA	NA	1.2607996928533	NA	NA	NA	NA	NA	NA	1.49692703323971	NA	NA	NA	NA	NA	0.865509573236304	1.23750531725669	0.684096056363852	0.589813175711828	0.606267818743286	NA	NA	NA	0.382253014441148	0.693993710710694	NA	NA	NA	NA	NA	NA	NA	1.87623385134106	0.495720160922225	0.538693906599917
1.18064848842137	NA	1.38843023813611	1.48183832248529	1.11204953049696	1.72839698909176	1.81557597565611	NA	1.45635159479841	1.54201971534815	NA	1.59597923275335	NA	1.60979259852269	1.93152050640375	NA	1.90357231138223	NA	NA	1.24315761339327	2.31856363930636	1.71540786575286	NA	1.57952376216371	1.63819610441969	1.97023369466668	1.35918097186694	NA	1.08021036532897	1.5736576840986	NA	0.650523521508934	0.463939091586368	0.263456369758522	NA	0.304827858065375	NA	NA	0.321244765690837	NA
1.57219245688165	1.19451907496807	NA	NA	1.10647799434308	NA	NA	NA	0.664977915475956	NA	0.945298168844089	1.23415901664884	1.42656040757125	1.23677539512188	1.38459332360073	0.98154734678967	NA	NA	NA	0.901802135868907	NA	0.837178120556996	0.455976612421986	NA	0.495409390486859	0.526280911739658	1.1181438556745	NA	1.30382910602604	NA	2.23407171029429	0.173403435455388	2.00629792525969	NA	NA	NA	NA	NA	0.436885330534254	0.523158089862494
NA	NA	NA	NA	NA	NA	NA	NA	NA	NA	NA	NA	NA	NA	0.698690097367389	NA	1.24189191515291	NA	NA	NA	NA	NA	0.441404479340979	0.401990163153195	NA	NA	NA	NA	NA	0.404430154655095	NA	0.467620556880708	0.711699700956261	NA	0.531609047652176	0.346659464998928	NA	NA	0.553167281032673	0.896542631141324
NA	0.944883122135156	NA	NA	NA	NA	NA	0.467745715583944	0.839783620140611	NA	0.760389767039433	NA	NA	1.5431924793424	1.50911479335587	1.51501630777196	NA	1.21070010217247	1.1321669729952	NA	0.967767940549137	NA	NA	NA	NA	NA	NA	NA	NA	NA	NA	NA	0.814394564037795	0.825569774439589	0.638596322823799	0.640734593864906	NA	0.882486845149052	NA	NA
NA	NA	NA	NA	1.20795831228814	2.17899468955757	1.4923675376836	3.16505691831968	2.02953883710285	NA	NA	NA	2.16433517689667	2.2644432372877	2.27706915173649	2.08044898921774	0.553061895953459	1.16226342234766	2.46086393194602	2.15254918730114	2.27825254998307	2.28017296109559	NA	0.736598160644177	2.45853622761254	2.57248262646043	0.511729786405184	2.38691254486046	NA	0.601623198357695	0.599148522059717	0.969675410459231	0.545424710658165	1.95845354863453	2.30305912423057	2.40563812813651	NA	NA	NA	NA
1.02865234179573	1.45106855739737	1.4122225692084	NA	NA	1.17745100628327	NA	NA	NA	1.76990065571677	1.09998901313902	0.931293356622959	0.928588082578011	0.926685366037488	0.820788033955382	0.616126136925287	0.51543599783795	NA	0.943608043914661	1.14357198742727	NA	1.05047974361308	0.689756993705321	0.657513431465495	NA	0.734714588013204	NA	NA	NA	0.260720126185975	NA	0.0732846558379473	NA	0.351914965605273	0.361484027338522	0.503015628780945	NA	0.754892378850845	0.228958634035409	0.365971205727154
NA	NA	NA	NA	NA	NA	NA	NA	NA	NA	NA	NA	NA	NA	NA	NA	NA	NA	NA	NA	NA	NA	NA	NA	NA	NA	NA	NA	NA	NA	NA	NA	NA	NA	NA	NA	NA	NA	NA	NA
NA	NA	NA	NA	NA	NA	NA	NA	NA	NA	NA	NA	NA	NA	NA	NA	NA	1.35182499565601	NA	1.29521039003965	0.636691765536176	0.387878318155905	NA	0.07215986328412	NA	1.47830782712104	NA	NA	NA	0.507240069212885	NA	NA	NA	NA	NA	NA	NA	NA	0.762731779838856	0.538713035622515
NA	NA	NA	NA	NA	NA	NA	NA	NA	NA	NA	NA	NA	NA	NA	NA	NA	NA	NA	NA	NA	NA	NA	NA	NA	NA	NA	NA	NA	NA	NA	NA	NA	NA	NA	NA	NA	NA	NA	NA
NA	2.03725716771345	NA	1.87601686306682	1.80008462388473	1.23481865192321	1.07192868878025	1.12630403949089	0.871531479670785	1.22807977354169	NA	0.846984477718387	NA	0.724209649773754	0.29082293746888	NA	0.807525026157062	0.383651014240951	0.763336941861624	0.892147115976507	0.477976205039499	NA	NA	NA	0.341275216407153	0.228447026303865	0.414235427901691	0.080590570083455	NA	NA	NA	NA	0.352713467935016	NA	0.277648394255525	NA	NA	NA	0.558118921212446	0.38509861326926
1.19657088410817	0.923560957237206	1.55431231375828	NA	NA	1.18961141446138	NA	0.886753952849479	NA	NA	0.808453344322809	NA	0.619535325699451	NA	NA	NA	NA	NA	NA	0.709898714064403	NA	0.831081396036385	0.762633076044697	NA	NA	0.751080518433044	0.846566996742009	1.06612159137855	0.52002569141497	0.671560587787384	0.821730327175967	1.65263153416845	1.35518220261108	NA	NA	NA	NA	0.756270958358287	0.55752596931202	1.26179572370446
NA	NA	NA	NA	NA	NA	NA	NA	NA	NA	NA	NA	NA	NA	NA	NA	NA	NA	NA	NA	NA	NA	NA	NA	NA	NA	NA	NA	NA	NA	NA	NA	NA	NA	NA	NA	NA	NA	NA	NA
NA	NA	NA	NA	NA	NA	NA	NA	1.39848879422991	NA	NA	NA	NA	1.79228637683902	NA	NA	NA	NA	NA	NA	NA	NA	1.93772479547187	NA	1.9395913525513	NA	3.51995286168124	1.14916814248279	2.43815426346004	2.6837058707566	NA	NA	NA	1.15359980159195	0.814372984706924	NA	NA	NA	NA	NA
1.28031070369628	1.21310160331105	NA	0.980878641209088	NA	0.795347695622019	1.48763510087691	NA	0.701732642081688	0.851626826538334	0.919859769226933	1.02743989564223	0.902870504490615	0.728778646375822	NA	NA	0.728200398288388	1.04092815041939	0.741105883033703	NA	0.806168544469177	0.711963635557048	1.06893643230991	1.02237337318109	1.57551277213709	1.07957474796431	0.637115773674983	0.783271466666113	0.772798220047561	NA	NA	1.69719124094303	0.579093560513811	0.404410774803025	NA	0.548705371372117	NA	0.171989140534274	NA	2.32102310984158
NA	NA	NA	NA	NA	NA	NA	NA	NA	NA	NA	NA	NA	NA	NA	NA	NA	NA	NA	NA	NA	NA	NA	NA	NA	NA	NA	NA	NA	NA	NA	NA	NA	NA	NA	NA	NA	NA	NA	NA
NA	0.650776545999827	NA	0.715168172344735	NA	0.473096230658956	0.505418015923686	0.535880135454007	NA	NA	1.10942356569005	NA	NA	1.67602906209594	0.795039977377552	NA	0.314333622912779	NA	NA	0.465707346384088	1.39409621571434	NA	NA	NA	NA	NA	NA	NA	0.698854279239939	0.542850542705688	NA	1.05808566460892	0.706224427809874	NA	NA	NA	NA	0.36416748023088	NA	0.910376709418337
NA	NA	NA	NA	NA	NA	NA	NA	NA	NA	0.951638093972218	NA	NA	NA	NA	NA	NA	NA	NA	NA	NA	0.680431487922806	NA	0.353639149977552	NA	0.400346671181712	NA	1.26124811133225	NA	0.190867518543077	0.504564249436589	0.594721394785494	NA	NA	0.464875294831283	0.110002674875739	NA	0.206033347617984	1.70229777814554	NA
NA	NA	NA	NA	NA	NA	NA	NA	NA	NA	NA	NA	NA	NA	NA	NA	NA	NA	NA	NA	NA	NA	NA	NA	NA	NA	NA	NA	NA	NA	NA	NA	NA	NA	NA	NA	NA	NA	NA	NA
NA	NA	2.39014696472017	NA	NA	NA	NA	NA	NA	0.654994433636374	1.01562795186629	NA	NA	1.08404017472879	NA	0.768037130631604	0.780290098403498	NA	NA	0.77424965721735	1.16854533990229	NA	1.61757442320568	NA	0.905046555281897	1.29269310302192	0.985795063501367	NA	1.43316074838718	NA	NA	1.59832938132413	0.727980954006504	NA	0.991990940055598	NA	NA	NA	0.843522874400784	NA
NA	NA	NA	NA	0.955004945251844	1.46106383174766	0.923697107507153	NA	NA	NA	NA	0.840070958903107	NA	1.54399008765014	0.45435817831971	NA	NA	NA	NA	NA	NA	0.404900796306806	0.780463627458535	1.34456834894387	NA	NA	0.77690974369798	NA	0.286134439404072	0.850364783297897	NA	0.753940201619449	0.400715072085093	0.331852646280198	0.383774889708362	0.690347206160455	NA	1.03046355944031	NA	1.09627814214375
NA	NA	NA	NA	1.71998292989831	1.34267869955606	NA	NA	1.85157271860688	NA	2.29161395547235	NA	NA	NA	1.71520347526338	0.537575660586564	1.52072906096415	1.48606783480781	0.304931845003039	0.694630839026424	NA	0.975253393029516	0.47435942456918	NA	0.501265333080803	1.53142096047291	0.402324778721997	0.33028732661634	0.452331885729793	1.33880702187398	0.754130644543689	0.415496522594365	0.15720622475958	0.24276271853465	0.316902069401231	0.527332371480993	NA	0.223915420012597	0.231451687508425	0.447118866488592
NA	NA	NA	2.2406381397059	NA	NA	NA	0.970231750493893	NA	NA	NA	NA	NA	1.17944126611761	1.34736785625054	NA	0.958034014855791	NA	NA	0.498055431964874	0.564802306242636	0.570829433968705	NA	1.31695117245353	NA	0.945830877578509	1.2286505682115	1.1166645823669	0.715079413353674	1.09938796613628	NA	0.8957878653206	0.679440057184139	0.469734489083322	0.48487215535578	NA	NA	0.251762605242549	0.267272329789151	0.247508120707585
NA	NA	NA	NA	NA	2.25967958404766	NA	NA	NA	NA	2.09586917313745	2.00075427216312	NA	2.4310906877174	2.60742169009613	NA	NA	NA	2.58608577235005	0.639077635529361	1.59272062947586	0.436240005730016	0.470952218226829	NA	NA	NA	0.829423957008258	0.426085794380805	0.264753136514875	0.255467764157142	NA	NA	NA	0.949757774469685	0.236113488146692	NA	NA	1.45199457234053	1.38286267720452	0.458323075771084
NA	NA	NA	NA	NA	NA	NA	NA	0.949774833655709	NA	NA	0.392151174750217	1.30231498958872	0.315639764939585	NA	NA	0.397880467278469	1.14323189894875	1.4436482341808	1.61878055647917	0.674632477638716	1.10508262616572	NA	1.44045373316899	NA	1.29959115494723	NA	NA	0.791506378690812	NA	1.42701251514301	0.666668854347212	1.29978925826285	NA	NA	NA	NA	0.301922024760697	1.480689009738	NA
NA	NA	NA	NA	NA	NA	NA	NA	NA	NA	NA	1.4667875935661	NA	NA	NA	NA	NA	NA	NA	NA	1.10988139194513	NA	NA	1.42215200860064	1.01962499176653	0.66474619107616	1.08419195089235	0.481117066806305	NA	0.806472588000688	NA	NA	0.527651345647926	0.921536911601924	0.443680457343286	NA	NA	NA	NA	NA
NA	NA	NA	NA	NA	NA	NA	NA	NA	NA	NA	NA	NA	NA	NA	NA	NA	NA	NA	NA	NA	NA	NA	NA	NA	NA	NA	NA	NA	NA	NA	NA	NA	NA	NA	NA	NA	NA	NA	NA
NA	NA	NA	NA	NA	NA	NA	NA	NA	NA	NA	NA	NA	NA	NA	NA	NA	NA	NA	NA	NA	NA	NA	NA	NA	NA	NA	NA	NA	NA	NA	NA	NA	NA	NA	NA	NA	NA	NA	NA
NA	NA	NA	NA	NA	1.12909620267968	NA	NA	NA	0.642527357907912	NA	NA	0.573638870252057	0.608569344505867	0.858068846813169	NA	0.800422102095013	NA	0.233014059217494	0.525365090137756	1.14047461923801	1.17942606366595	0.928522193882365	0.742162975710093	NA	NA	0.698762022207856	NA	NA	NA	NA	NA	NA	NA	1.54722240975879	NA	NA	NA	NA	NA
0.687454095715132	NA	NA	NA	NA	0.674384704895847	0.723960861934473	NA	NA	NA	1.34385198112247	1.32920078038362	0.747918159923565	1.34016135516987	NA	NA	1.08533943180153	0.753274017173085	1.01719835489136	0.323197008449522	0.307507275956207	NA	NA	0.840208218218597	NA	NA	NA	NA	NA	NA	1.56688987606215	NA	NA	NA	NA	NA	NA	NA	1.8871655536155	NA
NA	NA	NA	NA	NA	2.21441654860534	NA	NA	1.36212277796376	NA	1.40513526021305	NA	NA	1.47239321700825	NA	NA	NA	NA	NA	NA	1.529913452131	1.03865009066459	NA	0.770850844808261	1.58927636237325	0.395513744727833	0.922295058192068	NA	NA	NA	NA	NA	2.24192392749752	0.423824976670774	1.41720230762792	NA	NA	NA	1.02552769804498	1.16676277247602
NA	NA	NA	NA	NA	NA	0.762509958333123	0.424843278601087	0.556014201512513	1.05151361444629	NA	1.35928194689167	NA	NA	0.45455086946552	NA	NA	NA	NA	NA	1.80853680327134	NA	0.483006302280799	0.568888525214831	0.421249858994215	NA	NA	NA	0.650591425026446	NA	NA	0.384467064994598	0.182608082258859	0.136122015030033	0.531986422779582	NA	NA	NA	0.632722744330107	0.468746877899297
NA	NA	NA	2.30718417731587	2.31468498633506	NA	1.32308732969421	NA	1.26007767423857	NA	NA	2.01114764801296	NA	NA	NA	NA	NA	NA	2.32084737055078	1.66735058539231	NA	NA	NA	2.48089652591977	NA	2.46657968303228	NA	NA	NA	NA	NA	NA	NA	NA	NA	NA	NA	NA	NA	0.875374972766901
NA	NA	0.827593148933631	1.16452816782872	1.26613674747074	NA	NA	0.982902637826868	NA	NA	1.40279050043025	NA	1.26555285680139	1.03277413909054	NA	NA	0.953864953494199	0.825156435640431	0.826124389039547	0.677686203725905	1.94208155380853	NA	0.742522403711233	NA	NA	NA	NA	NA	1.29236164803653	NA	NA	NA	1.08513438828511	1.02141693323374	NA	NA	NA	0.767749856634073	1.19744233112695	1.41286694316332
NA	2.36831955357385	NA	NA	NA	NA	NA	NA	0.618303278387043	NA	NA	NA	NA	NA	NA	1.17559150507426	NA	NA	NA	1.59047056985824	NA	NA	0.590823108908057	0.974514251624602	NA	NA	1.30797905641691	NA	NA	NA	NA	0.464174433069926	NA	1.23693544640725	NA	0.662606330888381	NA	NA	NA	NA
NA	NA	NA	NA	NA	NA	NA	NA	NA	NA	NA	NA	NA	NA	NA	NA	NA	NA	NA	NA	NA	NA	NA	NA	NA	NA	NA	NA	NA	NA	NA	NA	NA	NA	NA	NA	NA	NA	NA	NA
0.480317809912068	0.863970113839882	0.553625864352292	1.15303238120418	NA	NA	1.46025806650362	0.882486150257169	NA	NA	NA	NA	NA	NA	1.28756299585115	NA	NA	1.59274638607122	1.20793956871418	0.739618487252473	NA	0.731436173506286	0.573772535918577	0.694611117687319	0.507280727596825	NA	0.948051178691292	NA	0.970129098420734	0.971237749950727	NA	NA	NA	0.419205391581962	0.315332161097498	0.364831587023535	NA	NA	0.384163771271146	0.535414428471317
NA	NA	NA	NA	NA	NA	NA	NA	NA	NA	NA	NA	NA	NA	NA	NA	NA	NA	NA	NA	NA	NA	NA	NA	NA	NA	NA	NA	NA	NA	NA	NA	NA	NA	NA	NA	NA	NA	NA	NA
NA	NA	NA	NA	1.90820863195037	2.30134230042588	2.42872941630784	2.61292747653289	NA	NA	NA	NA	0.38795020820066	0.896077332017553	NA	0.383000901997716	NA	0.654588215493271	2.51476026437629	2.55587884790883	NA	0.160285409639768	0.453750782788163	0.744602269485222	0.302601158310882	NA	NA	NA	NA	0.341434472166312	NA	0.5612861448035	NA	0.510387347744324	0.594974368638958	NA	NA	1.34091943184594	1.84124775505464	0.395828293672118
0.548966898413594	0.25858260849057	0.565637579737303	NA	0.217721682846465	NA	1.20659513353457	0.841871947581649	0.675482729526879	1.13245211874883	0.642936897569671	NA	NA	NA	1.39976701868062	NA	1.22631774974593	0.732810960825255	0.33972289266899	0.765554199111693	NA	0.640310986399343	NA	1.07019386494345	0.452281667041278	0.785049514000785	0.675236413752463	NA	0.749672603646549	0.696056647125873	0.929419894465912	0.540188629331399	1.05967718128348	0.703774806959781	NA	NA	NA	0.854073658368922	NA	1.14665291805622
NA	NA	NA	NA	NA	NA	NA	NA	NA	NA	NA	NA	NA	NA	NA	NA	NA	NA	NA	NA	NA	NA	NA	NA	NA	NA	NA	NA	NA	NA	NA	NA	NA	NA	NA	NA	NA	NA	NA	NA
NA	NA	NA	NA	NA	NA	NA	NA	NA	NA	NA	NA	NA	NA	NA	0.892591045255799	NA	NA	0.401106356831042	0.619756736929111	NA	NA	NA	NA	NA	NA	NA	NA	NA	NA	NA	NA	NA	NA	NA	0.174763298454121	NA	0.367470450692672	0.614365511584339	0.807462425152244
NA	NA	NA	NA	NA	NA	NA	NA	NA	NA	NA	NA	NA	NA	NA	NA	NA	NA	NA	NA	NA	NA	NA	NA	NA	NA	NA	NA	NA	NA	NA	NA	NA	NA	NA	NA	NA	NA	NA	NA
NA	0.932861263307878	NA	NA	1.12244561323502	0.587375605321334	0.553736138678837	1.14813359747175	NA	NA	1.33157443715719	NA	NA	1.15459436765714	0.950778820092108	NA	1.03887856057285	0.937051734673737	NA	1.18835396903186	NA	NA	NA	1.99751147244919	NA	NA	NA	NA	NA	0.359411670679008	NA	NA	NA	0.335922485826216	NA	NA	NA	0.484380614070308	NA	0.254074713141439
NA	NA	NA	NA	NA	NA	NA	NA	NA	NA	NA	NA	NA	NA	NA	NA	NA	NA	NA	NA	NA	NA	NA	NA	NA	NA	NA	NA	NA	NA	NA	NA	NA	NA	NA	NA	NA	NA	NA	NA
0.889347022955201	0.870623784602138	NA	NA	NA	NA	0.762909041836546	0.372513427662327	0.734810101067164	NA	NA	0.71795599002098	NA	0.177308746705623	0.417091465540028	0.413469366305524	0.559718529717944	0.7101654509621	0.735056437905631	NA	0.599327324648823	0.553368518825383	NA	0.234004509039181	0.291007120163187	0.19144878188321	0.697838075634635	0.579957423464274	NA	NA	0.521127063625021	NA	NA	NA	NA	0.663901448665011	NA	NA	NA	0.164438231684087
NA	NA	0.580862153387683	NA	1.10059617231226	NA	0.471544795082506	NA	0.594660420543789	0.549736084596328	NA	NA	NA	0.518115834833899	NA	0.916519109422971	NA	NA	NA	NA	NA	NA	1.7321618369528	NA	NA	NA	NA	1.4061645586433	1.51973709108596	NA	NA	NA	NA	NA	NA	NA	NA	NA	1.048115335301	NA
NA	NA	NA	NA	NA	NA	NA	NA	NA	NA	NA	NA	NA	NA	NA	NA	NA	NA	NA	NA	NA	NA	NA	NA	NA	NA	NA	NA	NA	NA	NA	NA	NA	NA	NA	NA	NA	NA	NA	NA
NA	NA	NA	NA	NA	NA	NA	NA	NA	NA	NA	NA	NA	NA	NA	NA	NA	NA	NA	NA	NA	NA	NA	NA	NA	NA	NA	NA	NA	NA	NA	NA	NA	NA	NA	NA	NA	NA	NA	NA
NA	NA	NA	NA	NA	1.07906635208969	NA	NA	1.16160603159974	NA	NA	0.402000721710859	NA	NA	0.562973692315629	NA	NA	0.206724636250364	1.81032978370716	NA	1.79402289559649	0.910255420124333	0.753188482143331	NA	NA	0.665183798972508	NA	NA	NA	NA	NA	1.27800677590789	0.35811291460923	NA	NA	NA	NA	NA	NA	NA
NA	NA	NA	NA	NA	NA	NA	NA	NA	NA	NA	NA	NA	NA	NA	NA	NA	NA	NA	NA	NA	NA	NA	NA	NA	NA	NA	NA	NA	NA	NA	NA	NA	NA	NA	NA	NA	NA	NA	NA
0.405664506875127	0.644665707804517	1.14157532099527	NA	NA	NA	0.689490027597238	1.33248194937727	0.470527881652382	NA	0.871742826319938	0.656777236784775	NA	NA	0.312255959590523	0.494754326118094	NA	NA	0.606891899213317	0.443636018506785	NA	NA	0.660025240825121	NA	NA	0.952783898806663	1.31827506409369	NA	NA	NA	0.887958461017774	NA	NA	0.994606380461351	NA	0.60855063477386	NA	0.99684844338101	0.852275162338191	0.165561599098548
1.08004351016878	NA	0.953135077087233	NA	NA	NA	NA	NA	0.853949760723855	0.898466036884562	0.92729332024275	0.384418586529439	NA	NA	NA	0.26034213298167	0.32076493332991	0.0894986743041087	0.421531108242453	0.417788741519039	NA	NA	0.576043530470443	NA	NA	1.61830453724735	0.713846471053968	NA	NA	NA	NA	0.243924963829964	NA	NA	NA	0.126805357879182	NA	0.331961847696184	0.647391276600058	0.566904193309239
NA	NA	NA	NA	1.05454017143397	1.28564124267597	1.12614192006154	0.969969869243723	NA	NA	1.38642917076393	1.3406191607227	NA	1.10199775029596	0.720986034787869	NA	NA	0.87249262955223	0.524952616004238	0.971207607648726	0.610924769774035	0.779874744619896	NA	NA	0.507000232920526	NA	NA	NA	NA	NA	0.916645669690215	0.44720722096755	0.930276486800061	1.13158158695909	0.896994604905244	0.838506397362383	NA	0.910574213140473	NA	NA
NA	NA	NA	NA	0.997623208589434	NA	1.30407298201109	1.21199508742392	1.34206054504458	NA	NA	NA	NA	NA	1.06396174990065	1.17076900732684	0.926399398545781	NA	NA	NA	NA	NA	0.351034628807969	0.303958290839648	NA	1.05353141139623	NA	0.97101281490345	1.93205799872026	NA	NA	NA	NA	0.611240855806306	0.331988406881926	NA	NA	1.33901219478029	NA	NA
NA	NA	NA	NA	NA	NA	1.39437804011693	NA	0.816270654136953	NA	1.09269329969303	NA	NA	1.59431331573422	1.60335170312896	NA	1.47968687389183	NA	1.75098975295195	1.41576061915614	1.7357632025895	NA	NA	NA	NA	1.72321320487597	1.56447619591426	NA	1.35685119916111	1.38154076478407	NA	1.37364468210893	NA	NA	0.553238025651026	0.745500103205774	NA	0.266268515599368	NA	0.773893107760454
NA	NA	NA	NA	NA	NA	NA	NA	NA	NA	NA	NA	NA	NA	NA	NA	NA	NA	NA	NA	NA	NA	NA	NA	NA	NA	NA	NA	NA	NA	NA	NA	NA	NA	NA	NA	NA	NA	NA	NA
NA	NA	NA	NA	NA	NA	NA	NA	0.603097805278809	0.726748256047279	NA	NA	NA	NA	NA	NA	0.560800081085728	0.426203317935474	0.45758212284755	0.542801211529297	NA	NA	0.533155711421419	0.405673940186923	0.188182811917761	NA	0.768838779226538	NA	NA	NA	0.541006789319206	NA	NA	NA	0.689770579059127	NA	NA	0.588677579907251	0.413283455769011	NA
1.03406467863474	0.745744626183835	1.34478840338644	NA	1.3952573326869	1.28888534797714	NA	NA	NA	1.29672999917785	0.408564222075577	NA	NA	0.624080300287279	NA	0.274329235869315	0.138109422578475	NA	NA	0.430866800132435	NA	1.05926628632484	NA	0.810980489715214	NA	NA	NA	NA	NA	1.96838808933609	NA	NA	NA	NA	NA	0.376953516949566	NA	NA	NA	NA
NA	NA	NA	NA	NA	NA	NA	NA	NA	NA	NA	NA	NA	NA	NA	NA	NA	NA	NA	NA	NA	NA	NA	NA	NA	NA	NA	NA	NA	NA	NA	NA	NA	NA	NA	NA	NA	NA	NA	NA
NA	NA	NA	NA	NA	NA	NA	NA	NA	NA	NA	NA	NA	NA	NA	NA	NA	NA	NA	NA	NA	NA	NA	NA	NA	NA	NA	NA	NA	NA	NA	NA	NA	NA	NA	NA	NA	NA	NA	NA
NA	NA	NA	NA	NA	NA	NA	NA	NA	1.48768774019772	NA	1.99419880503048	NA	NA	1.87612735304039	2.0676615583853	1.98884114948157	NA	1.97061349385514	NA	1.80941772927001	1.64350326249066	NA	NA	NA	NA	NA	NA	NA	NA	NA	NA	NA	NA	NA	NA	NA	NA	NA	0.826712301489038
NA	0.941807612638857	1.29970560460664	NA	NA	NA	NA	NA	1.38242535558379	1.36160695437978	NA	NA	2.3572807006641	NA	0.636201277154463	NA	1.03356622112651	0.705319206685319	0.996728492746732	NA	NA	NA	NA	1.54464268957957	1.26131634820956	NA	NA	1.72871859616341	1.41933007218749	NA	NA	0.981230610909104	0.861933920074069	0.409397736156396	NA	NA	NA	NA	1.50609542761998	NA
NA	NA	NA	NA	NA	NA	NA	NA	NA	NA	NA	NA	NA	NA	NA	NA	NA	NA	NA	NA	NA	NA	NA	NA	NA	NA	NA	NA	NA	NA	NA	NA	NA	NA	NA	NA	NA	NA	NA	NA
NA	NA	NA	NA	NA	NA	NA	NA	NA	NA	NA	NA	NA	NA	NA	NA	NA	NA	NA	NA	NA	NA	NA	NA	NA	NA	NA	NA	NA	NA	NA	NA	NA	NA	NA	NA	NA	NA	NA	NA
NA	NA	NA	NA	NA	NA	NA	NA	NA	NA	NA	NA	NA	NA	NA	NA	NA	NA	NA	NA	NA	NA	NA	NA	NA	NA	NA	NA	NA	NA	NA	NA	NA	NA	NA	NA	NA	NA	NA	NA
NA	NA	NA	NA	NA	NA	NA	NA	NA	NA	NA	NA	NA	NA	NA	NA	NA	NA	NA	NA	NA	NA	NA	NA	NA	NA	NA	NA	NA	NA	NA	NA	NA	NA	NA	NA	NA	NA	NA	NA
NA	NA	2.26468317867383	NA	NA	NA	0.858910427825697	NA	2.05902479499247	1.83627255062542	NA	1.80010456730465	NA	2.10247133420615	1.85768970198646	2.11859928636087	1.78813025042959	2.00578780677337	NA	NA	NA	1.26331509954347	NA	0.663828477745147	NA	1.27308661030983	1.22134868269512	NA	NA	NA	NA	1.23116578386537	NA	1.55256703036759	NA	1.31801657404586	NA	NA	0.991556485845957	0.768549360057211
NA	NA	NA	NA	NA	NA	NA	NA	NA	NA	NA	NA	NA	NA	NA	NA	NA	NA	NA	NA	NA	NA	NA	NA	NA	NA	NA	NA	NA	NA	NA	NA	NA	NA	NA	NA	NA	NA	NA	NA
2.1759236047165	NA	NA	NA	NA	2.37274205345363	NA	NA	2.5399555296365	NA	2.09755751528011	NA	NA	NA	2.32105089046658	1.29774717782017	NA	2.01033587315836	NA	NA	1.62112244448917	NA	1.4073067453699	NA	NA	NA	NA	NA	NA	NA	NA	NA	1.11702653942086	NA	0.758602003534666	0.424133760453355	NA	0.328167363715652	NA	NA
NA	NA	NA	NA	NA	NA	NA	NA	NA	NA	NA	NA	NA	NA	NA	NA	NA	NA	NA	NA	NA	NA	NA	NA	NA	NA	NA	NA	NA	NA	NA	NA	NA	NA	NA	NA	NA	NA	NA	NA
NA	1.35478299333604	NA	NA	NA	NA	1.60819848277392	NA	0.337758358551353	NA	NA	NA	0.365601155218573	1.88132988695672	NA	NA	NA	NA	NA	NA	NA	NA	0.536739717244	NA	NA	NA	NA	0.851831673508139	0.650837410068413	NA	0.33355231760644	NA	NA	0.431217263341969	NA	0.664120495533592	NA	NA	0.220903005897051	NA
NA	NA	NA	NA	NA	NA	NA	NA	NA	NA	NA	NA	NA	NA	NA	NA	NA	NA	NA	NA	NA	NA	NA	NA	NA	NA	NA	NA	NA	NA	NA	NA	NA	NA	NA	NA	NA	NA	NA	NA
0.896208955939169	NA	NA	NA	0.685367796414042	0.913242202156258	0.543741144883015	0.217380470387924	1.21587589817787	NA	0.744235640323251	0.294442810797992	NA	NA	NA	NA	0.519663733685426	0.855427305930573	0.300843763597727	1.63467614144214	0.426088766029471	NA	NA	1.27134733228625	0.500489643577169	1.16850726830016	0.649453450685506	0.565438458292607	0.694358096180724	NA	1.24240222106348	1.40731263175969	1.72168237229351	NA	0.35239470497439	NA	NA	0.804923151568968	0.39357600964135	0.56231300929271
0.778617450672309	1.70667765157692	NA	NA	1.05045111900082	NA	1.16157369964	1.0651282022949	NA	NA	NA	1.33583511708727	1.62704779138091	NA	1.25435873577208	0.599761612663695	NA	1.61838992702606	NA	NA	NA	1.24321294197709	0.834975565182753	1.17395155664144	NA	NA	NA	NA	2.14543886622	1.38975898935786	NA	NA	0.84695422880262	NA	NA	NA	NA	2.23049407657331	0.983504399093716	NA
NA	NA	NA	NA	NA	0.726692160925864	NA	NA	0.405916751042476	0.37218747545771	NA	NA	NA	NA	0.861180366816837	0.624604953650013	0.878606119940136	0.859593439938606	NA	0.779576371741389	NA	0.386645757795015	NA	NA	NA	NA	NA	NA	0.722154276087777	NA	NA	NA	0.537067212638106	0.588832677852985	NA	0.267339338423569	NA	NA	0.530544885462557	0.695302108299485
NA	NA	NA	NA	NA	0.977829518265606	NA	1.13258441868683	1.15801346406768	NA	NA	NA	NA	NA	0.754963594712586	1.03229758688577	NA	0.659021584902813	NA	0.55730674539157	NA	0.755294548311722	1.21250619170657	NA	NA	NA	NA	NA	0.918626658106095	1.16624739527848	NA	NA	0.826085664844871	0.431075183407239	0.577593942268078	NA	NA	NA	NA	NA
NA	NA	NA	NA	NA	NA	NA	NA	NA	NA	NA	NA	NA	NA	NA	NA	NA	NA	NA	NA	NA	NA	NA	NA	NA	NA	NA	NA	NA	NA	NA	NA	NA	NA	NA	NA	NA	NA	NA	NA
1.3314212813518	0.53732664917429	0.357140111861922	0.18269117530628	0.523953667445938	0.11034105322852	0.0903108903575921	0.72274927062677	0.744528164761106	0.753741488156945	NA	0.705370639616306	0.776217514025265	NA	0.704709494668662	NA	0.684238283477969	0.456159105776451	0.436389961274793	0.302625552671044	0.536240934987339	0.69913986248664	0.649894221139031	0.666786521862717	0.570990145652965	NA	0.500017460927398	0.472200855395926	NA	NA	NA	NA	0.294549245315961	NA	0.128606758455441	NA	NA	0.345203204604693	0.397429167576502	0.53760820320677
NA	0.721180033733716	NA	NA	NA	NA	NA	0.578776184010234	NA	1.15060243717756	NA	NA	NA	0.308398039208926	0.707443611143278	0.783470091134688	0.57932493134386	0.611166915179177	0.591869121308536	NA	0.257853733371494	NA	NA	0.343446390046859	NA	NA	NA	0.905266749995421	0.705915308096404	NA	0.476694855749127	0.296807422430042	0.631691659224329	NA	NA	0.624369715875424	NA	0.129874528721615	0.103572068456155	0.254497719101815
NA	2.25479548942639	NA	NA	NA	NA	NA	NA	NA	NA	1.64823953345309	NA	NA	1.23185530298769	1.61183631073539	NA	NA	NA	0.839207469613474	NA	2.00266500147223	NA	1.52848113441993	NA	NA	NA	NA	NA	NA	0.783874716007114	NA	0.98236300354123	NA	NA	0.574004428655636	NA	NA	0.198910850088256	0.523196850503853	0.556020941512784
NA	0.959162529290835	NA	NA	1.04506585899594	1.24340850167243	NA	NA	1.47572151058292	NA	1.52782114446938	NA	1.4726230628445	NA	1.63959927941265	NA	1.9358375571346	0.532102147648035	1.49473301759819	1.32305809033391	NA	1.64972472885831	NA	NA	2.10344276329179	2.16669813932285	NA	NA	0.682583307980166	0.296458439965348	NA	NA	NA	NA	NA	NA	NA	0.728164059439248	0.331664554291784	NA
1.24742537254199	2.26381093530095	NA	NA	NA	2.22272284697505	1.92478483242952	1.91709475015724	NA	1.88222744452073	1.99644622585352	2.03010508716383	NA	1.4201175285984	1.38395308317375	1.78138684690308	1.13462101659844	1.34064895984007	1.77922159397645	1.51959281967034	NA	1.46210887002263	2.24110117523382	NA	2.87277449753928	NA	NA	0.692358445654955	0.601427217023962	0.682615848608694	2.60164777125538	0.688336312312253	NA	NA	NA	0.464434725078953	NA	NA	0.883233101390633	0.934953407836597
0.991266854620808	1.89762791667295	NA	NA	NA	NA	NA	1.15805654061793	NA	NA	NA	NA	0.418028841940658	0.940504864002042	0.760064464761181	NA	NA	NA	0.572983305601646	NA	NA	NA	NA	NA	NA	NA	NA	NA	NA	NA	1.79741602673999	NA	1.01900271598263	1.5541505827375	1.60288090591213	NA	NA	1.29276247343552	NA	NA
NA	NA	NA	NA	NA	NA	NA	0.52391785987375	NA	0.502134892249164	0.463183803678281	NA	NA	NA	0.511823014891522	NA	0.3386081523733	NA	NA	NA	NA	NA	0.675835532521707	NA	1.94027609726758	1.85405164787845	NA	NA	NA	NA	NA	1.88263141029982	1.56856580257558	1.83903536447693	NA	0.535674662047799	NA	0.384817829301046	0.651356984030709	0.578758842148018
NA	NA	NA	NA	NA	NA	NA	NA	NA	NA	NA	NA	NA	0.628767124030596	NA	0.773055055891992	NA	NA	NA	0.60131756691482	0.756584156134409	0.494645159584874	NA	0.63120804727317	0.751097664556172	1.78018282732366	NA	1.76510088996813	0.647756816680258	0.610368680061285	NA	0.54523611717657	0.585093189542638	0.515873537480224	NA	0.490638485337286	NA	NA	0.397220645742365	NA
1.24378357329886	1.77297918242327	NA	1.38752350870957	NA	0.546218401685313	0.684164161826888	0.9136717689227	NA	NA	1.45558374691912	NA	NA	NA	1.25000203065878	NA	NA	0.92581563081393	0.754548366536142	0.913343241707289	NA	0.630553905140127	1.19959627669675	0.669652721395573	0.680715457929737	NA	0.66505861650308	1.33502242016938	NA	NA	NA	0.685693292610106	NA	0.406798871908182	0.0803447754555265	0.238703371899078	NA	0.167570735867629	0.148834831783046	NA
NA	NA	NA	NA	NA	NA	NA	NA	NA	NA	NA	NA	NA	NA	NA	NA	NA	NA	NA	NA	NA	NA	NA	NA	NA	NA	NA	NA	NA	NA	NA	NA	NA	NA	NA	NA	NA	NA	NA	NA
0.880608692961365	0.846918271263764	NA	NA	0.806103214751433	0.903395191081646	0.739156224806187	NA	0.520061953425228	0.91047879514228	1.22833330603962	NA	NA	0.827821468819706	NA	1.00964344155022	0.625700834765821	0.706003086803819	NA	0.471372221898215	1.30934201448342	0.288834745287899	0.463278199636884	0.578311593923479	NA	NA	NA	NA	0.894959568634863	0.802564932256105	0.799074106312853	1.04006859951791	0.898408506469014	0.603211371932494	NA	0.528771993213693	NA	NA	0.575166880626334	NA
0.629963420575747	NA	0.665080739313566	NA	1.72547637513983	1.58447132989642	NA	NA	NA	0.747232145769722	0.407089921595644	1.17923460910067	NA	NA	0.971070598633683	0.6555175332454	0.809071669514992	1.32985075994337	0.400947137341208	1.07545241543657	0.657940860107343	0.321971761271796	0.628967373648919	0.454138041495665	0.526118288114138	0.843569150319091	NA	0.284419232145138	0.731652372732621	0.532899020686506	NA	0.722833596021882	0.407450945554564	0.588067625390904	NA	0.353603115648836	NA	NA	0.518740561854183	NA
1.10207523333555	1.17142887364685	1.12892388140318	NA	1.31739307543242	0.832914293209286	NA	0.85520553783485	1.32670745990072	1.07311685214856	0.917293853060057	1.13672870706805	0.784892082204137	1.01303818220025	1.33502276507679	NA	1.16405003100759	0.734173209001977	1.1064656991159	0.502194108237595	0.507088918874177	0.55534608795807	1.05291925277281	NA	NA	0.785668453686765	0.839904252762298	0.7138400898836	NA	0.65095762501602	1.27605937289726	0.787514611242032	0.798533252536371	0.57151983352263	NA	NA	NA	0.305862900512275	0.642713572457177	0.980699177528953
1.14451854796662	0.69366178029496	0.704865104173842	1.5321424750681	0.688989735183776	0.804141116197038	0.854669640719822	1.09248238126018	0.81279789597011	1.08167860762064	0.940053498487253	1.54297060347175	1.65149477450554	0.479427158458974	0.887807931358812	0.597794979447135	0.729298006472687	1.20624016864365	0.765053263556421	1.23559248346506	0.90570931555554	0.382229096060425	NA	0.453708698441311	0.625110606403264	0.63573525117041	0.430744755996575	0.894955256365525	0.899012013206967	NA	1.03558491125624	0.79961842722201	NA	0.817599289206644	0.844842321537781	NA	NA	0.866112326419814	1.19732206741286	1.16599188803829
NA	NA	NA	NA	NA	NA	NA	NA	NA	NA	NA	NA	NA	NA	NA	NA	NA	NA	NA	NA	NA	NA	NA	NA	NA	NA	NA	NA	NA	NA	NA	NA	NA	NA	NA	NA	NA	NA	NA	NA
NA	1.38393119545795	0.931106431776444	1.4297224278491	NA	NA	NA	1.62494386455742	NA	NA	NA	1.27752260118277	1.09926286105315	NA	0.743450792735355	NA	1.42566192396412	0.827578836175032	0.45897916065293	0.673542659146139	1.67905687160194	0.969028299832408	NA	0.740052339500521	0.616004126218176	0.844885447423729	0.728261868966496	0.68764266416585	0.814558366854594	0.749350976470611	0.834683243561399	0.303735161041661	0.495915863638114	0.652949477740337	0.441868356704191	1.41766041134458	NA	0.291154272657068	NA	0.842272502610233
NA	NA	NA	NA	NA	NA	NA	NA	NA	NA	NA	NA	NA	NA	NA	NA	NA	NA	NA	NA	NA	NA	NA	NA	NA	NA	NA	NA	NA	NA	NA	NA	NA	NA	NA	NA	NA	NA	NA	NA
1.87043482558865	NA	NA	NA	NA	NA	2.84175365888571	2.44702185392601	2.27667134942904	NA	NA	1.8075715601114	NA	2.41190890240525	2.89451524893172	2.98252073040655	NA	2.57937425622573	NA	NA	NA	NA	NA	NA	0.754102437009088	NA	NA	0.261936810290427	NA	0.633533240685709	0.365994295999051	0.450193191933444	0.615020400169464	0.361697882117815	0.66506531170227	2.56027627434804	NA	NA	2.04477876906938	NA
NA	NA	NA	NA	1.43202472163628	1.25883512378387	NA	NA	NA	NA	1.40629529128066	NA	1.35091234455654	1.45210314018425	1.3561459738472	NA	1.12037614306257	1.08981846992921	1.26885372382456	0.900473498741618	NA	NA	0.906398435064755	1.24948887880914	1.33073722605016	NA	NA	1.16060974136076	1.05360525725484	NA	NA	0.986582050981297	NA	NA	0.887272032032643	NA	NA	NA	NA	NA
NA	NA	NA	NA	0.665440186946734	NA	0.685258487817044	0.700640519366872	NA	NA	NA	NA	NA	NA	NA	NA	NA	1.32609671362965	0.669704834375905	0.81656707596348	0.276678961268707	NA	0.546181311846785	NA	NA	NA	NA	1.34473709841388	0.768888875371282	0.895408632323162	0.960996797301614	0.761775027788525	0.69584198406606	0.647515367052531	0.397429165943518	0.78311388777828	NA	0.461492913591342	NA	0.406692002824061
NA	NA	NA	NA	NA	1.78487583914607	1.45298211496647	1.05442170552538	1.4044474530922	NA	1.19223564353193	1.07211627118083	0.863640986071685	NA	NA	NA	1.456927570672	1.64871528390808	1.36962441064977	1.29418307786743	0.828667132688979	NA	1.07350965591797	0.738384089370196	0.863697402921809	0.61684820786807	0.22222208762143	0.437777781544408	0.283493058259009	0.437024617544238	0.583119059019519	0.455279102070301	0.346050348842759	0.459633058348295	NA	NA	NA	0.4218025742465	0.504115723905668	0.499140305685287
NA	NA	1.25457783190342	NA	NA	0.528912226799886	0.592093940507847	0.659581519048193	0.395232204296858	0.590874700271094	0.557066146640784	NA	0.710316417667706	1.16445578893681	NA	NA	0.701945505665536	NA	NA	0.534991591149842	NA	0.487719152687337	0.483459172852179	NA	0.666475025804566	NA	0.766244553242515	0.740234053759983	NA	0.109526395636408	NA	0.494273811158979	0.474328061323381	0.386097266857161	0.528306544647036	0.557971717964773	NA	0.120334877339858	0.261290877042016	0.695012773194522
NA	NA	NA	NA	NA	NA	NA	NA	NA	NA	NA	NA	NA	NA	NA	NA	NA	NA	NA	NA	NA	NA	NA	NA	NA	NA	NA	NA	NA	NA	NA	NA	NA	NA	NA	NA	NA	NA	NA	NA
NA	NA	NA	NA	NA	NA	2.16877846191918	2.20592743325105	NA	1.54886970995911	NA	2.14256024934848	1.91281994106172	1.7149312387311	NA	1.97005365217287	2.26577033767075	1.79010569194362	2.11686100593845	2.04392979658891	2.01210772003452	2.79235044333847	2.3538328825599	1.97397620192618	2.09242847211653	1.59633810395213	1.84808817082392	1.50791817203439	2.40851124155206	1.40206590298788	NA	NA	0.919227327122732	1.64947074383912	0.638166713383269	NA	NA	NA	1.08800650652603	1.23291933947482
NA	1.0165973698876	1.11968789220041	NA	NA	0.720064469275457	NA	NA	0.642398494209458	NA	0.916741970657177	NA	NA	NA	NA	NA	NA	NA	NA	NA	0.873608009034706	0.773024079784841	0.692176681925903	NA	NA	0.661020497291063	NA	NA	1.21738928235204	NA	0.686265217257791	0.607903728081498	1.05986103467488	NA	NA	NA	NA	0.881156677595492	0.594553502829668	0.656969495457251
1.66420589248698	1.5900129809546	2.14032813031086	1.93503390054752	NA	2.59461858729504	2.61131544082605	2.66022811251603	2.13421748708869	1.53801988813478	2.40001910510274	2.09848037048898	NA	2.31765491839407	NA	NA	2.33539295044977	NA	NA	1.80652245563734	1.5894637756477	1.31305328081575	1.3967635289187	1.95470751315007	1.44691468833236	NA	NA	1.63075576061458	1.48880859285328	NA	NA	0.971489501807301	1.30389431200947	0.614608622844592	0.724596264788294	0.359134332088115	NA	NA	0.271689502028012	NA
0.831981676683251	0.447666931357368	0.283206772506342	0.760443821311569	NA	NA	NA	2.39321416377538	1.25765975082597	1.53735806753963	1.37759894847354	NA	1.44940804511314	1.05772985112832	1.47859626996984	1.13967386604582	1.40291559361122	1.27275766121177	1.20593963715027	1.20012261104465	NA	1.4537541240157	NA	0.672205297593226	NA	NA	NA	NA	NA	NA	NA	0.257691266262848	NA	NA	NA	0.200619455171629	NA	NA	NA	NA
NA	NA	NA	NA	NA	0.940232845180284	NA	0.487924583244415	NA	NA	NA	0.740053356166144	NA	NA	NA	NA	NA	NA	NA	NA	NA	NA	1.25711637731123	NA	1.71250379093493	NA	NA	0.984018820105175	NA	NA	1.35529042979862	NA	NA	NA	NA	NA	NA	NA	1.88610978811141	NA
NA	NA	NA	NA	2.35375733406689	NA	NA	NA	NA	NA	1.40420274246823	1.73678302504333	NA	1.16730524106113	0.55767709147302	0.699025121237978	2.11150773857832	NA	0.706738055082231	NA	NA	NA	1.26517112011778	NA	1.6233190258678	0.566946504138891	0.791194129678092	0.810056247202602	0.563992285003566	1.42224590881422	0.570416031564321	0.207274586476313	0.37611840841692	0.0334639903960315	0.18353556947319	0.220632288569506	NA	0.525984908373372	0.457850206746184	0.854188178483327
NA	NA	NA	NA	NA	NA	NA	NA	NA	NA	NA	NA	NA	NA	NA	NA	NA	NA	NA	NA	NA	NA	NA	NA	NA	NA	NA	NA	NA	NA	NA	NA	NA	NA	NA	NA	NA	NA	NA	NA
NA	0.61107180621992	NA	NA	NA	NA	NA	NA	1.16310915122494	NA	NA	NA	NA	NA	0.687133598496281	0.834391577861143	NA	NA	NA	NA	NA	NA	NA	NA	NA	1.07681687229863	NA	NA	NA	NA	NA	0.336951033676308	NA	NA	NA	NA	NA	NA	0.317165256813918	0.111436061766409
NA	NA	NA	NA	NA	NA	NA	NA	NA	NA	NA	NA	NA	NA	NA	NA	NA	NA	NA	NA	NA	NA	NA	NA	NA	NA	NA	NA	NA	NA	NA	NA	NA	NA	NA	NA	NA	NA	NA	NA
NA	NA	NA	NA	NA	NA	NA	NA	NA	NA	NA	NA	NA	NA	NA	NA	NA	NA	NA	NA	NA	NA	NA	NA	NA	NA	NA	NA	NA	NA	NA	NA	NA	NA	NA	NA	NA	NA	NA	NA
1.23913113890623	1.25481508685	1.11435816340536	NA	0.990739520078231	0.564692645853696	NA	NA	0.54201073423477	NA	0.530511851914245	1.00933725038611	NA	NA	NA	NA	NA	NA	NA	0.32276281857861	NA	0.264560234611197	0.931142444900263	NA	NA	NA	NA	NA	NA	1.28531766777742	NA	0.71286732536763	1.51716187790963	0.424893072321729	1.16760885370612	0.610153404441612	NA	0.333272623364983	NA	NA
NA	NA	NA	NA	0.77788652189006	NA	NA	1.12781235922366	1.3848747581865	1.10799711336076	NA	NA	NA	NA	NA	NA	1.16396197354574	1.07169148781736	NA	0.818933021553892	0.704211719509118	NA	0.908598802922757	NA	0.92944136791874	NA	NA	0.547029046920961	NA	1.29132476106132	NA	1.12168253417644	0.71837369701123	NA	0.628027435394117	NA	NA	NA	1.00672521415289	1.43166288513081
NA	NA	NA	NA	NA	NA	NA	NA	NA	NA	NA	NA	NA	NA	NA	NA	NA	NA	NA	NA	NA	NA	NA	NA	NA	NA	NA	NA	NA	NA	NA	NA	NA	NA	NA	NA	NA	NA	NA	NA
NA	NA	NA	NA	NA	NA	NA	NA	NA	NA	NA	NA	NA	NA	NA	NA	NA	NA	NA	NA	NA	NA	NA	NA	NA	NA	NA	NA	NA	NA	NA	NA	NA	NA	NA	NA	NA	NA	NA	NA
NA	NA	NA	NA	NA	NA	NA	NA	NA	NA	NA	NA	NA	NA	NA	NA	NA	NA	NA	NA	NA	NA	NA	NA	NA	NA	NA	NA	NA	NA	NA	NA	NA	NA	NA	NA	NA	NA	NA	NA
NA	0.905961889545308	1.74124577188647	NA	1.09513426065071	1.64735954780564	1.25906284981147	1.48385252678178	1.58318459064981	1.40705161275525	1.61772826751085	1.01248420465813	1.07876810766572	1.20984139837192	0.984970893674266	NA	1.24899836178437	0.85775406277855	0.980342135836547	1.16163590363308	1.32931241507285	2.01495360590353	1.64653789817314	NA	0.906953047689977	0.879991043939042	0.689935502421608	0.899992083794823	NA	0.420372442493245	0.323229775892415	0.279350176432115	0.472092568658926	0.146577296832645	0.163732892730494	0.330481923807624	NA	0.369755313550589	0.216022067551817	0.343583675581809
NA	NA	NA	NA	NA	NA	NA	NA	NA	NA	NA	NA	NA	NA	NA	NA	NA	NA	NA	NA	NA	NA	NA	NA	NA	NA	NA	NA	NA	NA	NA	NA	NA	NA	NA	NA	NA	NA	NA	NA
NA	NA	NA	NA	NA	NA	NA	NA	NA	NA	NA	NA	NA	NA	NA	NA	NA	NA	NA	NA	NA	NA	NA	NA	NA	NA	NA	NA	NA	NA	NA	NA	NA	NA	NA	NA	NA	NA	NA	NA
NA	2.04441337542936	2.41888547165966	NA	2.20497768164557	NA	NA	1.82633761401013	1.75580686847626	NA	1.66067547936305	NA	NA	0.981074370320983	1.82411518988578	1.69529509689776	NA	1.83516058880537	NA	1.94956965830879	1.15151528178652	1.87649330071582	0.993458822554021	0.610221054187761	NA	NA	1.78807409813098	NA	2.22020371302074	NA	NA	NA	NA	1.80901821870016	NA	0.493801426580387	NA	NA	NA	NA
1.98301410813264	NA	0.74968310107685	0.988392175821953	1.13332845966403	0.887709207697033	0.985397590905054	0.995604253848828	0.936539835018737	NA	NA	NA	0.988844047351796	1.13295459135769	NA	1.12238515882288	NA	NA	0.874806623066383	NA	0.765353951875714	NA	0.37382279172701	0.736353629118415	1.10172749229765	NA	NA	NA	NA	0.599400643267675	NA	0.916753056093707	0.59147832790294	NA	NA	0.830431068951727	NA	0.56316715601858	0.63529341254346	0.669252895493917
NA	NA	NA	0.372597028824365	NA	0.486925431599223	0.632084847760792	1.00919481705941	0.84890864554608	1.02970023630151	NA	1.18169589169176	NA	0.868863308142318	NA	NA	NA	NA	NA	0.734045390133608	0.886233317778605	0.502927102541901	1.50723981110771	NA	NA	NA	NA	NA	0.62247506308872	0.747759430835508	NA	1.17319569965962	NA	0.562121452623354	NA	NA	NA	0.845550938644934	0.374898939053913	NA
NA	NA	NA	NA	NA	NA	NA	NA	NA	NA	NA	NA	NA	NA	NA	NA	NA	NA	NA	NA	NA	NA	NA	NA	NA	NA	NA	NA	NA	NA	NA	NA	NA	NA	NA	NA	NA	NA	NA	NA
NA	NA	NA	NA	NA	NA	NA	NA	NA	NA	NA	NA	NA	NA	NA	NA	NA	NA	NA	NA	NA	NA	NA	NA	NA	NA	NA	NA	NA	NA	NA	NA	NA	NA	NA	NA	NA	NA	NA	NA
NA	NA	NA	NA	NA	NA	NA	NA	NA	NA	NA	NA	NA	NA	NA	NA	NA	NA	NA	NA	NA	NA	NA	NA	NA	NA	NA	NA	NA	NA	NA	NA	NA	NA	NA	NA	NA	NA	NA	NA
NA	NA	NA	NA	NA	1.70379336847445	1.6870398372698	1.47420203542636	NA	NA	NA	NA	NA	NA	NA	NA	0.920063623464982	1.03600915716228	NA	2.55588478379423	1.35612921137768	1.05154450097605	1.16181333627677	NA	0.831820669478976	0.979990196769079	NA	NA	0.507696967298313	NA	NA	0.41378055883005	0.294412703091331	0.731081483176243	0.481304410619686	NA	NA	NA	1.46634221721699	0.640400859873957
NA	NA	NA	NA	NA	NA	NA	NA	NA	NA	NA	NA	NA	NA	NA	NA	NA	NA	NA	NA	NA	NA	NA	NA	NA	NA	NA	NA	NA	NA	NA	NA	NA	NA	NA	NA	NA	NA	NA	NA
NA	NA	NA	NA	NA	NA	1.58082018383822	NA	1.42403112656937	NA	NA	NA	NA	0.92043412671244	0.907514818717638	NA	NA	0.679202034893183	0.916290971803315	NA	1.3980310906808	1.4959970248811	0.955017490592549	NA	NA	NA	0.549761594974167	0.51062816069802	0.868565112131059	0.640814692645803	0.829855804481723	0.339960698926095	0.204574066287301	NA	NA	0.333346156726423	NA	0.103942102750431	0.364727503022361	NA
NA	1.30370784211104	NA	1.17742014612565	1.24183721611788	NA	0.582120728849041	NA	NA	NA	NA	NA	NA	NA	NA	NA	NA	0.643652207414598	NA	1.15265896069724	0.555915880349691	0.717771509070058	0.832652313376918	NA	1.63037023114106	NA	NA	NA	0.72450012047161	NA	0.414019606526897	NA	0.42050893798306	NA	0.445362867467329	NA	NA	1.45722481088049	0.47083036982864	0.667195323957948
NA	NA	NA	NA	NA	NA	NA	NA	NA	NA	NA	NA	NA	NA	1.09063932700911	NA	NA	NA	NA	NA	1.25247543150934	1.38513841512107	NA	0.847281893829348	NA	0.892741084200998	0.819168202435047	NA	NA	NA	NA	0.441170989239832	0.499444409398665	0.524132896389546	NA	0.575444043297548	NA	NA	0.894861668982173	0.381580242930731
NA	NA	NA	NA	1.55680474832121	NA	1.15003752730305	NA	NA	NA	NA	0.721026056436983	0.487351450483725	NA	NA	0.436364375070588	0.748015384481683	NA	NA	0.604757033839648	1.24973467581976	0.362585734012108	0.314284668131876	0.830421894298485	0.482073140888136	0.896072415293609	1.19611702389191	0.549682714251341	1.05641239187686	1.04666531450026	0.182680847362988	0.54943601863265	0.73305276201445	0.36995809608046	0.993238835576622	1.12031508807846	NA	NA	NA	0.883817360430685
NA	NA	NA	NA	NA	NA	1.32015864337905	1.34240885685867	NA	NA	NA	NA	1.39675201647977	NA	1.37051279292741	1.25141962824171	NA	NA	1.42355589974334	NA	1.14693421436881	NA	0.9229268218123	1.62991423473483	1.32010210275921	1.32958626565452	0.660388690803951	0.639362322935321	0.991175530941792	1.04433738874393	0.572855959826744	1.13514438384046	0.670736297506245	0.501518251374001	0.603158589718773	NA	NA	1.31366317319534	0.573204911333195	1.7566142742205
NA	NA	NA	1.45232204530265	1.31389260001425	NA	NA	0.888142437848009	NA	NA	0.974414879651074	NA	NA	NA	1.05065690269046	0.781978000021227	NA	NA	1.15814165440421	0.629946698871242	0.537449380628098	0.651188985255904	0.485901334586827	0.579635852279573	1.05744495450627	0.246939264808161	NA	NA	0.38022561846243	NA	NA	0.811806101906554	0.724378347028908	0.818650901169066	0.522272132891692	0.385504578445166	NA	NA	0.51774346906962	NA
NA	NA	1.41123862555263	NA	0.674456724720608	1.26198785758956	1.61587449225538	NA	NA	NA	1.06262104912084	1.13650503037906	1.6615184680547	NA	NA	1.07669375889103	0.880815064216791	0.841812261929344	0.519071183811986	0.5357481728616	0.826839313509926	0.438588392251198	0.590191397521144	0.623360939241667	NA	0.444636788134321	1.00691722523054	0.90113097116906	0.843816911904057	0.549022614442341	0.245125998637977	0.707277297463318	0.486030691146916	0.600039277455631	0.68722336725582	0.918721782267784	NA	NA	NA	0.618652037389949
NA	NA	NA	1.10600391555915	1.05618480186645	1.24057909882663	1.47949082909686	1.40523061690352	1.63052307560801	NA	1.60036242316375	1.77946204397769	1.16194027932164	NA	1.33377341470563	NA	1.35849477048437	1.52746303255604	1.94477063733644	NA	2.24209375781247	1.28149638713944	0.795383422824025	NA	1.16352365958533	NA	NA	NA	0.593390556756889	NA	NA	NA	NA	0.43477058860574	NA	NA	NA	NA	0.392147607031032	NA
NA	NA	NA	NA	NA	NA	NA	NA	NA	NA	NA	NA	NA	NA	NA	NA	NA	NA	NA	NA	NA	NA	NA	NA	NA	NA	NA	NA	NA	NA	NA	NA	NA	NA	NA	NA	NA	NA	NA	NA
NA	NA	NA	NA	NA	NA	NA	NA	NA	NA	NA	NA	NA	NA	NA	NA	NA	NA	NA	NA	NA	NA	NA	NA	NA	NA	NA	NA	NA	NA	NA	NA	NA	NA	NA	NA	NA	NA	NA	NA
1.27825965707716	0.749980501839766	0.687781983787945	0.685821127103625	0.52832343942737	NA	NA	NA	NA	NA	NA	NA	NA	0.753202750100619	0.494764314157707	0.660003111147185	0.492911532280583	NA	1.16001556366148	1.39317982101802	NA	0.942732291988104	NA	NA	0.764743954263499	1.12023552037169	NA	1.08707959723661	NA	NA	NA	0.65275635546727	NA	NA	0.809617994186843	0.37437146650502	NA	0.573247953368749	0.370983791862995	1.02586143470031
NA	NA	NA	1.14033198454372	0.79203621730031	0.434862311865666	0.429838042317922	NA	0.502481361319508	NA	NA	0.926843404288804	NA	NA	0.778888783349535	1.15072668163035	1.14146656681689	0.842157829856024	0.531025620592512	0.394095974517535	0.92023480592027	0.980264276759496	0.588278623701149	NA	NA	NA	0.674004195337689	1.0995540527611	NA	NA	NA	0.540257372885029	NA	0.21606415071975	0.624399132448729	0.45381495711133	NA	NA	2.09874736455256	NA
0.80837919921478	NA	NA	1.29691036064519	NA	NA	0.278689931681432	0.486414603854541	0.82883207172518	NA	NA	0.66057946562958	NA	1.65881727625177	0.346037200062703	NA	0.430306336710379	NA	NA	NA	NA	NA	1.4218904318556	0.869700666244027	0.689837958027837	NA	NA	NA	0.687079596922438	0.698107868885794	0.520394603399181	1.6738091967969	0.739621467244928	0.192518582143522	0.436260368960985	0.298341163790627	NA	NA	NA	1.43808576057513
NA	NA	NA	NA	NA	NA	NA	NA	NA	NA	NA	NA	NA	1.69346333650803	NA	NA	NA	1.45889263166675	1.68859757478975	1.49944976046866	NA	NA	NA	NA	NA	NA	1.52376512267459	1.27892205397141	1.12419999195526	NA	1.32844129884376	NA	NA	NA	1.54879190468227	1.46562469403129	NA	0.435449229511369	0.495953527953667	1.58541285494443
NA	NA	NA	NA	NA	2.04980581745847	NA	NA	NA	NA	NA	2.29569343282997	3.07102880691869	2.74539116752597	1.92936431292387	NA	NA	2.06173859197538	NA	NA	NA	1.03382814016591	0.693578970047107	0.605513430237163	0.82529210971849	1.36252105224935	0.59007044046331	1.19879507159834	1.0763207482613	0.84673421523973	2.91006274771001	NA	1.47473838040795	0.452432056028993	0.347601431355023	NA	NA	2.54110083032353	NA	1.64298324621685
NA	NA	NA	NA	NA	NA	NA	NA	NA	NA	NA	NA	NA	NA	NA	NA	NA	NA	NA	NA	NA	NA	NA	NA	NA	NA	NA	NA	NA	NA	NA	NA	NA	NA	NA	NA	NA	NA	NA	NA
NA	NA	NA	NA	NA	NA	NA	NA	NA	NA	NA	NA	NA	NA	NA	NA	NA	NA	NA	NA	NA	NA	NA	NA	NA	NA	NA	NA	NA	NA	NA	NA	NA	NA	NA	NA	NA	NA	NA	NA
NA	NA	NA	NA	NA	0.189502847811613	NA	NA	NA	NA	NA	NA	NA	NA	NA	NA	NA	NA	NA	NA	NA	0.447054572224582	NA	NA	NA	NA	NA	NA	NA	0.737957008555744	0.714780556265333	1.24909031558412	0.662612686111072	0.778887173678242	0.348866132361673	0.498512566681086	NA	0.451803685042991	0.767447297202846	0.549426181439994
NA	0.856074221712862	1.35621260983765	1.12482292352734	1.18428728111847	1.04916893497097	NA	0.878463697709033	1.18273339411945	NA	0.533978190361207	NA	1.16575747941336	NA	NA	NA	NA	NA	NA	2.19115496254915	1.67484194362732	NA	NA	0.504405448902107	0.614725663009195	NA	NA	NA	1.39896625105077	NA	NA	NA	NA	0.49686868539068	0.357269850728992	0.527361338816779	NA	NA	NA	NA
NA	NA	NA	NA	NA	NA	1.11112808199999	NA	NA	0.556737632262342	NA	0.700854358265972	NA	1.47449574590549	1.38994434313723	NA	1.21381419580721	1.07747834582611	0.197883084577486	NA	NA	1.3528608384397	1.2109660028383	NA	0.380227858531023	NA	NA	1.51086424848587	1.65957652052138	NA	NA	2.38463701875209	1.31164909393377	NA	NA	2.62485063652207	NA	1.20858853712459	1.06372737928515	3.08529370764975
NA	NA	NA	NA	NA	NA	NA	NA	NA	NA	NA	NA	NA	NA	NA	NA	NA	NA	NA	NA	NA	NA	NA	NA	NA	NA	NA	NA	NA	NA	NA	NA	NA	NA	NA	NA	NA	NA	NA	NA
NA	NA	NA	NA	NA	NA	1.38002337190574	1.44062430715884	NA	NA	NA	NA	1.43159934490479	0.630943834640433	1.42598343656654	1.4465584797867	NA	0.533419520928637	NA	0.540822812929074	NA	1.02706334017763	0.608048150243184	1.06851443321035	0.795630011126722	0.949669638600732	0.550272521963961	0.699146328844267	0.871835798580458	1.09935845510638	0.792635223345588	1.2180348452335	0.703006624491345	0.581683512259617	0.548791467185661	NA	NA	1.38734644951472	0.337737019175577	NA
NA	NA	NA	0.723474805263298	NA	0.969486752154679	NA	NA	NA	NA	NA	1.23569505625642	NA	1.10739730573377	NA	NA	1.80390711346545	NA	NA	NA	1.57130310661536	NA	1.35025567768689	NA	NA	NA	NA	NA	NA	NA	NA	NA	NA	NA	NA	NA	NA	NA	0.735700858826887	0.540960419432013
NA	NA	1.66464520510982	NA	NA	NA	NA	NA	NA	NA	NA	NA	NA	1.619020604481	2.04901488845337	NA	1.24758223626278	2.35983497996437	1.43675178737005	NA	NA	NA	1.09698788855267	NA	NA	1.21139701609102	NA	NA	NA	NA	NA	NA	2.49166214840902	2.41859098184387	0.56106746484131	NA	NA	0.796862258774695	NA	0.820538703848828
NA	NA	NA	NA	NA	NA	NA	NA	NA	NA	NA	NA	NA	NA	NA	NA	NA	NA	NA	NA	NA	NA	NA	NA	NA	NA	NA	NA	NA	NA	NA	NA	NA	NA	NA	NA	NA	NA	NA	NA
NA	NA	NA	NA	NA	NA	NA	NA	NA	NA	NA	NA	NA	NA	NA	NA	NA	NA	NA	NA	NA	NA	NA	NA	NA	NA	NA	NA	NA	NA	NA	NA	NA	NA	NA	NA	NA	NA	NA	NA
NA	NA	NA	NA	NA	NA	NA	NA	NA	NA	NA	NA	NA	NA	NA	NA	NA	NA	NA	NA	NA	NA	NA	NA	NA	NA	NA	NA	NA	NA	NA	NA	NA	NA	NA	NA	NA	NA	NA	NA
NA	NA	NA	NA	NA	NA	NA	0.7213273605825	NA	NA	1.10109320723362	0.154874207284758	0.877672844508763	0.779124501652721	0.770557857916568	0.588466932140241	0.891324308767178	0.995196078872122	0.782020343541264	0.765882501218337	NA	NA	NA	NA	NA	NA	NA	NA	NA	NA	NA	NA	NA	0.484857751384876	0.502399881707118	0.725792088064783	NA	0.339793614405523	0.166363835130841	0.684377609435239
NA	NA	NA	NA	NA	NA	NA	NA	NA	NA	NA	NA	NA	NA	NA	NA	NA	NA	NA	NA	NA	NA	NA	NA	NA	NA	NA	NA	NA	NA	NA	NA	NA	NA	NA	NA	NA	NA	NA	NA
1.06112188742795	NA	NA	NA	NA	NA	NA	NA	NA	NA	1.92494186994767	NA	1.49317814146825	1.60874722054785	1.95517598355908	NA	1.45739154827389	1.37901915991458	1.36346170858135	NA	NA	NA	0.841775693026263	NA	NA	NA	NA	1.04912426309992	0.81613855033267	NA	NA	NA	NA	NA	0.349624943214494	NA	NA	NA	1.13897307323002	0.695929603788847
NA	NA	NA	NA	NA	NA	NA	NA	NA	NA	NA	NA	NA	NA	NA	NA	NA	NA	NA	NA	NA	NA	NA	NA	NA	NA	NA	NA	NA	NA	NA	NA	NA	NA	NA	NA	NA	NA	NA	NA
NA	NA	NA	NA	NA	NA	NA	NA	NA	NA	NA	NA	NA	NA	NA	NA	NA	NA	NA	NA	NA	NA	NA	NA	NA	NA	NA	NA	NA	NA	NA	NA	NA	NA	NA	NA	NA	NA	NA	NA
NA	NA	NA	NA	NA	NA	NA	NA	NA	NA	NA	NA	NA	NA	NA	NA	NA	NA	NA	NA	NA	NA	NA	NA	NA	NA	NA	NA	NA	NA	NA	NA	NA	NA	NA	NA	NA	NA	NA	NA
NA	1.24546687162943	NA	1.03335957706394	NA	NA	NA	NA	NA	NA	1.03300383218728	NA	NA	NA	0.992268089009002	1.18882684036329	NA	NA	1.14130382947359	NA	0.984456163348538	0.845288800222539	0.763355421676183	NA	NA	NA	0.831211972716298	NA	0.778734357096009	NA	NA	0.551065950837312	NA	0.459028853258923	0.397629986802534	0.406142654111009	NA	0.301905314773967	0.234452037959696	0.346407985884541
1.87014450694293	NA	NA	1.29829078173578	NA	NA	NA	0.653007575715539	NA	1.09705484330922	0.653458427540266	NA	NA	1.39278353719469	NA	0.570561526651623	0.809000726077837	NA	NA	0.84311051905161	1.11584864007847	1.06191319342625	NA	1.57573153130039	NA	NA	NA	1.55483991213792	0.975128531003266	NA	2.00395597486247	NA	1.4984556940238	NA	2.1852772450597	NA	NA	NA	1.69431748126834	NA
NA	NA	NA	NA	NA	NA	NA	NA	NA	NA	NA	NA	NA	NA	NA	NA	NA	NA	NA	NA	NA	NA	NA	NA	NA	NA	NA	NA	NA	NA	NA	NA	NA	NA	NA	NA	NA	NA	NA	NA
NA	NA	0.949817313780579	0.725305045258535	NA	NA	1.29908106606889	NA	1.29676766121945	1.63528434804881	1.77395081755751	0.746436646301336	NA	NA	0.893431261734489	0.779413129924961	NA	NA	NA	NA	NA	NA	NA	NA	0.521917755826919	NA	NA	NA	NA	1.04919192475478	NA	0.53979859742911	0.453594508427942	0.321359163547155	0.395091860438033	0.353062564450928	NA	NA	NA	0.565720981348464
1.53650684778303	NA	NA	1.40244767900406	NA	1.539499240344	NA	NA	NA	1.58868829624084	0.969936135717715	NA	NA	NA	NA	1.39809908535974	NA	NA	NA	NA	1.37132307977507	1.32123791908337	1.35473327883557	1.23924229116821	1.16483756789704	1.07793908745046	1.12262947574833	NA	1.12927237924984	1.26094517511947	NA	NA	0.890101072609089	NA	NA	0.429631832708032	NA	0.388064757500291	NA	0.519731039856896
NA	NA	NA	NA	NA	NA	NA	NA	NA	NA	NA	NA	NA	NA	NA	NA	NA	NA	NA	NA	NA	NA	NA	NA	NA	NA	NA	NA	NA	NA	NA	NA	NA	NA	NA	NA	NA	NA	NA	NA
NA	0.784460500682997	NA	1.44490673305228	0.393046400393612	1.01167872074241	0.950988284191691	1.06368500805434	NA	0.708403572024227	0.510948149781419	NA	1.04744473617961	0.590239268300911	1.28388531014924	1.09912895814931	1.01315131815615	0.653228449652745	0.314563871737594	0.459002569307299	0.307544931558702	NA	NA	NA	0.48719807508846	NA	NA	0.545906746219098	NA	NA	0.88747415245174	NA	1.5400530032202	0.964197828953545	NA	NA	NA	NA	NA	0.670847998272913
0.962823307013211	1.17670974882646	0.96149658831499	NA	NA	2.16055663183714	NA	2.09422826335507	NA	1.40643500536126	1.50935679535426	NA	NA	NA	NA	NA	NA	NA	NA	2.04601521179736	NA	1.07190150510949	NA	NA	0.971500579196779	NA	NA	NA	NA	NA	NA	0.461126839351776	NA	0.637360531129325	0.814629138479728	NA	NA	0.122050012952144	0.29081735025962	NA
NA	NA	NA	NA	NA	NA	NA	NA	NA	NA	NA	NA	NA	NA	NA	NA	NA	NA	NA	NA	NA	NA	NA	NA	NA	NA	NA	NA	NA	NA	NA	NA	NA	NA	NA	NA	NA	NA	NA	NA
NA	NA	NA	NA	NA	NA	NA	NA	NA	NA	NA	NA	NA	NA	NA	NA	NA	NA	NA	NA	NA	NA	NA	NA	NA	NA	NA	NA	NA	NA	NA	NA	NA	NA	NA	NA	NA	NA	NA	NA
NA	NA	NA	NA	NA	NA	NA	NA	NA	NA	NA	NA	NA	NA	NA	NA	NA	NA	NA	NA	NA	NA	NA	NA	NA	NA	NA	NA	NA	NA	NA	NA	NA	NA	NA	NA	NA	NA	NA	NA
NA	NA	NA	NA	NA	NA	NA	NA	NA	NA	NA	NA	NA	NA	NA	NA	NA	NA	NA	NA	NA	NA	NA	NA	NA	NA	NA	NA	NA	NA	NA	NA	NA	NA	NA	NA	NA	NA	NA	NA
NA	NA	NA	NA	NA	NA	NA	NA	NA	NA	NA	NA	NA	NA	NA	NA	NA	NA	NA	NA	NA	NA	NA	NA	NA	NA	NA	NA	NA	NA	NA	NA	NA	NA	NA	NA	NA	NA	NA	NA
NA	NA	NA	NA	NA	NA	NA	NA	NA	NA	NA	NA	NA	NA	NA	NA	NA	NA	NA	NA	NA	NA	NA	NA	NA	NA	NA	NA	NA	NA	NA	NA	NA	NA	NA	NA	NA	NA	NA	NA
NA	NA	NA	NA	NA	NA	NA	NA	NA	NA	NA	NA	NA	NA	NA	NA	NA	NA	NA	NA	NA	NA	NA	NA	NA	NA	NA	NA	NA	NA	NA	NA	NA	NA	NA	NA	NA	NA	NA	NA
NA	NA	NA	NA	NA	1.41625932453348	NA	NA	1.51173043723288	NA	NA	NA	NA	NA	NA	2.24435717643615	NA	NA	NA	NA	NA	NA	NA	NA	NA	1.14308418211684	NA	NA	0.965553989257532	NA	NA	1.20833889117348	NA	1.50907122359368	NA	NA	NA	0.340061949692857	0.175912187845653	0.533706541214597
NA	NA	NA	NA	NA	NA	NA	NA	NA	NA	NA	NA	NA	NA	NA	NA	NA	NA	NA	NA	NA	NA	NA	NA	NA	NA	NA	NA	NA	NA	NA	NA	NA	NA	NA	NA	NA	NA	NA	NA
NA	NA	NA	NA	NA	NA	NA	NA	NA	NA	NA	NA	NA	NA	NA	NA	NA	NA	NA	NA	NA	NA	NA	NA	NA	NA	NA	NA	NA	NA	NA	NA	NA	NA	NA	NA	NA	NA	NA	NA
1.94882386844161	2.19440228564417	1.93563382043791	1.61279233594683	2.01118615255328	NA	1.04903947646316	NA	NA	NA	NA	NA	NA	1.21546175305853	NA	NA	1.26174618397252	1.21261026476819	0.93245733460281	0.963466556187656	1.01334627449757	0.933601373192411	0.925581327602905	NA	0.517302998435286	0.724652051653777	NA	NA	0.706116698376702	0.385521206729743	NA	0.654507970980211	NA	0.542175950473801	NA	0.322865967651141	NA	NA	NA	0.614064570984415
NA	0.752280742239503	0.690158539531079	NA	0.805085473200332	0.460966059052849	NA	NA	0.709060598232737	0.643613867976635	0.793719292424653	NA	NA	0.590688713229677	0.939332780153047	0.545491566046045	0.691479453548189	0.538257231783251	NA	0.440607146617238	NA	0.621926712347137	NA	NA	0.728817632101494	0.972431259561863	0.550850913559917	0.556970370398116	0.758707229830121	0.548302491680519	NA	NA	NA	NA	NA	1.27126946460425	NA	0.788351413183325	0.799621134280496	0.581153285169411
1.71787082198455	1.36015554823902	NA	NA	NA	NA	NA	1.50933809098183	1.30302911943569	1.39939239386298	NA	1.55237130266477	NA	NA	NA	NA	1.64221739975951	NA	NA	NA	1.69864628936012	NA	NA	1.56627137307436	NA	NA	NA	NA	NA	NA	NA	NA	NA	NA	NA	NA	NA	0.414074854642598	0.498481947619563	NA
NA	NA	NA	NA	NA	NA	NA	NA	NA	NA	NA	NA	NA	NA	NA	NA	NA	NA	NA	NA	NA	NA	NA	NA	NA	NA	NA	NA	NA	NA	NA	NA	NA	NA	NA	NA	NA	NA	NA	NA
0.762895990512052	1.29978869977761	NA	1.23308020168196	NA	0.553909681767798	0.967040356816204	NA	0.740515301538049	NA	1.02000421028762	NA	NA	NA	NA	NA	0.533263746933528	0.481456192229954	NA	NA	0.773645978601984	0.523739756885327	0.135340347231571	NA	NA	NA	NA	NA	0.661453711681634	NA	NA	0.731650300534995	NA	0.419301590862985	1.09109651136899	1.09815376743385	NA	NA	0.803889344344255	1.07665275399619
1.7553373335513	NA	1.6233954829042	NA	1.54629179484322	1.56040888285634	NA	NA	0.887341402137411	NA	1.30903589632692	NA	1.51984143332089	1.49958365270421	1.71619738521279	1.51535894941089	NA	1.50163191592196	NA	NA	1.37886506470044	NA	0.886601065578024	NA	1.38439048662518	0.621421407842275	NA	NA	NA	0.521047961435271	NA	NA	NA	NA	NA	1.23087437943443	NA	0.548065109443401	NA	1.04304942653394
1.44908279237384	0.989573459945694	NA	NA	NA	NA	NA	NA	NA	NA	NA	NA	NA	NA	NA	1.59186173733736	NA	NA	NA	NA	1.17735292070777	1.15077998212158	0.904684442133939	1.24387732051733	1.06519925421634	NA	NA	NA	1.0782730705131	1.2162486119372	1.07189866111208	1.02316259392395	1.10896693176621	NA	0.760476110381091	0.593206081509056	NA	NA	0.64874232656044	0.816976096862797
NA	NA	NA	NA	NA	NA	NA	NA	NA	NA	NA	NA	NA	NA	NA	NA	NA	NA	NA	NA	NA	NA	NA	NA	NA	NA	NA	NA	NA	NA	NA	NA	NA	NA	NA	NA	NA	NA	NA	NA
NA	NA	NA	NA	NA	NA	NA	NA	NA	NA	NA	NA	NA	NA	NA	NA	NA	NA	NA	NA	NA	NA	NA	NA	NA	NA	NA	NA	NA	NA	NA	NA	NA	NA	NA	NA	NA	NA	NA	NA
NA	NA	NA	NA	NA	NA	NA	NA	NA	NA	NA	NA	NA	NA	NA	NA	NA	NA	NA	NA	NA	NA	NA	NA	NA	NA	NA	NA	NA	NA	NA	NA	NA	NA	NA	NA	NA	NA	NA	NA
NA	NA	NA	NA	NA	NA	0.735068386311733	NA	0.655285741184352	NA	0.512163339934613	0.5036197619636	NA	0.678014321652918	0.528758980132135	0.568970973736727	0.511364848324213	NA	0.754750474268827	NA	NA	NA	NA	NA	NA	1.11505265659142	NA	NA	NA	NA	NA	0.699782704887528	NA	0.512548746078617	NA	0.445197407274607	NA	NA	NA	NA
1.3642478682895	NA	NA	NA	1.41098214985373	NA	NA	1.56527066652717	NA	NA	1.78086107986381	NA	NA	1.9231868336191	1.25658164612925	NA	1.53751208418426	1.58873894860151	NA	1.34066377054702	NA	1.1700115847211	1.38783546759967	NA	0.707225470090525	NA	NA	0.487108705281447	2.07842068500748	NA	NA	NA	1.50004528000077	1.20618533892159	0.251892986074539	1.90131270461264	NA	1.14012887837635	NA	1.45657210339535
NA	NA	NA	NA	NA	0.956858615148976	0.591945595869257	NA	0.441394318291446	NA	0.775305690203605	0.504021462057499	0.862230960811275	0.559780614953915	NA	0.586429772591821	0.554674687633736	0.390160324999303	NA	NA	1.17656288065632	1.25215064042747	0.978225869452937	NA	NA	0.561181019551103	0.737720168459927	0.668080015518794	0.642989313999335	0.542717716736637	NA	NA	1.01463994798456	0.777535078720932	0.594024213072593	0.752823420550996	NA	0.296140481910786	NA	0.576503287019037
NA	NA	NA	1.64793117766403	NA	1.26958578009305	0.978413884718822	1.1075278524623	NA	0.109028598850077	NA	NA	NA	NA	0.547953973441752	1.05872169589062	0.566833415604169	NA	NA	NA	NA	NA	0.933484751085745	0.933659943004947	1.13804424544614	NA	0.953608117539438	1.11826871673965	NA	1.2177674355692	1.08662539261942	NA	0.457462473930123	0.404778631335222	0.257341626844287	0.423696622404187	NA	0.314329383136967	NA	0.591681673796799
1.77485575709194	NA	NA	1.0247861208693	NA	0.927197567060079	0.660796483697985	1.01372576918222	0.680517254776733	NA	NA	1.04325283905821	NA	0.98334639443979	0.890992009821059	NA	1.14536552852857	1.87677416522659	1.43140357325009	1.32357578790967	NA	0.383460049011697	0.45872862953169	NA	NA	0.653013474420468	1.09133819077714	1.09145419838663	0.865750600507064	0.980509482933871	1.20936430884616	0.419731104378826	NA	0.466471060254308	0.362947425375547	NA	NA	0.834664335168229	0.429046414381044	NA
1.38296277500548	NA	NA	NA	NA	NA	NA	1.51724597876103	1.33883910211499	NA	NA	NA	NA	0.970551679602693	NA	NA	0.829134944097118	NA	0.706840675628831	NA	1.07095093510891	0.926369204585154	0.667553855399203	NA	NA	0.676741884212666	NA	1.35730496606448	NA	1.15022446180885	NA	1.03572717637595	0.407746015837246	1.95024538386375	0.507103222987635	0.454925934739035	NA	0.884067319039211	0.133497831206703	0.30518750684819
1.9834043756024	NA	NA	NA	NA	NA	NA	0.973948351205996	NA	NA	NA	NA	NA	NA	NA	NA	NA	NA	0.926175588166722	NA	0.417705956100525	1.27873886008922	1.342660600515	1.33014092795784	NA	1.74380322533066	1.70323108791256	NA	1.0741665156861	NA	NA	NA	NA	NA	NA	NA	NA	0.715584796558339	NA	NA
0.966474588496793	NA	NA	NA	NA	2.09692482425771	2.03488500627916	NA	2.14636834938008	2.14907950671929	2.14199379372295	NA	NA	2.1682903899183	1.81761928907781	1.46201590445496	1.94629009296906	1.66567012533478	NA	NA	1.6826521641068	1.92115640258052	0.364362167069225	1.2620413206956	1.57384120012132	NA	1.76711418225626	1.23500737301262	1.26659919984181	1.09795492733205	0.598208116277906	1.60246707839726	NA	0.436257822727988	0.977482854033165	0.839040162497231	NA	1.71886001444118	1.16070634329329	0.737181080970731
NA	NA	NA	NA	NA	NA	NA	NA	NA	NA	NA	NA	NA	NA	NA	NA	NA	NA	NA	NA	NA	NA	NA	NA	NA	NA	NA	NA	NA	NA	NA	NA	NA	NA	NA	NA	NA	NA	NA	NA
NA	NA	NA	NA	NA	NA	NA	NA	NA	NA	NA	NA	NA	NA	NA	NA	NA	NA	NA	NA	NA	NA	NA	NA	NA	NA	NA	NA	NA	NA	NA	NA	NA	NA	NA	NA	NA	NA	NA	NA
NA	NA	NA	NA	NA	0.863866294486879	0.877572458533558	0.830677169266219	1.29081570700879	1.77613627434271	1.42168698693514	NA	NA	2.1888935072054	1.07720045540157	0.95230604272405	1.57558178754777	0.753466865796189	0.864784606983947	0.940553744930066	NA	0.982214402071056	0.758635093781269	0.700799541360301	0.376013809047649	NA	0.629708516070826	0.880686562032001	NA	NA	NA	NA	NA	NA	NA	0.322829681395172	NA	0.151168899604813	1.15000439936177	0.517058751593466
NA	NA	NA	NA	NA	NA	NA	NA	NA	NA	NA	NA	NA	NA	NA	NA	NA	NA	NA	NA	NA	NA	NA	NA	NA	NA	NA	NA	NA	NA	NA	NA	NA	NA	NA	NA	NA	NA	NA	NA
NA	1.3347687409533	0.959624514049983	NA	NA	1.47430592544154	NA	0.560437543115043	1.39382549608279	NA	NA	NA	NA	0.954659527024798	1.50002683611185	NA	1.29197055453627	NA	NA	0.637229232004863	1.11496951467768	NA	0.884039650787165	0.715362507154425	1.08631894376983	NA	0.620809554988527	0.954417999987641	NA	0.544483912678042	NA	NA	NA	0.532320156570516	0.599581726373317	0.728764421536411	NA	0.300373669351558	NA	NA
NA	NA	NA	NA	0.168806712943437	0.41246269067819	0.50161233056489	NA	0.996487819411922	0.866405075670294	NA	NA	NA	NA	NA	1.01406584798754	NA	NA	NA	NA	0.712088038244813	0.419137025017505	NA	NA	NA	NA	NA	NA	NA	NA	NA	NA	NA	0.860204170026619	NA	0.912086960250268	NA	0.457515397155044	0.125425683028192	0.483765110042733
NA	1.39024787442532	NA	2.53198097194658	NA	1.55840212336922	1.23891795962806	2.28133474937112	2.17810527427632	NA	2.48067630755457	0.227798178814611	0.784552655680646	2.05824811777253	0.721193172207671	0.158292009472442	2.00966170623387	0.344388669839739	0.316223329318835	0.861003833960289	0.953691342292021	0.867306044518205	NA	1.5728599031399	1.73434523195112	1.60660140422003	0.739705934425431	1.71895478676058	1.83235451227903	2.04581471261041	NA	0.786272207745136	1.87593824445744	0.902577293827091	0.443872882617035	0.616309879395056	NA	0.639426083445854	0.874903612407134	0.836677797852035
NA	1.39736365848773	NA	NA	NA	NA	NA	NA	0.729210070030249	NA	NA	0.747518833177519	NA	1.51282133800422	NA	0.917790327662376	NA	0.784294119924693	NA	NA	NA	NA	NA	NA	NA	NA	NA	NA	0.865938075827292	NA	1.27826188412435	NA	NA	NA	0.520510415274153	NA	NA	NA	0.366709402095981	0.543553654826577
1.44443522275436	NA	1.42874766441297	NA	1.01170232057885	0.843299657473622	NA	0.789600532969231	0.882941661453393	0.575967367058988	0.487934290089337	0.767394725887794	NA	0.661723130689941	0.510115248574066	0.462444464416075	NA	NA	0.349118972354112	0.429135824568369	0.506971051207964	NA	1.25211129402766	1.27570265852963	NA	NA	1.37718615251171	0.734725261060188	0.884138092526043	NA	0.72339782846612	NA	NA	1.16191250292409	NA	0.634292816178011	NA	0.426604462051534	NA	0.297593193903733
NA	NA	NA	NA	NA	NA	NA	NA	NA	NA	NA	NA	NA	NA	NA	NA	NA	NA	NA	NA	NA	NA	NA	NA	NA	NA	NA	NA	NA	NA	NA	NA	NA	NA	NA	NA	NA	NA	NA	NA
0.705438469602571	NA	NA	0.815298659739286	0.445999209020206	NA	0.890691193016746	NA	0.242765034148018	NA	NA	0.727656158066513	NA	0.979917212360814	0.995696258025365	NA	0.595944674499314	NA	NA	0.334765481733873	0.36358861818154	0.775013856247378	1.2642084534086	1.15132198985162	NA	NA	1.26063460025279	0.721802204486335	NA	1.19776245738063	NA	NA	NA	0.85919015883426	NA	NA	NA	NA	0.898165756508602	0.72943488915609
1.77197884528161	NA	1.70849088945548	1.75653485715716	NA	NA	NA	1.44318399820216	1.02096662162001	NA	1.50905335476735	1.43168177832521	NA	1.46304627472469	1.06341684675839	1.37742168533743	1.31067434319773	1.16113809639188	2.34153089045565	NA	0.98791353716762	0.591062198543521	0.779401907385394	NA	NA	NA	NA	0.437920090158785	NA	0.608425742720357	NA	NA	NA	NA	0.216213912054975	NA	NA	NA	NA	NA
NA	NA	NA	NA	NA	NA	NA	NA	NA	NA	NA	NA	NA	NA	NA	NA	NA	NA	NA	NA	NA	NA	NA	NA	NA	NA	NA	NA	NA	NA	NA	NA	NA	NA	NA	NA	NA	NA	NA	NA
NA	NA	NA	NA	NA	NA	NA	NA	NA	NA	NA	NA	NA	NA	NA	NA	NA	NA	NA	NA	NA	NA	NA	NA	NA	NA	NA	NA	NA	NA	NA	NA	NA	NA	NA	NA	NA	NA	NA	NA
NA	NA	NA	NA	NA	NA	NA	NA	NA	NA	NA	NA	NA	NA	NA	NA	NA	NA	NA	NA	NA	NA	NA	NA	NA	NA	NA	NA	NA	NA	NA	NA	NA	NA	NA	NA	NA	NA	NA	NA
NA	NA	NA	NA	NA	NA	NA	NA	NA	NA	NA	NA	NA	NA	NA	NA	NA	NA	NA	NA	NA	NA	NA	NA	NA	NA	NA	NA	NA	NA	NA	NA	NA	NA	NA	NA	NA	NA	NA	NA
NA	1.20793608739679	1.28818326993749	NA	NA	NA	NA	NA	0.708201856304265	NA	0.462244806370542	1.75068483423229	NA	NA	NA	NA	NA	0.699556430466656	0.378814098457368	0.511938219987605	0.254737309849264	0.787979969994207	NA	NA	1.58531630005816	NA	1.67841724536136	1.85974201397002	NA	0.686328538068924	NA	NA	NA	NA	0.424276615198157	NA	NA	NA	0.421699397337278	NA
NA	NA	NA	NA	NA	NA	NA	NA	NA	NA	NA	NA	NA	NA	NA	NA	NA	NA	NA	NA	NA	NA	NA	NA	NA	NA	NA	NA	NA	NA	NA	NA	NA	NA	NA	NA	NA	NA	NA	NA
1.36804852347294	NA	2.07519501412362	NA	NA	NA	0.879891391070614	1.21592822954209	1.48631790823951	NA	NA	NA	NA	NA	NA	NA	NA	NA	NA	NA	0.235339996636934	NA	0.413977479370275	0.490993687057151	NA	0.471561508678149	NA	NA	NA	NA	NA	NA	NA	NA	1.14361465682083	NA	NA	0.898978307070512	NA	0.858462402656315
NA	NA	NA	NA	NA	NA	NA	NA	NA	NA	NA	NA	NA	NA	NA	NA	NA	NA	NA	NA	NA	NA	NA	NA	NA	NA	NA	NA	NA	NA	NA	NA	NA	NA	NA	NA	NA	NA	NA	NA
NA	NA	NA	NA	NA	NA	NA	NA	NA	NA	NA	NA	NA	NA	NA	NA	NA	NA	NA	NA	NA	NA	NA	NA	NA	NA	NA	NA	NA	NA	NA	NA	NA	NA	NA	NA	NA	NA	NA	NA
NA	NA	NA	1.2303469889867	1.24893252875881	1.30514541344539	NA	NA	NA	NA	0.422902789799814	0.649246361577565	NA	NA	0.641541011480153	NA	0.492514613335198	NA	NA	NA	NA	0.555280968186961	0.29942928090836	NA	NA	NA	1.80430296953886	NA	NA	NA	0.774274116874489	0.293982614082709	NA	0.255157070417455	0.420286834597199	NA	NA	0.254846692887617	0.197398020640211	0.653547199693281
NA	NA	NA	NA	NA	NA	NA	NA	NA	NA	NA	NA	NA	NA	NA	NA	NA	NA	NA	NA	NA	NA	NA	NA	NA	NA	NA	NA	NA	NA	NA	NA	NA	NA	NA	NA	NA	NA	NA	NA
NA	NA	NA	NA	NA	NA	NA	NA	NA	NA	NA	NA	NA	NA	NA	NA	NA	NA	NA	NA	NA	NA	NA	NA	NA	NA	NA	NA	NA	NA	NA	NA	NA	NA	NA	NA	NA	NA	NA	NA
1.18845201304112	NA	NA	NA	NA	1.51101816391258	2.00226095018808	NA	1.9157946292019	1.63255236895777	1.56638636787915	1.05867543741015	NA	NA	1.54562812642747	0.753983783797543	1.59558419219511	1.64003604959692	NA	NA	1.92319756521822	1.61402503635024	1.29833717962912	NA	NA	NA	NA	1.81973508071057	1.50775425653641	NA	0.930164873618365	0.354055978038526	0.793258677438931	0.428375373012161	1.66403885349989	1.26198072087485	NA	NA	0.726262213207266	1.04210683913302
NA	NA	NA	NA	NA	NA	NA	NA	NA	NA	NA	NA	NA	NA	NA	NA	NA	NA	NA	NA	NA	NA	NA	NA	NA	NA	NA	NA	NA	NA	NA	NA	NA	NA	NA	NA	NA	NA	NA	NA
1.80372121915787	NA	NA	0.934426574029227	NA	0.934362980643116	1.03241461853463	1.44997125282855	NA	NA	1.27206879533594	1.33842792645432	1.18320696224648	1.11966714975477	1.22738626454701	1.11933843320053	1.26993766772253	0.820829002802154	0.501242275908985	0.762076488745586	NA	0.836375218999393	NA	1.07336273974964	NA	1.06027959140851	0.9708273913091	NA	0.700253293203307	0.889893371217798	1.00786284877038	0.918473414009225	0.53155720956499	0.294089746573247	0.476177637540463	0.517301966121749	NA	0.327314133055318	0.373036024463415	0.256718297813613
0.966214324517571	0.848367039454219	0.761167456776852	0.418053468981635	0.242625932352979	1.29591931101995	1.31264353543756	NA	0.418163411448047	1.57678395028625	0.225010063355885	1.20382820147791	1.91273029905466	0.609385556081892	1.46391238562419	1.80208740324773	1.64274761789888	1.66114020462299	0.793917360651854	1.03755852263232	0.92909401660332	0.496316583698194	NA	0.566930783369549	0.379820011092711	NA	0.331433931950876	0.410958006288713	0.523175466416759	0.743873441014723	0.614615092675258	0.719598640541114	NA	0.46062739275766	0.70475993841685	0.357135289770973	NA	0.454468668759247	NA	NA
NA	NA	NA	NA	NA	NA	NA	NA	NA	NA	NA	NA	NA	NA	NA	NA	NA	NA	NA	NA	NA	NA	NA	NA	NA	NA	NA	NA	NA	NA	NA	NA	NA	NA	NA	NA	NA	NA	NA	NA
NA	NA	NA	NA	NA	NA	NA	NA	NA	NA	NA	NA	NA	NA	NA	NA	NA	NA	NA	NA	NA	NA	NA	NA	NA	NA	NA	NA	NA	NA	NA	NA	NA	NA	NA	NA	NA	NA	NA	NA
NA	NA	NA	NA	NA	NA	NA	NA	NA	NA	NA	NA	NA	NA	NA	NA	NA	NA	NA	NA	NA	NA	NA	NA	NA	NA	NA	NA	NA	NA	NA	NA	NA	NA	NA	NA	NA	NA	NA	NA
NA	NA	NA	NA	NA	NA	NA	1.09132299253842	NA	1.19380022526669	1.64571179848706	1.22103651513891	1.34862071470227	1.51409249335212	1.20119207672917	NA	1.61009764149876	1.554109353015	NA	1.02382446565076	1.31317223443091	1.25963411975907	1.11192384292877	0.713402698003029	0.96750924735894	0.199533955271668	NA	NA	0.172632960890633	0.789194933732434	1.22057985220698	0.369673232359511	0.583144030346465	1.03820453405017	0.417786264506999	0.253781957467398	NA	NA	0.363780207299347	0.71063903643285
NA	NA	NA	NA	NA	NA	NA	NA	NA	NA	NA	NA	NA	NA	NA	NA	NA	NA	NA	NA	NA	NA	NA	NA	NA	NA	NA	NA	NA	NA	NA	NA	NA	NA	NA	NA	NA	NA	NA	NA
NA	NA	NA	NA	NA	NA	NA	NA	NA	NA	NA	NA	NA	NA	NA	NA	NA	NA	NA	NA	NA	NA	NA	NA	NA	NA	NA	NA	NA	NA	NA	NA	NA	NA	NA	NA	NA	NA	NA	NA
NA	NA	NA	NA	NA	NA	NA	NA	NA	NA	NA	NA	NA	NA	NA	NA	NA	NA	NA	NA	NA	NA	NA	NA	NA	NA	NA	NA	NA	NA	NA	NA	NA	NA	NA	NA	NA	NA	NA	NA
NA	NA	NA	NA	NA	NA	NA	NA	NA	NA	NA	NA	NA	NA	NA	NA	NA	NA	NA	NA	NA	NA	NA	NA	NA	NA	NA	NA	NA	NA	NA	NA	NA	NA	NA	NA	NA	NA	NA	NA
NA	NA	1.64925684373755	NA	NA	NA	NA	1.75713052120302	NA	1.41473158611143	NA	0.516907166212491	NA	2.67067536173533	NA	NA	NA	NA	NA	NA	NA	1.52323825367165	NA	NA	NA	NA	NA	NA	NA	1.49632910306119	1.65365426706049	1.42096621320917	NA	NA	2.19657289978579	NA	NA	1.71999419133836	1.79104055157685	1.8667598748056
NA	NA	NA	NA	NA	0.921970972481134	NA	0.891678534895022	0.718268666682764	0.874118062886183	0.719350740912966	0.927940828670805	NA	NA	1.23000733256586	0.883720770758683	0.884568914667712	0.687169678216827	0.650117075429976	0.322246644735187	NA	0.631130891662417	0.572034657276779	0.790996296601634	NA	0.478498485276025	1.10411760334835	NA	NA	1.83617538474311	2.00824149017537	2.40409454775791	NA	1.54372067114011	1.02031709405723	1.03184308303944	NA	0.911056330420333	NA	NA
0.853630185907791	NA	NA	NA	NA	NA	NA	0.261379444561551	0.364787686436069	0.751447766595142	1.28698684783093	0.335932337096493	0.855686160741483	1.01492737284374	NA	NA	1.2521147714052	1.33690856854547	0.935338014996754	0.775094582919843	NA	NA	NA	0.58994875384822	0.583115384652058	NA	0.229447731562603	NA	NA	NA	NA	0.507502449131697	0.23950052036524	NA	0.671768336828462	NA	NA	0.537487767086439	0.477417678687681	NA
NA	NA	NA	NA	NA	NA	NA	NA	NA	NA	NA	NA	NA	NA	NA	NA	NA	NA	NA	NA	NA	NA	NA	NA	NA	NA	NA	NA	NA	NA	NA	NA	NA	NA	NA	NA	NA	NA	NA	NA
NA	NA	NA	NA	NA	NA	NA	NA	NA	NA	NA	NA	NA	NA	NA	NA	NA	NA	NA	NA	NA	NA	NA	NA	NA	NA	NA	NA	NA	NA	NA	NA	NA	NA	NA	NA	NA	NA	NA	NA
NA	NA	NA	NA	NA	NA	NA	NA	NA	NA	NA	NA	NA	NA	NA	1.59224616013554	NA	NA	NA	NA	NA	NA	NA	NA	1.29704894305558	1.29196657600856	NA	1.08466813676711	1.07536671779075	NA	NA	NA	NA	0.760170790989705	0.745059509457522	0.650821705638319	NA	NA	0.55543823544058	0.725294807623265
NA	NA	1.78546224745626	NA	NA	1.49959775117026	1.00017509105438	NA	NA	NA	0.132936109180248	NA	NA	NA	NA	0.378524245998003	NA	0.279604286111566	NA	0.924143337081595	0.597984283969329	NA	NA	1.54806625615326	NA	0.605344776682965	2.10791285617318	NA	1.60448201898893	0.984982322607478	NA	NA	2.07743318298315	0.755755632195073	1.2860325516867	NA	NA	1.4925232455443	1.74558869515329	2.10084198815327
NA	NA	NA	NA	NA	NA	NA	NA	NA	NA	NA	NA	NA	NA	NA	NA	NA	NA	NA	NA	NA	NA	NA	NA	NA	NA	NA	NA	NA	NA	NA	NA	NA	NA	NA	NA	NA	NA	NA	NA
NA	NA	NA	NA	NA	NA	NA	NA	NA	NA	NA	NA	NA	NA	NA	NA	NA	NA	NA	NA	NA	NA	NA	NA	NA	NA	NA	NA	NA	NA	NA	NA	NA	NA	NA	NA	NA	NA	NA	NA
NA	1.25209365473719	NA	1.4171625557307	1.27841693868522	0.972788820331335	0.358873011393753	1.00468946631435	0.686321778714934	0.617098242506116	NA	NA	1.01116439073967	NA	0.817288511299717	1.03455822194706	NA	0.645168396832031	1.23144599317554	0.789387274115449	NA	NA	NA	NA	1.29861117171894	NA	NA	NA	1.0460835942937	NA	1.59358743152689	NA	1.34052179421947	0.805108897754787	NA	1.7720342918917	NA	0.763318805331138	0.283822698722916	0.97380085554292
NA	NA	NA	2.19697617585849	NA	1.79932283493008	1.34385305347953	NA	NA	NA	1.31510684005268	NA	NA	NA	NA	1.55563405704044	NA	1.49475220394863	NA	1.67153632806795	1.62597006250179	NA	NA	NA	0.541262645640791	NA	NA	NA	NA	NA	NA	1.41179091561382	0.638862205448064	NA	NA	NA	NA	NA	2.74809778548539	0.370108386141198
NA	NA	NA	NA	NA	NA	NA	NA	NA	NA	NA	NA	NA	NA	NA	NA	NA	NA	NA	NA	NA	NA	NA	NA	NA	NA	NA	NA	NA	NA	NA	NA	NA	NA	NA	NA	NA	NA	NA	NA
NA	NA	NA	NA	NA	NA	NA	NA	NA	NA	NA	NA	NA	NA	NA	NA	NA	NA	NA	NA	NA	NA	NA	NA	NA	NA	NA	NA	NA	NA	NA	NA	NA	NA	NA	NA	NA	NA	NA	NA
NA	NA	NA	NA	NA	NA	NA	NA	NA	NA	NA	NA	NA	0.51188559646749	NA	NA	NA	1.02507775005456	1.07470660769556	0.572011186515297	NA	NA	0.275560539933288	0.762966043021741	NA	NA	0.65370657516621	NA	0.299540540710633	0.764296301786798	NA	0.712037221198957	NA	NA	NA	0.259396021756716	NA	NA	0.43889342778604	NA
NA	NA	NA	NA	NA	NA	NA	NA	NA	NA	NA	NA	NA	NA	NA	NA	NA	NA	NA	NA	NA	NA	NA	NA	NA	NA	NA	NA	NA	NA	NA	NA	NA	NA	NA	NA	NA	NA	NA	NA
NA	NA	NA	NA	NA	NA	NA	NA	NA	NA	NA	NA	NA	NA	NA	NA	NA	NA	NA	NA	NA	NA	NA	NA	NA	NA	NA	NA	NA	NA	NA	NA	NA	NA	NA	NA	NA	NA	NA	NA
NA	NA	NA	NA	NA	NA	NA	NA	NA	NA	NA	NA	NA	NA	NA	NA	NA	NA	NA	NA	NA	NA	NA	NA	NA	NA	NA	NA	NA	NA	NA	NA	NA	NA	0.343737746487946	0.663360731822574	NA	0.181912549435652	0.368534489566613	0.466085764307194
NA	NA	NA	NA	NA	NA	NA	NA	NA	NA	NA	NA	NA	NA	NA	NA	NA	NA	NA	NA	NA	NA	NA	NA	NA	NA	NA	NA	NA	NA	NA	NA	NA	NA	NA	NA	NA	NA	NA	NA
NA	NA	0.283192284994207	NA	NA	0.989422762044328	1.08579033944497	0.793558426912406	NA	1.28980516988856	NA	NA	NA	NA	1.27322883244565	NA	NA	NA	NA	NA	0.748068979584736	NA	NA	NA	NA	NA	NA	NA	0.79379044090396	NA	NA	0.250207603407216	NA	0.146336156233518	NA	0.407168745894258	NA	NA	0.53711033336292	NA
1.57865498549516	2.10122729489231	2.0781175358287	NA	1.20626850774266	1.01387759736393	0.891194777545611	NA	1.66085065625003	1.546752772085	NA	1.78263134404358	1.8883154241581	1.94286536031553	1.12101974001782	NA	0.686741302354431	0.740008749947222	NA	0.985774753732783	1.00836821443736	0.838587224139006	1.77620943879082	NA	NA	1.13481069438799	NA	1.57276580070412	NA	NA	NA	NA	0.890496108814496	0.321081332248463	0.439873474329285	0.4065819065423	NA	0.895351873535995	NA	NA
0.69789104041375	NA	NA	NA	0.401631947407584	0.674376442600896	NA	0.98318324200778	NA	1.48609426056238	NA	0.737638627778989	0.892233434863888	1.20029546516439	0.827924811859208	1.48753834588241	0.881853802522509	0.905673766211679	0.949114335549949	0.634632977965555	0.506093516943386	0.181107162351703	0.6110093969424	NA	NA	NA	NA	NA	NA	NA	NA	NA	NA	NA	0.704346912786883	0.363948804164932	NA	0.480918220867839	NA	NA
1.4261033625205	NA	NA	NA	NA	NA	NA	0.670632023493895	0.8416797111504	1.04797059489476	0.987452639092002	0.831445079774066	0.764815830362926	NA	NA	0.432639126152765	NA	0.637866754447905	0.463745157702684	0.409007977616841	NA	1.49111485442599	1.3232620299205	NA	1.57933208633299	NA	NA	NA	1.5550595306287	NA	NA	1.54065136557873	NA	NA	NA	NA	NA	1.02014917867335	0.685758844691091	NA
NA	NA	NA	1.2456406507918	1.25863923349157	1.2127590006376	NA	1.15954858248267	0.838052318772935	0.902661896511017	0.783795964516083	NA	NA	NA	0.822123052867078	NA	0.52777137973917	0.514933996654525	0.666752481297311	NA	NA	NA	NA	0.575693772633032	NA	0.54226969981763	NA	0.562106057569836	NA	NA	0.252301063393453	NA	NA	NA	0.47081977035085	NA	NA	NA	0.267338386331162	NA
NA	NA	0.640482913665754	NA	0.698407767194102	NA	0.488903326350253	0.973625344072178	NA	0.464386537875629	0.631844869230283	0.645589615581158	0.69963854779857	NA	NA	NA	NA	NA	0.551947746271729	NA	1.72846726643279	0.461494084059046	NA	NA	NA	NA	1.22495606785953	NA	NA	0.890388040295434	NA	NA	NA	NA	NA	0.633959975667697	NA	NA	0.371320992037957	NA
NA	NA	NA	NA	NA	NA	NA	NA	NA	NA	NA	NA	NA	NA	NA	NA	NA	NA	NA	NA	NA	NA	NA	NA	NA	NA	NA	NA	NA	NA	NA	NA	NA	NA	NA	NA	NA	NA	NA	NA
NA	NA	NA	NA	NA	NA	NA	NA	NA	NA	NA	NA	NA	NA	NA	NA	NA	NA	NA	NA	NA	NA	NA	NA	NA	NA	NA	NA	NA	NA	NA	NA	1.60158996732173	1.21912106749595	1.15631121295432	1.10136156233931	NA	NA	0.524222105291647	0.74875250185191
0.900995299887453	1.13734892346069	0.572781590513762	NA	NA	1.14786786157855	NA	1.4774373372565	1.87360244708335	NA	1.70702250954167	NA	NA	NA	NA	1.46914522690261	2.07258885081361	1.8757606411526	0.900190746732818	NA	NA	NA	1.79832078257189	NA	NA	0.583280148339384	NA	NA	0.645559998688781	0.902822195074172	0.897517144813233	0.703014407816924	0.360258929913385	NA	0.25194778383114	0.319247966003699	NA	0.523510609005205	0.310928558871971	NA
NA	NA	NA	NA	NA	NA	NA	NA	NA	NA	NA	NA	NA	0.828258273694168	0.616014043704099	NA	NA	0.451865862605652	0.403497456114396	NA	0.414063572826431	0.141748891338922	0.49857779102596	0.63918420524926	0.594417583438254	0.908147096870412	NA	NA	NA	NA	NA	0.52947170684822	0.460099547499954	NA	NA	NA	NA	0.582618972151574	0.350354247228475	NA
NA	NA	NA	NA	NA	NA	NA	NA	NA	NA	NA	NA	NA	NA	NA	NA	NA	NA	NA	NA	NA	NA	NA	NA	NA	NA	NA	NA	NA	NA	NA	NA	NA	NA	NA	NA	NA	NA	NA	NA
NA	NA	NA	NA	NA	NA	NA	NA	NA	NA	NA	NA	NA	NA	NA	NA	NA	NA	NA	NA	NA	NA	NA	NA	NA	NA	NA	NA	NA	NA	NA	NA	NA	NA	NA	NA	NA	NA	NA	NA
NA	NA	0.670721092149285	NA	NA	NA	NA	0.472354667266997	NA	NA	NA	1.11127162468207	NA	1.5820733780274	NA	NA	NA	NA	NA	0.262615413431146	NA	NA	NA	NA	NA	0.398439944139174	NA	0.480425622327375	NA	NA	NA	NA	0.54757440858153	NA	NA	NA	NA	NA	NA	NA
0.982258455714211	NA	NA	0.691272063594369	NA	0.728526643002398	NA	0.716243798434416	NA	0.564580862480672	2.05093269118472	0.758741521847534	NA	0.607963365430271	0.867397028420787	NA	0.547744066076588	NA	NA	0.534942783162111	NA	0.660595422348398	0.181979587664429	0.188089057676743	0.456390685984017	0.617447345734465	NA	0.304432211189449	NA	0.633388511069883	0.516556206577763	1.86038487335743	0.260867907480101	NA	0.551782261193499	0.558381493027555	NA	0.480926456892544	0.474702608680771	0.459343791354701
1.35325485662165	1.54273508595282	NA	1.22323927497619	NA	0.858716666811244	0.58028237944497	NA	0.844178108250936	1.18582972661044	NA	NA	0.672872948818729	0.463342706735584	0.926346026092321	0.997905211327314	1.0788314414538	1.31404242603162	NA	0.660112230096759	NA	0.547012974121156	0.371625040802846	0.388175965472221	NA	0.606036024319608	NA	0.405148214218533	0.234828982542448	0.602715029438043	NA	0.873780490070428	0.685842816750632	NA	0.949425574909449	0.684982754899668	NA	0.789276715252032	NA	2.2679525226833
NA	NA	NA	NA	NA	NA	NA	NA	NA	NA	NA	NA	NA	NA	NA	NA	NA	NA	NA	NA	NA	NA	NA	NA	NA	NA	NA	NA	NA	NA	NA	NA	NA	NA	NA	NA	NA	NA	NA	NA
NA	NA	NA	NA	NA	NA	NA	NA	NA	NA	NA	NA	NA	NA	NA	NA	NA	NA	NA	NA	NA	1.24647797098515	0.675719745222629	NA	0.910865169593269	1.19362212893727	1.21483898388224	1.30568385474366	0.649550511697582	1.01201617103448	1.08584481667818	NA	1.00312256163911	NA	NA	NA	NA	1.01285203485869	0.927912392902896	1.35269482479723
NA	NA	0.722766533794992	NA	0.734670181440332	NA	0.591143467668654	0.869125584398878	NA	NA	NA	NA	NA	NA	0.481886452879328	0.508684652414505	NA	0.689295176890522	NA	0.75525097816188	NA	NA	NA	NA	0.40369015447852	0.835601630516612	0.865449718274909	NA	0.5409512831939	0.590053873643512	1.16288464625323	NA	0.688706105595245	NA	0.304362150336633	0.148290719516592	NA	0.222562692109346	NA	NA
1.6580564797871	1.72534420544499	1.66884430746074	2.02879840030651	NA	1.82970296955086	1.51104333548505	NA	2.35677936540497	NA	1.13475091664089	1.37935060982309	NA	NA	1.19293769211429	2.00260380885988	1.10193975853375	1.48248581209873	2.15425264711727	0.910805895986957	1.96155433024005	1.67615810723342	1.99176274527426	1.80600506987466	1.91085617208027	1.43614900807564	2.37137646032293	1.89155391501206	1.15374126839571	1.49800316188537	2.02101785393429	1.15908946561098	1.24301175753944	1.94367000582925	NA	NA	NA	NA	NA	NA
NA	0.551109029806485	NA	0.390142634705041	NA	0.828665565777309	0.730278610408433	NA	NA	0.63825289831416	0.585548926671857	NA	NA	NA	NA	NA	NA	NA	NA	0.363839302237386	0.401017548207046	0.556893853580287	0.818635671092323	NA	0.612990876306623	NA	NA	NA	NA	0.982738097219103	NA	NA	0.743157950206492	0.810322606833912	0.473447869302833	NA	NA	0.508897953364506	0.477839731310224	NA
NA	NA	NA	NA	NA	NA	NA	NA	NA	NA	NA	NA	NA	NA	NA	NA	NA	NA	NA	NA	NA	NA	NA	NA	NA	NA	NA	NA	NA	NA	NA	NA	NA	NA	NA	NA	NA	NA	NA	NA
NA	NA	NA	NA	NA	NA	NA	NA	NA	NA	NA	NA	NA	NA	NA	NA	NA	NA	NA	NA	NA	NA	NA	NA	NA	NA	NA	NA	NA	NA	NA	NA	NA	NA	NA	NA	NA	NA	NA	NA
NA	NA	NA	NA	0.831905521181316	NA	0.747778790163172	0.764736237883173	NA	NA	NA	0.268177036129188	1.45414372269045	NA	0.579376278477893	NA	NA	NA	NA	NA	0.565855300135752	0.636662746391013	0.595630131029328	0.644024320545028	NA	NA	NA	1.35337032101144	NA	0.948156167253195	0.692888058175182	0.714543916169946	0.567800819597451	1.02359689373279	0.627100763316093	0.667027629320737	NA	NA	0.176800593634866	0.355566554669995
NA	NA	2.08899165994575	NA	NA	NA	1.6556601281787	2.06107013001048	NA	NA	0.880075959078223	0.952020263365421	1.49390418781058	NA	NA	NA	NA	NA	NA	0.93093459886673	1.16459590675336	0.943205273427296	NA	1.38274919594068	0.997028238446996	NA	NA	0.448310263155536	1.04254806884171	NA	NA	NA	1.38198965367123	1.02089527496445	0.165956562046663	NA	NA	0.956369688019515	NA	0.877656473470641
NA	NA	NA	NA	NA	NA	NA	NA	NA	NA	NA	NA	NA	NA	NA	NA	NA	NA	NA	NA	NA	NA	NA	NA	NA	NA	NA	NA	NA	NA	NA	NA	NA	NA	NA	NA	NA	NA	NA	NA
NA	NA	NA	NA	NA	NA	2.06079116871954	1.67224832902622	NA	NA	NA	1.86977646828945	2.11635321583567	NA	NA	2.14986143851101	2.14457739579486	NA	NA	NA	0.97419651135376	NA	0.439995600710694	NA	NA	1.18510793862661	0.573553911746988	0.635651733075815	0.318422107830685	1.30022149044884	NA	NA	NA	0.916538522640831	0.842981198446452	0.569359787707941	NA	0.300779145017541	0.887274144119603	0.568186568584278
NA	NA	NA	NA	NA	NA	NA	NA	NA	NA	NA	NA	NA	NA	NA	NA	NA	NA	NA	NA	1.20059355636127	NA	0.795666295189841	0.636709604155413	1.11586334611913	NA	NA	NA	0.762754951421078	0.909853981460733	NA	NA	NA	0.704083845254318	NA	NA	NA	0.737196127866161	0.208868497926002	0.282871013841657
NA	0.788086716182803	1.24582686248939	0.627994445549771	2.16158141808354	NA	NA	1.52427559618498	1.64670940737919	NA	NA	1.86816476468061	1.99096920963279	0.548686090974734	0.728617394996624	NA	0.85389900488501	NA	1.34958115934383	1.51810069015408	1.44487654951776	1.46584780823095	1.75330315601191	NA	1.64803835302185	2.03621397355827	NA	NA	1.85412597734221	1.03715867753978	NA	1.98321675569105	0.768111870484689	0.48837163909326	NA	0.389335020843385	NA	1.1340725191878	1.09853798826394	NA
1.47275327605431	NA	NA	NA	1.6778446883359	NA	NA	NA	NA	NA	NA	NA	NA	NA	NA	NA	1.36159858017847	NA	NA	1.26620536223596	1.43008819678241	1.63686116740488	1.67632658976275	1.73651803170404	1.44879438614144	NA	NA	0.814477928126575	1.43841991862491	1.62407263191207	1.03430114405327	NA	NA	1.79156405019146	1.32234774209636	1.4089046511995	NA	1.32835113396597	1.36661174517675	1.67669087364275
NA	NA	NA	NA	NA	NA	NA	NA	NA	NA	NA	NA	NA	NA	NA	NA	NA	NA	NA	NA	NA	NA	NA	NA	NA	NA	NA	NA	NA	NA	NA	NA	NA	NA	NA	NA	NA	NA	NA	NA
NA	NA	NA	NA	NA	NA	NA	NA	NA	NA	NA	NA	NA	NA	NA	NA	NA	NA	NA	NA	NA	NA	NA	NA	NA	NA	NA	NA	NA	NA	NA	NA	NA	NA	NA	NA	NA	NA	NA	NA
NA	NA	NA	NA	NA	NA	NA	NA	0.442009950267628	NA	0.680996794894804	NA	NA	0.839439764450185	0.673893842482803	0.718759980284625	NA	NA	NA	NA	NA	NA	NA	NA	NA	NA	NA	NA	NA	NA	NA	NA	NA	0.369119415458786	NA	NA	NA	NA	NA	NA
NA	NA	NA	NA	NA	NA	NA	NA	NA	NA	NA	NA	NA	NA	NA	NA	NA	1.41904231039729	NA	1.2581628404557	NA	NA	NA	1.64897136916559	NA	NA	NA	NA	NA	NA	NA	NA	NA	NA	NA	NA	NA	1.29352891810892	NA	0.873866175235677
NA	1.00045686295535	0.744492494688155	NA	0.879885617448813	0.490467788706348	NA	NA	0.32257689767685	NA	NA	0.602381112658624	0.525646163346105	0.655356922890145	0.742689907581968	0.538837226234774	1.14474377319183	NA	0.667250609792282	0.448935162285082	NA	NA	0.575218906299011	0.335798492595936	NA	1.47538208511893	NA	NA	0.808518439290249	NA	NA	NA	NA	NA	NA	NA	NA	NA	NA	1.01466542816082
NA	NA	NA	NA	NA	NA	NA	0.827159928024671	NA	NA	NA	0.0607256544551556	NA	NA	NA	NA	NA	NA	0.479950702381662	NA	NA	NA	0.972532329835995	NA	0.38746531365398	NA	0.400700125880808	1.76615037168789	NA	0.249395543114702	NA	NA	0.128108935602758	NA	NA	0.507224255662186	NA	NA	NA	NA
NA	NA	0.537972520957034	0.49796926558598	0.825775394531148	NA	NA	1.58496086019246	1.80872029224957	NA	1.6678566692756	1.19866845877016	NA	1.55344363680612	NA	1.22119048101909	1.15539149944135	1.38466494209431	1.04389164256769	NA	1.9454486861773	NA	0.290202896315855	0.44312228047393	0.450845133622842	NA	NA	0.375398411930913	NA	NA	NA	0.383719088650417	0.59777120876933	NA	NA	0.0396999545046301	NA	NA	0.274237152178818	NA
NA	NA	NA	NA	NA	NA	NA	NA	NA	NA	NA	NA	NA	NA	NA	NA	NA	NA	NA	NA	NA	NA	NA	NA	NA	NA	NA	NA	NA	NA	NA	NA	NA	NA	NA	NA	NA	NA	NA	NA
NA	NA	NA	NA	NA	NA	NA	NA	NA	NA	NA	NA	NA	0.960966102590923	1.17926933658319	NA	NA	NA	NA	NA	1.59205329506818	1.57737068940379	NA	NA	NA	NA	NA	0.913284778592234	NA	NA	NA	NA	NA	NA	NA	NA	NA	NA	NA	0.276942128683764
NA	NA	NA	NA	NA	1.7424300537972	NA	NA	NA	NA	NA	NA	NA	NA	2.95155077862746	NA	NA	2.11548042412868	NA	NA	NA	NA	NA	NA	2.7024980268438	2.59261216510676	NA	0.745104076458746	0.528820113756558	2.69871267595541	2.5373088235774	2.79766663338953	0.814841383820379	0.243217931420549	NA	NA	NA	NA	NA	3.07896778608068
NA	NA	NA	NA	NA	NA	NA	NA	NA	NA	NA	NA	NA	NA	NA	NA	NA	NA	NA	NA	NA	NA	NA	NA	NA	NA	NA	NA	NA	NA	NA	NA	NA	NA	NA	NA	NA	NA	NA	NA
NA	NA	NA	NA	NA	NA	NA	NA	NA	NA	NA	NA	NA	NA	NA	NA	NA	NA	NA	NA	NA	NA	NA	NA	NA	NA	NA	NA	NA	NA	NA	NA	NA	NA	NA	NA	NA	NA	NA	NA
NA	NA	NA	NA	NA	NA	NA	NA	NA	NA	NA	NA	NA	NA	NA	NA	NA	NA	NA	NA	NA	NA	NA	NA	NA	NA	NA	NA	NA	NA	NA	NA	NA	NA	NA	NA	NA	NA	NA	NA
NA	NA	NA	NA	NA	NA	NA	NA	NA	NA	NA	NA	NA	NA	NA	NA	NA	NA	NA	NA	NA	NA	NA	NA	NA	NA	NA	NA	NA	NA	NA	NA	NA	NA	NA	NA	NA	NA	NA	NA
NA	NA	NA	NA	NA	NA	NA	1.16634710171771	NA	NA	1.28666138350512	1.32100772157952	NA	NA	NA	NA	1.0391220166029	0.795154057688301	1.01514423825305	0.739362300811978	0.650191440323819	0.157630340936165	0.642290438255632	0.707363015568066	0.551802139579441	NA	NA	0.7122595373051	0.589042190376078	NA	NA	NA	0.582454619549666	NA	NA	0.61422770652521	NA	NA	0.942148877517869	NA
NA	NA	NA	NA	NA	NA	NA	NA	NA	NA	NA	NA	NA	NA	NA	NA	NA	NA	NA	NA	NA	NA	NA	NA	NA	NA	NA	NA	NA	NA	NA	NA	NA	NA	NA	NA	NA	NA	NA	NA
NA	NA	NA	NA	NA	NA	1.24730624183995	NA	NA	NA	NA	NA	NA	NA	NA	NA	NA	NA	NA	NA	NA	NA	NA	0.507881339711003	NA	NA	NA	0.108421415774286	NA	NA	NA	1.73133727544529	NA	NA	0.301755075279263	NA	NA	1.64688039896474	1.40331318820421	NA
NA	NA	NA	NA	NA	NA	NA	1.54902377302367	1.70873683068113	NA	NA	NA	NA	NA	1.63108162258917	1.73588627706066	NA	1.58111360282732	1.35786788665096	1.39333866259083	NA	0.545589033243014	0.704047091372903	1.23192714184731	1.58520463650189	1.73712473760872	NA	0.443089083612721	NA	NA	1.69611224206888	1.46878115802154	NA	0.58946494105667	1.60850242270035	0.521915938001063	NA	0.381692460996612	0.708352992590283	NA
NA	NA	NA	NA	NA	NA	0.411387306475534	0.859835452380459	0.607024714098114	NA	0.498102612922094	NA	NA	NA	1.44087743154457	1.72209882961189	1.66008527916541	1.39402773992565	0.267802227390404	0.820974104251372	1.45102951209141	1.18701239316757	0.394599134133743	1.39218991152452	NA	0.367189493135864	1.49319671742515	NA	0.273277552974271	1.58024796167431	0.637628636289571	NA	1.48497442941947	NA	0.30622022919966	1.69454298048589	NA	2.01903554417158	2.03935529581358	0.821324278151047
NA	0.683208734179771	0.484968602263756	NA	NA	0.961349873553207	NA	NA	0.734942978351463	0.48607117704559	0.796619890192211	0.507042006716553	0.576357393482337	NA	NA	0.724465363107101	0.332629162214497	0.537415684319893	NA	0.557962940347557	1.1415295905471	NA	0.477084893571959	0.705978562821309	0.628126548826518	NA	NA	NA	NA	NA	NA	NA	NA	0.502884972025343	0.312445541335374	0.368715947947833	NA	0.354530400381965	0.60845417554777	0.700453998269536
NA	NA	NA	NA	NA	NA	NA	NA	NA	NA	NA	NA	NA	NA	NA	NA	NA	NA	NA	NA	NA	NA	NA	NA	NA	NA	NA	NA	NA	NA	NA	NA	NA	NA	NA	NA	NA	NA	NA	NA
NA	NA	NA	NA	NA	NA	NA	NA	NA	NA	NA	NA	NA	NA	NA	NA	NA	NA	NA	NA	NA	NA	NA	NA	NA	NA	NA	NA	NA	NA	NA	NA	NA	NA	NA	NA	NA	NA	NA	NA
NA	NA	NA	NA	NA	NA	NA	NA	NA	NA	NA	NA	NA	NA	NA	NA	NA	NA	NA	NA	NA	NA	NA	NA	NA	NA	NA	NA	NA	NA	NA	NA	NA	NA	NA	NA	NA	NA	NA	NA
NA	NA	NA	NA	NA	NA	NA	NA	NA	NA	NA	NA	NA	NA	NA	NA	NA	NA	NA	NA	NA	NA	NA	NA	NA	NA	NA	NA	NA	NA	NA	NA	NA	NA	NA	NA	NA	NA	NA	NA
NA	NA	NA	NA	NA	NA	0.786115563241068	NA	NA	NA	NA	NA	NA	NA	NA	NA	0.738119853465356	0.783138359986884	NA	NA	0.477704319897672	0.549119920561147	0.797433061401449	0.762169047820912	0.754128524846075	0.483258414475825	0.477170668488187	0.617245832774926	0.70535348421465	0.879030605918477	1.11145329877483	NA	NA	0.369908786464574	NA	0.494253210980396	NA	0.330122432943771	0.248282507215042	0.524985293053267
NA	NA	NA	NA	NA	NA	NA	NA	NA	NA	NA	NA	NA	NA	NA	NA	NA	NA	NA	NA	NA	NA	NA	NA	NA	NA	NA	NA	NA	NA	NA	NA	NA	NA	NA	NA	NA	NA	NA	NA
NA	NA	NA	NA	NA	1.33825749774698	NA	NA	NA	NA	NA	NA	NA	NA	NA	1.13433832898078	NA	NA	NA	NA	NA	0.795188099194106	NA	0.845301568552397	NA	NA	NA	NA	NA	NA	NA	NA	NA	0.319240617902864	NA	NA	NA	0.279563323492246	0.455050750970536	0.475987608674352
NA	NA	NA	NA	NA	NA	NA	NA	NA	NA	NA	NA	NA	NA	NA	NA	NA	NA	NA	NA	NA	NA	NA	NA	NA	NA	NA	NA	NA	NA	NA	NA	NA	NA	NA	NA	NA	NA	NA	NA
NA	NA	NA	0.6011321928177	NA	NA	NA	0.442092464239277	NA	0.69048686911215	NA	1.08417031829667	NA	0.747773278071704	NA	NA	1.36589138940473	1.12810841711992	NA	0.859786258474323	NA	0.613721998412261	0.155416572404969	0.361670303788301	0.307057099918873	1.44969519339046	0.23572884962519	0.311096026073809	2.12639564377271	0.944913054908332	NA	0.67935525938239	0.898333230130391	NA	NA	NA	NA	0.894494681894361	0.679100190182389	1.11349527272932
NA	NA	NA	NA	NA	NA	NA	NA	NA	NA	NA	NA	NA	NA	NA	NA	NA	NA	NA	NA	NA	NA	NA	NA	NA	NA	NA	NA	NA	NA	NA	NA	NA	NA	NA	NA	NA	NA	NA	NA
NA	NA	0.503435834999553	0.426758665960585	NA	NA	0.562917641235839	NA	0.516928815811775	NA	0.568793517923919	0.283314590386518	NA	0.761829492913976	NA	NA	NA	NA	NA	0.965091950411099	NA	NA	0.77968578757095	1.11964142578969	NA	NA	NA	0.742434325180703	0.46389554559434	NA	NA	0.23335546230351	NA	NA	NA	NA	NA	0.298244043665081	0.900444504772986	NA
NA	1.16546899126023	0.921914178372664	1.10580157913667	NA	NA	1.53272399803428	NA	1.10099224416049	NA	0.992923066089278	NA	1.26150269454749	0.946044417067223	1.72789078571395	NA	NA	1.03098536657923	NA	0.892003753511221	1.12663203273079	1.0057118686694	1.36532277943066	1.18747435568071	NA	1.40293183650711	0.885835997692434	0.889321431140232	NA	0.364195775934966	NA	0.545478820971913	NA	0.45370565878972	0.529174775523304	0.397711960625537	NA	0.15211053966754	0.224912414094652	NA
NA	NA	NA	NA	NA	NA	NA	NA	NA	NA	NA	NA	NA	NA	NA	NA	NA	NA	NA	NA	NA	NA	NA	NA	NA	NA	NA	NA	NA	NA	NA	NA	NA	NA	NA	NA	NA	NA	NA	NA
NA	NA	NA	NA	NA	NA	NA	NA	NA	NA	NA	NA	NA	NA	NA	NA	NA	NA	NA	0.805713834668775	NA	NA	NA	NA	NA	NA	NA	NA	1.66793849397778	NA	NA	NA	NA	NA	NA	NA	NA	0.61479547364362	0.380729336854902	0.435029866471271
NA	NA	0.371518791205708	0.570424718240121	NA	NA	NA	0.779085211501856	0.610631450707197	NA	1.52272731917822	1.35388701033522	NA	1.42923447909654	NA	NA	1.68181619575418	1.33074038953824	NA	NA	1.56331624713774	0.342018332315705	0.63870257146482	0.530353714074344	NA	1.81843261694446	0.393902770870225	NA	NA	0.566620148220152	NA	1.51910048603925	NA	0.214772898678245	NA	NA	NA	NA	0.465954070449061	0.673303750432149
NA	NA	NA	NA	NA	NA	NA	NA	NA	NA	NA	NA	NA	NA	NA	NA	NA	NA	NA	NA	NA	NA	NA	NA	NA	NA	NA	NA	NA	NA	NA	NA	NA	NA	NA	NA	NA	NA	NA	NA
0.848544538234917	0.782110212343514	1.38397032171572	0.857971562736216	1.34119616910537	0.39827555085838	NA	0.693500945885459	1.6912975460215	1.31361458489161	0.877813280086756	NA	1.47930485220054	1.98691283206202	1.71629521590502	1.34504333956322	0.759717908136912	NA	0.43983530273463	1.1206983886607	NA	0.622596627842693	0.63572242279523	0.810205934140282	0.660968229351312	0.742704450202773	1.21075627082973	NA	0.675630835980752	0.848813384593457	1.20751859604142	0.740002007200858	0.457160070109482	0.440531957866018	0.565785604384966	0.194215358507555	NA	0.269352076457784	0.150190297681492	0.292378283309964
NA	NA	NA	NA	NA	NA	NA	NA	NA	NA	NA	NA	NA	NA	NA	NA	NA	NA	NA	NA	NA	NA	NA	NA	NA	NA	NA	NA	NA	NA	NA	NA	NA	NA	NA	NA	NA	NA	NA	NA
NA	NA	NA	NA	NA	NA	NA	NA	NA	NA	NA	NA	NA	NA	NA	NA	NA	NA	NA	NA	NA	NA	NA	NA	NA	NA	NA	NA	NA	NA	NA	NA	NA	NA	NA	NA	NA	NA	NA	NA
NA	NA	0.45307306123594	0.978446873579253	NA	NA	0.940746140336661	NA	NA	NA	1.41747822412308	NA	NA	0.853051435051629	NA	1.21987484647079	1.00830248344576	NA	NA	NA	0.355416648596243	0.213705441483863	NA	NA	0.633104890211905	0.709545754534233	NA	0.976647076648982	0.584468295420832	NA	NA	0.318491174999637	0.518975297233637	0.644932748755458	0.606737248903026	0.66503345023745	NA	0.0584748060757209	0.314213867591442	0.443827643713807
NA	NA	NA	NA	NA	NA	NA	NA	NA	NA	NA	NA	NA	1.53536399610489	NA	NA	NA	NA	NA	NA	NA	NA	NA	NA	NA	NA	NA	NA	NA	NA	NA	0.776992961487817	0.392238137741943	NA	NA	0.219751431406218	NA	NA	1.36855435013139	0.231046030532883
1.3430136218475	NA	NA	1.25719555682544	NA	1.02322912116199	NA	0.843999007232604	NA	1.87894213451745	NA	NA	1.33739229192196	1.35372483436313	1.01074437250234	NA	1.3783138240441	0.926256224480625	0.797667146076613	0.78080663182116	1.37486732062659	0.802946392177483	1.01439396971811	1.10111799181673	0.892062968230807	1.25656268095702	0.996588927545144	1.02780814520273	NA	0.200915765265901	0.374988717588535	0.947025307558443	0.709098041564708	1.69736080353834	0.346962576355863	0.304923884304457	NA	1.16997683250913	1.09342664298089	NA
NA	NA	NA	NA	NA	NA	NA	NA	NA	NA	NA	NA	NA	NA	NA	NA	NA	NA	NA	NA	NA	NA	NA	NA	NA	NA	NA	NA	NA	NA	NA	NA	NA	NA	NA	NA	NA	NA	NA	NA
NA	1.90020920665314	NA	NA	NA	NA	NA	NA	2.11161152328646	NA	NA	NA	NA	NA	NA	NA	NA	NA	2.21623925377172	2.13646674068528	NA	NA	1.55108924199804	NA	NA	1.36809996222424	0.546503499195896	NA	1.29478345403448	1.30261559459708	NA	NA	0.250771068054764	NA	1.70495989551907	0.692334316806384	NA	NA	1.47903346251403	1.23903009186462
1.89877155889048	1.02840406319151	NA	NA	NA	NA	NA	NA	NA	NA	1.99304689203255	1.98260172352641	NA	1.29659609137678	1.55373993513681	NA	0.968538831463391	0.820991783608308	NA	NA	1.3769304170326	1.46506625323976	0.872327100316166	NA	NA	NA	NA	NA	1.20140142398697	NA	NA	1.19921079977112	NA	0.646126129740007	0.792997254117267	NA	NA	0.378472795167854	0.520261890942281	1.63334919623676
NA	NA	1.38985472443058	1.34317972128226	1.45696485342065	1.52195160438212	1.40694121105081	1.49916193511968	1.298386994461	NA	1.11906056197081	0.916590727398649	NA	1.03266372175422	NA	1.48602267762981	1.17829846133835	1.46833418363888	1.72610786517676	1.7750841844216	NA	0.892139124747455	0.636601629412721	1.10598235702696	NA	0.759826658949601	0.433973356792142	NA	0.497406708167899	0.297861801597479	NA	0.350658274531312	0.0773046989655976	0.476070153536863	0.296714885306737	0.538151190398197	NA	0.253987183185748	0.350708456738685	1.376951225791
NA	NA	NA	1.40609829904568	1.09145163416912	NA	1.19011949089817	1.32550000079123	1.32396938256262	NA	0.907173039164073	NA	1.10387977039039	NA	1.30225212797068	1.07956215586403	1.20676701562002	NA	0.614634256619841	NA	1.04929036749634	1.06633608237521	NA	0.861863819593251	1.50855126109378	NA	NA	1.15569096449879	0.750403744079785	0.880053533512946	1.10964149574233	0.386776310131112	0.961824535013002	NA	0.418348391391402	0.154240461596036	NA	NA	0.541222880715416	NA
NA	NA	NA	0.629353954504586	NA	0.685649366480657	0.772632799367116	NA	0.323000851293077	NA	0.202406233649196	0.61910368061988	NA	0.757392125867653	NA	0.701963058458776	NA	NA	NA	0.546527925665273	0.786275344000405	NA	0.53661284175372	0.594963002278151	0.526465967981515	NA	0.766499650234724	NA	NA	0.985238041627675	NA	NA	NA	0.7164490729399	NA	0.216929502846793	NA	NA	0.272215284742462	NA
NA	NA	NA	NA	NA	1.26239462171537	NA	NA	NA	1.18196704359125	NA	NA	NA	1.12992945618917	NA	NA	NA	NA	1.04849315860973	NA	1.4229102093598	1.21693065345159	0.920577907801086	0.902214660855362	0.78206412052046	0.703328569891508	0.667865613778749	NA	0.671848520712304	0.502598779852074	NA	0.505105928749772	0.323124947957061	0.303278304515312	NA	0.206159900988329	NA	NA	NA	0.632407389798043
NA	NA	NA	NA	NA	NA	2.76332959137008	NA	NA	NA	2.49861646806742	0.848206737320208	NA	1.43754888456128	NA	NA	NA	1.72594731942154	NA	NA	0.464755296641816	1.41409959687915	1.13075838566064	0.845104358371101	0.698270729381624	NA	NA	NA	0.671896397480118	NA	1.38493530787752	0.344008836322049	0.24490864879302	0.0742057837558685	0.501393036548239	0.595242366255651	NA	NA	NA	NA
NA	NA	NA	NA	NA	1.57202396004587	NA	NA	NA	NA	NA	NA	NA	NA	NA	NA	NA	NA	NA	1.09609577195446	1.20979868381435	1.60925307251716	0.859301053293454	NA	0.37103321875335	NA	0.408280298435364	1.21885981525546	NA	NA	NA	0.838065211653342	NA	NA	0.431012294739894	NA	NA	NA	NA	NA
1.18549100809307	NA	0.701580521594161	1.27018001903838	0.83271177976678	NA	0.823223801042711	0.902114978068738	0.972541601018875	NA	NA	1.20118374999141	NA	0.817747745002978	NA	0.895114168304093	NA	0.471353040378584	NA	0.87371092131837	NA	1.66031256882203	1.60003811431993	1.31470225033469	NA	NA	1.17988959712862	0.87420500549838	1.1801048459024	1.6799876890316	NA	NA	1.22148831896043	NA	0.33068765200856	0.945710484463296	NA	1.53365981335654	NA	1.15328640318335
NA	NA	NA	NA	NA	NA	NA	NA	NA	NA	NA	NA	NA	NA	NA	NA	NA	NA	NA	NA	NA	NA	NA	NA	NA	NA	NA	NA	NA	NA	NA	NA	NA	NA	NA	NA	NA	NA	NA	NA
NA	0.980677219825579	NA	0.904859843049916	NA	1.11676140774508	1.0440282922865	1.04520695245891	NA	NA	0.465097700258442	NA	1.07594248426127	0.218146759721775	0.255890083522804	NA	NA	0.636588531214959	NA	0.956696835930041	NA	0.516028882133456	0.784490449118692	0.84700919871808	0.826346909218651	0.617647586597339	1.18493863497843	NA	0.526481020947665	NA	NA	NA	1.39257706668916	NA	0.702981513110573	NA	NA	NA	0.901468728376187	0.671735653550831
NA	NA	NA	1.53837975005613	1.29853396330788	1.67569271146484	1.77152945352658	1.34923218018904	1.78500255836602	NA	1.77777471718008	NA	NA	1.77486724240059	1.64282125688058	NA	1.23650883937569	NA	NA	1.28794062492498	NA	NA	0.549558714736684	NA	NA	1.08843431649207	NA	0.821445720479732	0.61186008983252	NA	0.708899121497755	NA	0.456877818004961	0.663908902105359	0.552973141412389	0.231094890474886	NA	NA	0.497423792522152	NA
1.94904659445935	0.773597153784625	2.31190601203686	NA	0.558488152702319	0.56909067155985	1.40638882014326	1.50131970056145	1.22114276601731	0.659616227874881	1.43724580921934	0.70781240310252	NA	NA	0.975837858322181	0.823417753102605	1.70249503495539	1.47727525676296	NA	0.828731328657762	0.799853608019687	NA	1.44193927166456	NA	1.58949466291784	NA	2.22445579895303	2.36234738065657	NA	2.60975923790364	NA	2.69102051256615	2.75486018762909	2.62698715042778	NA	NA	NA	2.39435063375526	2.23891749248818	NA
1.51491824072281	NA	1.18612693849498	NA	1.03649582933491	1.12852267213278	1.63553468643373	0.441034925588282	NA	0.964849880468785	1.25218998606933	NA	0.99864369052641	0.488672714564175	1.66051466460995	2.2610456964949	NA	1.3747543583564	NA	0.281014544880591	0.951153118346685	1.62724169445924	1.42095797858938	1.96683669535515	1.63877644555445	1.23208815035386	0.184931111001481	1.51939447297689	NA	0.454932820605238	NA	0.787415791775316	0.462395447395298	0.901614654998375	1.06528147082154	0.840876551089277	NA	0.350538759607269	0.729692817779556	0.975418102591489
NA	1.23210358704518	0.55839001554634	NA	1.0664104307968	0.84857802952436	1.18248302070147	0.430760370838897	1.01283542940356	NA	NA	NA	0.711317575362921	0.538099855578251	0.410480277892441	0.403423154984802	NA	0.799099156155764	1.49509006426087	0.222559610723694	1.13574689304559	0.931765187911271	1.14067265834853	0.714171863313782	0.844372175925481	0.706620429911487	1.69667338153815	1.55760414001799	NA	1.52842729942962	NA	NA	0.876832837129182	1.22554205674307	NA	NA	NA	1.05386997769868	0.81933806210305	0.508388889877196
0.931860816835809	1.0815008292261	1.41443386106186	1.06144162390233	NA	NA	0.521647520319158	0.454997401039021	0.503153654699921	0.758592062687032	NA	0.278895479781706	NA	0.557677634079986	NA	NA	0.232147404980226	NA	NA	0.375216800929391	0.72321496266215	0.654445433806711	NA	NA	0.696061417241599	NA	0.592532440261236	0.827427847305967	NA	0.692447419415945	NA	NA	0.568625007800965	NA	0.628274868688892	0.499038155851704	NA	0.620651702248612	0.371064010707444	NA
NA	NA	NA	NA	NA	NA	NA	NA	NA	NA	NA	NA	NA	NA	NA	NA	NA	NA	NA	NA	NA	NA	NA	NA	NA	NA	NA	NA	NA	NA	NA	NA	NA	NA	NA	NA	NA	NA	NA	NA
NA	NA	NA	NA	NA	NA	NA	NA	NA	NA	NA	NA	NA	NA	NA	NA	NA	NA	NA	NA	NA	NA	NA	NA	NA	NA	NA	NA	NA	NA	NA	NA	NA	NA	NA	NA	NA	NA	NA	NA
NA	0.42942908354937	NA	NA	1.94236079781905	1.44749415572418	0.576330712756434	1.51429305337735	NA	NA	NA	NA	0.53239339172244	NA	0.892638670158077	NA	NA	0.824301985397904	0.609423521029254	0.682144964083963	0.841440241861514	NA	0.781507353959395	NA	0.32826832549069	0.336368395950298	0.456015639709956	0.941874953257988	0.84935847079907	NA	0.601328604196915	0.876194856091769	NA	0.606851826221407	0.662396081505839	NA	NA	NA	0.459995066263209	0.415483561473715
NA	NA	NA	NA	NA	NA	NA	NA	NA	NA	NA	NA	NA	NA	NA	NA	NA	NA	NA	NA	NA	NA	NA	NA	NA	NA	NA	NA	NA	NA	NA	NA	NA	NA	NA	NA	NA	NA	NA	NA
NA	NA	NA	NA	NA	NA	NA	NA	NA	NA	NA	NA	NA	NA	NA	NA	NA	NA	NA	NA	NA	NA	NA	NA	NA	NA	NA	NA	NA	NA	NA	NA	NA	NA	NA	NA	NA	NA	NA	NA
1.75582115744648	NA	1.47623691452806	1.58202984924441	1.53381935419202	1.75369602038369	NA	1.67985933722194	1.70223054592304	NA	NA	NA	NA	1.36040575022039	NA	NA	1.63719552272314	1.47926292983511	2.06070581467315	0.967292732370737	1.10700561642323	NA	0.763631452086069	NA	0.618038897090721	0.894832741086658	NA	NA	NA	NA	0.725206878574091	0.402485848217168	0.252508662613339	0.267992365996105	NA	0.285112752019105	NA	0.429538494382247	0.619147622788823	0.464625283621026
0.732739677700272	1.26638996951254	NA	NA	1.24196630971158	NA	0.510863098207769	1.41576615554453	0.87172409033694	NA	NA	1.20260668876016	NA	0.785519492341767	NA	0.940149703864384	NA	NA	0.8671068609584	0.575295979417436	0.377992946955454	0.332056748901744	NA	NA	NA	NA	1.1670107819905	0.152565971157814	NA	0.286643332153044	0.546161536558194	NA	0.33807785058767	0.441276719383646	0.391775430551197	NA	NA	0.560807238192714	0.144508742371847	0.215656703342839
NA	NA	NA	NA	NA	NA	NA	NA	NA	NA	NA	NA	NA	NA	NA	NA	NA	NA	NA	NA	NA	NA	NA	NA	NA	NA	NA	NA	NA	NA	NA	NA	NA	NA	NA	NA	NA	NA	NA	NA
NA	NA	NA	NA	NA	NA	NA	NA	NA	NA	NA	NA	NA	NA	NA	NA	NA	NA	NA	NA	NA	NA	NA	NA	NA	NA	NA	NA	NA	NA	NA	NA	NA	NA	NA	NA	NA	NA	NA	NA
0.81564153884375	1.63594539224932	1.88460227198424	NA	1.68341612141574	0.932445683391953	1.81987885039204	1.1242905490204	1.3826418081744	2.05775883952472	NA	2.12968782126056	2.40903438926828	0.823577751910508	1.8596327535036	NA	NA	0.743893053075576	NA	1.48608369075751	2.04270190546242	NA	1.04514515189068	NA	0.658400028778767	NA	NA	1.15114732636321	2.52105997955207	0.554042851149307	NA	1.58720706631542	1.42995688960352	NA	NA	NA	NA	0.392109254555216	0.598009280175624	NA
1.96635309602362	NA	NA	NA	NA	NA	NA	NA	NA	NA	NA	NA	NA	NA	NA	NA	2.14553549187128	NA	1.8117752628589	1.66943408046716	NA	1.04141073232373	1.43760164455279	NA	NA	NA	NA	1.2981203242045	0.978311831343553	1.25306967091515	NA	1.26246912991452	0.757686678532145	0.749616812533993	0.602851754629323	NA	NA	NA	0.668537969022613	1.01762436581927
NA	NA	0.69188388411372	1.16095156208612	1.3514520293601	NA	1.83398027270958	1.98024934931662	1.26462043461103	1.21954756301919	NA	1.81859097685822	1.96747923531123	1.58930454867713	0.967986308494532	0.864495405300859	1.59025592844448	NA	1.06517859421783	NA	1.6308397480443	1.73708866956866	NA	0.748447339723341	0.95398590008126	NA	NA	1.01796737131136	0.958278619653699	NA	NA	0.894855408798318	NA	0.451234410101837	0.297938557247621	0.604481056969113	NA	NA	0.652952060857395	0.47042553421464
2.01525816272284	NA	NA	NA	NA	1.52932761950974	1.37853543065013	NA	1.22877239861158	1.39871004134207	1.65817397001366	0.719752399413441	0.898736521425387	0.996333370243269	1.55952746269056	1.61764740275467	NA	1.02554745714534	1.93588467635879	1.07383158799125	1.19523127735142	1.1210314701286	1.77319763380799	2.06873469714712	1.82130328133557	1.50394386613349	NA	NA	1.61667607908444	NA	NA	NA	NA	0.780324846825954	NA	NA	NA	0.429026980824993	0.42960023452515	0.869855107957103
NA	NA	NA	NA	NA	NA	NA	NA	NA	NA	NA	NA	NA	NA	NA	NA	NA	NA	NA	NA	NA	NA	NA	NA	NA	NA	NA	NA	NA	NA	NA	NA	NA	NA	NA	NA	NA	NA	NA	NA
0.511421184713008	0.859547679007783	0.873135708894059	2.16653122054133	0.942126838097386	1.30701873767211	NA	1.47318965389532	1.49187480395856	0.832713999686273	1.20443544456691	0.954831759073755	1.09675366238655	0.835543563107472	1.26290415865462	1.38837662692079	1.40945473192751	1.02250151117573	1.20553350959434	1.13574431934165	0.82550071913822	0.726920443686489	0.601296580752252	0.651967174850613	0.629313130004576	NA	0.227111533758362	NA	0.337954984922693	NA	0.891476567616611	0.761513273736778	NA	NA	NA	0.529459883222948	NA	0.4396156021901	NA	0.221991203125082
NA	NA	NA	NA	NA	NA	NA	NA	NA	NA	NA	NA	NA	NA	NA	NA	NA	NA	NA	NA	NA	NA	NA	NA	NA	NA	NA	NA	NA	NA	NA	NA	NA	NA	NA	NA	NA	NA	NA	NA
1.10336392602886	1.28931398642504	NA	1.07582851590386	NA	0.904982257888166	1.12603249696158	0.809569923243861	NA	1.24679890444754	NA	NA	1.04480936802939	0.979808691588866	NA	1.24341785369088	1.19453539594694	0.990972305698554	0.652131124275573	1.17978355747867	1.07289069602966	0.902511660717199	NA	1.03867010691481	NA	1.01838620012754	0.448268334795077	NA	0.795449041059488	0.358180274199226	0.716222714217963	0.348759413452338	0.815649541728205	0.500498236677247	0.586266267777893	0.422602457198448	NA	0.954526661594633	0.758456757111316	0.422159995525245
NA	NA	NA	1.42545644336872	NA	1.26064113345476	1.40789355061869	1.3428681964747	1.16132239481204	1.10600263049543	NA	NA	0.929051190690686	0.893163780177127	0.610955201389292	0.351673128368554	0.719597658880038	NA	0.482780797283343	0.514716535906869	0.610055185651261	0.433161662214362	0.619623407151448	0.701275862859364	NA	NA	0.681177522101344	0.45200461883069	0.255533731248321	NA	0.313703329467906	NA	0.622567173619202	0.612220427210329	0.75487100811243	0.693048521030628	NA	0.394687310425929	0.300857333705687	0.427444058502602
NA	NA	NA	NA	NA	NA	NA	NA	NA	NA	NA	NA	NA	NA	NA	NA	NA	NA	NA	NA	NA	NA	NA	NA	NA	NA	NA	NA	NA	NA	NA	NA	NA	NA	NA	NA	NA	NA	NA	NA
NA	NA	NA	NA	NA	NA	NA	NA	NA	NA	NA	NA	NA	NA	NA	NA	NA	NA	NA	NA	NA	NA	NA	NA	NA	NA	NA	NA	NA	NA	NA	NA	NA	NA	NA	NA	NA	NA	NA	NA
NA	NA	NA	NA	1.93666499197065	NA	1.64465262313302	1.38394070338197	NA	1.71938087043054	0.985783697168471	NA	2.34462342504146	0.672681958724044	0.710257759468764	0.651022578082962	1.34528539712789	0.242692789799749	NA	NA	0.172403770448384	NA	0.632417613168813	1.4012086249271	0.758861741484405	1.42706093049823	NA	1.08680224817426	1.10377200700759	0.49243441964098	NA	NA	0.554105685360782	0.673862774446408	0.515093332399213	0.708145600219226	NA	0.576027932226886	0.596317589627627	0.710090812543665
NA	NA	NA	NA	NA	NA	NA	NA	NA	NA	NA	NA	NA	NA	NA	NA	NA	NA	NA	NA	NA	NA	NA	NA	NA	NA	NA	NA	NA	NA	NA	NA	NA	NA	NA	NA	NA	NA	NA	NA
NA	NA	NA	NA	NA	NA	NA	NA	NA	NA	NA	NA	NA	NA	NA	NA	NA	NA	NA	NA	NA	NA	NA	NA	NA	NA	NA	NA	NA	NA	NA	NA	NA	NA	NA	NA	NA	NA	NA	NA
0.497994317507197	NA	NA	NA	0.460243915776892	NA	0.362795220064628	0.0903236452157578	NA	0.622239008498943	0.392287413175346	NA	NA	0.687127227960443	0.257444320292358	NA	NA	0.323309803022894	0.0934405288221598	NA	NA	NA	NA	NA	0.408535279815495	0.231341599313925	NA	0.817664393997814	0.197889425641767	NA	NA	0.878451750208811	NA	1.37995413502764	NA	NA	NA	0.445536458622692	0.313090129719318	0.459875464839946
NA	NA	0.751700041616026	1.31740606322981	1.20163062772941	NA	1.16890130720239	1.41444402948195	NA	NA	NA	1.28206931617856	NA	NA	1.67241119589869	NA	NA	1.2063602146146	1.08937842218822	1.9920239053614	NA	0.704605891641342	NA	NA	0.835456927125258	NA	2.09702751720343	NA	0.756167158349504	NA	NA	1.555142174752	1.18620538390908	NA	0.579955195771135	NA	NA	1.34044242556498	0.8613334686246	NA
NA	NA	NA	NA	NA	NA	NA	NA	NA	NA	NA	NA	NA	NA	NA	NA	NA	NA	NA	NA	NA	NA	NA	NA	NA	NA	NA	NA	NA	NA	NA	NA	NA	NA	NA	NA	NA	NA	NA	NA
NA	1.60362592715075	NA	NA	NA	1.60444756677482	1.52971660226987	NA	1.26259570817956	NA	1.14245865485296	0.973295608419699	NA	1.7722027617235	NA	1.16815315821131	NA	0.967357980038546	0.845001829467286	1.03276485600813	1.27981352453613	1.14641766361316	1.23894447076029	NA	0.547196481327025	NA	NA	NA	NA	NA	NA	1.07088176186811	0.894496580126411	NA	NA	NA	NA	1.07335577856159	1.69520381938625	0.214543938123805
NA	NA	NA	NA	NA	NA	1.45725889078922	NA	NA	NA	NA	NA	NA	NA	0.523603461025672	NA	NA	NA	NA	NA	NA	NA	NA	NA	NA	NA	1.12054015190348	NA	1.25802786120884	NA	1.22145214015287	0.970281269766283	0.985690745010441	1.59045269201169	NA	1.05946389983073	NA	1.25948733605497	0.55559719492305	NA
NA	NA	NA	NA	NA	NA	NA	NA	NA	NA	NA	NA	NA	NA	NA	NA	NA	NA	NA	NA	NA	NA	NA	NA	NA	NA	NA	NA	NA	NA	NA	NA	NA	NA	NA	NA	NA	NA	NA	NA
NA	1.5428994215687	1.80173382836771	NA	0.539009808256987	0.817938534483038	NA	0.546964115861362	0.208290555365371	1.30936355219414	1.1277820184141	1.67587212628475	1.63991411139157	1.04899257002014	1.01080144117162	1.10853454266703	1.34925253723398	0.996800245844177	NA	0.618457225058355	1.00350413557194	0.605811270147117	0.670486733890647	1.25262429426153	1.33550807098987	1.53338313407184	0.693413224150611	NA	0.585437285567838	NA	0.450552636687617	NA	0.881324896849298	0.542974559610532	0.712801549898963	0.872935226448211	NA	1.35970847304261	0.832054099331022	0.786684252023204
NA	NA	NA	NA	1.86039588099532	NA	NA	1.9228610824021	NA	1.63947998593056	NA	1.40118874780715	NA	NA	NA	1.31910304791489	NA	NA	0.82738872005766	0.610722027049899	1.84777969927825	1.60671876080986	NA	1.78474529561262	NA	1.30797511342564	1.23041292138714	1.00860929497293	1.39896301185245	1.29969338792315	1.12417487597691	0.807688722510404	NA	NA	NA	NA	NA	NA	0.7916218565231	NA
NA	1.33284731534132	NA	NA	NA	0.526534392150737	1.30783937322331	NA	1.67940424425037	NA	1.22091959236723	1.14874829766846	NA	NA	0.530662052095157	0.91971995912211	1.09240682331657	0.898583152096229	NA	0.757389766629745	NA	NA	1.24739145038451	NA	1.26217028981575	NA	NA	1.35472357180855	NA	NA	NA	0.270408103270602	1.34108374301735	1.09602444625593	0.860202909173546	0.466351110725414	NA	0.789214779881021	0.608998870859282	0.236191697135826
NA	0.893589720347832	0.51057899897385	NA	1.197488677091	0.903620741372939	0.708675134751364	0.684669892401472	1.90352954116954	0.74478067390971	0.6021965840576	0.55005935894626	1.35867876352486	1.50033243637148	1.05374622626216	NA	NA	1.22593669017823	1.21194279105155	NA	1.83025180322269	1.83379591185467	0.959944726375922	NA	1.73473386750573	1.16687822763719	0.732856270593362	1.5547700117775	0.431237794585277	0.757863185260828	1.57791955557059	NA	0.52386022464463	0.304903908407191	0.777926606419107	1.80090047604388	NA	0.874757042198442	0.934811938583114	0.34910553258054
NA	NA	NA	NA	NA	NA	NA	NA	NA	NA	NA	NA	NA	NA	NA	NA	NA	NA	NA	NA	NA	NA	NA	NA	NA	NA	NA	NA	NA	NA	NA	NA	NA	NA	NA	NA	NA	NA	NA	NA
NA	0.956509396126382	1.29058130328622	NA	1.67978741080443	0.722703465824227	1.11605150184062	1.04007820817089	1.14012379683659	NA	NA	1.08849976234218	1.92644536047311	1.56556052061415	NA	0.876732380836333	1.2813626026249	NA	1.67476141524728	1.44935005646605	1.3728114095922	0.950807827344748	NA	1.10870673926281	1.29075282401154	1.25251315464143	NA	1.15438706118123	NA	1.04705986308557	NA	0.770462732520529	NA	0.922283170084604	NA	0.349112297425567	NA	NA	0.540487837818596	1.08063739074102
NA	NA	NA	NA	NA	NA	NA	NA	NA	NA	NA	NA	NA	NA	NA	NA	NA	NA	NA	NA	NA	NA	NA	NA	NA	NA	NA	NA	NA	NA	NA	NA	NA	NA	NA	NA	NA	NA	NA	NA
NA	NA	NA	NA	NA	NA	NA	NA	NA	NA	NA	NA	NA	NA	NA	NA	NA	NA	NA	NA	NA	NA	NA	NA	NA	NA	NA	NA	NA	NA	NA	NA	NA	NA	NA	NA	NA	NA	NA	NA
NA	NA	NA	NA	NA	NA	0.778982768650509	0.638775518855172	NA	NA	NA	1.20684705895044	NA	0.961130893000749	NA	0.846701870927996	NA	NA	NA	NA	0.305585790343976	0.571647910894445	NA	NA	NA	NA	NA	NA	0.415047733527127	0.589066117141215	NA	NA	NA	0.396222876370409	1.13030451435535	0.154445941679528	NA	NA	NA	NA
NA	NA	NA	NA	NA	1.34962740065122	1.81916105147413	NA	1.5330134247359	0.976571531209229	1.34057000445647	0.823008561124477	1.07132316855196	NA	1.35128406165131	NA	1.25152392126972	1.45989698789145	0.906450036085046	0.995935537553746	NA	0.385439141522849	0.63051990149325	1.08822106956528	0.538486430019707	1.4971553375049	0.791581333680267	1.42654765105123	0.676724060635617	0.445111104582101	0.661027398131835	1.05655077720093	0.557531662538676	0.878637881988895	NA	NA	NA	0.986940297425399	0.852922058023907	NA
NA	0.950939544982137	NA	NA	NA	NA	0.375840205473679	NA	NA	NA	NA	NA	NA	NA	NA	NA	NA	NA	NA	NA	NA	1.07725090924659	NA	0.887612430044261	0.474174946783878	NA	NA	0.584815312175106	0.548462971641312	0.294892035801545	1.18173558710826	NA	0.549555938706509	0.415561139123399	0.19918283888825	0.19929218330681	NA	0.520954033155536	0.757283183161081	NA
NA	NA	NA	NA	NA	NA	NA	NA	NA	NA	NA	NA	NA	NA	NA	NA	NA	NA	NA	NA	NA	NA	NA	NA	NA	NA	NA	NA	NA	NA	NA	NA	NA	NA	NA	NA	NA	NA	NA	NA
1.16518924681843	NA	NA	NA	1.11017055547212	1.03466595811493	NA	1.03766678793602	NA	NA	NA	NA	NA	0.884590671721278	NA	1.26781230320854	NA	NA	NA	NA	1.21344294638308	1.02006130594978	NA	NA	NA	1.74509956895809	NA	1.53732741026098	NA	NA	NA	1.7183080429859	2.14285633074917	2.10005097761131	0.513530873485051	0.52844652022029	NA	1.80939174796415	1.52167901031361	1.90124481457504
0.237750732236505	0.443470182216212	1.61870985374136	NA	NA	NA	0.725997472256833	NA	0.452167139566162	NA	NA	NA	NA	NA	0.450375009304752	NA	NA	0.833009011536569	NA	NA	0.921447714516059	NA	0.801343225420922	0.37394868473889	NA	0.452668906337173	NA	NA	NA	1.02205469342267	0.693046869236007	0.849273229866539	NA	0.267571058064963	0.892809914009569	0.653566263960986	NA	0.233999679694797	0.598169731501079	NA
0.358825244849508	NA	NA	NA	0.771668206060848	0.488890744138831	1.06316879504113	NA	NA	NA	0.717042835198714	0.942645201795559	0.582142598488294	1.19565220008342	0.612333781702736	NA	0.656721123199575	NA	0.338798344808665	NA	1.69760780745491	1.22044357306901	0.792501827312265	NA	1.20796280260215	1.14586485959651	NA	NA	0.888405640085448	NA	NA	NA	0.50217063925322	0.37497053621702	NA	NA	NA	NA	2.35501846233603	NA
1.68007121568938	NA	1.27993888773771	NA	NA	NA	NA	0.781769106036591	0.859469876867302	NA	1.51247813195378	NA	NA	1.49154506662408	1.72451532119021	1.75085146467937	NA	1.21271892544348	2.26004848620152	NA	NA	1.88589291475938	NA	NA	2.48517107983704	NA	NA	NA	NA	NA	NA	1.9410328110222	2.03490382191362	NA	NA	NA	NA	NA	0.374232924750324	0.961246307888884
NA	NA	NA	NA	NA	NA	NA	NA	NA	NA	NA	NA	NA	NA	NA	NA	NA	NA	NA	NA	NA	NA	NA	NA	NA	NA	NA	NA	NA	NA	NA	NA	NA	NA	NA	NA	NA	NA	NA	NA
NA	NA	NA	NA	NA	NA	NA	NA	NA	NA	NA	NA	NA	NA	NA	NA	NA	NA	NA	NA	NA	NA	NA	NA	NA	NA	NA	NA	NA	NA	NA	NA	NA	NA	NA	NA	NA	NA	NA	NA
NA	NA	NA	NA	NA	NA	NA	NA	NA	NA	NA	NA	NA	NA	NA	NA	NA	NA	NA	NA	NA	NA	NA	NA	NA	NA	NA	NA	NA	NA	NA	NA	NA	NA	NA	NA	NA	NA	NA	NA
NA	1.11250695147814	NA	NA	NA	1.15832888869423	1.90044033161435	1.68321582688234	1.21911316672658	NA	NA	1.79584341793325	1.30331190023064	1.14251815341728	1.19055728651435	NA	NA	1.05802013104645	NA	NA	1.14919996022791	1.1621159060412	0.806563650208689	NA	NA	0.795832652016103	NA	NA	NA	NA	NA	1.93514717454139	NA	0.603305291391631	0.314694605495565	NA	NA	NA	0.352491981509934	1.67413792370024
NA	NA	NA	NA	NA	NA	NA	NA	NA	NA	NA	NA	NA	NA	NA	NA	NA	NA	NA	NA	NA	NA	NA	NA	NA	NA	NA	NA	NA	NA	NA	NA	NA	NA	NA	NA	NA	NA	NA	NA
NA	1.23086489867485	NA	NA	0.6266584098177	1.01464550922985	1.70129794143617	NA	NA	0.548895664445711	0.79864653375612	0.660384577064416	1.13533330283958	1.44321372006092	NA	1.57026770637577	NA	0.583441031705886	NA	2.38269373078875	1.55775151872775	0.562156215369427	0.938734766084876	1.01246709930075	NA	NA	1.23881934557749	1.78101063162511	0.720193098197567	NA	2.05611018998424	NA	NA	NA	1.73800734420781	1.11293023034894	NA	1.71182332119077	NA	1.01492421870718
NA	NA	NA	NA	NA	NA	NA	NA	NA	NA	NA	NA	NA	NA	NA	NA	NA	NA	NA	NA	NA	NA	NA	NA	NA	NA	NA	NA	NA	NA	NA	NA	NA	NA	NA	NA	NA	NA	NA	NA
NA	2.54594037274935	NA	2.02064561402998	NA	NA	NA	2.43335973027237	2.28853553269465	NA	NA	NA	NA	NA	NA	NA	NA	NA	NA	NA	1.52230344227423	0.545418736808101	1.16019433488072	2.65203817188129	1.4241836910064	1.45089441555245	1.36134654592683	1.22375147811754	1.15839403577715	1.26179102549743	NA	NA	2.43454759845675	NA	NA	NA	NA	NA	0.957788820475993	1.96323163288699
1.58104671837445	NA	NA	NA	NA	NA	NA	NA	0.989299279954012	NA	NA	NA	NA	NA	NA	NA	NA	0.753413407945282	NA	0.826199440804805	NA	NA	0.442034962986389	NA	NA	NA	NA	NA	0.783276422511215	1.63016590228618	1.91515180195229	0.629739348115677	0.558525349304578	0.515915585956834	0.620605274240918	NA	NA	NA	0.375091541435217	0.625066303729291
NA	NA	NA	NA	NA	NA	NA	NA	NA	NA	NA	NA	NA	NA	NA	NA	NA	NA	NA	NA	NA	NA	NA	NA	NA	NA	NA	NA	NA	NA	NA	NA	NA	NA	NA	NA	NA	NA	NA	NA
NA	NA	NA	NA	NA	NA	NA	NA	NA	NA	NA	NA	NA	NA	NA	NA	NA	NA	NA	NA	NA	NA	NA	NA	NA	NA	NA	NA	NA	NA	NA	NA	NA	NA	NA	NA	NA	NA	NA	NA
NA	0.590312028148184	NA	NA	0.940250910285339	NA	0.792035780018962	0.93827594975595	NA	NA	0.63554175576195	0.513297529273093	NA	0.608685056033943	0.576160659366653	NA	NA	0.768690825997803	0.889617538929274	NA	0.389863887754103	0.553365836863308	0.424824081756869	0.592675933514359	0.800587805444466	NA	NA	0.1740006954717	0.426332984406231	0.303793265306612	NA	0.230578666612206	0.31427469749711	1.33745252596394	NA	0.381065533064338	NA	NA	NA	0.303887129346396
NA	1.84499238371141	NA	NA	NA	2.39184584062438	NA	NA	2.20645103454807	2.47452600715899	NA	NA	NA	NA	2.65123594958157	2.64804711703527	NA	2.63178728828316	NA	NA	2.50888510218069	2.47309466890453	NA	1.86904938714904	NA	NA	NA	NA	NA	NA	NA	NA	0.811738870744168	0.861985639667071	NA	NA	NA	0.762162683715211	NA	0.418962822243126
0.416853782085922	NA	NA	NA	NA	NA	NA	NA	NA	NA	NA	1.32834759144842	NA	1.56480754320822	NA	NA	1.32856413456582	0.585856503266765	1.09161419218321	NA	1.30535669465431	0.76113664124621	0.498639836299301	NA	0.833654479015986	NA	0.834366995322629	0.75087774521785	0.395488240356453	0.466183716792006	0.242741040718943	NA	0.284143630824878	0.258462196924341	0.230538213955485	0.562819104566601	NA	0.631077462253176	0.925319187032479	NA
NA	NA	NA	NA	NA	NA	NA	NA	NA	NA	NA	NA	NA	NA	NA	NA	NA	NA	NA	NA	NA	NA	NA	NA	NA	NA	NA	NA	NA	NA	NA	NA	NA	NA	NA	NA	NA	NA	NA	NA
1.08133558461736	1.12999153178215	0.792174822859199	NA	NA	0.905066190512874	1.19069072834499	NA	NA	NA	NA	NA	NA	1.50342235571976	0.770891458702722	1.45471009502755	NA	1.48415608376147	NA	0.705886571256703	NA	NA	0.572675043480618	0.841820754337326	0.464941757832439	1.39634855096879	1.05766614122777	0.481126136156486	0.736159216834553	0.69258308162202	NA	0.765515854262788	0.765928187288488	0.918543675528968	0.633926940227634	0.353905844183395	NA	0.170263051304273	0.51747613540646	0.54311109698729
NA	NA	NA	NA	NA	NA	NA	NA	NA	NA	NA	NA	NA	NA	NA	NA	NA	NA	NA	NA	NA	NA	NA	NA	NA	NA	NA	NA	NA	NA	NA	NA	NA	NA	NA	NA	NA	NA	NA	NA
NA	NA	1.04558925932879	1.01935626213341	0.828308233087323	NA	NA	2.15201717444813	NA	NA	NA	NA	NA	NA	1.79204775225064	NA	1.92644801836111	NA	1.38023616661832	NA	NA	NA	1.26085202594928	NA	NA	0.583739483933941	NA	0.707078710734113	NA	NA	1.22337978977617	0.108061265475042	NA	2.17095898643438	0.0977108293662054	0.107839326053641	NA	0.298409951082562	0.569018142257475	0.250571438116156
NA	NA	NA	NA	NA	NA	NA	NA	NA	NA	NA	NA	NA	NA	NA	NA	NA	NA	NA	NA	NA	NA	NA	NA	NA	NA	NA	NA	NA	NA	NA	NA	NA	NA	NA	NA	NA	NA	NA	NA
NA	NA	NA	NA	NA	NA	NA	NA	NA	NA	NA	NA	NA	NA	NA	NA	0.772730267678664	NA	NA	0.678730955974968	NA	NA	NA	NA	NA	NA	NA	NA	0.675645872264054	NA	NA	NA	NA	0.290829324457592	NA	NA	NA	NA	NA	0.409692331951594
NA	NA	NA	1.61732790945069	1.42324237606311	NA	1.08448049847145	NA	NA	NA	0.898865755853518	NA	NA	NA	NA	NA	NA	NA	NA	0.952932667886975	1.82636922487746	NA	NA	NA	NA	NA	NA	NA	NA	NA	NA	NA	NA	NA	NA	NA	NA	NA	NA	0.467645583863908
NA	NA	NA	NA	NA	NA	NA	NA	NA	NA	NA	NA	NA	NA	NA	NA	NA	NA	NA	NA	NA	NA	NA	NA	NA	NA	NA	NA	NA	NA	NA	NA	NA	NA	NA	NA	NA	NA	NA	NA
0.499833335314205	NA	NA	NA	0.140818979887698	NA	NA	0.989423032700178	0.703133535542942	1.01729431262623	0.869622539560419	NA	0.671826035717989	0.626659233127013	0.718365458445474	NA	0.680818407679441	0.436141604062416	0.718953855068882	0.708934584171237	0.380945609168917	NA	0.116958568744596	0.358797365460669	0.510553016915189	0.809972455231872	NA	NA	NA	0.782380421661976	NA	NA	NA	NA	NA	NA	NA	1.27648604461879	NA	NA
1.37442991060595	NA	NA	NA	NA	1.12474588213467	NA	1.04438608467279	1.23137387626689	1.74138432081007	NA	1.71834503003888	NA	NA	NA	NA	0.860766936606236	NA	1.35628236603417	0.457678493162992	2.09389606555824	1.40851514745799	NA	1.54817397725427	1.83349021603226	1.75638817438548	NA	NA	NA	1.7673487199704	0.339280276916604	0.359420273241904	NA	0.377163566740844	0.319337931636651	0.122313803649085	NA	NA	NA	1.91845043475016
NA	NA	NA	NA	NA	NA	NA	NA	NA	NA	NA	NA	NA	NA	NA	NA	NA	NA	NA	NA	NA	NA	NA	NA	NA	NA	NA	NA	NA	NA	NA	NA	NA	NA	NA	NA	NA	NA	NA	NA
NA	NA	NA	NA	NA	NA	NA	NA	NA	NA	NA	NA	NA	NA	NA	NA	NA	NA	NA	NA	NA	NA	NA	NA	NA	NA	NA	NA	NA	NA	NA	NA	NA	NA	NA	NA	NA	NA	NA	NA
0.906952300687179	NA	0.898753363148082	NA	NA	NA	NA	0.798085680791183	NA	NA	0.479997482567023	0.705361091473692	NA	NA	NA	NA	0.984689036435759	0.823480104761327	NA	0.562622329733691	NA	NA	NA	NA	0.518640015265586	NA	NA	NA	NA	NA	NA	0.162832278378181	0.576421340307027	0.402019223346529	NA	1.09909428257048	NA	0.433359741483502	NA	0.484061832760097
NA	NA	0.886075365608072	NA	NA	0.662448769300617	0.461906644410852	1.03399436355477	0.595599556348173	NA	NA	1.03919094546136	NA	1.13687347581128	1.08499171999393	1.1778343940118	NA	NA	NA	NA	0.458904335684424	1.70305968525406	NA	1.03416704659902	NA	NA	NA	NA	NA	NA	NA	NA	0.554507899480421	NA	NA	NA	NA	0.654045820570426	0.630849011106177	1.02663930968328
1.71685222533564	1.77520970379769	NA	NA	0.834005559480342	1.48556369513884	2.58315955727144	NA	NA	NA	NA	1.80307342676949	NA	1.69762617662639	NA	1.77100590353033	NA	1.63845648090115	1.8541498493789	NA	NA	NA	NA	NA	0.965689178403348	NA	NA	NA	NA	NA	NA	1.41589348899008	NA	2.23886937015944	1.71348454416034	NA	NA	NA	1.51400012042098	1.02911044998036
NA	NA	NA	0.909324862738526	0.529989586940655	0.518083294982199	NA	0.599940554622664	0.574390447027724	NA	0.948217409994686	0.838483659488454	1.02588288823654	NA	NA	NA	NA	0.80869169722188	NA	NA	NA	0.460959549598596	0.778681793633341	NA	0.362853966509597	0.522913168123358	NA	NA	0.715938054332759	NA	NA	NA	NA	0.867354863640794	0.326494557567591	0.440792093505521	NA	NA	0.201473610140388	NA
NA	NA	2.25092075778401	NA	NA	1.38561919022743	NA	NA	NA	2.02824435325756	NA	NA	NA	1.75718084526034	1.73151078293179	1.59187757808239	1.27649207110286	1.21793679763291	1.26195476006446	1.54371208425687	NA	1.60536340901701	1.57454052070154	1.43436755394524	NA	NA	NA	1.0830588411094	1.19270138198395	NA	NA	1.25067242051129	NA	1.1059510660802	NA	NA	NA	NA	1.00143443874879	1.21261760156456
NA	NA	NA	0.88409050639667	NA	1.24256865103046	NA	NA	NA	0.786188164387408	NA	1.23853820795109	NA	1.13255232319889	NA	NA	1.07761150885357	1.32143264488272	NA	1.20101354915257	1.28997406576216	NA	NA	0.21367884680774	NA	NA	0.388271094543597	0.165835702975555	0.446750547261061	NA	NA	NA	0.44007628823403	0.570009326735372	NA	NA	NA	0.592186970463156	NA	NA
NA	NA	NA	NA	0.862213736311212	NA	NA	0.772869661797438	NA	NA	0.333231148495966	0.476077164768269	NA	0.442523876491608	NA	NA	0.497393534752968	0.430536760213242	NA	0.370656007578527	0.41613694134732	0.226711084775001	NA	0.416671007087986	NA	NA	2.08142760218604	NA	NA	NA	NA	NA	NA	NA	NA	NA	NA	NA	1.09798102043858	NA
2.39794387759565	2.32954252603575	0.547743103939104	0.574822801010966	0.568579242554246	0.683925915210402	NA	NA	0.11010021325684	NA	0.892800122967017	1.35370116512372	NA	0.958427178131172	NA	1.07321803498466	0.635530885878625	0.724529949955696	NA	1.05253356193386	NA	0.782888954339814	0.445155573488118	0.780260708873427	1.03661016743964	NA	0.350788638626573	0.572090288792352	NA	0.422623343904489	NA	0.265838003886144	0.518029425747678	1.2648877924119	0.819392898440845	NA	NA	0.234168114965732	0.221129606390596	NA
NA	NA	NA	NA	NA	NA	NA	NA	NA	NA	NA	NA	NA	NA	NA	NA	NA	NA	NA	NA	NA	NA	NA	NA	NA	NA	NA	NA	NA	NA	NA	NA	NA	NA	NA	NA	NA	NA	NA	NA
2.20491654042731	NA	2.29857398397652	2.3611060793049	NA	2.34349148522667	NA	NA	1.9317032032998	NA	2.00471346984205	2.06761172743843	NA	NA	NA	2.35690565671102	1.26893507519955	0.970048056363808	0.920442104225942	0.526305857942868	NA	NA	NA	2.23282438033815	1.96612688561796	2.34837849417275	NA	1.06146282194684	2.14860764767436	NA	NA	1.70825807665824	1.78976208466937	NA	0.299600218052462	0.380361613561059	NA	1.39874716577888	1.80636606207737	NA
NA	0.948461249861938	0.742830013599203	NA	NA	NA	NA	1.6056489911887	1.06275944791309	1.14667901429068	NA	NA	1.47693150393398	1.08159949983766	1.09725251683008	1.02015661510103	0.848289290538605	NA	0.745120258809391	NA	NA	0.85529038298747	1.07950048309336	NA	NA	0.826756784705	NA	NA	NA	NA	NA	NA	NA	NA	NA	0.805386743867501	NA	NA	0.256366460877616	1.44009454088053
NA	NA	NA	NA	NA	NA	NA	NA	NA	NA	NA	NA	NA	NA	NA	NA	NA	NA	NA	NA	NA	NA	NA	NA	NA	NA	NA	NA	NA	NA	NA	NA	NA	NA	NA	NA	NA	NA	NA	NA
NA	NA	NA	NA	2.50399011890665	NA	NA	2.4616649146276	NA	NA	NA	NA	NA	1.87210630071076	NA	NA	NA	1.6879015048429	NA	NA	NA	NA	1.59892270727391	1.67848849156233	1.76398509853938	NA	2.03576570530829	1.63102005186719	NA	NA	NA	NA	NA	0.379328708631356	NA	NA	NA	1.21525510880004	2.53929277655466	NA
NA	NA	NA	NA	NA	NA	NA	NA	NA	NA	NA	NA	NA	NA	NA	NA	NA	NA	NA	NA	NA	NA	NA	NA	NA	NA	NA	NA	NA	NA	NA	NA	NA	NA	NA	NA	NA	NA	NA	NA
0.7844580960109	0.692255307138952	0.285250855434328	1.28928328142418	NA	NA	NA	NA	1.15840503506814	0.179177500232856	NA	NA	NA	NA	0.880864490012374	0.879102147407639	0.25160836312056	0.442395465584415	0.514797321225736	0.295167045949081	NA	0.323573301891065	0.136364344386984	NA	NA	NA	0.32829274302171	0.371192332537281	0.3567992079054	NA	0.966994984786811	0.313296990660475	NA	NA	NA	NA	NA	0.548569316623336	1.08464634981503	NA
NA	0.972293411018555	NA	NA	NA	NA	NA	NA	0.768834237607456	0.883472639520486	0.4523259841312	0.686062533196601	NA	NA	NA	0.80986784172013	0.885845859975042	NA	NA	NA	0.392813436181099	0.23776463127788	NA	0.692687415686658	1.27830639876285	NA	0.83149704137372	0.994904261164201	0.706160552240995	NA	NA	NA	0.695442466517698	NA	NA	NA	NA	1.42621387176707	NA	0.917753512476013
1.74585144472696	1.86650118989734	1.88658123336946	1.74431106827415	NA	2.11956686350678	NA	NA	NA	NA	NA	NA	1.2606956031528	NA	1.02569089706588	1.34744870385084	1.68358364291222	1.37404917562464	NA	1.85669531708255	1.9896677813054	NA	NA	1.10025020426162	0.899140887482347	1.04399130836907	NA	0.838622715285408	0.669325968551866	0.734801529746102	0.786656815853175	0.599541474455866	1.09017705739437	1.53707484426902	0.764606968678245	NA	NA	1.06412477153787	1.24851439767676	0.993290612957592
NA	1.06268109225103	0.968966700099633	0.653183962875487	NA	0.881035191670926	0.215734488840964	0.801353534081388	NA	NA	0.481952365910918	0.769376443642089	NA	NA	NA	NA	NA	0.516491800649566	0.592598076653841	0.680244247310045	NA	0.481395216321076	0.235647562117879	0.474437203321417	0.645656806099893	NA	0.228819830852912	NA	0.445739034684674	NA	NA	0.312257839145972	0.630701057333646	NA	NA	0.359071658214827	NA	0.135865986096544	0.265047303701333	0.224900398926943
3.19604524087248	NA	NA	NA	NA	NA	NA	NA	NA	NA	NA	1.46906193914844	3.2874206200112	3.21973787268162	NA	NA	3.18703947696124	3.38939611362594	2.27953411743179	1.01625882965102	2.8253491848237	2.70076593791565	2.68971026790618	2.27043614455904	NA	0.513201785167247	1.49502197461198	1.19813882912907	1.41942803140184	0.995941389687975	0.643154043481175	1.35662279016126	0.819776316708098	NA	0.265384398362906	NA	NA	0.117502228338662	0.488906691791803	0.603483127273528
NA	NA	NA	NA	NA	NA	1.6067979569042	1.95791918923941	1.59275796435289	1.6598103878172	NA	1.3513194273646	1.45272504505168	1.52324889563012	1.89450873409885	NA	NA	1.81242493495448	1.22033902337262	NA	NA	NA	0.853847537244596	1.15627353645314	0.924133630827779	NA	0.80958515169786	0.653907187822739	NA	1.87212302280733	0.340718538788001	NA	0.881982769502881	NA	1.55086174615974	NA	NA	NA	NA	0.43206925883233
NA	NA	NA	NA	NA	NA	NA	NA	NA	NA	NA	NA	NA	NA	NA	NA	NA	NA	NA	NA	NA	NA	NA	NA	NA	NA	NA	NA	NA	NA	NA	NA	NA	NA	NA	NA	NA	NA	NA	NA
NA	NA	NA	NA	NA	NA	NA	NA	NA	NA	NA	NA	NA	NA	NA	NA	NA	NA	NA	NA	NA	NA	NA	NA	NA	NA	NA	NA	NA	NA	NA	NA	NA	NA	NA	NA	NA	NA	NA	NA
NA	0.447139162845551	NA	NA	0.659521505509473	NA	0.580946279583367	0.650573163356159	0.393641821487771	NA	0.989118939361398	NA	NA	1.13733799298824	0.574733160376872	NA	0.501194615694781	0.516214139014825	0.378648844180978	0.574305649163977	0.240592010438097	NA	NA	NA	NA	NA	NA	NA	0.449336619680832	NA	NA	0.2449289897769	NA	NA	NA	0.734076395562909	NA	0.86855956694342	NA	0.461747967554436
0.82672314508496	0.449703247037285	0.279592168332166	NA	0.137404875897536	0.928239272303194	1.05567593890139	1.35791354819083	1.32718208847871	0.87668579671086	0.746943461820505	0.677765652256839	0.820554204644592	0.183096574281141	0.32543697905772	0.669973421310229	0.61256783096321	1.12269359891024	1.08045855620879	0.636435861320135	0.650562717519873	0.551743570998613	0.551991215678908	NA	0.530882223498521	0.902798163527977	NA	0.760072677320728	0.565148710843934	0.573200501819059	0.948190445993613	0.361803924902031	0.144893559254438	0.250346977227765	NA	NA	NA	0.28981183039316	0.225439099171997	1.03501089412711
NA	NA	NA	NA	0.519045815664319	0.449704188325863	0.480570592452495	0.861463389673659	NA	1.68816341352834	0.837614179251332	1.02679005127549	NA	0.447101132797516	0.602844016247569	0.596092767408286	0.754552185363385	0.745724041469853	1.24828441057018	NA	1.83832548037457	NA	0.407903879685618	NA	0.754599783761964	0.513964744479436	NA	NA	0.35341086073828	0.476996050289253	0.781996967536625	NA	0.477787840930144	0.339807510522458	NA	NA	NA	NA	0.615999780704286	NA
0.852578184289056	NA	NA	0.673836763051153	NA	NA	NA	NA	0.665493745739133	NA	0.696282215833733	0.871162219599467	NA	NA	NA	1.48431375280384	0.895890567091774	NA	NA	0.407952206333154	0.962666798299168	0.307398156476115	0.378498239998856	0.498028347919475	0.869089348333831	0.500884034526219	0.431373447644316	0.645143633568353	0.433920467854816	0.788289189368708	0.524760561970407	NA	NA	0.891140479793019	0.524527147192039	0.334300603944322	NA	0.196030120550277	0.217131546632893	NA
NA	1.17926819044783	1.4510424146991	NA	1.16842154613092	NA	NA	NA	NA	0.72043226074903	NA	0.74639485247534	NA	0.73265819118658	0.737761498598894	NA	NA	NA	NA	NA	NA	NA	0.511293234930757	0.622350719282809	0.350258876326773	0.493504372112814	0.672538322005895	NA	0.686344506061536	0.617119326989188	NA	0.740652921489832	1.40558509871582	NA	0.251835466031417	0.242016989336087	NA	NA	1.32404092435708	NA
NA	NA	1.94146835949828	NA	NA	1.25027770580088	1.31584564031408	0.835359409798331	1.2199998390548	NA	1.80870475419264	2.21090170920816	NA	1.87440154989892	1.99229179256082	1.34544259940665	1.69041577327794	1.7957105266957	1.40440453768788	1.15967438386163	2.04814551684632	1.54428347365506	1.17460819892261	NA	1.74843067101856	0.889619800599883	NA	NA	NA	NA	NA	NA	0.549733146537393	1.14782763234821	0.706538903464461	0.549340533760758	NA	NA	1.35099602992238	NA
2.03028488481867	NA	NA	NA	1.33088800686711	1.53912618895074	1.24847241322667	1.37166750112374	NA	1.71160566741953	NA	1.94955293126209	1.74117097413391	2.06658079597398	1.15390096787688	NA	1.7330493267721	NA	1.61418187638975	NA	1.83085832961875	1.61218913425534	NA	NA	NA	NA	2.25879034266697	NA	2.4667411549029	2.21990452689815	NA	1.10032817710505	NA	2.12509724397604	1.13436273321477	2.1253937604175	NA	1.58444177651555	1.9879840426567	NA
NA	NA	NA	NA	NA	NA	NA	NA	NA	NA	NA	NA	NA	NA	NA	NA	NA	NA	NA	NA	NA	NA	NA	NA	NA	NA	NA	NA	NA	NA	NA	NA	NA	NA	NA	NA	NA	NA	NA	NA
0.779908762526804	0.778471279420862	0.7956140961355	NA	0.988334659562421	0.973395968064054	0.593407984435427	0.655060494801425	0.291768463421355	0.940882951339007	1.25069142098305	0.796678691209942	1.00368858553613	0.952714099291502	NA	1.14295741556848	1.28028343315982	1.18074618093748	0.619377198635583	0.832396497932061	NA	NA	0.911410259025706	0.735179910561263	0.656429711448724	NA	0.534906396788863	NA	0.674191798714864	0.209059662817744	NA	0.799849530240342	0.983925498499274	0.826791963866882	0.706687820364457	0.669932472080982	NA	0.381259665203524	0.665331854242549	0.806024268302793
NA	NA	NA	NA	NA	NA	NA	NA	NA	NA	NA	NA	NA	NA	NA	NA	NA	NA	NA	NA	NA	NA	NA	NA	NA	NA	NA	NA	NA	NA	NA	NA	NA	NA	NA	NA	NA	NA	NA	NA
NA	NA	NA	NA	NA	NA	NA	NA	NA	NA	NA	NA	NA	NA	NA	NA	NA	NA	NA	NA	NA	NA	NA	NA	NA	NA	NA	NA	NA	NA	NA	NA	NA	NA	NA	NA	NA	NA	NA	NA
NA	NA	NA	NA	NA	NA	NA	NA	NA	NA	NA	NA	NA	NA	NA	NA	1.26173547699762	1.2204957461525	1.15041800059653	0.903050876837617	NA	NA	NA	NA	NA	NA	NA	NA	1.14469936901564	1.3305031042881	0.957870383955177	0.978964636009751	0.638249067527035	0.589286195462754	0.304954277044644	0.224898810428244	NA	0.267285133807076	0.497036294597457	0.670951567681122
NA	NA	NA	NA	NA	NA	NA	NA	NA	NA	NA	NA	NA	NA	NA	NA	NA	NA	NA	NA	NA	NA	NA	NA	NA	NA	NA	NA	NA	NA	NA	NA	NA	NA	NA	NA	NA	NA	NA	NA
NA	NA	NA	NA	NA	NA	NA	NA	NA	NA	NA	NA	NA	NA	NA	NA	NA	NA	NA	NA	NA	NA	NA	NA	NA	NA	NA	NA	NA	NA	NA	NA	NA	NA	NA	NA	NA	NA	NA	NA
NA	1.06914924476431	1.15637370010319	1.35175712154569	NA	NA	NA	NA	0.606340504912874	NA	0.773072099051962	NA	NA	1.05288758117413	1.11495513406163	0.992512986084333	NA	NA	NA	NA	NA	NA	NA	NA	NA	NA	NA	NA	NA	NA	NA	0.633524428293364	0.607434954518631	NA	NA	0.58101234715391	NA	0.409386564130017	1.30127383573079	NA
NA	NA	0.385121274221335	NA	0.294305179650374	0.580624042919554	0.918716939797424	NA	0.934396081490606	0.722834424427595	1.12677118196504	NA	NA	NA	1.2446884813989	NA	NA	1.18894786151032	NA	NA	0.818242457941542	1.27563192204758	NA	NA	NA	1.04696634662779	1.07733941188021	1.1229973111127	0.921965677296689	NA	NA	1.01623408587033	NA	2.17551031017678	1.28950626311186	NA	NA	NA	0.721141982430247	NA
NA	NA	NA	NA	NA	NA	NA	NA	NA	NA	NA	NA	NA	NA	NA	NA	NA	NA	NA	NA	NA	NA	NA	NA	NA	NA	NA	NA	NA	NA	NA	NA	NA	NA	NA	NA	NA	NA	NA	NA
NA	NA	0.974125140013253	NA	0.905087602555448	1.35557400187807	NA	NA	NA	NA	NA	NA	NA	1.06191666674782	NA	1.41583690169921	NA	NA	1.4573177154379	NA	2.04360402072353	NA	NA	0.658563626440054	0.724555690922541	NA	NA	0.991814618786593	NA	NA	NA	0.834657179551619	0.526222425855293	NA	0.374367283325801	1.02941336488372	NA	0.494908433494393	0.440578158816235	0.597488916228394
NA	1.52419376665605	1.39368067199861	1.42908591386258	1.54784333502748	1.33953553140073	1.28810613188127	NA	1.49025353731505	NA	1.12276570530378	NA	NA	1.38211530431517	1.45049959465519	1.4518672212151	1.97176442516752	NA	NA	1.12616516511725	1.51678147747865	1.25191907777346	0.515410195566191	0.595611374322849	0.301605179748511	NA	0.611794452026731	0.540954746502738	NA	1.01180025171557	0.462167065667584	NA	0.380377059234183	NA	0.598189501153784	0.414119991197032	NA	NA	NA	NA
2.25582096981089	2.42175839237359	NA	NA	2.21464814585821	1.95621923938145	2.10129939687957	2.13270944571078	1.91260076150627	1.88906781085575	1.62960811632496	2.19291477344948	NA	2.28026673950166	2.60678150289469	NA	2.42031515466509	2.49745110974298	NA	2.39170166971906	NA	1.54240896503198	NA	1.00971900942028	1.15713225476606	1.30508304122505	NA	NA	0.667175529074691	0.889943493358475	0.844058562835723	0.41475293123343	NA	0.229954837933893	0.365942985530987	0.457315038970626	NA	0.139933423583105	0.631801748704523	NA
NA	NA	NA	NA	NA	NA	NA	NA	NA	NA	NA	NA	NA	NA	NA	NA	NA	NA	NA	NA	NA	NA	NA	NA	NA	NA	NA	NA	NA	NA	NA	NA	NA	NA	NA	NA	NA	NA	NA	NA
NA	NA	NA	NA	NA	NA	NA	NA	NA	NA	NA	NA	NA	NA	NA	NA	NA	NA	NA	NA	NA	NA	NA	NA	NA	NA	NA	NA	NA	NA	NA	NA	NA	NA	NA	NA	NA	NA	NA	NA
0.808751641665992	NA	NA	1.18092459447004	NA	0.440284260736511	0.344794930435863	0.747736619483108	NA	NA	NA	NA	NA	NA	NA	NA	NA	NA	NA	1.57529779937407	NA	0.437556125438382	0.813174710978261	0.483540397636034	NA	NA	NA	NA	NA	NA	NA	0.889542674937411	NA	NA	0.333739561284339	NA	NA	0.276103993105657	0.270914208528989	NA
NA	NA	NA	NA	0.689045119008935	1.17794346414537	NA	1.58940647463821	0.886947457651693	NA	0.877799069758477	NA	NA	0.103693205695408	1.01710793761485	NA	NA	NA	0.637530155995887	NA	NA	0.591318589017596	0.499021765651784	NA	1.2502037187028	0.942980435314445	0.949972986997831	NA	0.400073903684727	0.580368938449378	NA	0.227307722017663	NA	NA	0.643855405667261	0.0878420759488745	NA	NA	0.372364704208082	0.268269506270875
NA	NA	NA	NA	NA	NA	NA	NA	NA	NA	NA	NA	NA	NA	NA	NA	NA	NA	NA	NA	NA	NA	NA	NA	NA	NA	NA	NA	NA	NA	NA	NA	NA	NA	NA	NA	NA	NA	NA	NA
0.619423458368942	0.973536792465554	0.942516853159061	NA	1.38399050673501	NA	0.615009362362129	0.871565478687203	NA	1.58625678221664	1.04888625485176	NA	NA	1.19448057855019	0.72914570815027	0.359037865277439	0.605130068732715	NA	1.20832570037305	NA	1.34919389224096	0.539466969044067	0.303856457532888	0.873786307512487	0.255500270375724	0.547380235664352	NA	0.83652155854332	0.9724361722486	NA	NA	NA	NA	NA	1.35853667125395	NA	NA	NA	NA	NA
1.68073159197275	NA	NA	1.20511737187598	NA	NA	NA	1.05546771125056	1.30884014581179	NA	1.49523260137172	1.88265474598284	1.15557505334561	NA	1.2303366117299	1.48430698977628	NA	1.02492797508628	NA	1.64078110176812	1.35714106646352	0.414583926173182	NA	NA	1.18734429350625	NA	NA	0.813400075020275	NA	NA	NA	0.562339434103614	NA	NA	NA	NA	NA	NA	NA	NA
NA	2.07936033152599	2.49400570288927	NA	2.44125570481869	NA	2.32731152749816	2.17958512393862	2.33903565204206	NA	NA	2.29711680140797	NA	2.24367654475542	2.21627674778218	2.20432981105785	1.93009989795054	2.14739994955184	NA	2.54385030899483	0.704690357459908	1.25137232107965	NA	1.10486664384575	0.870826439220026	NA	0.962600882291537	0.780283965453842	NA	NA	2.17700930873438	0.494639634661283	0.892692063199139	NA	0.424339066164339	0.52638562785599	NA	0.551194688740784	0.462338327025944	0.674442212542653
NA	NA	NA	NA	2.18477409279933	NA	NA	NA	NA	NA	2.0022670096244	2.09774482871444	NA	NA	1.75361567963272	NA	NA	1.41455568195725	NA	NA	1.55322978818081	0.804720559605401	NA	NA	NA	0.395683292091975	NA	0.506207780488596	NA	0.593187512565138	NA	0.376675209098916	0.430336364579916	NA	0.334794470159908	NA	NA	0.517476638699388	0.37634300291369	0.569642551192403
1.13753132729957	1.07494518596691	NA	NA	NA	NA	0.282133406966346	0.289232603559132	0.347091366166229	0.734077004121011	0.777396025253811	0.767477945337025	1.00454689918444	2.09555751907214	0.882666917187282	0.807576433882805	0.844746913283109	NA	0.648266259350426	NA	NA	0.627853839019554	NA	NA	NA	NA	NA	0.787557252611292	0.862224618650818	NA	0.830205184448195	0.826487138774207	0.728574215859535	NA	0.126172854592783	0.364400561910258	NA	0.968617336954212	0.788075304893786	0.297503528504465
NA	NA	NA	NA	NA	NA	NA	NA	NA	NA	NA	NA	NA	NA	NA	NA	NA	NA	NA	NA	NA	NA	NA	NA	NA	NA	NA	NA	NA	NA	NA	NA	NA	NA	NA	NA	NA	NA	NA	NA
NA	NA	NA	NA	NA	NA	NA	NA	NA	NA	NA	NA	NA	NA	NA	NA	NA	NA	NA	NA	NA	NA	NA	NA	NA	NA	NA	NA	NA	NA	NA	NA	NA	NA	NA	NA	NA	NA	NA	NA
2.16082492354652	2.49844608388939	NA	1.79244912516574	NA	2.36750803177828	NA	NA	NA	NA	1.77882622198394	1.64311398851077	1.62803987107711	1.5126638154733	1.3015892929828	1.30491213391425	1.24794437046486	1.17991058948151	NA	1.52771972085329	NA	1.59187987805094	NA	1.61499540748611	1.23429306309177	NA	1.19245322084288	NA	1.03857588838118	1.85758008412795	1.38710553044148	0.560024358672787	NA	NA	NA	1.04095976298674	NA	0.285720156403011	1.19808692601071	NA
NA	NA	NA	NA	NA	NA	NA	NA	NA	NA	NA	NA	NA	NA	NA	NA	NA	NA	NA	NA	NA	NA	NA	NA	NA	NA	NA	NA	NA	NA	NA	NA	NA	NA	NA	NA	NA	NA	NA	NA
1.47288033031272	NA	1.34563784075461	NA	NA	NA	1.89450913829412	2.40551081260357	2.00273729352836	2.18676458649861	NA	2.31265413472361	NA	1.88491136846136	NA	NA	1.78840313704717	NA	1.74047282354908	1.82467984722761	1.91315153441795	1.59225061649101	1.27007523942515	0.935722110164511	NA	NA	NA	NA	NA	NA	NA	1.58100725395638	0.773519855895941	NA	NA	0.727806686395632	NA	0.9591193273396	0.868835426003232	1.04565957077307
NA	NA	NA	0.272258134700626	NA	0.932102853924738	NA	NA	1.62517828585806	NA	NA	0.940193799037401	NA	0.624867985074791	NA	NA	NA	0.818703897433403	NA	0.350797787159103	NA	NA	0.297710517539963	0.573967577237762	NA	0.347618367121543	NA	NA	NA	NA	NA	NA	NA	0.592644179887895	0.768089771288355	NA	NA	NA	0.47307420562559	0.309580330923021
1.95708204271743	NA	2.11882654740046	NA	2.1645025974466	1.71555723672519	1.52594233514887	1.43654854950255	0.666203928094462	NA	NA	1.26826501873094	NA	0.666955514493208	1.95926371011786	NA	2.14065896781556	NA	NA	0.515285511906937	1.75530236125877	2.11111933392121	2.19831011727333	2.15975022908665	0.272221959313066	0.179007583820702	NA	NA	1.64089068255884	1.8326111597958	1.95336767847763	1.93163539679224	NA	1.1039905592255	1.13638799673822	NA	NA	1.84925423485849	1.8404144255701	2.2472744651333
NA	NA	NA	NA	NA	NA	NA	NA	NA	NA	NA	NA	NA	NA	NA	NA	NA	NA	NA	NA	NA	NA	NA	NA	NA	NA	NA	NA	NA	NA	NA	NA	NA	NA	NA	NA	NA	NA	NA	NA
0.959997071036483	0.831045995155089	0.782905607401527	NA	NA	0.471040185649577	1.55758523768346	0.328870413784258	0.720211166360527	NA	0.49344903420437	0.702343065575008	NA	0.46914152460408	0.603138058931469	0.633889361234319	0.608432654826623	0.92647372930702	0.618801249609565	NA	0.76045358704703	0.76033522036928	0.334749469975166	NA	0.930223236548979	NA	0.461209095879286	0.662200161529738	0.558203322740488	0.748080564297093	NA	1.00698936487345	0.168518123012818	0.291627871011946	NA	0.434037481454475	NA	0.511620047561898	0.204018329207829	0.580960431066488
NA	NA	NA	NA	0.623808944798808	1.04543226189546	0.863371110066113	0.863959712417402	0.873816884735425	0.59941741303034	NA	1.08644542559494	0.985548846842567	0.884114582052587	1.76507748673001	1.03540796877556	1.35576685137038	1.35179004211572	0.50968124974217	1.49666439438152	0.999626112026352	0.905038448320054	0.778567483594164	0.569139018531338	0.592704116314515	1.09225517072699	0.516600438782371	0.468812744278094	0.364934100884939	0.352483014599458	0.336539401095726	NA	0.459274128192836	0.331949585436547	0.264974232151812	NA	NA	0.715289855169383	0.675014345028961	0.637030580057956
NA	NA	NA	0.878728192412923	NA	1.21327356344331	1.23343782971269	1.4516597497447	0.845254255345939	0.70677370528784	0.749693587360314	0.669303218010613	0.618851834755418	NA	NA	0.504725385651694	NA	NA	NA	NA	1.46685269516716	1.68912556552725	NA	NA	NA	0.779445185831842	NA	NA	NA	NA	NA	1.65068645345564	NA	NA	NA	NA	NA	1.71324270440177	2.02483827205929	2.10791707469472
NA	NA	NA	NA	NA	NA	NA	NA	NA	NA	NA	NA	NA	NA	NA	NA	NA	NA	NA	NA	NA	NA	NA	0.855492016681238	NA	NA	NA	NA	NA	0.400821311835149	NA	0.436293788517439	0.345598457445064	NA	0.664458745317369	0.483942349288914	NA	NA	0.276505004463714	0.653857915163206
0.956910856351978	0.990368777420606	NA	0.842198661547888	1.064017550353	0.898231628603001	1.18284885049519	NA	0.756529664403889	0.951820501084915	1.00492245123534	1.03487821031382	0.337560463917941	1.06775042411249	0.786922448009656	0.68893184252406	0.770555110071009	0.652082445588041	1.5235421935119	1.72225651367548	0.953187095778755	1.00868709878847	1.39757860081177	1.25109325382288	0.984396837899068	1.03005324787671	NA	0.687085780814718	0.877354069172475	1.80746351613484	1.62370997331502	NA	NA	NA	NA	NA	NA	0.468768381207913	0.223678131669019	0.437758746549632
0.626683247110861	0.564608524260601	1.07307701636514	0.824974896555139	0.455411557430423	0.424774450137225	0.478548372247763	0.678313353767918	0.678182914232482	0.383846728916913	0.725203807176048	0.75633065682937	0.969186171496196	1.36091018619508	0.353573510125997	1.18438627768846	0.534940078359651	0.846935121045286	0.887661570470942	0.816863849539643	1.60957931547275	NA	0.138184578328556	NA	0.415766069445715	1.34685192415775	1.32192445726985	1.28495421852328	1.59602534276674	NA	1.46908679736594	0.396106969491219	0.331273340070921	1.48234838443095	0.257587687863973	NA	NA	1.54051983667002	0.434769571780873	0.375425085575684
NA	1.47924053408878	1.37452909497209	1.52285965814877	1.47769267286659	0.934865613844946	NA	0.857478640186144	NA	0.855791583782493	0.847040763557223	0.972439796597941	1.66605746131716	NA	0.929240526370293	1.24265796337059	0.835139970096986	0.81574042796336	NA	0.390473723003939	0.400775574342597	0.420969190389549	NA	0.843109854176197	NA	NA	0.857502917331929	NA	NA	0.696365270616903	0.430967055823665	0.687340301486921	0.141924154597262	0.999628547700268	0.842645926811157	NA	NA	0.689131127549397	0.245334229947857	NA
NA	0.77903119463106	NA	NA	0.617859255123117	1.06258103419672	1.65052197338551	NA	NA	1.3332248518438	0.592502995761775	1.69784566669822	NA	1.22811485755496	NA	NA	1.15946456937552	NA	NA	NA	NA	NA	NA	NA	NA	0.803186478397768	NA	NA	1.52565502802118	0.599307156746717	2.18685707760161	0.687097864635218	NA	2.6424743552413	NA	NA	NA	NA	0.478655472025463	NA
NA	NA	NA	NA	NA	NA	NA	NA	NA	NA	NA	NA	NA	NA	NA	NA	NA	NA	NA	NA	NA	NA	NA	NA	NA	NA	NA	NA	NA	NA	NA	NA	NA	NA	NA	NA	NA	NA	NA	NA
NA	NA	NA	NA	NA	NA	NA	NA	NA	NA	NA	NA	NA	NA	NA	NA	NA	NA	NA	NA	NA	NA	NA	NA	NA	NA	NA	NA	NA	NA	NA	NA	NA	NA	NA	NA	NA	NA	NA	NA
NA	NA	NA	NA	NA	NA	NA	NA	NA	NA	NA	NA	NA	NA	NA	NA	NA	NA	NA	NA	NA	NA	NA	NA	NA	NA	NA	NA	NA	NA	NA	NA	NA	NA	NA	NA	NA	NA	NA	NA
0.883916900853391	1.44722443622585	NA	1.21162022492357	1.04447736268504	NA	1.64212468471956	NA	NA	0.713947208916171	0.755712239384079	0.745285017327804	NA	0.517817962119229	0.745891718928616	0.585191437273367	0.35419790544248	0.40176510641486	NA	NA	0.665395428947513	0.620479787826669	NA	0.450495839413082	0.475539835311647	0.318253118526857	0.441480687161306	0.498279226276216	0.279200380439195	0.449347370255722	0.328511225723685	0.177314540344585	0.393656961740758	0.648794259064198	0.552595767120591	0.288371245453982	NA	0.260806546766671	0.631459293935676	0.695635030512014
NA	NA	NA	NA	NA	NA	NA	NA	NA	NA	NA	NA	NA	NA	NA	NA	NA	NA	NA	NA	NA	NA	NA	NA	NA	NA	NA	NA	NA	NA	NA	NA	NA	NA	NA	NA	NA	NA	NA	NA
NA	NA	NA	NA	NA	NA	NA	NA	NA	NA	NA	NA	NA	NA	NA	NA	NA	NA	NA	NA	NA	NA	NA	NA	NA	NA	NA	NA	NA	NA	NA	NA	NA	NA	NA	NA	NA	NA	NA	NA
NA	0.555549116793426	NA	NA	0.795716082978386	NA	NA	0.822623574301796	0.5248853551946	NA	0.57329397462665	1.06765926246705	NA	0.564119035178229	0.48074274202513	0.568802899944265	1.14837510930355	0.971528230387736	NA	0.906718158043516	0.764371751864661	NA	NA	1.21908289640685	NA	NA	NA	0.415642784240354	NA	1.19012382663794	NA	0.655609064005932	0.739326818810953	NA	0.376867683572496	0.588614438510303	NA	0.472674729916504	NA	0.901606656367582
NA	NA	0.50227154110314	NA	NA	0.887919853011746	1.06497329157164	NA	1.11717774365464	1.28704956239549	0.73290398110741	NA	NA	1.18785526396368	NA	NA	1.5479588252512	NA	NA	NA	NA	1.67415438610718	NA	NA	NA	NA	NA	NA	NA	NA	0.45292613659049	NA	NA	NA	NA	0.553566287143996	NA	NA	0.480561195412661	NA
NA	NA	NA	0.974905997739734	NA	0.627659420322908	0.823184655459189	0.931793787776718	NA	NA	0.86396004858678	NA	1.43741085227018	1.4868805607379	1.33088404669286	NA	1.7457604089524	NA	NA	NA	0.836440867354847	0.661087213398315	0.794761355937088	NA	0.630045829286812	NA	NA	0.420405247533626	0.50612633314073	0.481075046608396	NA	NA	NA	NA	0.797011511888394	0.544891547708049	NA	0.61103698827843	NA	0.592105515872478
NA	NA	NA	NA	NA	NA	NA	NA	NA	NA	NA	NA	NA	NA	NA	NA	NA	NA	NA	NA	NA	NA	NA	NA	NA	NA	NA	NA	NA	NA	NA	NA	NA	NA	NA	NA	NA	NA	NA	NA
1.96025263164663	2.22634742604565	NA	NA	2.10920875484773	1.95865786712733	NA	2.19997959196116	0.605409310661875	0.850594261068922	1.02757247577691	NA	2.22961540118669	1.42666743486417	NA	2.36868487682978	NA	NA	NA	0.882951860363799	0.288545729395833	0.260132700877251	0.944444740251693	0.721988854604143	0.979914157600311	NA	0.845637519991507	NA	NA	0.281913880297165	NA	NA	NA	0.616121547913608	NA	0.358756709848804	NA	0.451931111614028	NA	NA
1.67235051919744	NA	NA	NA	NA	0.706752982767227	NA	NA	0.238833798373998	NA	0.680700189434564	0.542040802282137	NA	1.09679029801688	NA	1.20552716470469	NA	NA	NA	NA	0.981443268552255	NA	1.27799821675694	NA	NA	NA	0.404038409683109	NA	1.29540876296363	NA	1.42926665777395	0.511902744786272	1.36090406416339	0.719220152414964	NA	NA	NA	1.01747587067434	0.550604544856388	NA
NA	0.4374875098344	NA	1.08542799281973	0.94579349292809	NA	1.26075555990855	NA	0.659169552478352	NA	NA	0.826638298006293	0.616229134486832	NA	0.528352994739971	NA	0.708618278616341	NA	0.68450204556904	NA	NA	0.50737226120125	0.339375356963197	1.31472625182159	0.950825720912082	0.784076756662462	0.69816880085808	0.8333186762399	NA	0.591214526791879	NA	NA	NA	NA	NA	NA	NA	0.376638459941714	NA	0.755850922356406
1.00755312978674	NA	NA	0.940388276192706	1.24162279197551	0.808725543367957	NA	0.821336225045835	1.21265957577785	NA	1.4298567558041	NA	1.32097464068489	1.46931396154879	NA	0.599519566766725	0.836363280486526	NA	1.26517261643213	1.23056498704122	1.11440065109048	0.577030479559913	0.823905556659677	0.406933916207337	0.809799271470737	0.693107084629698	0.477111028567386	0.397129333241443	0.645984032161995	0.76257963592388	0.520051927293523	0.387057190138374	1.40902170246064	0.369233623363278	2.006007549225	1.68850697433736	NA	0.828881381122654	1.56334658390454	NA
NA	NA	NA	NA	NA	NA	NA	NA	NA	NA	NA	NA	NA	NA	NA	NA	NA	NA	NA	NA	NA	NA	NA	NA	NA	NA	NA	NA	NA	NA	NA	NA	NA	NA	NA	NA	NA	NA	NA	NA
NA	NA	NA	NA	NA	NA	NA	NA	NA	NA	NA	NA	NA	NA	NA	NA	NA	NA	NA	NA	NA	NA	NA	NA	NA	NA	NA	NA	NA	NA	NA	NA	NA	NA	NA	NA	NA	NA	NA	NA
NA	NA	NA	NA	NA	NA	NA	NA	NA	NA	NA	NA	NA	NA	NA	NA	NA	NA	NA	NA	NA	NA	NA	NA	NA	NA	NA	NA	NA	NA	NA	NA	NA	NA	NA	NA	NA	NA	NA	NA
NA	NA	NA	NA	0.983003585378531	0.516596389813102	0.316824285760307	0.661491302538261	NA	NA	1.04334205598155	1.17960298988554	NA	0.566970740678531	NA	0.758460944878338	NA	NA	NA	0.262930947652358	0.78916372383709	0.545395711037456	NA	0.871608208824177	0.386804099779607	NA	NA	NA	0.744036597941712	NA	NA	NA	NA	0.487483791464299	NA	1.13165294292641	NA	0.604151468183136	0.976088070710021	NA
NA	NA	NA	NA	NA	NA	NA	NA	NA	NA	NA	NA	NA	NA	NA	NA	NA	NA	NA	NA	NA	NA	NA	NA	NA	NA	NA	NA	NA	NA	NA	NA	NA	NA	NA	NA	NA	NA	NA	NA
NA	NA	NA	NA	NA	NA	1.40447219858487	0.942848900713507	NA	NA	NA	NA	1.16594346737353	1.05635623794057	NA	NA	NA	NA	NA	NA	NA	NA	NA	1.16147142581226	NA	NA	NA	0.441779876046467	NA	NA	NA	NA	NA	NA	NA	0.42194526394783	NA	0.317292814269101	0.905369168690078	NA
0.49198105360812	NA	0.928767879298867	1.04211467315989	1.08319513885651	NA	NA	NA	NA	NA	NA	1.00959935352029	0.624091087299764	0.405465415471559	1.24082457303888	1.13436182933976	1.52767537049268	1.12782252599791	0.649404685824318	NA	0.732304800159713	0.779785400388425	0.590462347614069	0.78457058810658	NA	1.05063100921275	0.993543558298008	NA	NA	0.746741732985094	1.2815634374513	1.18403214390217	0.808776409813821	0.530661782827389	0.665638873342522	0.267848473216526	NA	0.460345802503562	0.781455070567251	1.08070123327404
NA	NA	NA	NA	NA	NA	NA	NA	NA	NA	NA	NA	NA	NA	NA	NA	NA	NA	NA	NA	NA	NA	NA	NA	NA	NA	NA	NA	NA	NA	NA	NA	NA	NA	NA	NA	NA	NA	NA	NA
NA	NA	NA	NA	NA	NA	NA	NA	NA	NA	NA	NA	NA	NA	NA	NA	NA	NA	NA	NA	NA	NA	NA	NA	NA	NA	NA	NA	NA	NA	NA	NA	NA	NA	NA	NA	NA	NA	NA	NA
1.60984812625704	1.07997213660922	1.88006005406844	1.27193981774985	1.84410748788444	1.89891711809037	2.15816253535694	2.18700258689549	2.16731189340697	1.9611890283482	2.07006267878891	2.04893770515632	2.25728217229529	NA	NA	1.8349432803224	1.95962357145601	1.95947132765781	1.91662826657137	1.59182947367863	1.41884998744872	0.85480973612955	1.07660588748476	1.34472864563928	NA	1.29713316870738	1.20567464021315	NA	1.63905281775278	1.15803642832178	1.20705170617903	1.49948228556859	1.41827239676844	1.44144684542275	1.49578945207996	1.54139308300186	NA	1.13167245316695	1.03757554688907	1.00609078082945
NA	NA	NA	1.25213826710688	NA	NA	0.180413013602356	NA	NA	0.514493957841717	NA	NA	NA	0.461919979791053	0.27787563625779	NA	NA	0.278993409896712	NA	0.370929213548547	0.456036754910178	0.353194485688056	1.30950618475904	NA	NA	NA	NA	0.702468359746998	NA	0.699205849542728	NA	0.854709449922754	NA	0.465542638592851	0.714441853291886	NA	NA	0.992261091675594	0.634937813219543	0.855937905657131
NA	NA	NA	NA	NA	NA	NA	1.43327589275457	NA	1.1759915143126	0.939927522731394	NA	NA	NA	NA	0.2592926012787	NA	NA	NA	0.762625770223977	0.504596756387864	0.893350072336834	0.52698479974246	NA	0.263855071760497	NA	NA	NA	0.738283987818591	0.486788709777601	NA	0.74609975884992	0.792418101994943	NA	NA	0.731081548937881	NA	NA	NA	0.602857974504955
2.15787569547666	NA	0.601978562772159	NA	1.07995587076144	1.1377672176817	1.52001867820423	NA	NA	NA	NA	1.41100597866695	NA	NA	1.42956033141111	NA	1.55314921898019	1.32403623027595	1.01720046377907	0.981582957554648	NA	NA	NA	0.856888952273605	NA	NA	NA	0.652700847074199	NA	NA	1.61653676880245	NA	NA	NA	0.727928639578849	NA	NA	0.58892196719587	0.72811646328555	NA
NA	NA	NA	NA	NA	NA	NA	NA	NA	NA	NA	NA	NA	NA	NA	NA	NA	NA	NA	NA	NA	NA	NA	NA	NA	NA	NA	NA	NA	NA	NA	NA	NA	NA	NA	NA	NA	NA	NA	NA
NA	NA	NA	NA	NA	NA	NA	NA	0.598193682849378	NA	1.32043274844208	1.24909954420313	NA	1.4107219528479	1.17350040508261	NA	NA	NA	0.71610879324649	0.708302176776879	0.914137530624593	0.5457334717973	NA	1.09731933133766	0.665231205652717	NA	NA	NA	1.63758332462228	0.727268402010808	NA	NA	1.08224355128059	0.555057141430752	0.633421743747149	0.816857806725715	NA	0.877437166328972	1.11997450462834	1.1514527786448
NA	NA	1.91148274658849	NA	NA	1.45703666714715	0.684779385701671	0.988279123246851	NA	NA	0.959331295110593	NA	NA	NA	0.870076190191674	NA	NA	NA	NA	NA	NA	NA	NA	NA	NA	NA	NA	NA	NA	NA	NA	NA	NA	NA	NA	NA	NA	NA	NA	0.349920083351593
2.40640973281697	3.12528691870942	NA	NA	NA	NA	2.54876790222238	2.14753535885964	2.07517969160217	3.09876870783641	3.14801850084817	2.49373616312094	NA	2.53299602072969	NA	NA	NA	2.43911599808135	2.42082273963662	2.42004648811742	NA	2.6651906411578	NA	2.28658136259364	2.17826821835997	2.3509967120951	2.02996600587689	1.84400791212949	1.94820203536731	NA	1.99706575802533	NA	2.22928702253386	2.10428208173999	0.79860005019266	1.80637679929733	NA	2.02349805705561	1.96089504483234	NA
NA	NA	0.811970487883356	NA	NA	NA	NA	1.67672563742453	1.46819991529844	NA	NA	NA	NA	1.59385385801058	1.19099541514838	NA	NA	NA	NA	NA	1.20383497976556	2.14455815319751	NA	NA	NA	2.0666485531167	1.65888362002241	NA	1.10544356143797	NA	NA	0.65869792473203	0.745764890291651	NA	0.139425228865952	NA	NA	NA	0.471704707333929	NA
NA	NA	NA	NA	NA	NA	NA	NA	NA	NA	NA	NA	NA	NA	NA	NA	NA	NA	NA	NA	NA	NA	NA	NA	NA	NA	NA	NA	NA	NA	NA	NA	NA	NA	NA	NA	NA	NA	NA	NA
NA	NA	NA	NA	NA	NA	NA	NA	NA	NA	NA	NA	NA	NA	NA	NA	NA	NA	NA	NA	NA	NA	NA	NA	NA	NA	NA	NA	NA	NA	NA	NA	NA	NA	NA	NA	NA	NA	NA	NA
NA	NA	NA	NA	NA	NA	NA	NA	NA	NA	NA	NA	NA	NA	NA	NA	NA	NA	NA	NA	NA	NA	NA	NA	NA	NA	NA	NA	NA	NA	NA	NA	NA	NA	NA	NA	NA	NA	NA	NA
NA	NA	NA	NA	NA	NA	NA	NA	NA	NA	NA	NA	NA	NA	NA	NA	NA	NA	NA	NA	NA	NA	NA	NA	NA	NA	NA	NA	NA	NA	NA	NA	NA	NA	NA	NA	NA	NA	NA	NA
NA	NA	NA	NA	NA	NA	NA	NA	NA	NA	NA	NA	NA	NA	NA	NA	NA	NA	NA	NA	NA	NA	NA	NA	NA	NA	NA	NA	NA	NA	NA	NA	NA	NA	NA	NA	NA	NA	NA	NA
NA	NA	NA	NA	NA	NA	NA	NA	NA	NA	NA	NA	NA	NA	NA	NA	NA	NA	NA	NA	NA	NA	NA	NA	NA	NA	NA	NA	NA	NA	NA	NA	NA	NA	NA	NA	NA	NA	NA	NA
0.474273076207868	NA	0.582372406188473	NA	NA	NA	0.789498797074937	1.20651035687134	1.33477841894086	NA	0.918374109591395	NA	0.302520665550205	0.187932151438061	0.461258575606927	1.49718900195745	0.348626720524965	0.720380433087182	0.362624418745288	0.698043086960526	1.07454565606441	NA	NA	0.446953340781692	NA	0.73002337641172	NA	0.616023511079775	NA	NA	NA	NA	0.522844348056952	NA	0.29834211207106	0.893885342812187	NA	NA	0.363585284948679	NA
NA	NA	NA	NA	NA	NA	NA	NA	NA	NA	NA	NA	NA	NA	NA	NA	NA	NA	NA	NA	NA	NA	NA	NA	NA	NA	NA	NA	NA	NA	NA	NA	NA	NA	NA	NA	NA	NA	NA	NA
0.779070252748405	1.07201966162418	0.657712738604246	NA	1.01343252271129	0.743710708126651	0.683711977405402	0.730765028248336	0.816819803654437	NA	1.21165456799621	0.829847623133658	NA	1.20345149177011	NA	NA	1.32115103167574	0.867526796336574	0.480387579601508	0.389778610478705	NA	0.694319928588404	NA	0.614632142383388	NA	0.410163888207598	0.498099074609374	0.141103295631426	0.92066126725291	NA	NA	NA	NA	NA	0.633455734529965	1.10103105602841	NA	NA	0.599230193407873	0.625785565667326
NA	NA	NA	NA	NA	NA	NA	NA	NA	NA	NA	NA	NA	NA	NA	NA	NA	NA	NA	NA	NA	NA	NA	NA	NA	NA	NA	NA	NA	NA	NA	NA	NA	NA	NA	NA	NA	NA	NA	NA
NA	NA	0.586616095398848	1.98040902592894	0.592690556913709	NA	NA	0.710707744217491	NA	NA	NA	1.00433926541176	NA	1.18453227609377	1.07753958681787	1.36735703528	1.31964003467245	0.855276096958639	0.366157154670421	2.00881608095662	NA	0.508255634729454	NA	0.152745848979025	0.476937356094468	0.417033690730429	NA	1.03679219130706	NA	0.929565143012827	NA	0.678376862432773	NA	0.85584093922613	NA	0.577672969194992	NA	NA	NA	NA
1.81491000185992	1.87547244980686	1.99474420299541	NA	2.02492899219922	NA	NA	NA	1.69794008284878	1.40350173490479	1.60387889972843	1.46917140216282	NA	1.3758107103745	NA	NA	0.967478341421631	NA	NA	0.749180175192752	NA	1.13641642408015	1.4323216965338	NA	1.27410156424392	NA	NA	1.39275272607777	1.24597809386885	NA	NA	NA	NA	NA	NA	NA	NA	0.82747852186022	0.30581649233516	NA
NA	NA	NA	NA	NA	NA	NA	NA	NA	NA	NA	NA	NA	NA	NA	NA	NA	NA	NA	NA	NA	NA	NA	NA	NA	NA	NA	NA	NA	NA	NA	NA	NA	NA	NA	NA	NA	NA	NA	NA
NA	NA	NA	0.631599166575965	0.870994916645121	0.544245381259442	NA	NA	0.439273700085981	0.731110565230241	0.755071908076126	1.06670707145609	NA	1.4999667512804	1.43371337272013	1.28055743219522	NA	1.32967432720363	NA	0.86215367426833	1.39480936583129	0.947993917194713	0.492102983611704	NA	NA	NA	0.32944772914144	NA	0.221388644135213	NA	0.780007751595027	NA	1.03156680971878	0.633800389125477	0.438715838347782	0.68125356376285	NA	NA	NA	NA
1.16888245726945	0.76887682527297	1.95011772328561	1.61812821563933	1.52082877480037	0.883674545165522	1.0684384302032	0.754299883563637	1.18799602245828	1.02953234324907	1.29705164632287	NA	NA	0.88719315647404	NA	1.23448219134576	0.768977536597285	0.780941547754481	0.565546978587835	0.314065497652495	0.419050681675033	0.672796299761262	0.64783947071298	NA	NA	NA	0.232406932491765	0.131381018455154	NA	NA	NA	0.75973619114838	0.647501577047757	0.954445575714603	0.958626370428513	NA	NA	NA	0.444290291556222	0.509817780684214
NA	NA	NA	NA	NA	NA	NA	NA	NA	NA	NA	NA	NA	NA	NA	NA	NA	NA	NA	NA	NA	NA	NA	NA	NA	NA	NA	NA	NA	NA	NA	NA	NA	NA	NA	NA	NA	NA	NA	NA
NA	NA	NA	NA	NA	NA	NA	NA	NA	NA	NA	NA	NA	NA	NA	NA	NA	NA	NA	NA	NA	NA	NA	NA	NA	NA	NA	NA	NA	NA	NA	NA	NA	NA	NA	NA	NA	NA	NA	NA
NA	0.966177756746048	NA	NA	NA	NA	NA	0.522952263584651	NA	NA	NA	NA	NA	NA	NA	NA	NA	NA	NA	NA	NA	NA	NA	NA	0.498489000552962	1.56705144106793	NA	NA	0.779339189606182	0.513618728366927	NA	0.353511576263927	NA	0.471112719482809	0.614458828613588	0.856346402190498	NA	0.501842407043878	0.47941067326899	NA
NA	NA	NA	NA	NA	NA	NA	NA	NA	NA	NA	NA	NA	NA	NA	NA	NA	NA	NA	NA	NA	NA	NA	NA	NA	NA	NA	NA	NA	NA	NA	NA	NA	NA	NA	NA	NA	NA	NA	NA
0.72130114817029	0.370013458794923	NA	0.179251586990332	NA	0.384404088316471	NA	0.763641727722286	0.25291961610794	NA	0.461927587812818	0.581947364054083	0.287965100622204	0.172842179002061	0.309081991372318	NA	0.441607161722571	NA	0.610022044739696	NA	0.968543065518286	0.861062900343642	0.755768984116799	0.527065008707614	NA	0.718181209703039	0.604053322558144	1.49436404662248	0.565439698668487	0.415535604398985	NA	NA	0.674985297423567	0.705441342404595	NA	0.622880836668998	NA	NA	0.399832915435492	NA
NA	0.257576513459115	0.628252463427862	NA	0.33542464666428	0.541437956461611	0.83175045227825	0.75984972245103	0.508508909114661	NA	0.980143818451663	NA	NA	0.814778629755664	NA	NA	0.826373456712477	1.02537160600128	0.72889015042581	0.595805015044093	NA	NA	NA	0.703881821287149	1.24910812672607	NA	NA	NA	NA	NA	NA	NA	NA	NA	NA	NA	NA	0.755260214977739	0.179788012865959	0.267251384979782
NA	NA	NA	NA	0.540738717569064	0.809072351448496	NA	0.69895628636725	0.965422421043639	NA	NA	NA	NA	NA	NA	2.11658335126529	1.22881817689249	NA	1.06413920672957	1.1752088062462	0.525155046747694	1.34384482826824	NA	NA	NA	NA	NA	NA	NA	1.94930828157164	NA	0.854172514330178	0.93903631359379	NA	1.56433906609797	1.54933230184761	NA	0.903413229754981	NA	0.368929451477341
1.88887917969663	1.49005263377303	NA	NA	NA	1.45382963595953	NA	NA	0.653233817810294	0.728578259656406	NA	0.951757283651036	1.01212784329296	0.826255287856917	NA	NA	NA	NA	1.00889904974401	0.914828463768155	0.906969380400713	1.19119476798694	0.975117778325092	NA	NA	NA	NA	0.774777790039305	NA	0.862172859332726	NA	NA	NA	0.473091300313944	NA	NA	NA	0.516525629662229	0.394044026195754	0.598776678561769
1.35855075825351	1.25109285492085	NA	NA	1.61179151610613	0.73494439196137	0.568708209368972	NA	0.667637593623917	NA	NA	0.521665256424156	NA	0.165278567410939	1.72861525129925	NA	NA	NA	0.57782123460831	0.486233559917969	0.710096759736985	NA	NA	NA	0.456236266542851	NA	NA	0.4809046706636	0.655911709327664	NA	NA	0.475848878071105	NA	0.156292244024987	0.334211796073184	0.379369019037088	NA	0.359170749332732	0.432686421253428	1.17448571770171
1.28901005297529	NA	NA	NA	NA	NA	NA	NA	NA	NA	NA	0.32407235312536	1.7010745142342	1.16637272043316	NA	NA	1.47759456158958	NA	1.71757751749043	1.1381933246374	1.4586466424317	1.49345789388818	1.93998693485492	NA	NA	NA	NA	0.276475161618378	NA	0.392880284321822	NA	1.91463044219325	NA	1.6540877279809	1.73535397705583	0.318532474683362	NA	0.590459026880419	NA	NA
NA	NA	NA	NA	NA	NA	NA	NA	NA	NA	NA	1.28232786387193	NA	NA	NA	NA	NA	NA	NA	NA	1.65657806587318	1.60509706009523	1.11712421592644	NA	0.601194584088272	0.284541421821933	NA	0.414758184088662	NA	0.459061259328947	0.47960259903825	0.271714602554531	0.44900019977937	0.294973696000862	NA	0.706631290644347	NA	NA	0.36846891736655	0.708630790312928
NA	NA	NA	NA	NA	NA	NA	NA	NA	NA	NA	NA	NA	NA	NA	NA	NA	NA	NA	NA	NA	NA	NA	NA	NA	NA	NA	NA	NA	NA	NA	NA	NA	NA	NA	NA	NA	NA	NA	NA
1.06139624188887	NA	NA	NA	NA	0.700296631462262	NA	NA	NA	1.86536161156186	NA	1.56730661552512	0.826263376811616	NA	1.95514220901989	0.792601949600577	0.544443517998452	NA	NA	NA	0.336807031550559	0.430934916522309	1.47233702382273	NA	NA	NA	NA	0.615371228603368	NA	NA	0.760503911201023	0.729617642020108	NA	0.279142793794602	0.545494486882554	0.306047394949303	NA	0.226217893800346	0.345321978037234	1.31070958935387
NA	NA	NA	NA	1.41578048810772	NA	NA	NA	0.828263610487632	0.738890418006098	NA	0.567303391749099	NA	NA	NA	0.601513495730278	0.574418279314645	NA	0.715223469125757	0.552827801613455	0.238930578860477	NA	NA	NA	NA	NA	NA	0.626463436718954	NA	NA	NA	NA	NA	NA	NA	NA	NA	1.07549185543305	NA	NA
NA	NA	NA	NA	NA	NA	NA	NA	NA	NA	NA	NA	NA	NA	NA	NA	NA	NA	NA	NA	NA	NA	NA	NA	NA	NA	NA	NA	NA	NA	NA	NA	NA	NA	NA	NA	NA	NA	NA	NA
NA	NA	NA	NA	NA	NA	NA	NA	NA	NA	NA	NA	NA	NA	NA	NA	NA	NA	NA	NA	NA	NA	NA	NA	NA	NA	NA	NA	NA	NA	NA	NA	NA	NA	NA	NA	NA	NA	NA	NA
NA	NA	NA	NA	NA	NA	NA	NA	NA	NA	NA	NA	NA	NA	NA	NA	NA	NA	NA	NA	NA	NA	NA	NA	NA	NA	NA	NA	NA	NA	NA	NA	NA	NA	NA	NA	NA	NA	NA	NA
NA	NA	NA	NA	NA	0.546098212792625	NA	NA	1.31730881576681	NA	NA	NA	NA	0.703623859385439	0.746994090658671	NA	1.26985572891994	NA	NA	0.516247581358316	0.268922366609553	NA	0.217128588011418	0.696386019003032	0.519138049528499	NA	0.899854699622021	0.613219758198862	1.09010192163479	NA	NA	1.07942111624136	1.0916005174903	NA	0.892306302915955	NA	NA	0.850925119263439	1.53297108375199	1.48757083242147
2.17337337590879	1.54998384509907	1.52533244541131	NA	1.07952313027878	0.977385616769392	NA	0.579833118913105	0.803521195902063	0.984641433539423	0.613951092866631	0.679270567559378	0.509190025060446	0.434292133993059	NA	1.36104345162916	NA	1.12670792461288	1.06083426746685	1.01090499885266	0.690119150025808	0.468987980111143	0.843793795646319	0.906082796887266	0.70454660361346	NA	0.709230409072004	NA	0.423361907158909	0.90876844610964	NA	NA	0.951540274392737	0.36023244429693	0.893776498413775	NA	NA	NA	NA	NA
NA	0.388446664923277	NA	NA	0.460477434775734	0.683472356281742	NA	0.610244426063799	1.16403895157571	NA	0.476768620645249	0.752879647716232	NA	0.87988673432808	0.969563439979806	0.902375929374302	1.0137545818557	NA	NA	0.737710933529517	1.49520871106237	0.461266131261405	0.527515979277695	0.413745548706573	NA	NA	0.604936159999695	NA	0.707214037472044	NA	NA	NA	NA	0.700628963354607	NA	0.739027405286309	NA	NA	NA	0.873118598991931
1.2103365886734	NA	NA	NA	1.63780084940047	NA	NA	1.07851702743342	1.4432315296289	NA	NA	NA	NA	NA	NA	NA	NA	NA	NA	1.06303910141517	0.967079583140634	1.48462621560212	1.15895188815731	NA	0.750396337825015	1.75975994339599	NA	NA	0.814667646303649	NA	NA	NA	1.7852613165137	NA	NA	0.296252063450867	NA	NA	0.807626843787967	0.482326872947099
NA	NA	NA	NA	NA	NA	NA	NA	NA	NA	NA	NA	NA	NA	NA	NA	NA	NA	NA	NA	NA	NA	NA	NA	NA	NA	NA	NA	NA	NA	NA	NA	NA	NA	NA	NA	NA	NA	NA	NA
NA	0.915567890722085	NA	NA	NA	1.35942647271364	NA	1.29384056964628	1.301918124917	1.67270927978695	NA	NA	1.80248795116736	1.82999855155451	NA	NA	1.85269628792019	1.57368986431475	NA	NA	NA	0.693007157531718	0.614939949229045	0.749372768782347	0.280894646916327	NA	NA	NA	NA	0.313788446624137	0.467480905994466	0.407706894366208	NA	0.467002879345126	0.303413306517823	NA	NA	NA	NA	NA
1.47399735332941	NA	1.02560304334003	NA	NA	NA	NA	NA	NA	NA	1.19366948866557	NA	NA	NA	NA	NA	NA	1.70543138404245	NA	NA	NA	NA	NA	NA	NA	NA	NA	NA	NA	NA	NA	NA	NA	0.594694320480273	NA	0.823945117724595	NA	1.06645090866991	1.02788322022045	NA
NA	1.07917543175364	1.36147934902911	NA	1.91453777002183	0.929620323741373	1.09966475038465	0.955620585270137	NA	1.41052100879408	1.44431839545375	1.29141078760257	NA	NA	0.703888252300324	0.865508706348734	0.959373243522453	0.968997565139966	1.44485292961389	0.776211216104592	1.254921949547	NA	NA	NA	0.622306815190464	0.849008830121081	1.62261710373569	NA	NA	NA	NA	0.576682752070872	NA	NA	NA	0.263999452998914	NA	NA	0.437928616932952	NA
NA	1.75908903069473	NA	NA	1.26191214309695	1.81006319286614	1.42985993307333	1.19659022065174	1.22938845701128	1.00739588925888	0.929815503749545	1.48713977954063	NA	1.61276872404175	NA	NA	1.81363278203428	1.43277312454077	1.21620932426003	1.26480483567639	0.74276406721525	0.128823422217768	0.212031535280503	NA	NA	NA	NA	0.593032279351984	0.894437354445064	NA	NA	0.599930448711517	0.203472676933197	NA	NA	NA	NA	0.607758388743957	0.396920749980911	0.513284005862055
NA	1.35048986387637	NA	0.943182997684169	1.97161002227872	1.41972532303948	0.802226830363744	0.871916377795396	NA	1.17062645850551	0.989427697075996	1.35634588623223	1.30760362210362	NA	NA	NA	1.26976138691855	1.26169328142869	1.65541924912284	1.15652939690001	0.734451325594215	0.498103868960168	NA	0.971768475027978	NA	1.22450462561155	NA	1.42334863617079	NA	NA	NA	0.899116045422203	NA	1.06607487141805	NA	NA	NA	NA	NA	0.782938131766326
NA	NA	NA	1.90921273872915	1.52137209174544	NA	1.07947230698576	1.1343001569081	1.18087733161752	NA	NA	NA	NA	0.793339353723158	NA	NA	0.631973808974069	NA	NA	0.400436848242718	0.377524950571163	0.343174693705961	NA	0.924530067508595	0.52182953030083	NA	NA	0.360613281165223	0.57112514488567	0.435481606769717	NA	0.216873971778029	0.492461764957997	0.655195295311673	NA	0.217309621757494	NA	0.785770791226024	1.53576535563973	NA
NA	NA	NA	NA	NA	NA	NA	NA	NA	NA	NA	NA	NA	NA	NA	NA	NA	NA	NA	NA	NA	NA	NA	NA	NA	NA	NA	NA	NA	NA	NA	NA	NA	NA	NA	NA	NA	NA	NA	NA
NA	NA	0.808490696663125	NA	NA	1.18369163176043	NA	1.48580905702236	NA	1.31132723615983	1.03311498868897	NA	2.06957327868946	1.95699089284722	NA	NA	1.69545188439879	1.66945489404811	NA	0.812509641894513	0.584485770162101	NA	0.497042340724187	0.474288759256045	NA	NA	NA	NA	NA	NA	NA	NA	NA	0.878159394292989	0.41948844017006	0.685113176399303	NA	0.378742776080983	NA	NA
NA	NA	NA	NA	NA	NA	NA	NA	NA	NA	NA	NA	NA	NA	NA	NA	NA	NA	NA	NA	NA	NA	NA	NA	NA	NA	NA	NA	NA	NA	NA	NA	NA	NA	NA	NA	NA	NA	NA	NA
NA	NA	NA	NA	NA	NA	NA	NA	NA	NA	NA	NA	NA	NA	NA	NA	NA	NA	NA	NA	NA	NA	NA	NA	NA	NA	NA	NA	NA	NA	NA	NA	NA	NA	NA	NA	NA	NA	NA	NA
NA	NA	NA	NA	NA	NA	NA	NA	NA	NA	NA	NA	NA	NA	NA	NA	NA	NA	NA	NA	NA	NA	NA	NA	NA	NA	NA	NA	NA	NA	NA	NA	NA	NA	NA	NA	NA	NA	NA	NA
NA	NA	NA	NA	NA	NA	1.18651389507232	NA	1.53754564996359	NA	NA	NA	NA	NA	0.879447431561339	NA	1.18248382543826	1.24839397538127	0.726906419051113	0.644815538708931	1.01629928895573	1.16853817791732	1.36572465718983	NA	1.49238436286467	NA	NA	1.63140914839726	1.42152041284694	1.42690569055519	NA	0.788109019291434	1.01630924478689	0.859438048587993	NA	NA	NA	NA	0.382843204417778	NA
NA	NA	NA	NA	NA	NA	NA	NA	NA	NA	NA	NA	NA	NA	NA	NA	NA	NA	NA	NA	NA	NA	NA	NA	NA	NA	NA	NA	NA	NA	NA	NA	NA	NA	NA	NA	NA	NA	NA	NA
0.6277450244907	NA	NA	NA	NA	0.686617927893338	NA	0.901285515655173	NA	NA	NA	NA	NA	NA	NA	NA	0.62681755027911	NA	NA	NA	0.356573008582388	0.469552093686005	NA	0.189810713818865	NA	NA	NA	0.61039866595568	NA	0.229392366202101	NA	0.560890017326292	0.397352987553289	0.51566605395288	NA	0.764136131687089	NA	0.183382017937552	NA	NA
NA	NA	NA	NA	NA	NA	NA	NA	NA	NA	NA	NA	NA	NA	NA	NA	NA	NA	NA	NA	NA	NA	NA	NA	NA	NA	NA	NA	NA	NA	NA	NA	NA	NA	NA	NA	NA	NA	NA	NA
NA	NA	NA	NA	NA	NA	NA	NA	NA	NA	NA	NA	NA	NA	NA	NA	NA	NA	NA	NA	NA	NA	NA	NA	NA	NA	NA	NA	NA	NA	NA	NA	NA	NA	NA	NA	NA	NA	NA	NA
0.65728178604673	NA	0.834459787545573	NA	NA	NA	NA	0.576021637015288	NA	NA	NA	NA	NA	NA	NA	NA	NA	0.360691136688503	NA	NA	1.03424664925975	0.911597666158789	0.547089226963294	0.376145900046067	0.31666444509639	NA	0.452383786508108	NA	NA	NA	NA	0.47187765988772	0.0620184453773809	NA	1.09292190203722	0.286195157570197	NA	0.458176902183456	0.531096780432039	0.559760623208117
NA	NA	NA	NA	NA	NA	NA	NA	NA	NA	NA	NA	NA	NA	NA	NA	NA	NA	NA	NA	NA	NA	NA	NA	NA	NA	NA	NA	NA	NA	NA	NA	NA	NA	NA	NA	NA	NA	NA	NA
NA	NA	NA	NA	NA	NA	NA	NA	NA	NA	NA	NA	NA	NA	NA	NA	NA	NA	NA	NA	NA	NA	NA	NA	NA	NA	NA	NA	NA	NA	NA	NA	NA	NA	NA	NA	NA	NA	NA	NA
NA	NA	NA	NA	NA	NA	NA	NA	NA	NA	NA	NA	NA	NA	NA	NA	NA	NA	NA	NA	NA	NA	NA	NA	NA	NA	NA	NA	NA	NA	NA	NA	NA	NA	NA	NA	NA	NA	NA	NA
NA	NA	NA	0.574755019351025	1.05487797138285	NA	1.65339723911922	1.41392859067968	1.57012884106107	NA	NA	1.65665892584857	NA	NA	1.81421770394302	1.75953522658979	NA	1.63574801855117	NA	NA	1.39323317665852	0.977831239690221	0.840895025483297	0.772676195578023	NA	1.0729799464737	NA	0.784138398820013	NA	NA	0.904930648022883	NA	0.527442823201702	NA	NA	NA	NA	NA	0.738591466632193	0.874916894510466
NA	NA	NA	NA	NA	NA	1.40834556723667	NA	1.54489374211724	NA	NA	NA	NA	0.681330297649397	0.580288329112603	NA	NA	NA	NA	NA	NA	NA	NA	NA	NA	NA	NA	NA	NA	NA	NA	1.20069736034706	NA	NA	NA	NA	NA	NA	NA	0.995757857879041
NA	NA	1.53586505915401	NA	NA	NA	NA	NA	NA	NA	NA	NA	NA	NA	NA	NA	NA	NA	NA	NA	NA	NA	1.17184987866343	NA	0.988613957237756	0.978864168132529	0.952802250412521	NA	0.607019330240511	0.985210866063783	1.88297481452352	0.938567895648	1.2094614817337	0.75931465469713	0.681884483242082	0.448858291787717	NA	0.397642225318726	0.301601542442544	1.53459109507217
NA	NA	NA	NA	NA	NA	NA	NA	NA	NA	NA	NA	NA	NA	NA	NA	NA	NA	NA	NA	NA	NA	NA	NA	NA	NA	NA	NA	NA	NA	NA	NA	NA	NA	NA	NA	NA	NA	NA	NA
NA	NA	NA	NA	NA	NA	NA	NA	NA	NA	NA	NA	NA	NA	NA	NA	NA	NA	NA	NA	NA	NA	NA	NA	NA	NA	NA	NA	NA	NA	NA	NA	NA	NA	NA	NA	NA	NA	NA	NA
0.498172067938122	0.282095409312555	0.504787463132142	NA	0.266540535853081	NA	NA	NA	1.15424416826794	0.5319266258295	0.284611022383503	0.673354945710284	0.633656686429905	1.10218955751614	1.33634681926871	1.08844929760321	0.800024662201551	NA	NA	0.482742913995307	NA	NA	0.845923328699776	0.774125053692383	0.573808979154464	0.905817936682945	NA	NA	0.424308361730201	0.552066380374376	0.210525294215232	0.588337519489685	0.522678014668545	0.945782048364026	0.603330238360537	0.600996381628437	NA	0.13631845571264	0.333476098385131	0.0850803699620878
NA	NA	NA	NA	NA	NA	NA	NA	NA	NA	NA	NA	NA	NA	NA	NA	NA	NA	NA	NA	NA	NA	NA	NA	NA	NA	NA	NA	NA	NA	NA	NA	NA	NA	NA	NA	NA	NA	NA	NA
NA	NA	NA	NA	NA	NA	NA	NA	NA	NA	NA	NA	NA	NA	NA	NA	NA	NA	NA	NA	NA	NA	NA	NA	NA	NA	NA	NA	NA	NA	NA	NA	NA	NA	NA	NA	NA	NA	NA	NA
NA	NA	0.726032442311935	NA	0.729317494832363	0.624749456456786	1.11368918764795	0.828420695571744	0.509672114587616	1.01148627847822	1.0731866063339	0.307349123737585	NA	0.360408275885396	0.341826797874489	NA	NA	0.513137911836108	0.742028631652366	0.918798372793969	0.741857405177483	0.554491601906092	0.783021221179102	NA	NA	NA	NA	0.784125449163553	0.601829731265004	NA	0.849809320889981	NA	NA	0.435586252922634	0.311085303768744	NA	NA	0.194883948958197	0.352848109819925	NA
NA	NA	NA	NA	1.70552998485456	1.04402708464422	1.11900514683507	NA	1.32668007726614	NA	1.32330509851899	NA	1.14223218745114	1.33036734028337	NA	NA	1.4478412731492	1.5652872564498	1.6665313417772	NA	1.33254341209357	0.508390287312598	0.273499577726375	0.311332467305298	NA	NA	1.0784058267814	NA	NA	NA	NA	NA	0.677563452103843	NA	NA	0.232476887465153	NA	0.332908458936796	0.715165698363995	NA
1.97581233587487	NA	0.377676564425272	1.65278644353513	NA	NA	NA	NA	1.69272757003913	NA	NA	NA	1.42775475606831	0.357137632522522	0.722735492253592	NA	0.876183979624489	1.43692010984342	1.87649760756387	1.34745127857391	1.42530805469005	1.34695512176727	1.45064951067042	0.955667222438515	NA	0.651477072342388	2.90349458883848	NA	NA	NA	0.52728193132022	1.06996767873096	NA	NA	1.07797378837825	1.1277907280225	NA	NA	1.56658087525981	NA
NA	NA	0.80947117209504	1.26259524488441	NA	NA	0.923929398449404	NA	NA	1.34740723717655	NA	1.74278010294055	1.43219229237745	NA	NA	1.5072716602356	1.34900685314359	0.70731552408642	NA	1.20503227726514	1.02672169413084	1.07754441819453	NA	0.626870420752896	NA	0.489221655762795	NA	NA	NA	NA	0.316609925417348	NA	NA	0.416770995864581	0.303919636921128	0.317842221389384	NA	NA	0.329738157305068	NA
NA	NA	NA	NA	NA	NA	NA	NA	NA	NA	NA	NA	NA	NA	NA	NA	NA	NA	NA	NA	NA	NA	NA	NA	NA	NA	NA	NA	NA	NA	NA	NA	NA	NA	NA	NA	NA	NA	NA	NA
NA	1.64554292221186	NA	NA	1.66432556101348	0.921341213067879	1.75968947213581	0.329129355235834	0.449745854736871	0.604138621470232	0.370624790422977	0.651636051035397	NA	0.45802362193842	0.436142162352083	0.424097151107635	NA	0.280412129753276	NA	0.442448977918831	NA	0.595460050162918	NA	NA	NA	NA	1.22813821112488	NA	NA	NA	NA	NA	NA	NA	NA	NA	NA	NA	NA	NA
0.67644967379318	0.870935751707024	0.869881145746114	NA	0.91114603703726	NA	NA	NA	0.715809167487652	NA	NA	NA	0.779812250670668	NA	0.486760673528537	0.652523806462141	0.821252544210989	1.07639065079331	0.479314580556122	0.865635748841267	NA	0.810040914555815	NA	NA	NA	NA	0.477475968446691	NA	NA	0.625190975405395	0.372248812087223	0.820506977175328	NA	NA	NA	NA	NA	0.739695654808669	NA	0.353285136848348
0.999346539508169	NA	NA	NA	NA	0.75229905768117	0.719350844916008	0.688104652939264	NA	NA	0.448711887463682	NA	NA	0.973944678733097	0.686494900333112	0.650668444894767	0.509742394232871	0.574993824021181	0.249115013781846	0.434793486921533	0.407782731594367	0.601745200958636	0.241690675678093	NA	NA	NA	NA	NA	NA	NA	NA	0.753481383590568	NA	NA	0.979400430101067	NA	NA	0.566934088721542	0.757572577408235	0.679833287317516
NA	NA	NA	NA	NA	NA	NA	NA	NA	NA	NA	NA	NA	NA	NA	NA	NA	NA	NA	NA	NA	NA	NA	NA	NA	NA	NA	NA	NA	NA	NA	NA	NA	NA	NA	NA	NA	NA	NA	NA
NA	NA	1.08456574733519	0.670306359078936	0.707624245836164	1.10813104796279	NA	NA	1.28607997647883	1.04917007486498	NA	NA	0.861569157462286	1.00464458158996	NA	NA	NA	1.31010101577052	NA	NA	NA	NA	NA	NA	NA	0.72329883213942	NA	0.293074524184701	NA	0.281432939976526	NA	0.639344343184956	0.335461293731796	0.177447124488772	0.416371764294065	NA	NA	0.0769663060827914	0.232745149493861	NA
NA	NA	NA	NA	NA	NA	NA	NA	NA	NA	NA	NA	NA	NA	NA	NA	NA	NA	NA	NA	NA	NA	NA	NA	NA	NA	NA	NA	NA	NA	NA	NA	NA	NA	NA	NA	NA	NA	NA	NA
NA	NA	NA	NA	NA	NA	NA	NA	NA	NA	NA	NA	NA	NA	NA	NA	NA	NA	NA	NA	NA	1.48347177555274	0.834035802897897	1.0385552112501	1.33334077090531	1.04075459095206	NA	NA	NA	1.49978644137756	0.768138314544977	1.2321276600765	1.29039327658433	1.15533502507623	NA	NA	NA	NA	0.7788608310544	NA
0.76810515836211	1.08636122801828	NA	1.98310599968348	NA	1.8857886726431	NA	1.040742351131	0.586293901336249	NA	NA	0.724390482751231	NA	0.736886684203568	1.19673307549877	NA	NA	NA	NA	NA	0.974334824304185	1.09306181094522	1.07946503820875	1.02054970887239	0.971610351501551	NA	0.806610182564306	NA	NA	0.399281029508032	NA	NA	NA	NA	NA	0.285378581863379	NA	0.242360342608302	NA	NA
NA	0.93551277277723	NA	NA	NA	NA	NA	NA	NA	NA	NA	NA	NA	1.06803286669701	NA	0.453651461642903	0.458554875165266	NA	NA	NA	NA	NA	NA	NA	0.255521516832423	NA	NA	NA	NA	NA	NA	NA	NA	NA	NA	NA	NA	NA	1.39031128335075	NA
NA	NA	1.86137091217576	1.18539960001556	1.39821500539844	0.247143176704049	0.496899478069377	0.4931007210836	0.70122304292219	0.596296579209863	1.49990948067313	0.825384032232661	1.4829776407199	0.593757960273401	NA	1.25090617419592	0.745431349060457	0.683229908646104	0.837957302846259	0.794207328925588	0.624122918305442	1.22957069859554	1.25562475481026	1.7971135461894	1.77654607790184	0.285697202460319	0.499973983127841	NA	NA	0.380117121915415	NA	NA	0.53042915602727	0.830861303126677	0.458602728790635	NA	NA	0.528718985188312	0.641664330245841	1.70205484772363
NA	NA	NA	NA	NA	NA	NA	NA	NA	NA	NA	NA	NA	NA	NA	NA	NA	NA	NA	NA	NA	NA	NA	NA	NA	NA	NA	NA	NA	NA	NA	NA	NA	NA	NA	NA	NA	NA	NA	NA
NA	NA	NA	NA	NA	NA	NA	NA	NA	NA	NA	NA	NA	NA	NA	NA	NA	NA	NA	NA	NA	NA	NA	NA	NA	NA	NA	NA	NA	NA	NA	NA	NA	NA	NA	NA	NA	NA	NA	NA
NA	NA	NA	NA	NA	NA	NA	NA	NA	NA	NA	NA	NA	NA	NA	NA	NA	NA	NA	NA	NA	NA	NA	NA	NA	NA	1.05815032871723	1.12034534330143	0.841214465269872	0.96267139241005	0.773671015723045	0.291251921773359	0.427903095999779	0.171327980936175	0.0565329709364752	0.291621831591506	NA	0.104443078381403	0.372212893156362	0.587517796190958
NA	0.684749693776976	NA	NA	NA	1.05223896613064	1.12365123743055	0.736114467405188	1.06267609629053	NA	1.2905077594663	NA	NA	1.22735892486909	1.17945712942281	0.798739173058729	0.973424903442838	1.05312854277972	0.942753975068898	1.18692301045958	1.64179417879704	NA	0.603034617760614	0.67712490125098	0.736968105483463	0.643425959029247	0.648485869940134	0.904543352081097	1.22384102022894	1.34391122011608	1.18515733406791	1.22287481930877	NA	NA	1.06820726386568	0.31442820702052	NA	0.496605845258066	0.956498244891552	0.947990512013469
NA	NA	NA	NA	1.03493618577039	1.58122615809876	1.91646707176716	1.45967815153313	1.94036126488897	1.75306475732798	1.40503883689848	1.92321049886058	NA	NA	NA	2.3719145111024	2.30979667787287	NA	1.71239789893524	0.937132110925282	1.79370030463299	1.47228637774164	NA	2.04322603175039	1.52803036092146	0.987877045364476	NA	NA	NA	2.27585742156719	NA	0.956803168799766	NA	NA	2.17719885470793	0.696684036643642	NA	0.812904244546074	NA	0.704539964082519
NA	NA	NA	NA	NA	NA	NA	NA	NA	NA	0.571809309912197	NA	NA	NA	NA	NA	NA	NA	NA	NA	0.544767183022432	0.839980973625139	NA	NA	NA	2.21465060477412	NA	0.54755677105835	NA	NA	NA	NA	NA	0.669985614289645	0.54238188884731	0.895741390316349	NA	0.312104735133926	0.336979558890276	0.332281900336008
NA	NA	NA	NA	NA	NA	NA	NA	NA	NA	NA	NA	NA	NA	NA	NA	NA	NA	NA	NA	NA	NA	NA	NA	NA	NA	NA	NA	NA	NA	NA	NA	NA	NA	NA	NA	NA	NA	NA	NA
1.01026330083266	0.891099777194774	0.814356833301395	0.788682546536963	1.00548251147817	2.52942473262983	1.52462917408217	NA	NA	NA	1.26716510893561	NA	0.838361812679524	1.84372643577836	NA	0.579566258704521	NA	0.789559430165419	NA	NA	0.907776498641198	2.03036893843494	0.56092035582431	NA	1.48251616739498	2.28375117555776	NA	2.10914886618623	NA	NA	NA	0.457217102880966	NA	NA	NA	2.69214690944802	NA	2.73488986452684	1.23498052076782	2.33170448966744
1.26701990708643	NA	NA	NA	NA	0.418755250887896	0.436784430324504	0.468422503761174	0.61676757044577	0.225934760280412	NA	0.903463296225742	NA	0.497232734956687	NA	NA	0.755108462758987	0.352265616836058	NA	0.440512102384644	0.750952155671198	0.174078961511528	NA	NA	NA	NA	NA	0.870271344874347	0.343774922931453	1.05316993338989	NA	NA	0.934992585480444	0.415646706870904	0.791656980748443	NA	NA	NA	0.532019251634287	0.242032355203849
1.27288629939769	NA	NA	NA	NA	1.50506211200324	1.24094277733142	1.377427823455	1.24376193678338	1.16522237383223	NA	NA	1.07447567834755	0.748971259989166	0.662499544357238	NA	NA	NA	NA	NA	0.824990663030147	NA	0.79110213952684	0.84868114242202	NA	NA	NA	0.890055588194875	0.60549035487247	0.610242006821964	NA	NA	NA	NA	0.164859631880519	0.194398885276457	NA	0.357828642739849	0.379715726552741	NA
1.11119917218734	NA	NA	NA	NA	1.45461958878364	2.75874811252451	NA	NA	NA	2.75659400877927	1.26194045967511	NA	NA	NA	NA	NA	NA	NA	NA	NA	1.17866735619541	2.03852447804226	1.53652430299608	0.730314290794852	0.797450669068721	0.601419206770833	0.763333376857854	0.92430924796066	1.12450881421939	1.12460829963072	0.884804560898857	1.23560027224327	NA	0.265257892977756	2.01040576845446	NA	1.46620363926527	0.812969021409433	0.671379184767561
0.766660516534015	0.610772473595451	NA	0.319286246563086	0.727807785361601	0.653853999090329	0.372982130247315	0.505127816991882	0.831705852906295	0.387004684826365	0.348917802634251	0.474265145429234	1.042452498647	1.29303166084785	1.8001927545147	NA	0.745151975059928	0.481339709356638	NA	0.351044199602047	1.47021890912687	NA	0.448291042274173	0.344838664470069	0.329789360345611	0.456215815803125	0.23250238205973	NA	0.15797137203082	NA	0.325626146821041	0.334491848036779	0.58921580099167	0.316555517271026	0.28213685072643	0.501082999984318	NA	0.482628710327574	0.392662976124386	0.230285530022295
NA	NA	NA	NA	NA	NA	NA	NA	NA	0.646697097722803	NA	NA	NA	NA	NA	0.813945845239521	NA	NA	NA	1.65493496120166	NA	1.22262776624787	NA	0.0926084103145416	0.187172525513529	0.491230755005466	NA	NA	NA	NA	0.47019764051744	0.61364262420558	NA	0.67814046247909	0.602341882658087	NA	NA	0.56152688209491	0.706989603054403	NA
NA	NA	NA	NA	NA	NA	1.47072097972328	1.34703628917046	1.43967308667312	1.75343107872312	1.14760557413184	1.07988246333866	NA	1.19553602370862	1.30158824307842	0.900588575996543	NA	0.653620205802599	NA	0.402808657046598	0.239395022341797	NA	NA	NA	0.46516417766179	NA	NA	0.562354166756048	NA	0.937526165206597	NA	0.506199567108686	0.524848280342304	NA	0.298318302543143	0.597864654912156	NA	NA	0.877269845334671	1.81135916418468
0.495713984231782	NA	0.764623579228494	NA	1.99450449451648	NA	0.322488909636335	0.333454094847293	1.61684058749546	NA	NA	NA	1.42485364579385	1.67095402600909	NA	1.52613226747635	0.746382709641528	1.5866222944269	NA	1.175651040818	0.821397427229854	0.773554020157839	0.850309621973933	0.722731963820071	0.822423478760562	0.260236263121836	NA	NA	0.825990200459237	NA	0.616379160286513	0.384959583996025	0.420161744588493	0.228237313226352	0.508941029118859	0.108985130480266	NA	0.383969643143962	NA	0.326897641934646
NA	NA	NA	NA	NA	NA	NA	NA	NA	NA	NA	NA	NA	NA	NA	NA	NA	NA	NA	NA	NA	NA	NA	NA	NA	NA	NA	NA	NA	NA	NA	NA	NA	NA	NA	NA	NA	NA	NA	NA
NA	NA	NA	NA	NA	NA	NA	NA	NA	NA	NA	NA	NA	NA	NA	NA	NA	NA	NA	NA	NA	NA	NA	1.60425738890773	NA	1.98893596034909	NA	NA	NA	NA	NA	NA	NA	0.58480554525481	NA	0.356331481379648	NA	NA	NA	0.753151454997467
NA	NA	NA	NA	NA	NA	NA	NA	NA	NA	NA	NA	NA	NA	NA	NA	NA	NA	NA	NA	NA	NA	NA	NA	NA	NA	NA	NA	NA	NA	NA	NA	NA	NA	NA	NA	NA	NA	NA	NA
0.655332172334576	NA	NA	NA	NA	1.3710412362237	NA	0.655246216860893	1.06803869691698	1.12532358541513	NA	NA	NA	0.439982084681432	0.756121386429387	0.568939674507899	NA	1.98855368085316	NA	0.246634179668694	0.455825694664862	NA	0.853240667040637	0.6493432189628	1.1253921977715	NA	1.30812289017329	NA	0.61275041482552	NA	NA	NA	NA	NA	0.402028190312789	0.543976108720852	NA	0.660694063968016	NA	0.628372575921195
NA	NA	NA	NA	NA	NA	NA	NA	NA	NA	NA	NA	NA	NA	NA	NA	NA	NA	NA	NA	NA	NA	NA	NA	NA	NA	NA	NA	NA	NA	NA	NA	NA	NA	NA	NA	NA	NA	NA	NA
NA	NA	NA	NA	NA	NA	NA	NA	1.11973979319657	1.41325696128027	NA	0.589373848839668	NA	1.56808132858999	0.506801045645111	NA	NA	NA	NA	NA	NA	0.395186365573174	0.886148028809006	0.380175402340668	NA	NA	NA	NA	0.997698292384027	NA	NA	0.445664108294006	0.479202479503095	0.963422863418068	0.633286606336024	0.39741722181573	NA	1.20073715163922	1.89619743942428	NA
NA	NA	NA	1.03539904308495	0.760710762163684	NA	0.716341870251546	NA	NA	NA	NA	NA	NA	NA	NA	NA	NA	NA	NA	0.199384244215517	NA	NA	NA	NA	NA	NA	NA	NA	NA	NA	NA	NA	NA	NA	NA	NA	NA	NA	NA	0.725045936232699
NA	NA	NA	NA	NA	NA	NA	NA	0.932754821913635	1.14137406338259	NA	NA	NA	NA	NA	NA	1.14781882520629	NA	NA	NA	0.589040318568037	0.650116956995429	NA	NA	0.369847258431771	NA	NA	NA	NA	NA	0.128181951789826	0.171864342705345	0.435521902971903	0.561402993330806	0.563179562935947	0.418066803465548	NA	1.16903479439157	0.785851387896158	0.923493065305874
NA	0.86029029809866	NA	NA	1.05589679537242	1.31387050283993	NA	0.875854590528893	NA	0.400264313603329	NA	0.796541030427327	0.949074929565475	NA	0.978517267952006	0.813672487683459	0.690097052484965	NA	0.620222852693674	NA	1.078564433135	1.05262113504683	0.975351223469414	0.938621232715371	1.06233985409137	NA	NA	0.576431351294335	0.384548068146314	NA	0.634515298749746	0.724206117628622	0.677551384110003	NA	NA	NA	NA	0.53153652501518	NA	NA
NA	NA	NA	NA	NA	NA	NA	NA	NA	NA	NA	NA	NA	NA	NA	NA	NA	NA	NA	NA	NA	NA	NA	NA	NA	NA	NA	NA	NA	NA	NA	NA	NA	NA	NA	NA	NA	NA	NA	NA
NA	NA	NA	0.583981514651093	NA	NA	NA	NA	NA	NA	NA	NA	NA	NA	NA	NA	NA	NA	NA	NA	NA	NA	NA	NA	NA	NA	NA	NA	NA	NA	NA	NA	0.434175685814304	NA	NA	0.229284657312711	NA	NA	0.179200873642899	0.573289152693586
NA	NA	NA	NA	NA	NA	NA	NA	NA	NA	NA	NA	NA	NA	NA	NA	NA	NA	NA	NA	NA	NA	NA	NA	NA	NA	NA	NA	NA	NA	NA	NA	NA	NA	NA	NA	NA	NA	NA	NA
NA	NA	NA	NA	NA	NA	NA	2.10120600711428	2.28992842132195	2.37094952516754	1.93627494990718	NA	NA	1.4610171416581	NA	NA	NA	NA	2.17111232341728	1.9094878118599	2.34555657358489	1.70713430588846	1.71234652729469	1.51526588099595	2.49766387645818	1.60486817109209	NA	NA	2.03693210282733	NA	1.47678618731903	1.49464406017636	1.8162088580899	1.49496400983561	NA	NA	NA	1.88113854369748	1.8060573395891	1.41807007822273
NA	NA	NA	NA	NA	NA	NA	NA	NA	NA	NA	NA	NA	NA	NA	NA	NA	NA	NA	NA	NA	NA	NA	NA	NA	NA	NA	NA	NA	1.47283286708238	1.3016071364384	1.19058505279171	1.12749644377528	0.494222516495919	0.529408455516081	0.23928213227112	NA	0.07238576397465	0.046335240599975	0.432992994910666
NA	NA	NA	NA	NA	NA	NA	NA	NA	NA	NA	NA	NA	NA	NA	NA	NA	NA	NA	NA	NA	NA	NA	NA	NA	NA	NA	NA	NA	NA	NA	NA	NA	NA	NA	NA	NA	NA	NA	NA
NA	NA	NA	NA	NA	2.26190300249152	NA	NA	NA	NA	2.35296529155975	1.49860680270101	NA	NA	NA	NA	NA	NA	NA	NA	NA	NA	NA	NA	1.4284922590125	NA	NA	1.24169765920055	1.00843005526242	NA	NA	0.764393177950235	NA	0.565404969713471	NA	NA	NA	NA	NA	NA
NA	NA	NA	NA	NA	NA	NA	NA	NA	NA	NA	NA	NA	NA	NA	NA	NA	NA	NA	NA	NA	NA	NA	NA	NA	NA	NA	NA	NA	NA	NA	NA	NA	NA	NA	NA	NA	NA	NA	NA
NA	NA	0.66500650870164	NA	NA	1.27398134298938	1.51899469144422	1.89009336526733	1.25783610003047	1.40249856401576	1.31652361108813	NA	1.89236092913593	NA	NA	1.30847036414967	0.971887234658993	1.32518230747482	NA	1.3282801592153	1.50141329351618	1.18482180975475	0.515614537732392	NA	2.38096865569362	3.02684786494715	NA	0.220254244326654	NA	2.67542809332007	NA	NA	NA	NA	NA	NA	NA	0.469585931617086	NA	2.7194229476998
NA	NA	NA	NA	NA	NA	NA	NA	NA	NA	NA	NA	NA	NA	NA	NA	NA	NA	NA	NA	NA	NA	NA	NA	NA	NA	NA	NA	NA	NA	NA	NA	NA	NA	NA	NA	NA	NA	NA	NA
NA	NA	NA	NA	NA	NA	NA	NA	NA	NA	NA	NA	NA	NA	NA	NA	NA	NA	NA	NA	NA	1.77539718030332	1.72667378048029	1.17173731433034	1.03350378370813	1.06764206563191	1.06480411812986	0.905335985019947	1.01697218357673	0.576771896528976	0.976262574243739	0.781698405805747	0.891480457245896	0.680161379756996	0.712898506064228	0.465143459264688	NA	0.51557311938547	0.74884718390735	0.427684587533932
NA	NA	NA	NA	NA	NA	NA	NA	NA	NA	NA	NA	NA	NA	NA	NA	NA	NA	NA	NA	NA	NA	NA	NA	NA	NA	NA	NA	NA	NA	NA	NA	NA	NA	NA	NA	NA	NA	NA	NA
1.19611131083971	NA	0.894695510635502	NA	1.09092096218345	0.655893349912753	1.12123318217128	0.614195505070745	0.718119171600941	0.623629950504813	0.568836460863439	0.780992915949812	NA	0.617818621839029	0.683787728154217	0.484774568284901	0.206568871532263	0.364525515799386	0.828926865716819	0.569653434162876	0.45952498058015	0.384247208067913	NA	NA	NA	NA	NA	NA	NA	NA	NA	0.242720469796489	NA	0.927905250058388	NA	0.156045916715954	NA	0.974250431864978	0.79120319317633	0.71886398961282
0.415508918910453	0.486386229491513	0.419610749651933	NA	1.19825792992397	1.23221572811534	NA	1.6664101871417	1.23322897894024	0.694332556588779	0.904283704413597	1.15484538199032	1.42421844161823	0.651631522191432	NA	1.27429177942165	1.47688260918242	1.55000784254506	1.36884847787228	1.31656056573283	NA	0.371650995084808	0.457109363899446	1.11576058369661	NA	NA	NA	0.478688394896177	1.39405196592598	0.360971618073238	0.891416003233219	1.6889758879695	NA	0.785448321019575	0.356597086003373	NA	NA	0.392755103708674	0.542306672054341	0.724722669541227
NA	NA	NA	NA	NA	NA	NA	NA	NA	NA	NA	NA	NA	NA	NA	NA	NA	NA	NA	NA	NA	NA	NA	NA	NA	NA	NA	NA	NA	NA	NA	NA	NA	NA	NA	NA	NA	NA	NA	NA
0.193194365320637	0.17519054154771	NA	NA	NA	1.48196596129817	NA	NA	NA	NA	NA	NA	NA	0.361457177467509	0.377567492542265	0.479281037494683	1.46704057859143	NA	NA	0.206203353666366	0.257644353611948	NA	NA	NA	NA	NA	NA	0.440446421683206	NA	NA	NA	NA	NA	0.351664363415754	0.816206983431401	1.45757820713171	NA	0.297717398838442	0.647835258206722	0.34616222505823
NA	NA	NA	NA	NA	NA	NA	NA	1.12903225960774	0.56004432548783	0.988635338541752	0.996137614768857	NA	NA	1.23521098161288	NA	NA	NA	NA	0.82655123992264	0.98933687532976	NA	1.05373635781837	NA	NA	NA	NA	NA	NA	NA	NA	NA	NA	0.879659754493661	NA	NA	NA	NA	NA	NA
NA	NA	NA	NA	NA	NA	NA	NA	NA	NA	NA	NA	NA	NA	NA	NA	NA	NA	NA	NA	NA	NA	NA	NA	NA	NA	NA	NA	NA	NA	NA	NA	NA	NA	NA	NA	NA	NA	NA	NA
NA	NA	NA	NA	NA	NA	NA	NA	NA	NA	NA	NA	NA	NA	NA	NA	NA	NA	NA	NA	NA	NA	NA	NA	NA	NA	NA	NA	NA	NA	NA	NA	NA	NA	NA	NA	NA	NA	NA	NA
NA	1.08729533171341	1.83367186576258	2.02576563702044	NA	1.89717270835604	1.5989404375637	NA	NA	NA	1.81406657849276	1.91359155301314	NA	NA	NA	1.57288831787616	1.52616901497453	2.21035962575719	1.73387479823479	1.5277657994567	1.04540438135496	1.68448748077916	1.00236359213677	1.1892844718772	0.747982984551609	1.3344641440319	0.725356649957961	1.18369099789759	0.710435451659711	0.838249913643522	0.635789136935636	NA	1.29063530071663	0.330762010625466	0.386328730282901	1.11964003179482	NA	0.312879849496984	0.177913491835598	0.29960632282906
NA	NA	NA	NA	NA	NA	NA	NA	NA	NA	NA	NA	NA	NA	NA	NA	NA	NA	NA	NA	NA	NA	NA	NA	NA	NA	NA	NA	NA	NA	NA	NA	NA	NA	NA	NA	NA	NA	NA	NA
NA	NA	NA	NA	NA	NA	NA	NA	NA	NA	NA	NA	NA	NA	NA	NA	NA	NA	NA	NA	NA	NA	NA	NA	NA	NA	NA	NA	NA	NA	NA	NA	NA	NA	NA	NA	NA	NA	NA	NA
2.77013612213917	1.81609442515066	2.08736828851266	1.92372008877299	2.24213291702286	NA	2.84687775041908	2.70848292684095	2.46587264443521	NA	1.97992078964333	NA	NA	3.17826126764808	2.41444672007795	NA	2.81552584113923	2.41784312915743	1.14829546810992	1.8819555496293	2.09182788930294	1.96879792168018	2.1638060430005	2.82376443910123	2.12161183033671	NA	NA	NA	NA	NA	NA	2.73904421688561	2.18134842184259	NA	2.16727917149911	1.95958408822065	NA	NA	1.50161370137563	NA
0.916277985793308	1.60197284678261	NA	NA	NA	0.681775246184111	0.846179748963648	0.834396508136039	2.11576009186262	NA	1.27520437683305	NA	NA	0.302422897961497	1.16171671827043	NA	NA	0.204091109377936	NA	0.930075627442459	1.01084490559035	1.26213496365443	1.5137704267062	1.48178919591531	1.98688238821538	1.7017800330813	1.94756635571904	1.2507832001814	1.55520112509587	1.08000254212415	NA	NA	0.80154964124201	NA	0.676038648688624	0.643184424428844	NA	0.210536634255431	0.650356753479453	0.371837769699419
NA	NA	NA	NA	NA	NA	NA	NA	NA	NA	NA	NA	NA	NA	NA	NA	NA	NA	NA	NA	NA	NA	NA	NA	NA	NA	NA	NA	NA	NA	NA	NA	NA	NA	NA	NA	NA	NA	NA	NA
NA	NA	NA	NA	1.49062996525525	2.20618169883059	2.24828787840802	1.57307065243299	NA	NA	2.70333015599603	2.88005788709295	NA	2.79890679023003	2.99898120217842	2.45957542911204	NA	1.99797807065265	2.15797921852376	NA	1.39561048014234	1.40799088190304	1.11719978893306	NA	0.596511546977271	NA	NA	1.19211078033475	NA	NA	NA	NA	0.432904864719876	NA	NA	NA	NA	NA	0.671158590889187	NA
NA	NA	NA	NA	1.13874117649404	NA	NA	NA	NA	NA	NA	0.998267367566538	1.091294657043	0.916896771224482	0.549367663879206	0.692839148010422	0.616292551862913	0.54086802323954	NA	0.647426644897294	0.323090567753305	0.245645191515365	NA	0.459567123360086	0.463777611404221	NA	0.34752995924994	0.447694028851032	0.0753540570608384	0.166694842184429	NA	0.385648909780228	0.465640611632215	0.259588632720624	0.673764470310767	NA	NA	0.203530852524386	0.626536329581496	0.516198612375772
NA	NA	1.58844651453877	NA	0.960552008597928	NA	0.878112450544215	1.26926679878685	0.873491225760866	0.717289236780576	NA	0.57581847874474	NA	0.688897523730101	0.528483985163839	NA	NA	NA	0.862990907661519	0.562943626125328	NA	0.562267103068116	NA	1.38016121894435	NA	0.580081249632668	0.766519786056202	0.438511961152762	0.784450024876258	0.947046001795729	NA	NA	0.789151724816543	NA	NA	0.60448920137699	NA	NA	0.771192835921964	NA
1.64842765227457	NA	1.65039013311383	1.55755226404229	1.53319185137649	1.04705626654924	NA	1.22695887471791	1.27787013421103	1.16417620658724	1.0343956283238	1.24057739295499	NA	1.52125941313647	1.19849806017017	1.81257567043344	1.10203371263106	NA	NA	NA	NA	NA	NA	NA	0.423108795263097	NA	NA	0.629369724973095	NA	1.28582883676719	NA	0.515488459981174	0.585173484766289	NA	NA	NA	NA	0.180537431833812	0.42044107793338	0.819464399716225
NA	NA	2.64645326457577	0.236667337875534	NA	NA	1.67146466857511	NA	NA	NA	1.50680117489087	1.90843492116648	NA	2.28440356771276	1.77461035780835	1.75261527683102	1.68417648788019	1.74981615736695	NA	1.24767783692873	NA	1.30487061125989	0.999092201640457	1.0186813017746	NA	2.3880088443748	0.770223526191823	NA	0.647017073483359	NA	1.16149065743823	0.627044265419563	0.552898498699537	NA	NA	NA	NA	NA	0.518247608937431	1.35565857439472
0.437144206281056	0.749369901280954	NA	NA	NA	NA	NA	NA	0.8826298066045	NA	NA	NA	NA	NA	NA	NA	0.887343539874612	0.913536170614518	NA	NA	NA	0.538226266961951	0.719396564516319	NA	NA	0.895385796596542	0.315218892830617	NA	NA	0.553424359246756	NA	NA	NA	NA	NA	0.490796551882758	NA	0.377671636271744	0.376151291825067	NA
NA	NA	NA	NA	3.23008656215523	3.25666579531193	3.34109226527396	3.26960887931999	2.92929313870377	NA	NA	NA	2.81111604898857	NA	NA	2.07579963706514	1.96501740435045	NA	2.55255092877549	2.64564935004563	NA	2.57240648843746	NA	2.15858494439627	NA	NA	NA	2.21925806279217	2.1325201822759	NA	NA	NA	NA	1.59711142687898	NA	NA	NA	NA	0.147517861715301	NA
NA	NA	NA	NA	NA	NA	NA	NA	NA	NA	NA	NA	NA	NA	NA	NA	NA	NA	NA	NA	NA	NA	NA	NA	NA	NA	NA	NA	NA	NA	NA	NA	NA	NA	NA	NA	NA	NA	NA	NA
NA	1.26271352017427	NA	NA	0.987468616939184	NA	1.11850829633367	NA	NA	1.06366722590529	NA	NA	1.52540851592453	NA	NA	0.688573174997132	0.690362788213142	0.622746663109805	NA	0.55486203043547	1.58835439604586	NA	NA	1.67170838713623	0.788925679066402	1.99451857817408	NA	1.47675758717336	1.16392448154281	NA	0.690757925225293	0.908873602396321	0.965571592167185	NA	0.48920720120145	0.470235998182527	NA	NA	1.23802418358965	1.97985172321506
1.33683811994208	0.916256492302575	0.906510243496611	NA	1.37421575825934	1.82200570729562	1.71414252745083	2.10858498006479	2.00796788472934	1.8754452828151	NA	1.87170324910926	1.39301259795068	NA	0.768805910558318	0.700787530461704	0.687180855430153	0.13577934261773	0.397732005862328	0.48374969342235	1.52169421575838	1.39004709912818	1.09887011071831	0.944222771168677	1.29484175974732	NA	NA	0.373345784109549	1.11339498972923	1.92969526419234	0.366376470604351	2.04910479790609	NA	1.79195276140084	2.47859336942834	NA	NA	2.21421219981911	2.0239356588184	2.53887983223337
1.24584401468758	1.63761497338445	NA	NA	0.389384758414943	0.407889692021552	NA	1.0259717387212	0.889953174983455	1.0032618907917	1.27859176214759	0.996582026189077	NA	1.58825470535484	1.20101330874407	NA	1.12911131320717	0.924270090444559	1.09061346117288	1.09409139425181	0.977845272475215	0.943048834424313	1.0589424592947	1.03779898130375	1.1391815141858	0.662006514457306	0.800903508587769	0.886015999415327	1.06577272847944	0.932754550221916	NA	1.5088593647612	0.935810001437477	1.16315896489622	NA	0.669651390862602	NA	NA	0.216530316719157	NA
NA	NA	NA	NA	NA	NA	NA	NA	NA	NA	NA	NA	NA	NA	NA	NA	NA	NA	NA	NA	NA	NA	NA	NA	NA	NA	NA	NA	NA	NA	NA	NA	NA	NA	NA	NA	NA	NA	NA	NA
1.71558792208466	NA	1.30370095329548	NA	0.87460787507563	NA	0.674187057275732	0.919874833790805	1.11492162341018	0.955808387324627	NA	0.806421871592035	NA	0.748459920582838	0.652418536251047	0.70401339491228	NA	0.576423538435669	0.499308164330049	0.393850449372126	0.414248735919072	0.160976007636896	0.297514785989333	1.90136006169481	0.423767347111391	0.619558093860283	NA	NA	0.389179596168536	0.30999845495483	NA	0.537904971329823	0.405547289485852	0.376110786997977	0.504272562989993	NA	NA	0.366091278188694	NA	0.306915524769148
0.645453917769951	NA	0.528034035195612	NA	0.501439009174994	0.709124903406667	NA	1.21132383784327	1.27902643544494	NA	NA	0.749558356078828	1.34664494655274	0.157968657155198	NA	0.986097114090133	NA	NA	NA	0.364248792019415	0.802039536466687	1.70319330875763	0.614544394890192	NA	NA	0.698172640411401	0.721596328351568	NA	NA	NA	NA	0.614864745851032	NA	0.520248925224588	NA	0.28221759499111	NA	0.515879449198453	0.795550901230926	0.849837821465744
NA	0.991038642431945	NA	0.357775216548172	0.321408662933401	0.802681197391161	0.950177436926549	0.896850424525588	1.00315834133356	0.666809899768651	NA	0.507989671600364	NA	NA	0.890696263008446	NA	0.958104748437502	0.735420189017463	0.58204757389081	0.544678210124273	NA	NA	0.201769879376484	NA	NA	NA	0.757375438695896	0.749040203758678	0.502721737231405	NA	NA	1.64522372727652	NA	1.71708956152144	0.665416619614176	0.648592779343391	NA	0.308089640919254	0.178489402865839	NA
1.22733520786962	0.6612555366075	NA	NA	1.6085908179779	0.579046825689218	NA	1.07899669475085	0.87281158257753	1.24280172621046	0.98049985375379	1.44536133678421	1.19831176820613	NA	0.61562213761763	0.301597627564768	1.91743438961027	NA	0.992981789754273	1.02146505226775	1.08393197333174	NA	NA	NA	0.396235398877357	NA	0.491820564017857	NA	0.8056044139407	0.562907143146386	0.717166916666321	0.720860664491602	0.726900227150986	NA	0.474169533512409	0.367268672073846	NA	0.248053994002804	0.672293838844856	0.644855430196038
NA	NA	NA	NA	NA	NA	NA	NA	NA	NA	NA	NA	NA	NA	NA	NA	NA	NA	NA	NA	NA	NA	NA	NA	NA	NA	NA	NA	NA	NA	NA	NA	NA	NA	NA	NA	NA	NA	NA	NA
1.63109711273786	1.342000602601	1.39241997097029	NA	NA	NA	NA	NA	NA	0.53978798409601	0.42524135155356	0.755598014891685	0.502136860243276	NA	NA	0.510384272036605	0.347457823982036	0.752521501994645	0.405675021533586	0.419558922582203	1.10281485292996	0.463915386999538	0.910902328963752	0.676418772982121	0.500801763094701	NA	1.2599853293283	1.15213750303918	0.490423684451005	NA	NA	NA	1.42202095592193	1.45460873049512	1.39034823977789	0.385665153082768	NA	NA	NA	1.3157604444583
NA	1.68704161306931	1.82226821183221	0.886155090368918	1.31191061678329	0.356745194870293	NA	0.264728183051228	0.290043624816535	0.432838810747137	0.31238832397215	0.797444077664663	NA	NA	2.00856989337174	0.549625880569904	0.573252845941516	0.540246404643338	1.07509457347812	NA	0.452397395216392	NA	NA	0.652704044954348	0.526199375197898	NA	0.844981833387757	NA	1.67908377469461	NA	0.541231858222724	NA	NA	NA	NA	NA	NA	NA	NA	0.430650457950332
1.62708052579582	1.80349009395999	NA	1.68088711183557	NA	1.75203914918895	NA	1.8372186980522	1.56432198142297	0.858932530657917	0.975028927859499	1.22457191634013	NA	1.90851491095579	1.23690107137996	1.28640020229484	NA	1.1077876115067	1.31662801615263	NA	NA	1.22198385985247	1.12966580374672	NA	1.60801580545615	NA	NA	1.36458290175702	1.26623879517743	NA	0.753041943636745	0.753785196723972	1.01892314285567	1.08152183331435	NA	NA	NA	NA	1.27686588187519	0.743495196298334
NA	NA	NA	NA	NA	NA	NA	NA	NA	NA	NA	NA	NA	NA	NA	NA	NA	NA	NA	NA	NA	NA	NA	NA	NA	NA	NA	NA	NA	NA	NA	NA	NA	NA	NA	NA	NA	NA	NA	NA
NA	NA	NA	NA	NA	NA	NA	NA	NA	NA	NA	NA	NA	NA	NA	NA	NA	NA	NA	NA	NA	NA	NA	NA	NA	NA	NA	NA	NA	NA	NA	NA	NA	NA	NA	NA	NA	NA	NA	NA
1.205065316695	NA	NA	NA	NA	NA	0.452183750416421	NA	0.7416447646666	NA	NA	NA	NA	0.565240347136463	0.515610208085073	NA	NA	NA	0.715389336513181	NA	1.04052949791876	NA	1.03814395936795	NA	NA	0.882968966365588	NA	1.07920447023502	1.05079196839046	NA	NA	0.844775040037148	NA	NA	NA	1.60016002750747	NA	0.537830781099247	0.743757932841425	NA
NA	NA	NA	NA	NA	NA	NA	NA	NA	NA	NA	NA	NA	NA	NA	NA	NA	NA	NA	NA	NA	NA	NA	NA	NA	NA	NA	NA	NA	NA	NA	NA	NA	NA	NA	NA	NA	NA	NA	NA
1.46893167268982	1.2614312417626	1.77382684499168	1.28930557701032	NA	1.82297158572851	2.36661831940175	1.15096121877419	1.01571220764226	NA	NA	NA	0.798072635559133	1.11776490675567	NA	0.986769860512618	1.74225839475649	NA	1.83896005789602	1.16228296795794	1.2939411472666	1.06374704909572	1.41706568875074	0.6984827617336	0.904709091186121	0.826336492991485	NA	0.980859083534918	0.530913914020553	0.446485453340967	NA	0.45363738576531	1.03497136143056	NA	NA	0.135330001644315	NA	0.128684573883489	0.666960900172971	0.554309390624608
NA	NA	NA	NA	NA	NA	NA	NA	NA	NA	NA	NA	NA	NA	NA	NA	NA	NA	NA	NA	NA	NA	NA	NA	NA	NA	NA	NA	NA	NA	NA	NA	NA	NA	NA	NA	NA	NA	NA	NA
1.02615405183535	0.910826649997825	NA	NA	NA	0.982258613702041	0.446666715824489	NA	NA	0.798316505183735	NA	0.931607760600862	NA	0.211506639117211	1.06109264161679	1.05988030857191	NA	NA	NA	NA	0.804628900773359	0.662092926382794	0.487170608548733	1.28795560109359	0.647249795142731	NA	0.90426322729322	NA	0.569122499941304	NA	NA	0.581928996463955	0.802671524262716	0.666176950747164	NA	NA	NA	0.062442345249127	0.845152173127199	NA
1.83311738642419	NA	NA	0.218827478016447	NA	NA	1.26927901222295	NA	1.3307903607082	1.19116178603898	0.873350808796254	NA	1.51351931746213	1.15860307073273	NA	NA	NA	NA	NA	1.46555037112624	0.896398660874793	0.573394199332964	0.822403346093698	NA	0.586479025958263	NA	NA	0.338808872736221	NA	NA	0.484034695622508	0.55692410479327	1.03797370936959	NA	0.282762400914031	NA	NA	0.646947214852094	NA	NA
NA	NA	NA	NA	NA	NA	NA	NA	NA	NA	NA	NA	NA	NA	NA	NA	NA	NA	NA	NA	NA	NA	NA	NA	NA	NA	NA	1.13308376575385	0.997682271803809	0.991268201709307	0.913851523224758	0.716844156159994	0.661254063058552	0.38196883791142	0.320691295766903	0.109663456796698	NA	0.166178720063532	0.284336095166855	0.475697600184691
NA	NA	NA	2.12351624684556	NA	NA	NA	NA	NA	NA	NA	NA	NA	NA	NA	NA	0.523536391290139	NA	1.0852706521959	NA	0.312106903696818	0.282162044587147	0.36534076471083	NA	0.356469591847299	NA	NA	NA	NA	NA	NA	NA	NA	0.838053963836871	NA	NA	NA	0.428139936182488	0.961258615514778	1.18064167498712
NA	1.64173821875304	NA	0.778218105431986	NA	1.17589546163667	NA	1.7042044491837	0.105792640980288	0.306988173903606	0.449757174023887	0.648340522989016	NA	0.626734964180783	0.438836732483686	1.38310127868593	NA	0.337686787648904	1.02659746592379	0.310512485321808	0.561881223535369	1.16456328179222	1.1469122210938	NA	0.962031864253918	0.418871028640766	0.828941698716153	NA	NA	NA	NA	NA	0.776549281871276	NA	0.504015841258252	0.497445957271975	NA	0.84464152285136	NA	0.655548716670201
NA	NA	1.35863116288634	1.61769997548996	1.25425301108919	0.97276810790261	1.10455726910862	NA	0.915434501536423	0.678347485142061	NA	NA	1.024754101304	1.08305503170307	0.512354840318293	0.986715906433654	NA	0.943150238461527	0.440582580115293	0.63082416865231	NA	NA	NA	0.186766363967611	NA	NA	NA	NA	0.261391243185767	NA	NA	0.218749955634763	1.6089218464242	1.41797636852572	0.573008483213563	0.464272729445676	NA	0.201983601077432	0.739303608172381	NA
NA	NA	NA	NA	NA	NA	NA	NA	NA	NA	NA	NA	NA	NA	NA	NA	NA	NA	NA	NA	NA	NA	NA	NA	NA	NA	NA	NA	NA	NA	NA	NA	NA	NA	NA	NA	NA	NA	NA	NA
0.733237133599939	NA	NA	NA	0.295456270111288	0.759678110089371	NA	NA	0.487092455317307	0.53527585181459	NA	NA	0.239402100622717	NA	NA	1.43696988771769	0.398153355086743	NA	0.319352313980599	0.249675484528789	0.539638415839794	0.341039921688587	0.902416286594406	0.854640053670633	NA	NA	1.10340088149433	NA	0.95378333054555	0.823805655567992	NA	NA	0.544428029267109	1.14840927595775	0.601611854989359	NA	NA	NA	0.622142185260653	NA
NA	NA	NA	NA	NA	NA	NA	NA	NA	NA	NA	NA	NA	NA	NA	NA	NA	NA	NA	NA	NA	NA	NA	NA	NA	NA	NA	NA	NA	NA	NA	NA	NA	NA	NA	NA	NA	NA	NA	NA
NA	NA	NA	NA	NA	NA	NA	NA	NA	NA	NA	NA	NA	NA	NA	NA	NA	NA	NA	NA	NA	NA	NA	NA	NA	NA	NA	NA	NA	NA	NA	NA	NA	NA	NA	NA	NA	NA	NA	NA
NA	NA	NA	NA	NA	1.24937383485727	0.774680850832651	0.640828730758375	0.859762085757432	NA	NA	0.323751117801252	0.189535428082387	0.467323886656057	0.184998965353214	NA	NA	0.751045429099498	0.763272040370265	0.380155976365418	0.676717847155832	NA	0.13949091461819	0.544372442367241	1.10802799386754	1.03059910269636	NA	1.0104755421278	NA	0.945609863005556	NA	NA	0.587404284844574	NA	NA	NA	NA	0.232126099457171	0.800116933524148	0.634268029442939
NA	NA	NA	NA	NA	NA	NA	NA	NA	NA	NA	NA	NA	NA	NA	NA	NA	NA	NA	NA	NA	NA	NA	NA	NA	NA	NA	NA	NA	NA	NA	NA	NA	NA	NA	NA	NA	NA	NA	NA
NA	NA	NA	NA	NA	NA	NA	NA	NA	NA	NA	NA	NA	NA	NA	NA	NA	NA	NA	NA	NA	NA	NA	NA	NA	NA	NA	NA	NA	NA	NA	NA	NA	NA	NA	NA	NA	NA	NA	NA
NA	NA	NA	NA	NA	NA	NA	NA	NA	NA	NA	NA	NA	NA	NA	NA	NA	NA	NA	NA	NA	NA	NA	NA	NA	NA	NA	NA	NA	NA	NA	NA	NA	NA	NA	NA	NA	NA	NA	NA
NA	NA	0.486711118053002	0.74669298047945	NA	NA	1.12092373405544	NA	NA	NA	1.03237711779	NA	NA	1.16157555594663	1.34569756845935	NA	NA	1.19678003152196	1.11868293734461	1.47731059358526	NA	NA	NA	NA	0.987666430846095	NA	NA	NA	NA	NA	NA	NA	0.447111574891581	NA	0.729677742235021	1.22713574117727	NA	NA	0.285250125377945	NA
1.17290344034225	0.214827102172188	0.313302991689608	2.30101894966761	0.116326421964065	0.624535996139123	0.554782480448119	0.647337036519157	0.50260545944923	NA	0.441197441656667	NA	NA	0.898678243496475	NA	1.9316915480649	NA	NA	0.987880066664406	0.829693630529753	0.620591450025467	0.588714632190546	0.71654861867653	0.626539000018386	0.692605491561644	NA	1.27147366680755	NA	0.747763688437197	0.61911726238213	0.48900192430836	0.762156515676247	0.667202351028234	0.96231982773104	0.569080051355302	NA	NA	0.327869414340537	0.277915467784442	0.277558919714934
NA	NA	NA	NA	NA	NA	NA	1.29893728512612	NA	NA	1.5615426379602	0.835217435990848	1.1251204754712	NA	NA	NA	NA	1.04351617591593	NA	1.58498791814422	1.16707414967787	NA	NA	NA	0.637982743588773	NA	NA	0.564997319321137	0.281368940348732	0.609790075792096	NA	NA	0.716773680772105	NA	NA	NA	NA	0.632418819561573	0.687222269219191	NA
NA	NA	NA	NA	NA	NA	NA	NA	NA	NA	NA	NA	NA	NA	NA	NA	NA	NA	NA	NA	NA	NA	NA	NA	NA	NA	NA	NA	NA	NA	NA	NA	NA	NA	NA	NA	NA	NA	NA	NA
0.636834184385311	NA	0.831623361599025	0.839954141196912	NA	0.638778171528426	NA	NA	0.624757425122546	NA	0.531606596484808	NA	0.589609678364362	1.00095269496972	NA	0.692825046414638	0.843032561396421	NA	0.549614104118153	0.446921399509602	NA	0.747442896704281	0.983328857110515	0.823899566642208	NA	0.803202348158039	0.830307001175704	NA	NA	NA	NA	0.402926799768539	NA	NA	NA	NA	NA	0.534510959904717	NA	NA
NA	NA	NA	NA	NA	NA	NA	NA	NA	NA	NA	NA	NA	NA	NA	NA	NA	NA	NA	NA	NA	NA	NA	NA	NA	NA	NA	NA	NA	NA	NA	NA	NA	NA	NA	NA	NA	NA	NA	NA
NA	NA	NA	NA	NA	NA	NA	NA	0.554907111959595	0.48439631155602	NA	NA	NA	NA	NA	NA	NA	NA	NA	NA	NA	0.197185109692515	NA	0.764554554041942	0.960046701068409	0.787406504063717	0.58759373349615	1.07952502631499	NA	0.927395827820557	NA	0.879416158328581	1.04246141687418	1.21008357805047	0.795281454039153	0.667076881429295	NA	0.566744789872093	NA	0.346619523025977
NA	NA	NA	NA	NA	1.65261312972255	1.46973257058966	NA	1.53207131368999	1.464673386243	NA	1.48905060464239	1.66352032003159	NA	1.21758436119249	NA	NA	NA	NA	0.688527173594997	0.672117962396933	0.963180373414552	0.978820862386047	1.44093450126946	1.22878469481413	1.23513686012239	1.37096222913232	NA	0.746863327768662	NA	NA	0.791942712094242	NA	0.484261847162575	NA	0.589377164850859	NA	0.642655704396779	0.498294448443202	NA
NA	NA	NA	NA	NA	0.977989173146689	NA	0.449064039569985	NA	NA	0.801341633293335	NA	0.918066162941607	1.0708066421911	0.721413121192024	NA	0.668257673851937	0.441629267192111	NA	NA	0.252588020132782	0.329611101306884	0.310190912953372	NA	NA	0.738493395670754	NA	0.511877447784804	0.471550383881316	NA	NA	0.771443345540326	NA	0.579260059681749	0.570227322807247	0.398090713836093	NA	0.270081924583182	0.564825206899504	NA
NA	NA	NA	1.12357594371669	NA	2.33735981537638	2.01804478158379	NA	2.1380905874724	NA	NA	NA	NA	2.22692700972174	NA	1.77936015024129	1.76249828235346	1.89078172228989	NA	NA	NA	0.454890777720216	0.695231616588397	0.369233033462585	NA	NA	1.35870608785553	0.459281778218295	1.25682854100034	NA	1.93205968424031	NA	1.23723598524592	NA	NA	1.99828943307793	NA	2.03607231976742	0.458537473104153	0.471974511355532
NA	NA	NA	NA	NA	NA	NA	NA	NA	NA	NA	NA	NA	NA	NA	NA	NA	NA	NA	NA	NA	NA	NA	NA	NA	NA	NA	NA	NA	NA	NA	NA	NA	NA	NA	NA	NA	NA	NA	NA
NA	1.4198331633818	1.28813589510134	1.9280798357544	1.59468263425536	0.819339506803072	0.779995845061372	NA	NA	1.29731538882673	0.982051972683679	1.04996738592804	NA	1.12693986683779	1.13009672481464	NA	NA	NA	1.79712633399158	NA	1.15814728392888	0.673329283849426	0.581082354777135	NA	0.88934417397517	NA	0.434215507532686	0.593599594824215	1.43301988797706	0.613287021414003	NA	0.340865384441502	NA	0.573536372769063	NA	0.483961456552017	NA	0.237950113291723	0.189887227143056	0.376025617568573
NA	1.40488547824744	NA	NA	NA	NA	NA	NA	NA	NA	NA	1.42750985696801	NA	NA	NA	NA	NA	1.20548217235197	NA	NA	NA	1.57840898644161	NA	NA	NA	1.12882363095077	1.32398255103198	1.21096303343273	NA	NA	NA	NA	NA	0.237302577077057	NA	0.105408186032581	NA	NA	1.27512183255875	0.471069730892195
NA	NA	NA	NA	NA	NA	NA	NA	NA	NA	NA	NA	NA	NA	NA	NA	NA	NA	NA	NA	NA	NA	NA	NA	NA	NA	NA	NA	NA	NA	NA	NA	NA	NA	NA	NA	NA	NA	NA	NA
NA	NA	NA	NA	NA	NA	NA	NA	NA	NA	0.640391097614521	0.524619269482292	0.311113713781724	0.216265619652433	0.746535825293032	NA	NA	NA	NA	NA	NA	1.12434089929762	NA	NA	0.569103874929037	NA	1.17792678489173	1.52429250766843	NA	NA	NA	NA	NA	0.754406818133152	NA	NA	NA	0.841055472286649	0.763087632535041	NA
1.64444213586632	NA	1.43839065251395	NA	1.58090432793584	NA	NA	1.86046356087715	1.94164799255027	1.76245397728763	1.98485611120429	1.66623663052838	NA	NA	1.53590423183268	1.62903185618537	NA	1.29835116484079	NA	1.7318261590316	2.1793831771998	1.86508577645607	1.66702010000957	1.77521795254376	NA	1.38784891063993	1.46595869749946	0.991845910295443	0.891810503917085	0.871538762137495	0.694251810770534	0.56108585330788	0.415347688588828	NA	0.335084855905538	0.124502190851114	NA	NA	0.369243868710202	0.556078435587201
NA	NA	0.926118241732582	NA	NA	0.561643845818918	NA	1.02592776533925	1.27718149811579	0.8821834098484	0.953596146673927	0.460772838931021	0.663576072674116	0.318100186980833	0.571229493603631	NA	NA	0.806872299725941	NA	NA	0.500312135138315	0.678106463265146	1.69939890340003	NA	0.396386460221031	0.669792194428719	NA	0.915352130370101	0.497860119102713	0.600257789806095	0.353476297913815	0.407123962084273	NA	NA	NA	NA	NA	0.588117767182674	0.527161017344324	1.23248497177258
NA	NA	1.67517714712838	1.02890082521781	0.626024967638831	1.90629974945065	NA	1.25769367539965	0.57287794052545	NA	1.36536778169299	1.60607580748595	NA	2.50416732007315	1.90052657522923	NA	1.95449961821246	2.04532469833431	1.89385647865013	NA	NA	0.750867812416667	1.35335808827074	1.36665798327058	NA	NA	0.592361155372092	NA	NA	0.90471613313383	NA	1.39061055959518	NA	NA	NA	NA	NA	NA	NA	1.36094056179065
NA	NA	NA	NA	NA	NA	NA	NA	NA	NA	NA	NA	NA	NA	NA	NA	NA	NA	NA	NA	NA	NA	NA	NA	NA	NA	NA	NA	NA	NA	NA	NA	NA	NA	NA	NA	NA	NA	NA	NA
NA	NA	NA	NA	NA	NA	NA	NA	NA	NA	NA	NA	NA	NA	NA	NA	NA	NA	NA	NA	NA	NA	NA	NA	NA	NA	NA	NA	NA	NA	NA	NA	NA	NA	NA	NA	NA	NA	NA	NA
1.62230430929602	1.45127596967282	1.28498481027668	NA	1.67710591617476	1.90799169466558	1.96328896129653	2.3492468219181	NA	NA	1.89228941374562	2.2488550476328	NA	NA	2.13346088024684	1.3760788626064	2.05571820025954	1.14067291765202	0.672286456932761	1.34887876565218	0.773941786417032	NA	0.929487816839909	0.867312802548989	0.911430830618951	NA	0.857693799319954	NA	0.712007772138769	1.19999726940254	1.53462410919166	NA	0.978381464036239	NA	1.22460457956406	1.31643344107726	NA	1.23189812395406	1.28963414968527	0.783797784363199
NA	NA	1.23924513128636	NA	NA	NA	NA	NA	NA	NA	NA	NA	NA	1.13732637978407	NA	NA	1.20558717945022	1.38083247511667	NA	NA	1.46265620875281	0.989743682374396	0.725383146427728	NA	NA	NA	NA	NA	0.957779601853149	NA	NA	0.750360829868049	0.21872998180301	NA	0.448542338553564	0.430299055976395	NA	1.16964148231775	0.465037013369437	NA
NA	1.28051671777251	1.8395953019871	NA	0.641733168749226	NA	0.89275769352236	0.885328316205487	NA	0.721239725181344	0.57582054643934	0.764918176837828	NA	NA	NA	NA	NA	0.778215994219266	NA	0.421299079562811	NA	0.192236211753573	0.894880371410043	0.790900955122536	1.24398268702839	0.76926529188346	NA	1.00437053785135	0.780549294514315	NA	0.328511411297469	1.06356771388644	NA	0.774966885574604	NA	0.398379696443744	NA	0.860203373126599	0.961329594934612	0.813977334498806
NA	NA	NA	NA	NA	NA	NA	NA	NA	NA	NA	NA	NA	NA	NA	NA	NA	NA	NA	NA	NA	NA	NA	NA	NA	NA	NA	NA	NA	NA	NA	NA	NA	NA	NA	NA	NA	NA	NA	NA
NA	0.6003488071906	0.573049902009253	NA	1.30114648813659	0.793381668870138	1.15158852800417	NA	NA	1.24760585585283	1.18844686532089	0.696071998709709	NA	NA	NA	0.927277194421917	NA	NA	0.472312415131472	NA	1.25667827056542	0.544050928135619	0.365758431501353	NA	NA	0.531605570987045	0.779489365608808	NA	NA	0.683291559063239	1.06365054613397	0.893615342459245	NA	NA	NA	NA	NA	NA	0.495511457358423	0.814858717626353
NA	NA	NA	1.25366521975552	1.24817125431367	NA	1.08028777650361	NA	0.979737709417912	1.06698779275587	1.0763534332552	1.03208812975514	NA	0.886717421535431	0.845928334298071	NA	0.872245149177858	NA	0.944050462613298	0.980186403770536	1.14261584116235	0.579664852753525	0.768708271201494	0.836061362600723	0.811465898217052	NA	0.896409751497028	NA	0.78747762572111	NA	NA	NA	NA	NA	1.06641560739171	NA	NA	NA	0.725228727349385	0.401828428149861
NA	NA	NA	NA	NA	NA	NA	NA	NA	NA	NA	NA	NA	NA	NA	NA	NA	NA	NA	NA	NA	NA	NA	NA	NA	NA	NA	NA	NA	NA	NA	NA	NA	NA	NA	NA	NA	NA	NA	NA
2.014493940719	NA	2.37511025359099	2.02286130030683	2.06358110242253	1.46847351600404	1.645315969487	1.46718832036499	1.61808767242405	NA	NA	1.67012630309503	1.57953246019853	NA	1.95414673330554	NA	NA	1.77915878497293	NA	1.88572109021018	1.413543310567	1.6206864233586	2.6254577977494	NA	0.794571465674931	0.513054520107883	0.218770029739972	NA	NA	0.305236199649102	0.715933980148635	2.75075724006298	0.362714791465188	1.8136368453658	NA	NA	NA	2.42477698953565	0.317621934947804	2.06407374657571
NA	NA	1.82883740211865	1.54511886882265	NA	0.391324554985324	NA	NA	1.20057422764016	NA	1.43082460169815	NA	NA	NA	NA	1.2734074615617	1.02616656350838	0.943066872727262	2.02452057738165	NA	0.713432146536435	0.394657467346264	0.695790768464315	0.692442836504499	NA	NA	NA	NA	0.466170762814992	NA	NA	0.194143746733523	0.146406756632595	NA	0.191283205630664	0.415628224605907	NA	0.255986383433374	0.455456481473469	0.496727181825742
NA	1.35138342707391	NA	1.57639670700958	1.9101920522885	1.50022898204578	1.73376840111952	1.74256557522061	1.72261445782559	1.77690818182313	1.98694282902264	1.47002241814629	1.73024216266643	1.71944344198216	1.57443301707183	1.52061395386491	1.74200983479773	1.36773058954604	1.79323569628713	NA	1.38822736570623	2.26309652489717	1.5843121213473	1.82102766898285	1.88701569437717	NA	1.80279360443493	2.19242657723814	1.78281618493088	1.5940637865838	NA	1.39841410600913	1.59169494503137	NA	1.89508388221439	NA	NA	NA	1.30910920579751	NA
1.04612138691642	1.01955429447749	0.355615779413749	NA	0.962859677168704	NA	NA	NA	0.831839155620135	NA	NA	NA	1.83362304155154	NA	NA	NA	1.42310529531695	1.40865270935558	1.81124632173675	0.512612598637129	0.754859567559137	NA	0.648042188164465	1.63667617087934	0.773154193661233	0.520486357495599	NA	NA	0.758173088201066	0.843177515248765	NA	1.00984802554548	0.263805662292333	NA	0.906660569658747	0.484263690035418	NA	0.245444368663235	1.39213919565319	1.64829744301657
1.26642189795719	NA	NA	NA	1.36817524834582	NA	1.40619329017553	1.18459660801729	NA	1.01501994737354	0.849831265113874	NA	1.25143616923571	1.36009219007746	1.40884614698399	1.18140820610486	1.28408736851079	1.80113558013935	0.953104903942389	1.32936593945699	0.885579900870264	1.34165270738763	0.262703748617855	0.323501964488365	0.0929169287619149	1.19286403668824	NA	1.41226725373264	NA	NA	0.869357861492453	NA	1.79638740779021	2.08547924794631	NA	0.212924637180817	NA	0.495061609584494	0.432632433766718	0.401782234849968
NA	NA	NA	NA	NA	NA	0.784672313281525	0.839838812173828	0.546327482849932	NA	0.570025133102293	NA	NA	NA	0.507962143470765	0.495164085903659	NA	0.355450291413136	0.454902786545145	0.21017594295548	0.355076568096981	NA	1.69347625857153	NA	0.713324462771225	0.86575574457613	NA	0.619809028837525	NA	1.42914495745628	0.39118104200499	0.649680993507314	0.715622259971809	0.436134856274732	0.402953586737156	0.520692283386679	NA	0.883365514770927	0.925972498570063	0.827181521041488
NA	NA	NA	NA	NA	NA	NA	NA	NA	NA	NA	NA	NA	NA	NA	NA	NA	NA	NA	NA	NA	NA	NA	NA	NA	NA	NA	NA	NA	NA	NA	NA	NA	NA	NA	NA	NA	NA	NA	NA
NA	NA	NA	NA	NA	NA	NA	NA	NA	NA	NA	NA	NA	NA	NA	NA	NA	NA	NA	NA	NA	NA	NA	NA	NA	NA	NA	NA	NA	NA	NA	NA	NA	NA	NA	NA	NA	NA	NA	NA
0.864185429229134	0.562950989918471	NA	NA	0.941136295778311	NA	NA	NA	NA	0.921143180956374	1.17815043305213	NA	NA	NA	NA	NA	NA	NA	NA	NA	0.742449066726826	NA	NA	1.99871361132627	NA	NA	NA	1.84110765492587	NA	NA	NA	NA	0.361951162461464	0.704652338522851	0.679124908730332	1.56514674661864	NA	0.516319994864887	0.897261732710709	0.711096213676451
NA	1.33081982794987	NA	NA	1.11375563654079	NA	1.07249216154431	1.34719208718741	1.13739468051034	0.994812671133423	NA	1.25661805856589	NA	1.57166424162383	1.72117587235845	1.87387513344512	1.82981203519558	NA	1.29880496910817	1.11277198661324	NA	0.72853985946274	NA	NA	NA	NA	NA	1.1335573270762	1.29349888265296	NA	NA	NA	NA	0.489484456488388	0.249671963793572	NA	NA	NA	0.147392613513039	NA
1.45906664621642	NA	NA	NA	NA	NA	1.03320771310107	0.795824734676914	0.622339234446027	0.763012209483179	NA	NA	0.922190885632657	NA	1.1000876279662	1.15574888132922	0.792696891020145	1.11792026352024	1.26022080925491	1.06161758667606	1.23185654841939	0.777908570182249	NA	0.321656998894715	0.286592275914243	0.636242402491486	NA	0.593086502477286	0.38807315918142	0.546638276985861	0.309985957915821	0.278518413420678	0.942693717981599	0.234121094203363	NA	0.301184538098705	NA	0.831205838100023	0.407578230067861	0.97358102154317
NA	NA	NA	NA	NA	NA	0.849796698616365	0.465295334122502	0.64045406569991	NA	0.896108830247857	NA	NA	NA	NA	1.299056390721	NA	NA	NA	NA	1.16569699437358	0.512150491584039	NA	NA	NA	NA	NA	NA	0.468483314144107	0.559274826323143	NA	0.323028720476108	NA	NA	0.273156960333936	0.110899421621852	NA	NA	NA	NA
1.63578959999242	NA	NA	NA	NA	1.47318429626142	1.54076541898958	NA	NA	1.52297841266874	NA	NA	NA	NA	1.63674979914187	1.07611390953335	NA	1.42239334439742	1.40374654648336	1.1144811578503	1.46813773897607	NA	NA	NA	NA	NA	NA	NA	NA	NA	1.27191661272227	NA	NA	1.19159702519274	1.38846556375438	0.774609455410723	NA	1.33090073955877	0.893882614291889	NA
NA	NA	NA	NA	0.778576732582045	NA	0.348586522727746	0.340369152164714	0.669040021529235	NA	NA	0.285864081791089	NA	NA	0.781697606970222	0.295074935199778	0.5804655625506	0.355345976398627	NA	0.32780070499677	0.40824938930653	0.352076960530127	0.79900961157173	NA	NA	NA	0.918890385175532	NA	NA	1.42091724971716	NA	1.78153978535318	1.02906867005007	0.213115612289348	0.83206307443317	0.579260637373152	NA	0.303143291003746	0.446000555809014	0.819634846115005
NA	1.211017525609	NA	1.13743118294741	NA	1.8311392228179	NA	1.37411039527882	2.16989384744714	NA	NA	NA	NA	0.648298354335653	2.45303744785101	NA	NA	0.427126172212612	NA	0.603621452638426	0.518400121363581	0.958819689819371	1.78798997879691	2.15023076330773	0.372378264379484	0.291935521718307	0.80093411533538	NA	0.355171382991192	1.37054496353709	0.85790138630963	1.85655620766096	0.399601976703648	1.32857972771585	0.300131607223363	0.314087633392687	NA	0.199121362110259	0.912411850403757	0.780725970750283
0.569960579489173	0.868780063285783	NA	1.26938499048089	1.46028538431295	NA	0.994792321532011	0.729489619691053	0.436150933934641	1.18374681758187	1.29857240777144	1.15802175216285	0.941688889954737	0.484208428119612	NA	NA	0.976175242214656	0.709284322438748	NA	NA	0.799820528869736	0.391288999743713	0.456575181945042	0.271085865096258	0.241982713833592	NA	0.418225409282773	1.06161597847583	1.00829068344519	1.01691750987182	NA	0.885663897524348	0.572712686437986	1.0919949722823	1.43451863338029	NA	NA	0.877471157656764	0.513307070437496	0.377523908016168
NA	NA	NA	NA	NA	NA	NA	NA	NA	NA	NA	NA	NA	NA	NA	NA	NA	NA	NA	NA	NA	NA	NA	NA	NA	NA	NA	NA	NA	NA	NA	NA	NA	NA	NA	NA	NA	NA	NA	NA
NA	NA	NA	NA	NA	1.66964117033749	NA	NA	NA	1.31159531828377	NA	1.0993531737715	0.729972394164449	0.897131146225283	0.822769902486099	0.455661752975564	0.89567745656838	NA	0.834574119118987	0.609276965158565	1.85275478992153	1.42013528185081	1.24853636523692	NA	NA	NA	0.636009113648839	0.586873514853582	0.441639461260121	NA	NA	NA	NA	0.737623960582686	0.165076266774299	0.0680652779138074	NA	NA	0.342054231234157	0.427824376890382
NA	NA	1.64114344372855	NA	NA	NA	NA	NA	1.02188423106476	NA	NA	NA	2.35374555855556	1.23669822850218	NA	NA	NA	NA	NA	NA	NA	NA	0.487817364514567	1.0267194908776	NA	1.41880940931913	0.410454987205557	0.495056946933721	NA	NA	NA	NA	NA	0.744925287923556	NA	NA	NA	0.162378356010157	0.777582601091101	0.365577575187568
NA	NA	NA	1.18243240320189	NA	NA	NA	NA	1.53370333086391	NA	NA	NA	NA	1.00306813496549	NA	NA	0.990792723186126	0.943648825187408	NA	NA	NA	NA	NA	NA	NA	NA	0.816593897447872	NA	NA	NA	0.225088539641589	NA	NA	NA	NA	NA	NA	NA	NA	0.422029671700983
0.753766895028241	0.464927072076976	1.06168140438514	0.890863865520876	NA	0.588685179852417	0.1901926814414	0.53799404052416	0.550872120716291	NA	NA	NA	NA	1.3192921211918	NA	NA	2.04478617635261	1.59175155880863	1.94108917372347	1.68650188657164	NA	NA	1.53602066153146	NA	1.01883909917193	NA	NA	NA	NA	1.71082346491378	NA	0.803373913219001	NA	NA	0.755254865326351	NA	NA	0.677839468098487	NA	1.36561411410361
1.57687952733965	NA	1.2662280199881	NA	1.5400458474924	1.76605146833336	1.94121359617657	1.65154914647312	NA	NA	1.53606301714879	NA	NA	NA	1.38275917290728	NA	NA	1.14699235274822	1.50305123027401	NA	1.77028110615179	1.51344338111085	0.836111518377773	0.405074288595414	NA	1.41110505838982	1.76474812076716	1.66349321518236	1.26149512976052	NA	NA	NA	0.889448614628677	0.789586357419428	1.49141995423485	1.42135997136379	NA	NA	0.822525939912101	0.422726145243493
NA	NA	NA	NA	NA	NA	NA	NA	NA	NA	NA	NA	NA	NA	NA	NA	NA	NA	NA	NA	NA	NA	NA	NA	NA	NA	NA	NA	NA	NA	NA	NA	NA	NA	NA	NA	NA	NA	NA	NA
NA	NA	NA	NA	NA	NA	NA	NA	NA	NA	NA	NA	NA	NA	NA	NA	NA	NA	NA	NA	NA	NA	NA	NA	NA	NA	NA	NA	NA	NA	NA	NA	NA	NA	NA	NA	NA	NA	NA	NA
1.19265490967544	NA	NA	NA	1.70413293654418	1.96156468203479	NA	NA	NA	NA	2.00184301025675	1.20765837567565	1.13277751571854	1.44050234095664	1.26512594736036	1.42610746083561	1.01400535242552	1.02660580801231	0.981511204045209	0.993544324210965	NA	NA	NA	NA	0.19320224041186	0.568285887846117	0.127739679506773	0.50445376564047	0.506951523246682	0.684913433404116	0.62980773648501	0.782738054015732	NA	0.956434905089878	0.654727234357428	NA	NA	0.715746234096702	1.04838363367701	NA
NA	NA	NA	NA	NA	NA	NA	NA	NA	NA	NA	NA	NA	NA	NA	NA	NA	NA	NA	NA	NA	NA	NA	NA	NA	NA	NA	NA	NA	NA	NA	NA	NA	NA	NA	NA	NA	NA	NA	NA
1.60707544400185	1.57544222712524	NA	NA	NA	NA	1.05480765248397	1.30241527571835	NA	NA	NA	1.30528444975685	NA	NA	1.29361197621352	1.95716580392338	1.92908892191861	0.97854962926158	0.86157295578378	NA	NA	1.59972602432149	NA	1.74863354574666	NA	NA	1.1416395894006	NA	NA	NA	NA	NA	1.31697804039944	NA	NA	0.274100914992928	NA	NA	0.311007141958492	0.64430614744194
0.757286590605202	NA	NA	NA	NA	1.14545058010381	1.32893775457101	0.902924652929896	1.81875777798839	NA	NA	0.547951827565767	0.436151343235888	NA	0.626407506611025	NA	1.01766463304193	1.11172340264479	1.19958292949224	NA	0.872586850910205	NA	0.503833705614252	1.00047617126835	0.438276322389234	NA	NA	1.22273554983318	0.797531820330074	NA	0.816329839564618	NA	0.483153254679096	NA	NA	NA	NA	0.521457348645193	0.469872121525379	NA
NA	NA	NA	NA	NA	NA	NA	NA	NA	NA	NA	NA	NA	NA	NA	NA	NA	NA	NA	NA	NA	NA	NA	NA	NA	NA	NA	NA	NA	NA	NA	NA	NA	NA	NA	NA	NA	NA	NA	NA
NA	NA	0.755155970409152	0.910583305714359	NA	NA	NA	NA	NA	NA	NA	NA	NA	NA	NA	NA	NA	NA	NA	0.613613874642376	NA	NA	NA	NA	NA	NA	0.693821379507557	NA	NA	0.461125865683117	NA	NA	0.160449088187443	0.251438566277894	NA	0.508947546241721	NA	NA	NA	0.466169162502803
NA	NA	NA	NA	NA	NA	NA	NA	NA	NA	NA	NA	NA	NA	NA	NA	NA	NA	NA	NA	NA	NA	NA	NA	NA	NA	NA	NA	NA	NA	NA	NA	NA	NA	NA	NA	NA	NA	NA	NA
1.00006713182032	1.24836266773201	NA	1.31802625074824	1.3197711501339	1.19037868573508	NA	NA	0.719979348910231	NA	NA	0.783854322241597	NA	1.0106493655559	NA	0.796847170523767	0.67748747028414	0.572919651904573	NA	NA	NA	NA	NA	1.15409246941711	0.734342998057705	NA	NA	NA	0.910192877912272	NA	NA	1.19202509372901	1.1990073368346	NA	NA	0.730244557292198	NA	0.574880810304931	NA	NA
NA	NA	NA	NA	NA	NA	NA	NA	NA	NA	NA	NA	NA	NA	NA	NA	NA	NA	NA	NA	NA	NA	NA	NA	NA	NA	NA	NA	NA	NA	NA	NA	NA	NA	NA	NA	NA	NA	NA	NA
NA	NA	NA	NA	NA	2.05873901803969	1.37165164699957	1.48918023667138	NA	1.49674462285044	1.29011423862028	NA	NA	NA	1.33204563396956	0.9432909588176	1.42752430193866	1.35361511777711	NA	NA	1.51262810910744	1.15711740547677	0.902838669803695	0.935459409710193	NA	NA	NA	0.485359249081472	NA	NA	NA	NA	NA	NA	0.604732355612764	1.66746279996551	NA	0.378848019533885	NA	NA
NA	2.11117325504731	NA	NA	2.25579396770563	1.71706935410455	NA	NA	1.55382967541735	NA	1.56969202427894	NA	0.843889235403906	1.32321608056267	NA	NA	1.0196622843104	1.72025097197537	1.05451220051895	1.25999805873723	1.43068439256353	1.92625389291587	1.65626014803424	NA	1.48913419155824	1.91650275884322	1.28679641069741	NA	NA	1.32023716163148	NA	NA	0.755209099793883	NA	1.75364740946945	1.1480767335214	NA	1.47050590528468	NA	NA
NA	NA	NA	NA	NA	NA	NA	NA	NA	NA	NA	NA	NA	1.84790630647783	NA	NA	1.07659118142378	NA	NA	NA	NA	1.07659241648899	0.864373486550876	NA	NA	NA	1.15229117056224	NA	0.46268382380632	0.326618277632587	NA	NA	NA	0.856531351810508	0.467625417262148	0.227932950251062	NA	0.378956440253891	0.539388737980154	NA
NA	1.06353046360159	NA	0.784475157538262	NA	0.606459541308367	0.892313260038299	0.875565847174068	NA	0.761860638335923	1.28572349975862	0.883031455094203	1.35866260664561	0.525320026073733	0.53134728290199	0.709458386472477	NA	0.856242947041206	0.568547020120784	0.310626266644908	1.12413318259033	0.338586716697822	NA	0.961176402491927	1.01945798415251	0.796253492913317	NA	NA	NA	NA	0.259908974092399	NA	0.540428205076731	0.453377348146777	NA	0.691580543618352	NA	0.453320223284935	0.67828300493957	NA
NA	NA	NA	NA	NA	NA	NA	NA	NA	NA	NA	NA	NA	NA	NA	NA	2.01501486877346	2.00208057259427	NA	NA	NA	1.9625950665597	NA	NA	1.74717751760296	NA	1.31451352128484	1.49093255363734	1.26992932969038	1.39260331226869	NA	1.33920772144122	1.4049639553468	NA	0.965878137451396	NA	NA	0.576694878132978	0.442200243870769	0.358820059110294
NA	NA	NA	NA	NA	NA	NA	NA	NA	NA	NA	NA	NA	NA	NA	NA	NA	NA	NA	NA	NA	NA	NA	NA	NA	NA	NA	NA	NA	NA	NA	NA	NA	NA	NA	NA	NA	NA	NA	NA
NA	NA	NA	NA	NA	NA	NA	NA	NA	NA	NA	NA	NA	NA	NA	NA	NA	NA	NA	NA	NA	NA	NA	NA	NA	NA	NA	NA	NA	NA	NA	NA	NA	NA	NA	NA	NA	NA	NA	NA
NA	NA	NA	NA	NA	NA	NA	NA	NA	NA	NA	NA	NA	NA	NA	NA	NA	NA	NA	NA	NA	NA	NA	NA	NA	NA	NA	NA	NA	NA	NA	NA	NA	NA	NA	NA	NA	NA	NA	NA
NA	1.08591008334444	1.0129535616257	NA	1.32099080646271	2.21870559062481	1.47752777335343	NA	1.36369687326347	NA	1.27612239836057	NA	1.24815606077899	NA	1.08705381329218	1.18542891198732	0.915561833585469	1.40493901961923	1.10387066236751	0.937196289081961	NA	1.82955107046066	0.728199765837896	1.28440389230397	NA	NA	NA	NA	1.14000464769647	1.2980660887529	NA	NA	0.327209188327024	NA	0.444827227937449	NA	NA	NA	NA	NA
1.26578104086741	0.69637283670997	1.44020688239451	1.5081900662116	1.07048182732835	0.54327692515226	1.29972371386156	0.654552364402194	0.328136799443176	0.993081968428309	1.30229380030615	1.06816189990386	1.06469205394025	0.618513158369017	1.31508595094802	1.06476185637859	1.26354851270734	0.680763637766628	1.29684573373323	1.39578800183622	NA	1.36149417843319	NA	1.76835183755387	0.977289375133919	NA	NA	NA	NA	1.7825317376805	NA	NA	NA	NA	NA	0.743436883868136	NA	0.577626783425598	0.730806296493182	NA
NA	NA	NA	NA	NA	NA	NA	NA	NA	NA	NA	1.570916994341	1.47676679423727	1.28604347316296	NA	1.5565779823372	0.58026003090339	NA	NA	1.02867933537764	NA	NA	NA	1.48844501318899	0.780250729141562	NA	NA	2.01737695752204	0.961260120981962	NA	1.18373629886166	NA	2.42990622797942	NA	1.18486218368004	0.765881193673301	NA	0.663349586709738	1.97471561528941	0.503227860180331
NA	NA	NA	NA	NA	NA	NA	NA	2.10933481651504	NA	1.63737701244648	NA	NA	NA	NA	NA	NA	NA	NA	NA	NA	NA	NA	NA	NA	NA	NA	NA	NA	NA	NA	NA	0.886817948235302	NA	NA	1.11299412449418	NA	0.845693502112777	NA	NA
NA	NA	NA	NA	NA	NA	NA	NA	NA	NA	NA	NA	NA	NA	NA	NA	NA	NA	NA	NA	NA	NA	NA	NA	NA	NA	NA	NA	NA	NA	NA	NA	NA	NA	NA	NA	NA	NA	NA	NA
NA	NA	NA	NA	NA	NA	NA	NA	NA	NA	NA	NA	NA	NA	NA	NA	NA	NA	NA	NA	NA	NA	NA	NA	NA	NA	NA	NA	NA	NA	NA	NA	NA	NA	NA	NA	NA	NA	NA	NA
NA	NA	NA	NA	NA	NA	NA	NA	NA	NA	NA	NA	NA	NA	NA	NA	NA	NA	NA	NA	NA	NA	NA	NA	NA	NA	NA	NA	NA	NA	NA	NA	NA	NA	NA	NA	NA	NA	NA	NA
NA	NA	NA	NA	NA	NA	NA	NA	NA	NA	NA	NA	NA	NA	NA	NA	NA	NA	NA	NA	NA	NA	NA	NA	NA	NA	NA	NA	NA	NA	NA	NA	NA	NA	NA	NA	NA	NA	NA	NA
1.54098401158866	NA	NA	2.05920536976799	NA	0.867039699826164	2.07833493619983	NA	0.777574498910496	NA	0.791975305850724	1.47723240962869	1.57911328861101	1.3821452041241	NA	NA	1.90596261726023	1.84159940384855	NA	1.19009182972169	1.35812294258775	1.28786818461055	0.840491701639191	0.595941980366582	1.32667596006681	0.39372164688048	0.423931967746443	0.518491873949413	NA	0.105466600807139	NA	0.419771704010369	NA	NA	2.39621773663907	1.91820673094728	NA	0.248335208763343	0.514905390865566	1.18508761239241
NA	NA	0.542816737969339	0.676651809753086	NA	NA	0.678961758711019	NA	0.480456786639992	0.530563870956515	0.921414330773978	1.31301313322118	1.46194285584084	NA	0.744267222863707	0.563759640552433	0.895911610621238	0.554869193291753	NA	NA	1.01961544340618	1.10368629812504	0.721615144684391	0.90366093414747	NA	NA	0.690255188067428	1.16403058711086	0.791933786223453	NA	NA	0.690781131113328	1.26163742272901	1.31579704681315	0.561315095975204	NA	NA	NA	NA	NA
NA	NA	NA	NA	NA	NA	NA	NA	NA	NA	NA	NA	NA	NA	NA	NA	NA	NA	NA	NA	NA	NA	NA	NA	NA	NA	NA	NA	NA	NA	NA	NA	NA	NA	NA	NA	NA	NA	NA	NA
0.971975694298442	1.24346917983579	NA	NA	NA	1.62140860432746	NA	1.8514849370879	2.00709254297649	1.07357875306032	1.53939190735153	1.14112715434431	1.33938332990747	1.07499781018821	0.627286371793032	1.85444712010194	1.16538113722261	1.51036911574681	1.27653301079538	NA	0.318624742877435	1.07900081624143	1.1793587175302	NA	NA	0.28618033806013	NA	0.624609598311623	NA	0.403595776169769	0.821747769911087	0.434908754996365	0.579168951704242	NA	0.957047676809104	NA	NA	NA	0.453612607578585	1.18246384297489
NA	NA	NA	0.938320446186405	0.785290058806815	NA	0.498052061421132	1.00409544345447	0.553702612818533	NA	1.06826819150764	NA	0.685402383008648	0.580175735250628	0.442016497097726	0.950264032101521	0.599857938639126	0.495964692991535	0.655035183836171	0.520370206096551	NA	0.451097582980717	0.221832934253224	NA	2.13225817702416	NA	NA	1.26855834315386	NA	NA	0.26785622510537	0.296454788318868	NA	2.04478467935379	NA	NA	NA	1.59106309567902	NA	0.706474682803178
NA	NA	1.69242250010769	0.93201408330677	1.65104284496724	1.07430162534054	1.13261371497833	1.74805094626044	1.70506023835933	1.70809873331677	1.03059308326655	1.12811780103042	1.61971646273728	1.24440100238712	1.16979169092862	NA	NA	1.32990252597521	0.758230262920361	0.651463541107731	1.51791533734966	0.447180880772184	0.905394477471241	1.18641369129148	NA	NA	NA	1.3136187771838	NA	1.45803883218378	NA	0.519023713863959	NA	NA	NA	NA	NA	0.499220502676804	0.566223631833899	0.46562042462222
NA	NA	NA	NA	NA	NA	NA	NA	NA	NA	NA	NA	NA	NA	NA	NA	NA	NA	NA	NA	NA	NA	NA	NA	NA	NA	NA	NA	NA	NA	NA	NA	NA	NA	NA	NA	NA	NA	NA	NA
0.390417325509333	0.515827243419925	NA	NA	NA	NA	0.64106108580126	0.716258723377304	0.794440537824366	NA	1.09899558421019	1.10467631521803	1.22292749698864	1.19878587031404	1.33008988290972	NA	1.55131780913747	1.33708678584215	0.651705186749649	1.31272392761457	1.11806157897253	NA	NA	NA	NA	NA	NA	1.04936672611432	NA	1.06646749492382	NA	NA	NA	1.08138028969766	NA	0.678059772797705	NA	NA	NA	0.28274515406196
NA	0.263858983153749	0.497507914616508	0.554224199785952	0.427021914131936	0.511929355077893	0.325546440535338	0.440823471632525	0.516390210182892	NA	1.13629785322763	1.2401430399591	0.994707118461591	1.22419270080458	0.987717052103972	1.46138638479456	1.24563508257878	1.08682299003645	1.63834993496875	NA	0.882357782369374	NA	NA	0.139698839554222	0.411038794196107	0.200046010984689	0.473689163732956	NA	0.150515461972325	NA	0.425619327601409	NA	0.672008189018516	0.899570778151681	1.00933410860216	NA	NA	NA	0.04243293442192	NA
NA	NA	NA	0.724805402998146	NA	0.385690006644853	0.653721412791635	NA	NA	NA	NA	0.369660715225261	NA	NA	NA	1.35529511482623	0.564285541518269	0.54066189550261	0.608727152890518	NA	NA	NA	1.09305192493921	NA	0.965772345896187	0.949031136166442	NA	NA	NA	0.265513821495092	NA	0.538819833540827	0.44078513094234	0.228814524583922	NA	0.18282762985263	NA	0.269851238587679	NA	0.734075005601582
NA	NA	NA	NA	NA	NA	NA	NA	NA	NA	NA	NA	NA	NA	NA	NA	NA	NA	NA	NA	NA	NA	NA	NA	NA	NA	NA	NA	NA	NA	NA	NA	NA	NA	NA	NA	NA	NA	NA	NA
NA	NA	NA	NA	NA	NA	NA	NA	NA	NA	NA	NA	NA	NA	NA	NA	NA	NA	NA	NA	NA	NA	NA	NA	NA	NA	NA	NA	NA	NA	NA	NA	NA	NA	NA	NA	NA	NA	NA	NA
0.869201443432238	NA	NA	1.04548203483123	NA	1.01194593674969	NA	NA	NA	NA	1.8413536468008	NA	NA	NA	NA	NA	0.830859448092075	NA	1.07549677219574	1.19136028001728	NA	NA	0.527721078366232	NA	NA	NA	1.16239495984369	1.0105195499482	NA	NA	2.11737287688862	0.964558703257813	NA	NA	0.678152710998051	NA	NA	0.187801511203705	NA	1.06006815870196
NA	NA	NA	NA	NA	NA	NA	NA	NA	NA	NA	NA	NA	NA	NA	NA	NA	NA	NA	NA	NA	NA	NA	NA	NA	NA	NA	NA	NA	NA	NA	NA	NA	NA	NA	NA	NA	NA	NA	NA
NA	NA	NA	NA	NA	NA	NA	NA	NA	NA	NA	NA	0.868869609041502	NA	NA	NA	NA	NA	NA	NA	0.556518565131047	NA	NA	NA	NA	NA	NA	NA	NA	NA	2.10855986729376	NA	NA	2.02864766327756	1.73080535010714	1.69258536183794	NA	NA	0.25957230835671	NA
NA	NA	NA	NA	NA	NA	NA	NA	NA	NA	NA	NA	NA	NA	NA	NA	NA	NA	NA	NA	NA	NA	NA	NA	NA	NA	NA	NA	NA	NA	NA	NA	NA	NA	NA	NA	NA	NA	NA	NA
NA	1.03470360353883	1.47814060730793	NA	1.44525037680718	1.06474776947505	NA	NA	NA	NA	NA	1.32892515102668	1.07798710911644	1.36246603866313	NA	NA	NA	NA	1.4538325767141	0.607755019493641	1.23128429884838	0.782136673766031	NA	0.918089881281378	NA	NA	1.01259672453451	1.17469053552446	1.15678003954895	1.26892938250561	NA	0.580591162520077	1.49284550751729	1.62312047798352	NA	NA	NA	1.25207535315831	0.371833439462319	0.772055010598244
NA	NA	NA	NA	NA	NA	0.728303367400515	0.508367550426091	NA	NA	0.802261339231485	1.01335435164346	1.09925190278203	NA	NA	NA	NA	NA	NA	0.500922589317058	0.521164501950112	0.586789340184716	0.246925334221825	1.35048872909756	0.327245791624555	0.408039639721793	NA	0.380019566505819	0.53433074354061	0.59383685250972	0.726404596523237	NA	0.434193181530578	NA	NA	1.00978619961713	NA	0.69529545367596	0.722820392590748	NA
0.278233217343497	NA	0.804725995824524	1.03467262151455	0.655876714383845	NA	NA	NA	0.194903385882674	0.419632763218209	NA	NA	NA	0.741824760498399	NA	0.751350197888149	1.00548217419853	NA	NA	0.688028303876521	0.69826616006852	NA	0.656758356433826	0.444353715079728	NA	0.639071207472268	NA	NA	NA	NA	NA	NA	NA	0.284183621606622	0.739943085019043	0.654948906471896	NA	0.409900114130252	0.24474094993918	0.549384344830367
NA	NA	NA	NA	1.0681405673246	0.67287587651717	NA	0.731087583402449	NA	NA	0.272218912708398	NA	NA	NA	NA	1.7583389651979	NA	0.887328329268418	NA	0.66805147453743	0.601889408392301	0.380735272394312	0.717967324841551	0.513155985471533	0.989870466141701	NA	NA	NA	1.00345481307177	0.872194416638066	NA	NA	0.414655275483081	NA	NA	NA	NA	0.200999148923416	0.373946707260319	NA
NA	NA	NA	1.07608518474965	NA	1.3674681924672	NA	2.40635534556044	NA	NA	NA	2.59111847198501	NA	1.48610950507529	NA	NA	1.5002310283281	1.53142826783348	NA	1.42730689621025	1.2477060957533	1.50279024292247	1.00241546556409	1.28212694183767	NA	NA	NA	NA	0.331860510248025	NA	NA	0.945988383386846	0.796020570978385	NA	0.684536067376449	NA	NA	NA	NA	0.798614673438912
NA	NA	NA	NA	NA	NA	NA	NA	NA	NA	NA	NA	NA	NA	NA	NA	NA	NA	NA	NA	NA	NA	NA	NA	NA	NA	NA	NA	NA	NA	NA	NA	NA	NA	NA	NA	NA	NA	NA	NA
NA	NA	NA	NA	NA	NA	NA	NA	NA	NA	NA	NA	NA	NA	NA	NA	NA	NA	NA	NA	NA	NA	NA	NA	NA	NA	NA	NA	NA	NA	NA	NA	NA	NA	NA	NA	NA	NA	NA	NA
0.842725189062625	1.22119572714786	NA	NA	NA	NA	1.67129722493576	NA	1.3377915548132	1.30335093988401	NA	NA	1.62735182493933	NA	NA	0.243306551591507	1.42302496227814	1.0227147306242	NA	1.19809748518165	1.69181117374572	0.906375488163035	0.43668873633927	0.604556092751048	0.906020107370097	1.34485107784169	0.315686049533112	1.19686374220827	1.62646462373236	0.597848283726842	1.10581488807567	0.69879298973032	1.5827055629802	NA	NA	NA	NA	0.916392472532589	0.363405932035058	0.46811333283216
1.14543146791201	1.26796641317045	NA	NA	NA	NA	NA	NA	0.5032817580989	0.762167860287299	0.729066427312934	1.3508600457871	NA	1.2491893697264	1.42835242938754	1.51288620128675	1.35677023263077	0.889938613563267	1.23181667736053	0.971415339881427	0.840413901238421	0.378191855913948	NA	NA	0.478931832058099	0.663087811333078	NA	0.737798238677554	NA	0.307142252123017	NA	NA	0.470185282180202	0.55778623407261	0.384571826458603	NA	NA	0.347774171724298	0.726637499512498	0.657778667963963
NA	NA	NA	NA	NA	NA	NA	NA	NA	NA	NA	NA	NA	NA	NA	NA	NA	NA	NA	NA	NA	NA	NA	NA	NA	NA	NA	NA	NA	NA	NA	NA	NA	NA	NA	NA	NA	NA	NA	NA
NA	NA	NA	NA	NA	NA	NA	NA	NA	NA	NA	NA	NA	NA	NA	NA	NA	NA	NA	NA	NA	NA	NA	NA	NA	NA	NA	NA	NA	NA	NA	NA	NA	NA	NA	NA	NA	NA	NA	NA
2.10170347199425	1.84231218262264	0.87382030652173	1.86009012515115	2.03474471703763	2.05513076899342	NA	0.958988546327801	1.6518649362392	NA	1.79776857556532	NA	NA	0.710060668005175	1.9177218796509	0.576709287989348	NA	0.573419302710222	1.3642283654064	0.589947964009877	NA	NA	2.09720456675945	1.43175258733727	0.43868800095989	0.557283110428428	NA	NA	NA	0.970781999060962	0.964666384574768	NA	NA	NA	NA	0.454277486013653	NA	0.545221961952637	0.74685321382807	0.413945885169443
NA	NA	1.63352381348606	NA	1.87494101625786	NA	2.04265609699213	2.29646453182469	1.98094813001072	NA	2.10230706612407	2.04703322823271	2.43025132330039	3.59698363775145	2.29991151388833	NA	2.32222116716028	NA	NA	NA	NA	NA	NA	2.8097819005797	2.31684622163659	NA	NA	NA	NA	1.24380784445952	NA	2.00620372213095	1.53279270244267	1.94974940631264	2.04147599714403	2.28746697907227	NA	2.46870356303329	2.22364548005402	2.30861536765017
NA	NA	0.540818825981872	NA	0.500068720405406	0.569066501250359	NA	1.24729124706165	1.88223653658153	NA	NA	0.707949995856579	NA	0.63988128066687	0.951935993171965	NA	0.859920246115711	0.863632151258767	0.517535132454018	1.84652323771893	0.921794927683769	0.2854330917997	0.439928361518035	0.461417767527374	NA	0.193715001228252	0.28908221548968	0.316762409209671	0.622020781469272	0.217971803366011	NA	0.498487293263102	0.195962922832439	0.31239908482148	0.120044305656203	0.20646244125703	NA	0.570581712116802	0.300304401245695	0.340416390534963
NA	0.614620221476288	NA	NA	0.413008671455442	0.607892212100639	0.664195799550133	0.132832752588722	NA	0.946876608599801	NA	0.379212975313342	NA	0.742697073022499	0.868732703767946	NA	NA	NA	NA	NA	0.929668181388971	0.817102834245313	NA	NA	0.58302543241267	NA	NA	NA	0.441406191941618	0.753837305145827	NA	0.385807535168989	0.724189601920185	NA	0.227468963280657	0.33266762714142	NA	0.612920376744892	0.669120888483843	NA
1.19617234223605	1.54118491756396	0.378407987430628	0.412324513530729	NA	1.01370033390424	0.990250107108594	0.51236456394796	1.08833660295999	0.571611058819481	0.400972611013611	0.478132220813865	0.73843513145529	0.890278559683891	0.865680554956148	0.683426986023886	0.600623831196427	0.567389805047443	1.06314752418968	0.34757647172279	0.557887775811435	0.519374484479721	0.496682720714148	0.403480223092232	0.54692213168029	NA	NA	0.979083967058323	0.812632218389835	0.765252195113828	NA	0.735630253914687	NA	0.652346902995977	0.762250897376433	0.50845271924077	NA	0.133896137953741	0.564277130724484	1.45877432634465
NA	NA	NA	NA	NA	NA	NA	NA	NA	NA	NA	NA	NA	NA	NA	NA	NA	NA	NA	NA	NA	NA	NA	NA	NA	NA	NA	NA	NA	NA	NA	NA	NA	NA	NA	NA	NA	NA	NA	NA
NA	NA	0.558378547899091	NA	0.431690959832372	NA	NA	NA	1.2214709150575	NA	NA	NA	NA	0.533334362299161	NA	NA	NA	NA	NA	NA	NA	NA	1.31984412598174	NA	NA	NA	NA	NA	0.501478887237729	NA	NA	0.573573901345165	NA	1.57983167133001	NA	0.239395193362262	NA	0.805983973317143	NA	NA
NA	NA	1.18219005772718	NA	1.45214782703717	1.17295736393274	NA	0.762455896636007	0.875901418878905	0.893196658464636	1.20171804269531	1.19454007505836	0.966619324727144	0.961807921966968	0.510127092196747	NA	0.7063992364277	1.39581882547372	0.878988772545447	0.640881719608177	0.472388892338333	0.888587583405989	0.468122465007034	0.72938342892669	0.427962115968391	0.743675735177176	0.299519544066273	NA	0.651331398810265	0.366346522119101	NA	0.529929631798149	0.365352453640812	0.539145857652846	0.635392781632431	0.330164352935494	NA	0.71124946325357	0.332658324781865	0.713220113845666
NA	2.06308663388675	1.92979985875997	2.80326815813673	1.89243667633632	1.9281598273259	2.46479317492601	NA	2.07843680861633	1.68314106275962	NA	NA	2.10308041532365	2.25352805482914	2.32854345399083	2.32936212874847	1.16595247099242	2.40118556399064	NA	1.21136184827521	0.991398974416056	NA	0.894437109169231	0.993745703827636	1.08042478824015	0.957133062004082	1.16769167438734	1.40424989618182	1.6983946060779	1.29672128602427	NA	1.36053108845037	1.49953221327814	NA	NA	1.39055136109902	NA	1.32258538458458	1.93666483576323	1.50833297668744
0.955061725120035	0.376983593998104	0.746527016007027	2.44055778406741	0.455923472051049	0.536363837350883	0.685813780017612	0.763719898413618	0.652219092202138	NA	0.711963749544631	1.47490430068174	NA	1.25099192626396	0.648290588518741	0.69002035728907	0.497866559677978	0.524929420576149	1.0241390233811	NA	1.48436089247508	0.829041675565827	NA	NA	0.507284165432111	NA	NA	0.380275983764412	0.88415658608019	1.03580880039649	0.358723053051246	0.438030542539225	0.791763048585503	0.71696773255891	NA	NA	NA	0.46267955407625	0.614061306957097	0.308453209421117
NA	NA	NA	NA	1.32842466271504	1.72675086486621	1.51696719068906	1.38875774542404	1.05769422515803	NA	1.31443736783384	1.32947624871909	NA	NA	1.26143569094656	1.45398447600861	0.992468847911662	1.07328588080577	0.977784072809266	0.815041781854496	1.28650358247091	NA	1.10910685534694	1.24234470864816	NA	NA	NA	0.995044118222648	1.15013641952955	1.3618665303421	1.06475788576588	0.912461981231522	NA	0.778224463744578	0.629066486353393	0.335259676596683	NA	NA	0.485020376083761	NA
NA	NA	NA	NA	NA	NA	NA	NA	NA	NA	1.32910965378727	NA	NA	NA	NA	NA	1.54787579449196	NA	1.19978772362063	1.14556909011706	1.39760773098823	1.28887791129229	0.838493877344449	1.06676427134025	1.3388502738288	NA	1.14931411468962	NA	1.20902739064241	NA	0.584851459538814	0.643310976528966	0.653800565903197	1.54081229053864	NA	NA	NA	0.263435922692508	0.210339487983347	0.706006707642278
1.73378947019682	NA	1.18705690936762	1.73759270660389	1.31625684306779	NA	NA	1.34365156106841	NA	NA	NA	NA	1.87528391970405	NA	NA	NA	NA	NA	NA	1.17813348065743	1.06732861044349	NA	NA	1.08223226538325	0.915105371384974	NA	NA	NA	NA	NA	0.609833783465532	NA	0.441975887931129	0.562302817089415	NA	1.16700386595696	NA	0.816920019022695	1.31394775052812	0.363755432456506
NA	NA	NA	NA	NA	NA	NA	NA	NA	NA	NA	NA	NA	NA	NA	NA	NA	NA	NA	NA	NA	NA	NA	NA	NA	NA	NA	NA	NA	NA	NA	NA	NA	NA	NA	NA	NA	NA	NA	NA
NA	2.18320340519119	1.36398191154612	NA	NA	1.50071354088756	1.06629299946129	NA	1.22866143971131	NA	0.6171784345631	1.06068111656173	NA	NA	NA	NA	0.895790398367511	NA	NA	NA	NA	NA	0.748662722372473	NA	0.908695836043387	NA	0.718681276436054	NA	0.649354082965363	0.77534070951431	NA	NA	NA	NA	NA	NA	NA	0.824469887944624	NA	NA
NA	NA	NA	NA	NA	NA	NA	NA	NA	NA	NA	NA	NA	NA	NA	NA	NA	NA	NA	NA	NA	NA	NA	NA	NA	NA	NA	NA	NA	NA	NA	NA	NA	NA	NA	NA	NA	NA	NA	NA
1.58008486088438	1.2602227895729	2.24657954830225	2.38900803407062	1.46375715624659	NA	NA	2.99293644377792	NA	2.99923372016817	NA	2.85080328355291	NA	NA	0.836808141968798	NA	2.79508787497754	2.47881926958572	2.90122337276765	2.04608997581766	0.608356180946685	0.538334301974598	NA	1.26334700016893	1.28240130419019	1.35412413465393	1.52788595293201	0.311293630954122	1.20431129786106	NA	0.287537562746128	0.772458566966829	0.773890802894836	1.27085365378982	0.921494797234174	0.661505336066242	NA	NA	2.1956580317096	0.432777377859017
0.679437024014188	NA	NA	1.6224038243799	NA	1.35100771890463	NA	1.22992037852892	1.1765849377246	NA	NA	NA	1.10466282769888	1.41537378051026	NA	NA	1.32680017059872	NA	1.01091272514554	1.13893802949017	1.22454180075289	NA	NA	1.05468454639727	NA	0.983550885107114	NA	0.694157877127801	1.27427878784804	0.795911161277671	1.03509348090075	0.755553670662932	0.934352095649978	0.86021786074909	NA	0.532650374258721	NA	NA	NA	NA
NA	NA	1.49588415001121	NA	1.30179874053182	1.26427212173756	0.23355528430645	0.576562775225337	0.578398666389366	1.1548423144309	1.17441911442445	0.520685958277749	0.679888434671244	0.501690812071053	0.84388311921229	NA	1.19012793008064	0.503980191519652	NA	NA	1.1927067499442	0.273192807759036	0.536640803908747	NA	0.539065120990839	NA	0.968881488739681	1.07434408593962	0.905544808127193	NA	0.430123116586503	NA	0.455990624318939	NA	NA	0.214166339323159	NA	0.485360828515769	NA	0.277401992610361
NA	NA	NA	NA	NA	NA	NA	NA	NA	NA	NA	NA	NA	NA	NA	NA	NA	NA	NA	NA	NA	NA	NA	NA	NA	NA	NA	NA	NA	NA	NA	NA	NA	NA	NA	NA	NA	NA	NA	NA
NA	NA	NA	NA	NA	NA	NA	NA	NA	NA	NA	NA	NA	NA	NA	NA	NA	NA	NA	NA	NA	NA	NA	NA	NA	NA	NA	NA	NA	NA	NA	NA	NA	NA	NA	NA	NA	NA	NA	NA
NA	NA	NA	NA	NA	NA	NA	NA	NA	NA	NA	NA	NA	NA	NA	NA	NA	NA	NA	NA	NA	NA	NA	NA	NA	NA	NA	NA	NA	NA	NA	NA	NA	NA	NA	NA	NA	NA	NA	NA
NA	NA	NA	NA	NA	NA	NA	NA	NA	NA	NA	NA	NA	NA	NA	NA	NA	NA	NA	NA	NA	NA	NA	NA	NA	NA	NA	NA	NA	NA	NA	NA	NA	NA	NA	NA	NA	NA	NA	NA
0.776952372813298	0.779812601550997	NA	NA	0.794476806569764	0.679049300156311	NA	NA	NA	NA	NA	0.785935698167253	NA	0.983639440410368	1.03661017506904	NA	1.22096083447914	1.06157072167426	NA	1.16835403991683	0.917175541773598	0.940094777614805	1.1178941494569	1.15124941420731	NA	1.42827760250519	1.22927725025744	1.80287805516762	1.91058709456564	NA	1.18984881649558	1.51169493760047	1.12719866673184	0.479249478290518	NA	0.789013928348125	NA	1.23385855790176	NA	0.616521441714546
0.74164378008654	0.419787926001669	NA	NA	NA	1.57154105082655	NA	1.65377111868406	1.90033799885159	NA	1.90466311983589	1.20208245786618	1.08566401079828	0.913031122019581	0.934585369013161	NA	0.957843611478592	0.614202253281317	NA	0.691612151816765	1.07817780405898	0.380961030048233	NA	NA	0.338219059610711	NA	NA	0.286426627195621	0.666209293314898	NA	NA	NA	0.233974067580294	0.318273479842675	0.767390491577592	0.557938609430182	NA	NA	0.386207826305911	0.372050219387736
NA	NA	NA	NA	NA	NA	NA	NA	NA	NA	NA	NA	NA	NA	NA	NA	NA	NA	NA	NA	NA	NA	NA	NA	NA	NA	NA	NA	NA	NA	NA	NA	NA	NA	NA	NA	NA	NA	NA	NA
NA	NA	NA	NA	NA	NA	NA	NA	NA	NA	NA	NA	NA	NA	NA	NA	NA	NA	NA	NA	NA	NA	NA	NA	NA	NA	NA	NA	NA	NA	NA	NA	NA	NA	NA	NA	NA	NA	NA	NA
NA	NA	NA	NA	NA	NA	NA	NA	NA	NA	NA	NA	NA	NA	NA	NA	NA	NA	NA	NA	NA	NA	NA	NA	NA	NA	NA	NA	NA	NA	NA	NA	NA	NA	NA	NA	NA	NA	NA	NA
NA	0.853436027795693	NA	0.833744059630329	NA	1.68363900812191	1.80625695960664	NA	0.730487610167442	0.876879156880403	NA	NA	NA	NA	NA	0.944083338418415	0.509860342437478	NA	NA	0.867115236211222	NA	NA	0.641901351587702	NA	NA	NA	NA	NA	NA	1.70074569340162	NA	0.608183071729688	0.427240953504234	1.04301742227703	NA	NA	NA	0.293438050940047	0.513979803883251	0.548365380931566
NA	NA	NA	NA	NA	NA	NA	NA	NA	NA	NA	NA	NA	NA	NA	NA	NA	NA	NA	NA	NA	NA	NA	NA	NA	NA	NA	NA	NA	NA	NA	NA	NA	NA	NA	NA	NA	NA	NA	NA
NA	NA	NA	1.39034912262726	0.876609457651868	NA	NA	0.793714447996141	0.693106438542489	0.635528597833453	NA	0.466255681565138	NA	NA	0.503841128970192	NA	0.589304192459113	NA	NA	NA	0.368589405367826	0.216693142472062	NA	NA	0.96264745496842	0.668168564856751	NA	1.02975274671821	NA	NA	NA	0.862658838366684	NA	NA	NA	NA	NA	1.53954957349255	NA	0.518431682284511
NA	NA	NA	NA	NA	NA	NA	1.0503954131963	NA	0.897802947879819	NA	NA	NA	1.37655931368853	0.583864040456235	NA	NA	NA	0.787982043726301	0.874942259791785	NA	NA	NA	NA	0.65914548749924	NA	NA	NA	0.843666598477317	NA	NA	NA	NA	0.373791113992637	0.257366709069127	NA	NA	NA	NA	NA
NA	NA	NA	NA	NA	NA	NA	NA	NA	NA	NA	NA	NA	NA	NA	NA	NA	NA	NA	NA	NA	NA	NA	NA	NA	NA	NA	NA	NA	NA	NA	NA	NA	NA	NA	NA	NA	NA	NA	NA
NA	NA	NA	NA	NA	NA	NA	NA	NA	NA	NA	NA	NA	NA	NA	NA	NA	NA	NA	NA	NA	NA	NA	NA	NA	NA	NA	NA	NA	NA	NA	NA	NA	NA	NA	NA	NA	NA	NA	NA
NA	NA	NA	0.364412042770486	NA	0.98804683750016	1.22803985697079	NA	NA	NA	NA	NA	1.61328067053469	1.43396813169822	1.15117812264178	1.06698810133379	1.20989484422881	1.11229102320097	NA	NA	NA	NA	NA	1.53360169023695	NA	NA	NA	NA	1.32212493512854	NA	NA	1.51691247538865	0.82524969572785	0.74986887874988	NA	NA	NA	NA	NA	1.88488260072838
NA	NA	NA	NA	NA	NA	NA	NA	NA	NA	NA	NA	NA	NA	NA	NA	NA	NA	NA	NA	NA	NA	NA	NA	NA	NA	NA	NA	NA	NA	NA	NA	NA	NA	NA	NA	NA	NA	NA	NA
1.18683737756583	2.09267588358713	NA	NA	NA	NA	1.24430333626614	2.80586776261245	NA	NA	NA	1.78112645254349	0.602431347227055	0.509388267549464	2.61758197553381	1.71608141983362	0.4181498860049	2.6505007016669	NA	1.48849696183309	1.5384127360172	1.70476776435793	2.21044012293111	NA	2.34814721034146	NA	2.29512293997346	2.12486610530022	NA	2.00563461508941	0.182649982017234	NA	2.03907476235424	NA	1.62502918530065	1.69598760388844	NA	0.329683628847182	0.557107151552741	2.16243139388977
1.14968290342597	1.20216294754673	1.08397401448624	1.12184554130724	1.45072798584083	1.33100361218729	1.48197157757287	1.29007557518479	0.887837960603805	NA	NA	1.21371799030118	NA	NA	NA	1.27958449312738	NA	1.19487127454976	1.20232888717888	1.34803095102343	NA	0.291194046706152	NA	NA	0.745866232883951	NA	NA	0.666920968554482	0.529174399142754	0.851069406491187	0.569952339568023	1.03862057429093	0.602274118299214	NA	NA	0.331806553346993	NA	0.941031870145919	0.955977045970368	0.877306874123598
NA	NA	NA	NA	NA	NA	NA	NA	NA	NA	NA	NA	NA	NA	NA	NA	NA	NA	NA	NA	NA	NA	NA	NA	NA	NA	NA	NA	NA	NA	NA	NA	NA	NA	NA	NA	NA	NA	NA	NA
NA	NA	NA	NA	NA	NA	NA	NA	NA	NA	NA	NA	NA	NA	NA	NA	NA	NA	NA	NA	NA	NA	NA	NA	NA	NA	NA	NA	NA	NA	NA	NA	NA	NA	NA	NA	NA	NA	NA	NA
NA	NA	NA	NA	NA	0.790227503979754	0.457768055879657	NA	0.447034345580307	NA	0.376053251698701	NA	1.35919513514383	NA	NA	1.52896726863461	1.02723673294023	0.740910209009165	NA	NA	NA	0.683261774656758	NA	NA	NA	NA	NA	NA	NA	NA	0.60231251519419	NA	NA	NA	NA	NA	NA	NA	NA	0.594363619847921
NA	NA	NA	1.78804090293384	NA	NA	0.175601071659588	0.650013109212003	0.458273595386367	NA	NA	NA	0.583327418242013	0.755617304615027	1.84630354232248	NA	NA	1.08433037280099	1.20936071780053	0.888574446766679	NA	NA	1.10303623834179	0.577768504828735	0.84131544990892	NA	NA	0.53778104265152	0.84384716314903	NA	0.735053706088056	NA	NA	0.46404955825268	0.407815230100118	0.729151542694238	NA	0.382246044797099	NA	NA
NA	NA	NA	NA	NA	NA	NA	NA	NA	NA	NA	NA	NA	NA	NA	NA	NA	NA	NA	NA	NA	NA	NA	NA	NA	NA	NA	NA	NA	NA	NA	NA	NA	NA	NA	NA	NA	NA	NA	NA
NA	NA	NA	NA	NA	NA	NA	NA	NA	NA	NA	NA	NA	NA	NA	NA	NA	NA	NA	NA	NA	NA	NA	NA	NA	NA	NA	NA	NA	NA	NA	NA	NA	NA	NA	NA	NA	NA	NA	NA
NA	NA	NA	NA	NA	1.27751321246594	NA	NA	0.593427538452127	NA	0.750224483239871	1.31547769011653	NA	NA	1.59911176128343	NA	NA	NA	NA	NA	0.635841585447422	0.736561596056106	0.559462971710903	0.576275270523944	0.5131614601189	0.583034141326497	NA	0.828215556171325	0.751943262442237	NA	NA	0.502028872142085	NA	1.2205230184088	0.746977582474321	0.940724186257644	NA	0.321263912100764	0.789203349084325	0.787681696788503
NA	NA	NA	NA	NA	NA	NA	NA	NA	NA	NA	NA	NA	NA	1.74569874463041	NA	NA	NA	NA	NA	1.69390344594307	NA	NA	NA	1.77731112336872	NA	NA	1.36363153462224	1.54142640084681	NA	1.77023812441623	1.92932789311087	NA	NA	2.02711142056684	NA	NA	2.03375958356282	NA	NA
NA	NA	NA	NA	NA	NA	NA	NA	NA	NA	NA	NA	NA	NA	NA	NA	NA	NA	NA	NA	NA	NA	NA	NA	NA	NA	1.33375037938678	1.29297216805107	1.18081261598785	0.94744101907417	0.932330564306372	0.689892892714023	0.394739085434222	0.268598063189284	0.135609169409744	0.160856515633458	NA	0.0716362909685414	0.375143495265009	0.457150745206593
NA	1.04089715664277	NA	NA	NA	NA	1.55803894248683	1.48024855518245	NA	1.05375032008768	NA	NA	NA	0.827569471645987	0.937961501081396	NA	NA	NA	1.15961950807496	NA	0.354426944644894	0.653161703760509	NA	0.991575247505069	0.467097931742417	NA	NA	NA	NA	NA	NA	NA	NA	2.20529728776449	NA	NA	NA	NA	NA	NA
NA	1.06510487732121	0.973125796231662	NA	NA	0.461335054314695	NA	NA	NA	0.708991037512339	0.823099289378766	1.18941774517655	0.905444846274323	0.974527099412052	1.09734620782829	1.17561431292439	1.2450691782608	1.59739369430349	1.24402916675405	1.08940941324144	NA	0.906068190602572	1.17672468999111	NA	0.540848160709946	NA	NA	0.520417345642141	0.542440529712972	NA	NA	0.784260511677642	0.762201777283622	NA	0.820317800192793	0.528703402831512	NA	NA	NA	NA
0.408318406672483	0.670194583630255	0.81644051389667	NA	NA	NA	NA	0.838574158642302	NA	NA	0.813086758362	NA	NA	NA	NA	NA	0.723273763069414	0.917491345104303	NA	1.30888855143911	1.0731473462717	NA	0.520049220906289	0.20454261451343	0.297366368399704	NA	NA	0.313682601761053	NA	NA	NA	NA	NA	NA	NA	0.330470716963698	NA	NA	NA	NA
NA	NA	NA	NA	NA	NA	NA	NA	NA	NA	NA	NA	NA	NA	NA	NA	NA	NA	NA	NA	NA	NA	NA	NA	NA	NA	NA	NA	NA	NA	NA	NA	NA	NA	NA	NA	NA	NA	NA	NA
NA	NA	0.823300078245697	NA	0.52932005207686	NA	0.180747790383777	NA	NA	0.448399649379963	0.690884859690787	1.33427485385318	0.981184610011171	0.859852045173901	0.679866915841835	NA	0.926005824409407	0.85708341283683	NA	0.386183246457958	0.364764617066146	0.290071062057788	0.61477964312798	0.291903995616135	0.360460081713482	NA	NA	NA	0.412438703214121	0.178138612303587	NA	0.0622057198585226	NA	0.61801883977446	0.349028861389649	0.333513524630263	NA	NA	0.733289751234312	0.453468458384412
NA	NA	NA	1.30074363480072	NA	NA	1.41295540693702	1.46384113271012	1.1613883504297	NA	1.57727050881197	1.23503306789553	NA	1.46132143936218	NA	1.47212958410778	1.52941995129218	NA	NA	1.38671999688418	1.18332866088743	NA	0.658336143821132	NA	0.597671588576882	0.710330710387274	0.545161609194887	0.424844932443618	0.746371145004609	NA	NA	NA	0.730583501123561	NA	0.439976365333928	NA	NA	0.440633197892087	NA	0.335086536861536
NA	NA	NA	NA	NA	NA	NA	NA	NA	NA	NA	NA	NA	NA	NA	NA	NA	NA	NA	NA	NA	NA	NA	NA	NA	NA	NA	NA	NA	NA	NA	NA	NA	NA	NA	NA	NA	NA	NA	NA
NA	NA	NA	NA	NA	NA	NA	NA	NA	NA	NA	NA	NA	NA	NA	NA	NA	NA	NA	NA	NA	NA	NA	NA	NA	NA	NA	NA	NA	NA	NA	NA	NA	NA	NA	NA	NA	NA	NA	NA
2.35956006465411	0.802601026581137	0.97837514667651	NA	0.217016162635685	2.1962341502366	2.4097104605524	2.98257860230063	NA	3.45491512757484	0.860566983132502	NA	0.962097270166752	NA	2.89492496667175	0.768851809222637	2.1274959920434	1.94286479198228	2.02615305533391	2.02934271524784	0.418350198088648	1.83480610050164	0.746248813674497	NA	NA	NA	NA	NA	NA	NA	NA	2.13956133948546	0.980708576900871	0.951006617589042	2.46374080067988	2.09015597966686	NA	1.8732925642068	1.77177028921412	0.264991474648528
NA	NA	NA	0.99916089131321	NA	0.818494854094535	NA	NA	1.22500100068484	NA	NA	NA	NA	NA	NA	NA	NA	0.524018168719471	NA	NA	NA	NA	1.35685561441641	NA	1.31195192919972	NA	NA	1.58845993899139	NA	1.41858706391776	1.48703870085974	NA	NA	NA	NA	NA	NA	NA	NA	NA
NA	2.53847385368255	NA	NA	NA	NA	2.21455400633501	2.15495625309339	2.26380010098982	NA	1.87189925084695	1.92261612074861	NA	1.80272733172886	1.49131726022674	NA	NA	1.91887697919086	2.36200138486629	2.22305913024507	NA	NA	1.3024144685356	0.673783266666714	NA	NA	0.508558397071562	0.797930932089031	0.236861165272219	NA	NA	NA	NA	NA	NA	NA	NA	NA	NA	0.519620452244062
1.35080604207703	NA	NA	NA	1.35778265032475	NA	1.18600302647669	NA	0.803040607031626	NA	0.646374458173327	0.678293873675518	1.46865946856043	NA	NA	1.41594283537955	NA	1.39255653812326	NA	NA	NA	0.646579913886028	0.656113873568951	1.31780131039243	NA	NA	1.28754808732686	0.855104362710877	1.29696954056198	0.846960767696575	0.796913356744341	0.543651759734019	0.976689643039545	0.573243673073653	1.19596296173055	0.67566927987389	NA	NA	0.410487090792996	0.410260421599555
NA	2.18235089189815	NA	NA	NA	NA	NA	NA	NA	NA	NA	NA	NA	2.11039266045855	NA	2.70121867692264	NA	NA	NA	NA	NA	NA	1.45950380439011	NA	NA	NA	1.38489953639369	NA	NA	NA	NA	1.66753385793685	NA	NA	NA	0.244468524418521	NA	0.320289014666157	1.34636794540895	0.404824220090824
NA	NA	NA	NA	NA	NA	NA	NA	NA	NA	NA	NA	NA	NA	NA	NA	NA	NA	NA	NA	NA	NA	NA	NA	NA	NA	NA	NA	NA	NA	NA	NA	NA	NA	NA	NA	NA	NA	NA	NA
1.07177917022199	1.41200592354691	1.09104368410122	1.22496916397678	1.01633760903445	0.784665181518916	1.99218050462098	NA	1.17374521195273	0.607640366552561	1.05382238496813	NA	1.37850579491177	1.10212323423498	NA	1.15441676456715	NA	1.02944677301171	NA	0.788383714566482	0.34980223999928	0.263090598636495	NA	NA	NA	NA	0.356670077653565	NA	0.734206789704534	1.19648618375902	NA	0.504777330498459	0.367629624306745	NA	0.656890172125368	0.386106939838056	NA	NA	NA	NA
NA	NA	0.690322675359908	NA	NA	NA	NA	0.503626035686057	0.852699889311845	NA	0.635599538270686	1.00146653706741	NA	0.985330953222993	NA	NA	0.723016251126206	NA	NA	1.07686313808732	0.80525583405281	NA	NA	NA	NA	NA	NA	NA	NA	NA	NA	NA	0.633360959498918	NA	NA	NA	NA	0.449442612512265	NA	NA
1.4665515895437	1.28823202482878	NA	1.11021805507379	NA	NA	1.71665269809403	1.40004368384992	NA	1.68642337882539	1.71500952801995	1.48216979248842	NA	1.32173049803371	1.56852425228227	NA	1.27380474358432	1.2169283408886	1.68612194665407	1.32973766031223	NA	0.659893179840907	0.820408593687061	NA	NA	NA	NA	NA	NA	NA	NA	0.519502118408654	0.501597876101896	0.498170341330569	0.736996502480612	NA	NA	0.289512501148767	0.251160581316923	0.560946932734333
NA	NA	NA	NA	NA	NA	NA	NA	NA	NA	NA	NA	NA	NA	NA	NA	NA	NA	NA	NA	NA	NA	NA	NA	NA	NA	NA	NA	NA	NA	NA	NA	NA	NA	NA	NA	NA	NA	NA	NA
NA	1.73210603212233	0.304702499918712	0.640157041347993	1.9730232923319	0.845523761720213	1.46066273523261	1.63411661169001	1.43712589118279	1.48314747539915	1.04212876494116	1.15891696894126	1.52738625544722	1.09509367263244	1.29147553443038	0.934705098687429	1.43995991893127	1.28414718061807	1.08493698301928	0.85358880630602	0.984635099510541	1.2589944674963	1.69306947250609	NA	0.85002951368623	NA	0.502510083520131	1.79786282497046	0.313473133191546	0.677066290198541	0.724890493239503	1.69525338452644	0.505446804741733	NA	0.471023207900122	1.5838814308126	NA	NA	1.21071102712358	0.993212011134082
NA	NA	NA	NA	NA	NA	NA	NA	NA	NA	NA	NA	NA	NA	NA	NA	NA	NA	NA	NA	NA	NA	NA	NA	NA	NA	NA	NA	NA	NA	NA	NA	NA	NA	NA	NA	NA	NA	NA	NA
NA	NA	NA	NA	NA	NA	NA	NA	NA	NA	NA	NA	NA	NA	NA	NA	NA	NA	NA	NA	NA	NA	NA	NA	NA	NA	NA	NA	NA	NA	NA	NA	NA	NA	NA	NA	NA	NA	NA	NA
NA	NA	NA	NA	0.32601543111692	NA	NA	NA	NA	NA	NA	NA	NA	NA	0.993877857832737	NA	NA	NA	NA	NA	NA	NA	0.703070148730195	NA	0.48763560487675	NA	NA	0.558113053713078	0.843020704623341	NA	NA	NA	NA	NA	NA	NA	NA	0.468211503701086	0.274249106644243	NA
1.294584470905	NA	1.15908733817545	1.34444506009365	1.51731390468116	1.21083319993326	2.28481221259608	2.21598911616831	2.13941390978593	2.50384876069624	2.34224864886651	1.87697255271501	NA	1.87504885475037	1.82705822534066	NA	1.59248862135702	NA	NA	NA	NA	1.80749767850913	0.693716110487577	NA	0.530454658690327	NA	NA	NA	NA	NA	NA	NA	NA	0.310821841097967	0.571449351698172	0.533479322695448	NA	NA	0.830108639854937	NA
NA	NA	NA	NA	NA	NA	NA	NA	NA	NA	NA	NA	NA	NA	NA	NA	NA	NA	NA	NA	NA	NA	NA	NA	NA	NA	NA	NA	NA	NA	NA	NA	NA	NA	NA	NA	NA	NA	NA	NA
NA	NA	1.12070749169501	1.34539169258974	0.75845665010796	1.33239805725297	1.14976756434756	1.25116301162397	1.09162193437609	1.3726446669495	1.33358533905223	1.45542741344134	1.54053880884357	1.47049831239487	1.59532958550333	1.17106581817529	1.30315869505002	1.28155207937515	1.09015171967201	NA	NA	1.20081733469952	1.17630279909062	0.763360413952564	1.03390956061712	0.755356934838956	NA	0.442935126005147	NA	NA	NA	0.819810951593129	NA	0.383566124191366	1.45330116888097	NA	NA	NA	0.291597848258056	0.397087152117486
1.70096380969415	1.64833890424547	1.84556113588742	NA	0.979098400287431	1.31002028509964	NA	1.56780855148263	1.52902601927156	1.23430405356647	1.05493273925738	1.48567402033857	NA	1.48230120420585	NA	NA	1.2112817501436	1.14342295410198	NA	0.683529184436152	1.36759789082013	1.3586916383784	NA	NA	NA	1.0265440578073	1.20283019322713	1.20776072618796	0.573989712752415	NA	NA	0.563433433586894	0.703119911642068	0.436582904917379	NA	NA	NA	0.308829757265506	1.64653126520238	0.564577818229577
NA	NA	NA	NA	NA	NA	NA	NA	NA	NA	NA	NA	NA	NA	NA	NA	NA	NA	NA	NA	NA	NA	NA	NA	NA	NA	NA	NA	NA	NA	NA	NA	NA	NA	NA	NA	NA	NA	NA	NA
NA	NA	NA	NA	NA	NA	NA	NA	NA	NA	NA	NA	NA	NA	NA	NA	NA	NA	NA	NA	NA	NA	NA	NA	NA	NA	NA	NA	NA	NA	NA	NA	NA	NA	NA	NA	NA	NA	NA	NA
NA	NA	NA	NA	NA	NA	NA	NA	NA	NA	NA	NA	NA	NA	NA	NA	NA	NA	NA	NA	NA	NA	NA	NA	NA	NA	NA	NA	NA	NA	NA	NA	NA	NA	NA	NA	NA	NA	NA	NA
0.80825207644734	NA	NA	NA	1.05677680696958	NA	NA	1.14407512285644	NA	NA	1.14840787176883	NA	0.801728557425132	NA	NA	NA	NA	0.94418560504467	1.10035685265973	NA	NA	NA	NA	1.14822917052343	NA	NA	NA	1.17538373532705	1.0345267063732	NA	NA	NA	NA	NA	0.204494659414921	NA	NA	0.435133764579752	0.356146474098211	NA
NA	NA	NA	NA	0.884291840492826	0.69076800466372	1.02557191602002	NA	NA	NA	0.762364115962145	0.847047700187515	NA	0.662851050278299	NA	NA	NA	0.519370739718467	NA	0.592827031960647	0.464111265589565	0.428050719062519	0.302737443671708	NA	NA	NA	NA	NA	NA	NA	NA	0.264263010797917	NA	NA	NA	NA	NA	NA	NA	1.49498348371608
NA	NA	NA	2.57152834913277	2.63101477191745	3.28090636995174	NA	NA	NA	NA	NA	NA	NA	2.38835265624048	NA	NA	2.16308924222824	1.8567536063529	NA	2.0403557403936	2.07219979258317	2.41734767854196	2.05659387999974	NA	1.92215522889634	1.47763735391587	NA	1.88829027390628	1.11657656381899	NA	NA	1.25248566191996	0.994976164520333	0.686360092519347	NA	0.199631719102972	NA	0.259129007917918	0.30165042927703	NA
NA	NA	NA	NA	NA	NA	NA	NA	NA	NA	NA	NA	NA	NA	NA	NA	NA	NA	NA	NA	NA	NA	NA	NA	NA	NA	NA	NA	NA	NA	NA	NA	NA	NA	NA	NA	NA	NA	NA	NA
2.3397694562897	NA	1.5781459019175	NA	2.52379095128617	NA	NA	NA	NA	2.33613914756729	NA	NA	NA	1.98396072076913	1.97756237319717	NA	NA	1.56076352133352	NA	NA	1.30928749901019	NA	0.666942510229551	NA	NA	1.02774130416795	1.3287911814518	NA	1.21106814910363	1.08644019249343	NA	0.778749167279897	NA	NA	NA	NA	NA	0.962530017391656	NA	NA
1.89709251594295	NA	NA	NA	NA	1.45393703936687	1.49265407033922	1.4241499427528	NA	1.06499351118462	1.65675528137342	NA	1.45714131456735	1.55526287377875	1.59614969600463	1.69928426199657	NA	NA	1.69000115845865	1.42019140734691	1.23505985679416	NA	0.648667110352614	NA	0.974460409627234	0.861132305671874	0.964356866372968	NA	NA	NA	NA	NA	NA	NA	0.695835006688435	0.825649933729614	NA	NA	NA	NA
NA	NA	NA	NA	NA	NA	NA	NA	NA	NA	NA	NA	NA	NA	NA	NA	NA	NA	NA	NA	NA	NA	NA	NA	NA	NA	NA	NA	NA	NA	NA	NA	NA	NA	NA	NA	NA	NA	NA	NA
NA	1.35300149680072	NA	NA	NA	NA	NA	1.94329884851092	1.92212571002908	NA	NA	NA	NA	2.41073361160429	2.37651422858627	NA	NA	NA	1.8973765909453	NA	1.60879664404312	NA	NA	NA	NA	NA	NA	NA	NA	0.584320904091466	NA	NA	NA	0.871808826924375	0.669847077086046	0.328536986146819	NA	NA	NA	NA
NA	NA	NA	NA	NA	NA	NA	NA	NA	NA	NA	NA	NA	NA	NA	NA	NA	NA	NA	NA	NA	NA	NA	NA	NA	NA	NA	NA	NA	NA	NA	NA	NA	NA	NA	NA	NA	NA	NA	NA
NA	NA	NA	NA	NA	NA	NA	NA	NA	NA	NA	NA	NA	NA	NA	NA	NA	NA	NA	NA	NA	NA	NA	NA	NA	NA	NA	NA	NA	NA	NA	NA	NA	NA	NA	NA	NA	NA	NA	NA
NA	NA	NA	0.933588062402554	NA	1.26223864708958	NA	0.868758329672083	1.0368515109273	1.01122543549735	1.10311844198359	1.33163907873827	1.15621902554813	NA	1.10295058576938	1.23845898699056	1.19213623721646	NA	NA	0.866820889443123	0.562561903577765	0.641717541569022	1.35040413112681	1.08989483672854	NA	NA	NA	0.651251806504555	NA	0.500412386860212	NA	0.363677806006118	0.339557305520824	NA	1.15768403035122	2.29423209253413	NA	0.465909768298994	NA	NA
NA	NA	NA	NA	NA	NA	NA	NA	NA	NA	NA	NA	NA	NA	NA	NA	NA	NA	NA	NA	NA	NA	NA	NA	NA	NA	NA	NA	NA	NA	NA	NA	NA	NA	NA	NA	NA	NA	NA	NA
0.436232826873599	0.844775123513189	NA	0.388660512439751	0.974024861988548	0.363742450911163	1.29055346785095	1.0864325642424	0.53660025984683	0.964207729170006	1.18713131493526	0.324433974743605	NA	1.00181798336677	0.702403919072111	1.15261314017391	0.840045756182161	1.07332150194023	0.361542962296214	0.367717561788821	0.430183953431267	0.430861209122867	0.600460635906511	0.302025586700179	0.302392634363855	0.566683065505824	0.634113781766437	NA	0.318951853945085	NA	NA	0.558618803611251	0.426928436127469	0.320357657553259	0.613053602007169	0.358144006251965	NA	NA	0.214753707067753	NA
1.35564353930919	1.41376639127687	NA	NA	NA	1.24499671299579	0.659202969589426	0.476898490029439	0.814740362930832	0.727157430675245	0.537085242511524	0.881943236021325	0.659385752158636	0.955697238359057	1.16890291511992	1.03735308394291	1.296399904507	1.03707082415697	NA	0.56494254069394	NA	0.921295513162647	1.07842717886462	0.821990214408203	0.863796130789001	NA	NA	NA	NA	1.13569654102226	0.993954456117619	NA	NA	1.19579043454829	0.915311833672677	0.377657406623479	NA	0.401529244565802	0.629927891219045	0.51077534991153
NA	2.45599844345166	0.840222472012379	NA	NA	1.25611319200964	NA	NA	1.19676448084286	NA	1.13514881294884	0.892584470620611	NA	NA	1.33279934951708	1.54447922362389	NA	NA	1.22152133228005	NA	0.790277886818314	0.598993924060283	NA	NA	NA	NA	NA	NA	1.04017666928471	NA	0.625803639349593	0.90410648628301	NA	0.831846671461885	NA	NA	NA	0.79344725823782	0.202151992280159	NA
NA	NA	NA	NA	NA	NA	NA	NA	NA	NA	NA	NA	NA	NA	NA	NA	NA	NA	NA	NA	NA	NA	NA	NA	NA	NA	NA	NA	NA	NA	NA	NA	NA	NA	NA	NA	NA	NA	NA	NA
0.948551029269652	1.22254903454285	1.4651016006466	1.27742500769562	NA	0.876999160176515	0.695457735422605	0.819424858448708	0.584642759330578	0.90190259288978	1.05979951835009	0.567122895229318	0.672109046602756	NA	NA	0.923659815536964	0.684859209222123	0.735930364374324	0.774383753994358	0.409696596691259	0.389280881105408	0.368744654097578	0.306571058374212	NA	0.439394957649967	NA	0.492357555866338	0.311694967404204	0.430611736189213	0.666822610965469	0.565508757503671	0.835996514209551	0.819653373770241	0.762098620420766	NA	0.221006373330359	NA	0.688287536301643	0.47892576068449	0.523391986969692
NA	NA	NA	NA	NA	NA	NA	NA	NA	NA	NA	NA	NA	NA	NA	NA	NA	NA	NA	NA	NA	NA	NA	NA	NA	NA	NA	NA	NA	NA	NA	NA	NA	NA	NA	NA	NA	NA	NA	NA
NA	NA	NA	NA	NA	NA	NA	NA	NA	NA	NA	NA	NA	NA	NA	NA	NA	NA	NA	NA	NA	NA	NA	NA	NA	NA	NA	NA	NA	NA	NA	NA	NA	NA	NA	NA	NA	NA	NA	NA
1.39295730064237	NA	1.80035187109427	NA	NA	NA	1.33423716281853	1.21158835741641	1.25370141979019	NA	NA	NA	1.85091591394232	1.18668962046024	0.948588314096873	NA	0.965624309680476	0.841038046985462	0.444506681208522	0.588316652766745	1.04871331819297	0.748951344894311	1.66799579820776	NA	1.16980047506152	1.62427400420799	0.61727099693215	0.737393714448727	0.9442741099951	NA	1.43575906595258	0.440148776565833	0.991149198071864	0.327675456034947	0.329139577227831	0.223036030498676	NA	0.571305888317936	0.748353618054246	1.63124008686625
0.856010439885438	0.683155679869477	NA	0.69428248618973	0.993727710397447	NA	NA	1.59548758209466	1.04332726624119	NA	1.41532472969112	0.845189041509585	0.838995361976844	0.762813879434344	1.07504478722901	1.37783917095598	1.04167952581463	1.40079473922443	0.976457113049459	0.858380344761175	0.850903190556453	0.508605184532857	1.62002115412709	NA	NA	0.763993056262808	NA	0.274080236642555	NA	NA	0.971890339327595	0.82791592754513	NA	0.343861391474029	0.311204455683351	NA	NA	0.209664984407805	0.746706682342243	0.457993131997503
NA	0.821976052383439	1.60889795373034	0.730211355670458	0.510579087021713	0.565548187982507	NA	0.756937705199833	NA	NA	0.694221020077053	0.669109999456971	NA	NA	NA	NA	1.49073389916737	NA	1.82393795076217	0.257072719810785	NA	0.510570597685033	NA	NA	0.195470480722757	0.724642351590026	NA	1.61950596759628	NA	NA	NA	1.2635138582322	1.14496213150582	NA	NA	NA	NA	NA	0.887368543302111	1.09275005864078
NA	NA	NA	NA	NA	NA	NA	NA	NA	NA	NA	NA	NA	NA	NA	NA	NA	NA	NA	NA	NA	NA	NA	NA	NA	NA	NA	NA	NA	NA	NA	NA	NA	NA	NA	NA	NA	NA	NA	NA
NA	NA	NA	NA	NA	NA	NA	NA	NA	NA	NA	NA	NA	NA	NA	NA	NA	NA	NA	NA	NA	NA	NA	NA	NA	NA	NA	NA	NA	NA	NA	NA	NA	NA	NA	NA	NA	NA	NA	NA
1.34280971596237	1.87167663779758	NA	1.72905559079452	NA	NA	1.24901329719003	NA	NA	NA	NA	NA	NA	NA	1.33189175259507	NA	NA	0.618569301989414	1.00652191081988	NA	0.524279054497531	NA	1.12304916660746	NA	0.928669141803045	0.561210168769845	NA	0.624818142387633	0.775158000717131	NA	0.722786922677141	0.474253553744553	0.474529039326461	0.836182874435024	0.6498661496821	0.567491769309928	NA	NA	0.770316498983269	0.55400541997174
NA	NA	NA	NA	NA	NA	NA	NA	NA	NA	NA	NA	NA	NA	NA	NA	NA	NA	NA	NA	NA	NA	NA	NA	NA	NA	NA	NA	NA	NA	NA	NA	NA	NA	NA	NA	NA	NA	NA	NA
0.91011869890995	1.12228710218678	1.40925880321749	1.1217175201987	NA	NA	1.07113542087948	1.61932954156304	0.617911845473231	NA	0.857106030953468	0.592692662919612	NA	NA	0.718980479168363	NA	NA	0.949379907733929	0.497360414138628	0.395378771652104	0.254892971026021	2.55693986820094	NA	NA	NA	NA	NA	NA	2.3229258124449	NA	NA	2.26975825026717	NA	0.367052316119523	NA	1.63904103604951	NA	NA	2.23467966592688	NA
1.78420545851535	1.58509249571686	1.51839735937266	1.462802868189	NA	1.65674117598917	1.38635417283493	1.83445239071377	1.55964712025587	NA	1.69325640356469	1.86324242840989	NA	1.91086426024834	1.80653548290832	NA	1.71786573432654	NA	1.64738889567799	NA	NA	1.63404197193458	1.53091697323668	NA	NA	1.18851937080277	1.771629033131	1.30124718695982	1.69884879019717	1.15938193204575	NA	1.0058052924433	0.951169123747516	0.641054421677949	0.202723670510261	0.768610552620587	NA	0.73815427456183	0.802814391573401	0.900365516826589
NA	NA	NA	NA	NA	NA	NA	NA	NA	NA	NA	NA	NA	NA	NA	NA	NA	NA	NA	NA	NA	NA	NA	NA	NA	NA	NA	NA	NA	NA	NA	NA	NA	NA	NA	NA	NA	NA	NA	NA
NA	NA	NA	NA	NA	1.01988592711001	NA	NA	NA	NA	NA	1.59462143545842	NA	1.0602285376754	1.53045661670292	1.97960560711629	NA	NA	NA	NA	1.19037971974079	0.576582570762451	0.0895540587613809	0.870603239267149	NA	1.02093851471417	NA	1.41497465662399	NA	NA	1.01680969436876	NA	0.561634224561525	0.794185345917059	NA	NA	NA	0.829490429077178	NA	1.59971856062873
NA	1.37989493085287	1.31732064610685	NA	NA	0.861530630746217	NA	NA	NA	1.22206681577125	1.15302308702208	NA	NA	1.34316532877117	NA	NA	1.2156540797123	1.23078125457618	NA	1.0423051921019	NA	NA	0.680618884658119	NA	1.01207972042766	NA	0.434409465187556	NA	NA	NA	0.609916233748079	0.601633593954495	NA	NA	NA	NA	NA	0.296326365645989	0.512378812438812	0.409318053724117
1.03459668103502	2.24204205067408	2.14963261033442	0.672716650804696	0.753815607620002	1.65866277345746	0.551497049615347	1.73996120419028	0.558460353040418	1.44151996674626	1.61409817560651	1.79214839187037	1.32033343797007	1.08539298936976	1.39719445973044	0.717569726875493	0.755458012992828	0.396383465206055	1.81361980986518	0.825940292309349	0.657348969176951	0.656237580555682	NA	1.26363321499825	2.34216776874403	NA	1.59461207755893	2.41599604250945	2.06854367753258	1.68934297289876	NA	0.683897029990668	1.36319825219582	NA	NA	NA	NA	1.15929886308169	0.651438480568577	0.482544323809886
NA	NA	NA	NA	NA	NA	NA	NA	NA	NA	NA	NA	NA	NA	NA	NA	NA	NA	NA	NA	NA	NA	NA	NA	NA	NA	NA	NA	NA	NA	NA	NA	NA	NA	NA	NA	NA	NA	NA	NA
NA	NA	NA	NA	NA	NA	NA	NA	NA	NA	NA	NA	NA	NA	NA	NA	NA	NA	NA	NA	NA	NA	NA	NA	NA	NA	NA	NA	NA	NA	NA	NA	NA	NA	NA	NA	NA	NA	NA	NA
NA	NA	1.2083459807664	1.07308707418155	0.678917431295536	NA	NA	NA	NA	0.758874258398559	NA	NA	NA	1.00357103062326	0.796616485271541	NA	NA	NA	1.21739070467635	NA	0.575071442649258	0.268546095362757	NA	NA	NA	NA	NA	NA	NA	NA	NA	NA	0.710527172452247	0.483838410219726	1.06734028193669	0.434947934840963	NA	0.105398146233098	0.709024974803866	0.388012725339427
NA	NA	NA	NA	NA	0.556471637799249	0.661003842286344	NA	NA	0.682443653822515	0.691479444294135	0.617226631898625	NA	0.945017373503148	NA	NA	NA	NA	0.738340500084768	NA	NA	0.680140782269833	NA	NA	0.323783553375783	NA	NA	NA	NA	NA	NA	0.19604126191113	NA	NA	0.525797490600346	0.72319699263209	NA	NA	NA	0.560439916122283
NA	NA	NA	NA	NA	NA	NA	NA	NA	NA	NA	NA	NA	NA	NA	NA	NA	NA	NA	NA	NA	NA	NA	NA	NA	NA	NA	NA	NA	NA	NA	NA	NA	NA	NA	NA	NA	NA	NA	NA
NA	NA	NA	NA	NA	NA	NA	NA	NA	NA	NA	NA	NA	NA	NA	NA	NA	NA	NA	NA	NA	NA	NA	NA	NA	NA	NA	NA	NA	NA	NA	NA	NA	NA	NA	NA	NA	NA	NA	NA
NA	NA	NA	NA	NA	NA	NA	NA	NA	NA	NA	NA	NA	NA	NA	NA	NA	NA	NA	NA	NA	NA	NA	NA	NA	NA	NA	NA	NA	NA	NA	NA	NA	NA	NA	NA	NA	NA	NA	NA
1.00795071409656	0.830926374137991	1.2417425997782	0.755349471884052	1.92185752098498	NA	NA	0.921615050158157	1.23986906906859	NA	0.791810943273014	1.44384898573386	1.21541156843983	1.13796620119878	NA	0.715152994908986	0.758972554804054	NA	0.668779122972129	0.542652081060438	0.180026328505755	0.328327398174387	0.235220915823556	0.564546490262687	1.44189830948933	NA	NA	NA	1.27948182097521	0.854309329119665	0.560581966164109	0.256537950241243	0.459515072842619	0.433416968196878	0.351211532533123	0.406760473279775	NA	0.421120791917809	1.09471291348023	0.651752588307928
NA	NA	NA	NA	NA	NA	NA	NA	NA	NA	NA	NA	NA	NA	NA	NA	NA	NA	NA	NA	NA	NA	NA	NA	NA	NA	NA	NA	NA	NA	NA	NA	NA	NA	NA	NA	NA	NA	NA	NA
0.764164013977251	NA	0.77551798950674	NA	0.698337522334701	NA	NA	NA	0.879549841248312	0.972359836747683	NA	0.797399645993812	NA	NA	NA	1.07642423621545	NA	0.883189986123119	NA	0.52013475569381	0.60712913007273	0.634333565847532	0.724878454727384	NA	0.290343514001314	0.364323905692989	NA	NA	NA	NA	NA	NA	NA	NA	NA	0.389046201838237	NA	0.711359091946891	0.83144569131737	NA
NA	NA	1.20905537011046	NA	NA	1.95476008683568	NA	NA	NA	NA	NA	NA	NA	0.770700628155709	NA	NA	1.7878131313501	1.37519469801884	NA	NA	0.955790152911459	NA	NA	1.06193050635867	NA	NA	NA	1.16379925473623	1.25614347371943	0.816144443210257	NA	1.02924153106425	1.12315517601408	1.05429375915647	0.888511473263415	NA	NA	NA	NA	0.841927169016005
0.466435445988447	0.689951891620223	0.748886830567295	NA	1.16216421295315	NA	0.970212250319418	1.15917065314384	1.29944155534707	1.342086732128	0.833452132845362	0.845147121581458	NA	0.495631532080775	0.984267587077352	0.986422518468117	NA	NA	0.740250563576094	NA	0.731413835700199	0.807681726498907	1.08646571045878	0.832106315147984	1.15264712084384	0.911256907610067	NA	1.02438011872447	0.651906953299948	0.361905950181151	0.430901215682359	0.439788317664617	0.550616476589064	0.415569389171186	0.32912835409851	0.301919480824864	NA	0.418624856055496	0.358559008703157	NA
NA	NA	0.0864003324591787	NA	NA	0.84776032594257	1.44966342835826	NA	1.30188357219613	NA	NA	NA	0.71925071648106	1.41090954028205	0.549680867296409	0.349812109296951	NA	0.670038456260786	0.625944533364544	0.942090702273216	0.757530383374053	0.416804250974686	0.742768189900786	0.765565997592254	0.920635128817426	0.735891843407272	NA	0.536580941434177	0.707168767726269	NA	NA	0.354020618202259	NA	0.338557569331485	NA	0.621680527419802	NA	0.321564582474796	0.682820259007746	0.748426504752978
NA	NA	NA	NA	NA	NA	NA	NA	NA	NA	NA	NA	NA	NA	NA	NA	NA	NA	NA	NA	NA	NA	NA	NA	NA	NA	NA	NA	NA	NA	NA	NA	NA	NA	NA	NA	NA	NA	NA	NA
NA	NA	NA	NA	NA	1.84303666508398	1.53202941095068	1.26335190896387	1.60369141294519	NA	1.90076295627908	NA	NA	1.61305647126053	NA	NA	NA	NA	1.70868426601128	NA	2.019654203063	1.25922599295966	0.800877122538683	0.91935954813316	0.764188092683195	NA	NA	NA	1.22119199753594	NA	NA	1.17146367671591	0.67464709461887	NA	NA	NA	NA	NA	NA	NA
NA	NA	NA	NA	NA	NA	NA	NA	NA	NA	NA	NA	NA	NA	NA	NA	NA	NA	NA	NA	NA	NA	NA	NA	NA	NA	NA	NA	NA	NA	NA	NA	NA	NA	NA	NA	NA	NA	NA	NA
NA	0.949286312742098	0.960902276101989	NA	NA	0.504091524311428	1.10092868624027	0.966481396811432	NA	1.31974380972146	NA	NA	0.735082543204156	0.977498507554459	NA	NA	1.02703252109827	NA	0.829895407446699	0.408647811293131	0.345822920667498	0.633203353624183	0.758160013914257	0.945657778124066	NA	NA	NA	NA	0.839931346158307	NA	NA	0.618765106736095	0.306865329142581	0.468743930797545	0.222037044489445	0.102743240291891	NA	0.668457996846675	1.0999904486057	0.91920664178073
1.15085504446602	1.39879795190603	NA	NA	NA	NA	0.923108924604865	0.764169285039898	0.954320262541323	NA	2.13977602888153	NA	NA	1.20699263137644	NA	1.10813908095064	0.841472291631816	0.889226354158831	0.820825808737586	NA	1.09237463572241	1.30390023802119	0.683979479076072	0.727928930910006	0.647601815447169	NA	NA	NA	NA	0.370091587662875	NA	0.756115844863418	0.727635721055287	0.722330914393747	0.41122416638355	NA	NA	0.908115742507445	0.746825578310723	0.564963666490328
1.31313967949523	NA	NA	1.61975998802003	NA	NA	0.769735185158225	NA	1.69755397554085	NA	0.997960645362557	NA	NA	NA	NA	1.71307161337715	1.67277437410819	1.01006581939507	NA	1.01225445643344	NA	0.432025466237829	0.795643628871222	0.674135781796353	NA	0.971460711994484	0.683672017307719	NA	1.17399329256387	NA	NA	NA	NA	1.25788370908038	NA	0.457965224697114	NA	NA	NA	NA
NA	NA	NA	NA	NA	NA	NA	NA	NA	NA	NA	NA	NA	NA	NA	NA	NA	NA	NA	NA	NA	NA	NA	NA	NA	NA	NA	NA	NA	NA	NA	NA	NA	NA	NA	NA	NA	NA	NA	NA
NA	0.549984984784321	0.661938747454489	NA	0.785390046725468	NA	0.820620042460812	0.924287822464998	0.887517063208205	NA	NA	1.10170263336843	1.24040323432304	1.62261511305888	0.440861045820414	NA	1.66146221853332	1.57021871684426	0.839755428838791	0.797826303446719	0.969002904692444	0.687255279522145	0.962662721986	0.415666797393306	0.881513408483689	0.481893972225249	0.410910403404312	0.433831332661901	0.57728158296162	0.483169062039496	0.402462617541421	0.159165837317507	0.599904300817416	0.377656460227368	0.357851040740295	0.373186735137858	NA	0.433328560215331	0.449698681293807	0.707641678124593
0.894083954748884	0.37006426881522	0.860128328294636	NA	NA	NA	0.560462790128616	0.979911686557304	NA	NA	0.70041020021446	0.825698282387015	0.849012495005624	1.10597944556291	1.15345400484436	1.04306693519314	NA	1.26394019928201	1.0665893150421	0.822100339166411	0.382389957826401	0.336380013532635	0.422048575486145	0.11538903948465	0.253814337383065	0.328312390151217	0.187732973191193	0.422151168144265	0.339722160030572	NA	NA	0.825569155499121	NA	NA	0.532006314989506	0.769581673476112	NA	0.245850123767972	0.288579681536586	0.260606599829124
NA	1.72626434497401	NA	NA	1.69187672031387	NA	1.72916883962298	NA	NA	NA	2.40018719396669	2.04226067379085	NA	1.72701647644407	NA	1.96081669937049	2.19990690656847	2.01192962884919	3.17439583551679	1.91487753552828	1.95603806932357	1.82117082242187	NA	1.86725328860442	NA	NA	NA	1.55414139597457	2.12100838995515	1.56539814926309	3.03764073569145	1.57931827277558	1.43481816569131	0.733670796556894	0.308555731583668	NA	NA	0.441635299240478	NA	NA
1.07591445228777	NA	NA	NA	NA	NA	1.27095358764975	1.68347567079801	0.968425356193848	NA	NA	NA	NA	1.54792734616844	NA	NA	1.29208913488715	1.11233579743148	NA	0.857922998308063	0.647558997344426	0.219243370977348	0.674914625402149	0.74222243307518	NA	1.88270092453784	NA	NA	0.807712961370101	1.00614900130019	NA	NA	NA	NA	0.979853167683395	0.355299838824895	NA	0.369272909864221	NA	0.427488822695721
NA	NA	NA	NA	NA	NA	NA	NA	NA	NA	NA	NA	NA	NA	NA	NA	NA	NA	NA	NA	NA	NA	NA	NA	NA	NA	NA	NA	NA	NA	NA	NA	NA	NA	NA	NA	NA	NA	NA	NA
NA	NA	NA	NA	NA	NA	NA	NA	NA	NA	NA	NA	NA	NA	NA	NA	NA	NA	NA	NA	NA	NA	NA	NA	NA	NA	NA	NA	NA	NA	NA	NA	NA	NA	NA	NA	NA	NA	NA	NA
NA	NA	NA	NA	NA	NA	NA	NA	NA	NA	NA	NA	NA	NA	NA	NA	NA	NA	NA	NA	NA	NA	NA	NA	NA	NA	NA	NA	NA	NA	NA	NA	0.284275507813506	0.599826895908833	0.446743174679095	0.137843958138993	NA	0.444193088857988	0.56648296559668	0.508945538296815
NA	NA	NA	NA	NA	NA	1.06507465300966	NA	0.971528969234175	NA	NA	NA	NA	NA	NA	NA	NA	0.40209752349828	NA	NA	1.85142083357917	1.58723711460292	NA	NA	0.437740549901218	NA	NA	0.762203325392352	NA	NA	NA	NA	0.596752876654131	0.223128531945548	0.525866960371248	NA	NA	0.309477715517708	0.351026743292845	NA
NA	NA	NA	NA	NA	NA	NA	NA	NA	NA	NA	NA	NA	NA	NA	NA	NA	NA	NA	NA	NA	NA	NA	NA	NA	NA	NA	NA	NA	NA	NA	NA	NA	NA	NA	NA	NA	NA	NA	NA
NA	NA	NA	NA	NA	NA	NA	0.988253020275542	NA	NA	NA	0.851917580953627	NA	NA	1.48122840104248	NA	NA	NA	NA	NA	NA	NA	1.2472554438239	0.577791828748511	0.522497130312877	0.608195322815787	NA	0.864619240130075	0.312613161178355	NA	NA	0.367387214144783	0.710378623532235	0.402228982269599	0.650130178513682	NA	NA	NA	NA	1.06662972252795
NA	NA	NA	NA	NA	NA	NA	NA	NA	NA	NA	NA	NA	NA	NA	NA	NA	NA	NA	NA	NA	NA	NA	NA	NA	NA	NA	NA	NA	NA	NA	NA	NA	NA	NA	NA	NA	NA	NA	NA
NA	NA	NA	NA	NA	NA	NA	NA	NA	NA	NA	NA	NA	NA	NA	NA	NA	NA	NA	NA	NA	NA	NA	NA	NA	NA	NA	NA	NA	NA	NA	NA	NA	NA	NA	NA	NA	NA	NA	NA
NA	1.47152381871669	NA	NA	1.91903852064107	1.24280040619058	NA	1.05627331278774	1.06649692811434	1.48896964302138	1.3619885621254	1.63962768389572	NA	1.58506782469795	NA	1.54414338513077	1.63638937964342	NA	NA	NA	1.47151678331976	1.18203151907571	NA	0.381345283905521	NA	NA	NA	0.836979521294914	NA	1.70019467281499	1.83766809880201	NA	NA	0.238842784416001	NA	NA	NA	0.783117725543982	0.63789103141256	0.451145606803989
NA	1.02539708840501	0.911679111810187	0.883014584004086	0.653066691378105	0.505500406104152	NA	NA	0.585579459764751	NA	0.673881226268199	NA	NA	0.475073701612973	0.599095072312113	NA	0.879242161698302	0.581259042551518	0.568999861524175	0.632451580937737	NA	NA	0.792491773502301	1.12882407711196	NA	NA	NA	NA	NA	NA	0.830329098571742	NA	NA	0.637957567973796	NA	0.399121757427332	NA	NA	0.404830968859856	0.473503972230952
NA	NA	1.01539300708642	NA	NA	1.31999211637746	NA	1.09229703307777	1.14221340003478	NA	NA	2.08690548127487	2.14928638714555	NA	0.546420418394221	NA	NA	NA	NA	1.36073650360285	1.0920888706457	0.938456485886677	1.18543121796171	0.605328324924072	0.79151660089034	NA	NA	1.25713626062525	0.433898671434299	0.794425881213266	0.804361329938535	NA	1.1583334775785	0.937564101592095	0.701419815168401	NA	NA	1.06938994845129	0.689450011879331	0.415191261859396
NA	NA	NA	NA	NA	NA	NA	NA	NA	NA	NA	NA	NA	NA	NA	NA	NA	NA	NA	NA	NA	NA	NA	NA	NA	NA	NA	NA	NA	NA	NA	NA	NA	NA	NA	NA	NA	NA	NA	NA
1.07585370030076	NA	NA	NA	NA	NA	NA	NA	NA	NA	NA	NA	NA	NA	1.04015197024396	NA	NA	NA	0.616814443570499	NA	0.864771166949597	0.523659311492305	0.684120317037256	0.448157798036509	NA	0.706138738475971	1.14463461639197	0.952685092830344	0.554499701979326	NA	0.769208347449767	NA	0.499332451395267	0.657251229498021	0.738100540668861	0.343647051838681	NA	NA	0.549281295161087	0.415010724463737
NA	NA	NA	NA	NA	NA	NA	NA	NA	NA	NA	NA	NA	NA	NA	NA	NA	NA	NA	NA	NA	NA	NA	NA	NA	NA	NA	NA	NA	NA	NA	NA	NA	NA	NA	NA	NA	NA	NA	NA
1.33276901365084	NA	NA	NA	NA	NA	NA	NA	NA	NA	NA	NA	NA	1.92533365278213	NA	1.67271243672323	NA	NA	NA	NA	1.07561782876827	NA	NA	0.850993504412223	NA	NA	1.64334661359475	1.18940001416025	0.536385586319823	0.790186855788491	NA	0.961233370490746	NA	0.415508847431717	0.430924337186941	NA	NA	0.506503557244566	0.583852733919216	0.529946596514876
NA	NA	NA	NA	NA	NA	NA	NA	NA	NA	NA	NA	NA	NA	NA	NA	NA	NA	NA	NA	NA	NA	NA	NA	NA	NA	NA	NA	NA	NA	NA	NA	NA	NA	NA	NA	NA	NA	NA	NA
NA	NA	NA	NA	1.7343016275216	0.720815135927545	NA	NA	NA	NA	NA	NA	1.4967561905219	1.06685495500608	NA	NA	NA	NA	1.31127086180846	NA	NA	NA	NA	NA	NA	NA	NA	1.15142732786504	0.570519822764854	NA	NA	NA	NA	NA	0.516183275713558	1.55620166545431	NA	NA	0.43333890934195	NA
NA	NA	NA	NA	NA	NA	NA	NA	NA	NA	NA	NA	NA	NA	NA	NA	NA	NA	NA	NA	NA	NA	NA	NA	NA	NA	NA	NA	NA	NA	NA	NA	NA	NA	NA	NA	NA	NA	NA	NA
NA	NA	NA	NA	NA	NA	NA	NA	NA	NA	NA	NA	NA	NA	NA	NA	NA	NA	NA	NA	NA	NA	NA	NA	NA	NA	NA	NA	NA	NA	NA	NA	NA	NA	NA	NA	NA	NA	NA	NA
1.24523707551723	NA	0.554505583586672	NA	NA	0.807221883535377	NA	NA	NA	NA	NA	0.852990252902206	1.0066157418163	NA	0.813123233898751	NA	NA	0.74127425552689	NA	NA	0.657402848546032	0.61526514533578	NA	NA	NA	NA	NA	NA	NA	NA	NA	NA	NA	NA	0.303754688451186	NA	NA	0.255077456040418	0.599074299505966	0.313630911479882
NA	NA	NA	NA	NA	NA	NA	NA	NA	NA	NA	NA	NA	NA	NA	NA	NA	NA	1.35520450110042	NA	NA	NA	NA	NA	NA	NA	NA	NA	NA	1.26577777746691	0.891811781116085	NA	NA	0.47555444100945	NA	NA	NA	0.249302809089578	0.388003573801108	0.96721953020157
NA	NA	NA	NA	NA	1.16532376306099	0.830920237752801	0.749953363113542	NA	1.02168364259897	0.91830138416173	NA	1.1040841857605	1.01152825051586	1.10436642881332	0.876053814005543	1.16225871609067	NA	NA	NA	NA	0.655835934508149	0.782271554383065	1.00284205117701	0.583482863777297	NA	NA	NA	NA	0.797633949881422	NA	NA	0.104603011343931	NA	NA	0.163675264564348	NA	NA	0.73214768322444	NA
NA	NA	NA	NA	NA	NA	NA	NA	NA	NA	NA	NA	NA	NA	NA	NA	NA	NA	NA	NA	NA	NA	NA	NA	NA	NA	NA	NA	NA	NA	NA	NA	NA	NA	NA	NA	NA	NA	NA	NA
1.35061016855502	NA	NA	NA	NA	NA	NA	NA	1.15760209947629	NA	NA	0.924224498880014	NA	NA	1.02140059664246	NA	1.09598604895583	NA	1.35033337986742	1.28787916683801	NA	NA	NA	1.30631257907121	1.21629243170844	NA	NA	NA	0.37268846254739	NA	0.727919944927857	0.768005479083494	NA	1.05695645682664	NA	NA	NA	NA	0.658422620894267	NA
1.41914335478526	2.2487799450362	2.14210505582049	0.70480303130419	1.90551128886401	2.09703107717899	NA	0.621972913316708	0.670070190522109	2.23453445345042	1.792595082284	0.753375375786657	NA	2.00784264929568	1.79706486635571	NA	2.00050418553382	1.28335515561901	1.89927301286167	0.92919325040303	NA	NA	NA	1.32922718776651	0.887052617720012	NA	NA	0.471517586948157	0.436668366554417	1.18499629223164	0.514146542718513	1.05495824874685	0.446195456292859	NA	1.70111213455224	NA	NA	1.14542470797644	1.58936805687044	1.4365939541524
NA	2.02294013192313	NA	1.24960997679673	NA	1.25294917341648	2.26223779591408	1.14323465939627	1.26440250447286	NA	NA	1.18876097564683	1.30264498446517	1.02930496256794	NA	NA	NA	0.748578721309745	1.25708435643887	0.886833309522737	NA	NA	1.46099951786688	1.27738678749288	1.3971323365013	0.643155005570926	1.39461533543193	NA	NA	NA	NA	1.19020288970988	0.846079454971856	NA	NA	NA	NA	NA	NA	NA
1.0844740633181	1.30908774164128	NA	1.40651025731431	NA	NA	0.730726780798096	0.784025594911651	0.981627139187034	0.732824255206565	0.841221177191653	NA	NA	1.65003707119912	1.74229169682366	1.49299369691303	1.45442371108628	NA	1.24674558402738	0.528914139151459	0.544253121169833	0.166573787692636	0.411504864396324	0.461917196239038	0.527870357656246	0.279094095246542	NA	0.402731999507639	1.54639009212245	0.306062665398146	NA	0.195775365939355	0.29064641601733	0.245354078051651	NA	0.818718303987921	NA	NA	0.500665418385616	0.880810123935937
NA	NA	NA	NA	NA	NA	NA	NA	NA	NA	NA	NA	NA	NA	NA	NA	NA	NA	NA	NA	NA	NA	NA	NA	NA	NA	NA	NA	NA	NA	NA	NA	NA	NA	NA	NA	NA	NA	NA	NA
NA	NA	NA	NA	2.51025291022489	2.55643115435935	NA	2.324824807511	2.19412055250103	2.1088335364026	1.8266205873437	NA	0.11382817722295	1.89527057220486	1.92669187142731	1.86772157666874	1.34333248400514	1.99258588971036	1.74903659366745	NA	2.07366979422535	2.11484304351273	NA	1.63487158046112	NA	1.09167646481908	NA	2.48468813293743	NA	NA	1.05782823534856	NA	0.315754476901549	0.0790270020806651	NA	0.496796054207421	NA	NA	0.956768006767812	NA
0.829559207635679	0.883466630163731	1.24512130175463	1.60000261964059	0.961312433377149	1.13272786590791	1.04603127827049	0.39830591911902	0.901863747006474	1.37098871854718	1.19820330535641	1.35940081488636	1.58377601820075	NA	0.925843003768121	NA	0.507328365622294	0.253542984219186	0.737543414261164	1.42620287241845	0.43456030743191	0.264397307552699	1.48263103599865	1.0404241962828	1.76852941048729	1.07949568849129	NA	0.707654629459355	1.99697987417785	0.901077265977098	0.499533135664068	0.749822760548617	0.7801114609167	0.337900405947668	1.57123896024816	0.282710875843957	NA	NA	NA	1.10199094780868
NA	NA	NA	NA	NA	NA	NA	NA	NA	NA	NA	NA	NA	NA	NA	NA	NA	NA	NA	NA	NA	NA	NA	NA	NA	NA	NA	NA	NA	NA	NA	NA	NA	NA	NA	NA	NA	NA	NA	NA
NA	NA	NA	NA	NA	NA	NA	NA	NA	NA	NA	NA	NA	NA	NA	NA	1.21224951088822	NA	1.01863707697104	NA	NA	NA	NA	NA	NA	NA	NA	NA	NA	NA	0.942170615218589	NA	0.565632651775219	NA	NA	0.304662746527433	NA	0.247862698951631	0.629909876970236	NA
NA	NA	NA	NA	NA	NA	NA	NA	NA	NA	NA	NA	NA	NA	NA	NA	NA	NA	NA	NA	NA	NA	NA	NA	NA	NA	NA	NA	NA	NA	NA	NA	NA	NA	NA	NA	NA	NA	NA	NA
NA	NA	NA	NA	NA	NA	NA	NA	NA	NA	NA	NA	NA	NA	NA	NA	NA	NA	NA	NA	NA	NA	NA	NA	NA	NA	NA	NA	NA	NA	NA	NA	NA	NA	NA	NA	NA	NA	NA	NA
NA	NA	NA	NA	NA	NA	NA	NA	NA	NA	NA	NA	NA	NA	NA	NA	NA	NA	NA	NA	NA	NA	NA	NA	NA	NA	NA	NA	NA	NA	NA	NA	NA	NA	NA	NA	NA	NA	NA	NA
NA	NA	NA	NA	NA	NA	NA	NA	NA	NA	NA	NA	NA	NA	NA	NA	NA	NA	NA	NA	NA	NA	NA	NA	NA	NA	NA	NA	NA	NA	NA	NA	NA	NA	NA	NA	NA	NA	NA	NA
NA	NA	NA	NA	NA	NA	NA	NA	NA	NA	NA	NA	NA	NA	NA	NA	NA	NA	NA	NA	NA	NA	NA	NA	NA	NA	NA	NA	NA	NA	NA	NA	NA	NA	NA	NA	NA	NA	NA	NA
NA	NA	NA	NA	NA	NA	NA	NA	NA	NA	NA	NA	NA	NA	NA	NA	NA	NA	NA	NA	NA	NA	NA	NA	NA	NA	NA	NA	NA	NA	NA	NA	NA	NA	NA	NA	NA	NA	NA	NA
NA	NA	NA	NA	NA	NA	NA	NA	NA	NA	NA	1.35922876192846	NA	1.69865125123487	NA	NA	NA	NA	1.09823099340187	NA	NA	0.631422370762202	NA	NA	NA	NA	NA	NA	NA	NA	NA	NA	NA	NA	0.663164665059994	0.329086716271514	NA	NA	0.645560243106691	0.938572321880513
NA	NA	0.878643989262275	0.86620436691715	1.01511976058595	0.497027483764674	0.494785759250645	0.476926738643821	NA	0.536961105518491	0.667399430333481	0.57378597311033	NA	0.519191996145105	NA	0.691432385654	0.81007535213324	0.932589865280885	NA	0.496448321950091	NA	0.845399591860209	1.12402255319953	0.692077264540341	NA	NA	NA	NA	NA	NA	NA	NA	NA	0.296154432556451	0.551127595802292	0.650973291905934	NA	0.451076854131598	0.466121120181933	NA
NA	NA	NA	NA	NA	NA	NA	NA	NA	NA	NA	NA	NA	0.688760621494074	NA	0.245535084080663	0.371132773492405	0.39254047415528	0.386258861016325	0.825261848310703	NA	NA	NA	1.20433573587035	1.45531516535827	NA	NA	NA	NA	NA	NA	NA	NA	0.219310890701287	0.176957768071046	0.367682161655813	NA	0.57052279984903	NA	0.877974396350402
NA	NA	NA	NA	NA	1.73045198238073	NA	2.57343217393477	1.28058858662099	1.85866407247849	1.26032643817107	2.23544136120875	NA	2.47591030975668	2.66377377344762	1.92347434274625	NA	2.59216896084601	1.82596603536067	1.77060428435245	0.215898489786875	1.24921928427237	0.781176027307651	0.990054171090557	0.881930972523235	NA	NA	NA	NA	NA	NA	NA	NA	NA	NA	NA	NA	NA	NA	NA
1.0517317053939	NA	NA	NA	NA	NA	NA	NA	0.497193447643407	0.258533902504569	0.482009106806799	0.68981218153061	NA	NA	NA	NA	0.687177151430907	NA	NA	0.717139634685408	NA	0.0958213153542461	NA	0.883260436360678	0.551355753592729	NA	NA	NA	NA	NA	NA	NA	NA	NA	NA	NA	NA	NA	NA	NA
NA	NA	NA	NA	NA	NA	NA	NA	NA	NA	NA	NA	NA	NA	NA	NA	NA	NA	NA	NA	NA	NA	NA	NA	NA	NA	NA	NA	NA	NA	NA	NA	NA	NA	NA	NA	NA	NA	NA	NA
NA	NA	NA	NA	NA	NA	NA	NA	NA	NA	NA	NA	NA	NA	NA	NA	NA	NA	NA	NA	NA	NA	NA	NA	NA	NA	NA	NA	NA	NA	NA	NA	NA	NA	NA	NA	NA	NA	NA	NA
NA	NA	NA	NA	NA	NA	NA	NA	NA	NA	NA	NA	NA	NA	NA	NA	NA	NA	NA	NA	NA	NA	NA	NA	NA	NA	NA	NA	NA	NA	NA	NA	NA	NA	NA	NA	NA	NA	NA	NA
2.27511027669578	NA	1.36842509122243	NA	1.4758906855591	1.1059739323779	0.83350186658054	0.986580216845755	0.878518082040883	NA	1.11806741241789	1.0105103969001	1.29939157343141	1.45276672433773	1.65354255126053	1.25838540512686	1.50561842720363	1.51922627422034	1.14663852892864	0.831778982291767	NA	0.570254284305403	2.04367022472283	NA	0.541927885127288	NA	0.604827215312424	0.513127336992079	0.152326291977634	NA	0.404165821441785	NA	0.151568884775939	NA	1.04474197954544	NA	NA	1.0013400578842	0.576262096686051	2.07451656605113
NA	NA	NA	NA	NA	NA	NA	NA	NA	NA	NA	NA	NA	NA	NA	1.02929209615262	0.36549983881463	0.770595639803631	NA	1.93328352117088	NA	NA	NA	NA	NA	NA	NA	NA	NA	NA	0.726962569293653	0.893284299183727	0.63866350793907	0.714427440802472	0.548794637989759	1.69742487685914	NA	0.576161211235157	0.776228026747706	0.713583010647141
0.396547004509669	NA	0.734544791499126	NA	1.31950690386264	0.858295946908333	0.696337787005951	0.840097733480443	0.53185719936975	0.892554118890389	0.470386367922656	0.495339383695801	NA	0.728101681443248	NA	NA	0.707559921732627	NA	0.891688245437399	0.341668266984047	1.1842678514798	0.343364228193341	0.266937030964811	NA	NA	0.212839901300651	NA	NA	0.567525588347006	0.736894127975466	NA	1.69962090029015	0.558335401272308	1.46842223968808	0.257999507859529	0.239285138598236	NA	0.294515628839249	0.245511803162188	0.508457438556973
NA	NA	NA	NA	NA	NA	NA	NA	NA	NA	NA	NA	NA	NA	NA	1.48617785542966	1.38791759649629	1.3503049743668	1.47871472830767	NA	NA	1.34094179378245	1.14769613488647	1.21758610276223	NA	NA	NA	NA	NA	1.06431393037162	1.04182233524657	0.994308360989148	NA	0.832353011302318	0.678091794478782	0.717888496156977	NA	0.725496079776617	1.92425965085714	NA
NA	NA	NA	NA	NA	NA	NA	NA	NA	NA	NA	NA	NA	NA	NA	NA	NA	NA	NA	NA	NA	NA	NA	NA	NA	NA	NA	NA	NA	NA	NA	NA	NA	NA	NA	NA	NA	NA	NA	NA
NA	NA	NA	NA	NA	NA	NA	NA	NA	NA	NA	NA	NA	NA	NA	NA	NA	NA	NA	NA	NA	NA	NA	NA	NA	NA	NA	NA	NA	NA	NA	NA	NA	NA	NA	NA	NA	NA	NA	NA
1.56536893487081	1.06210577072851	1.05528313152782	NA	0.8630427952682	0.547981541838195	0.849457414137702	NA	1.05677814701545	1.20767526710083	1.60174693643822	0.726293448367529	0.636653004906541	0.878194790950896	1.82365149316584	1.23331264807604	1.08313085798855	0.920704196405344	0.573821895951847	1.08093141806782	1.83087467719608	0.675820257210617	1.41338813910383	NA	1.87718914834275	1.09906519022896	NA	1.27226906363376	1.26335766901443	1.09882745657531	NA	0.804182150293597	NA	0.743913401457768	0.937598136731064	NA	NA	NA	0.456099651866175	0.518215747817216
NA	NA	NA	NA	NA	NA	NA	NA	NA	NA	NA	NA	NA	1.46663571439185	1.38118766629846	NA	1.27127931047473	NA	NA	0.644442400325937	0.724229716769179	NA	NA	0.135723732067414	NA	0.343726966109189	NA	NA	NA	0.284207204998218	0.356084826077691	0.26710680814254	NA	0.207463971841056	NA	NA	NA	NA	0.487784095471894	0.510144180659246
NA	1.78065955556467	NA	NA	NA	NA	NA	0.47820603082807	0.355710441035755	NA	NA	NA	NA	NA	NA	NA	NA	NA	NA	NA	NA	0.281504529466872	NA	NA	NA	NA	NA	NA	2.00893854049637	NA	0.551144168873536	0.485597966614563	NA	NA	NA	NA	NA	0.685729694981036	NA	NA
NA	NA	NA	NA	NA	NA	NA	NA	NA	NA	NA	NA	NA	NA	NA	NA	NA	NA	NA	NA	NA	NA	NA	NA	NA	NA	NA	NA	NA	NA	NA	NA	NA	NA	NA	NA	NA	NA	NA	NA
NA	NA	NA	NA	NA	NA	NA	NA	NA	NA	NA	NA	NA	NA	NA	NA	NA	NA	NA	NA	NA	NA	NA	NA	NA	NA	NA	NA	NA	NA	NA	NA	NA	NA	NA	NA	NA	NA	NA	NA
2.31773251831138	1.38701122625649	NA	NA	NA	NA	1.43232293101105	NA	NA	1.28696957092505	1.2835724803099	NA	1.10569899201094	NA	0.964060223326145	NA	NA	NA	1.84503078622844	0.656006156269786	NA	1.59365172980737	1.40398651162253	1.46680449594912	2.12620313243875	NA	NA	2.15300525362919	NA	NA	0.492079985097012	0.503105737108671	0.254286009802201	NA	NA	NA	NA	0.0808820955638022	NA	NA
NA	NA	NA	NA	NA	NA	NA	NA	NA	NA	NA	NA	NA	NA	NA	NA	NA	NA	NA	NA	NA	NA	NA	NA	NA	NA	NA	NA	NA	NA	NA	NA	NA	NA	NA	NA	NA	NA	NA	NA
NA	0.866462434732502	NA	1.23863252236588	1.49414439173133	0.874287824991213	0.410118122330778	NA	NA	0.240011133764642	NA	0.674393411849355	NA	0.494733855126616	0.367556940935796	NA	NA	0.90329962336935	NA	NA	NA	0.24249291426112	0.543886244479833	NA	NA	NA	NA	NA	NA	NA	NA	1.01627854100061	0.8009878671384	NA	0.327709878958933	NA	NA	0.344775584669745	0.628876722268273	NA
NA	NA	NA	1.58241484442772	1.79653540888145	NA	NA	NA	1.45704576158101	NA	NA	NA	NA	0.932869630331799	1.08719574303626	1.27287550948631	1.29442138256702	1.5201875330667	NA	1.35555270025951	1.93905213318446	1.07387109399374	1.22774078581571	0.941401019965121	NA	1.01637151652011	0.922059693148366	NA	1.09343904847247	NA	0.691412025061464	NA	0.410122827500294	1.63340968208862	0.662016348524949	0.593557554889576	NA	NA	NA	NA
NA	NA	1.34475085858066	NA	1.96545634459486	1.62860085795438	1.37318911996185	1.61712927875412	NA	NA	1.53053613041947	NA	1.66982066990815	NA	NA	NA	NA	0.905105477189567	NA	NA	NA	NA	0.719376732836765	NA	NA	NA	NA	0.317623376810146	NA	0.389960815715244	NA	0.687351285937092	1.34167782427788	0.939080485015472	NA	NA	NA	0.195654517392907	0.460159247463359	0.585873305386237
NA	NA	NA	NA	NA	NA	NA	NA	NA	NA	NA	NA	NA	NA	NA	NA	NA	NA	NA	NA	NA	NA	NA	NA	NA	NA	NA	NA	NA	NA	NA	NA	NA	NA	NA	NA	NA	NA	NA	NA
NA	NA	NA	1.93866569861789	1.9274531933802	NA	NA	NA	NA	0.869006070311974	NA	NA	NA	NA	0.681432636717805	NA	0.947258925512879	1.43743468298872	1.50116929160709	NA	0.812409981207994	0.456756315369691	0.399477939278494	NA	0.269824943743643	NA	NA	NA	NA	NA	0.635623810752227	0.478338421115161	0.63388784465979	0.7582005680377	NA	NA	NA	NA	NA	0.412693725635394
NA	0.0789655990279126	0.788997565681047	1.08299568696838	0.967489660414416	0.769961476433142	0.804479930512591	1.59676575347076	1.13531956988965	1.30698626982761	NA	0.790663426998616	NA	0.778760478212659	0.590002472589886	1.15478324786389	0.539510804425074	0.561076627343955	0.657659921920043	0.593990288002348	1.48616204567322	0.398668541744689	NA	0.190905832992534	0.563569350024805	NA	1.1022128832719	0.641768635727427	0.464146409676471	NA	NA	1.3215504987996	1.11652082824242	0.682042131135996	NA	0.162853227457844	NA	0.901392659400527	0.268058564619843	0.374486962427381
NA	NA	1.57125121156984	1.32955577908377	NA	0.917541777455565	NA	1.66012147693324	1.7528360945311	1.24601106023137	1.61321296941048	2.17432343940851	NA	1.75377082890926	1.9680266109721	NA	0.943313030264321	NA	NA	0.89816317126526	0.855190926981567	0.763991939727608	NA	NA	NA	NA	NA	NA	0.893500355787984	0.535358443948877	NA	1.40324070726762	NA	1.03215867570774	0.738705604973493	NA	NA	NA	0.57174491283223	1.1680077476007
NA	NA	NA	NA	NA	NA	NA	NA	NA	NA	NA	NA	NA	NA	NA	NA	NA	NA	NA	NA	NA	NA	NA	NA	NA	NA	NA	NA	NA	NA	NA	NA	NA	NA	NA	NA	NA	NA	NA	NA
NA	NA	NA	NA	NA	NA	NA	NA	NA	NA	NA	NA	NA	NA	NA	NA	NA	NA	NA	NA	NA	NA	NA	NA	NA	NA	NA	NA	NA	NA	NA	NA	NA	NA	NA	NA	NA	NA	NA	NA
0.432637971620821	NA	NA	0.795376172170632	1.08767705322018	NA	1.14724203662853	1.33610911944341	1.24281322896344	NA	NA	NA	NA	0.919410790995476	1.06914982299898	0.908218544011493	0.537288287759625	0.672432760986448	NA	0.87143816584658	0.563020954414829	NA	0.660758372768	0.370916374805615	0.163453005356619	NA	1.6199995086272	0.361521320589312	0.816862442632045	NA	NA	0.376606575467715	0.863690701195272	NA	NA	NA	NA	NA	NA	NA
NA	NA	NA	NA	NA	NA	NA	NA	NA	NA	NA	NA	NA	NA	NA	NA	NA	NA	NA	NA	NA	NA	NA	NA	NA	NA	NA	NA	NA	NA	NA	NA	NA	NA	NA	NA	NA	NA	NA	NA
NA	NA	NA	1.66962178822644	NA	NA	0.732708364020884	NA	NA	NA	NA	0.790926793011122	NA	NA	NA	NA	NA	0.622856112697889	NA	NA	0.243893449457665	NA	NA	NA	NA	NA	NA	NA	NA	NA	NA	NA	NA	NA	0.863777772914801	0.672127973057916	NA	NA	0.322857267748662	NA
NA	1.57724194479882	0.658249020980587	NA	NA	1.12554998682846	NA	NA	NA	NA	1.36093510704282	1.22073510225028	NA	0.731604913032775	NA	2.59493275506098	NA	0.939279313537991	0.819999416207861	1.27098968941054	NA	NA	0.810670229115516	NA	NA	NA	NA	NA	0.314255006831537	NA	NA	0.50995406424241	NA	0.175306756663721	0.601809189823468	NA	NA	0.154240812238011	NA	0.547923607900115
NA	1.67808025197388	NA	1.76226837872879	NA	2.43159403435522	1.62131471517999	1.57567708384054	NA	NA	1.49633348961395	1.78049818892246	NA	1.70044386469785	NA	NA	1.16616251345089	1.4496498780788	NA	1.50607220263663	1.37152953953489	1.97045988579266	NA	NA	1.48858408432627	1.27593929597592	NA	0.646158412731467	1.18885211199277	1.25517339488882	NA	0.547374900591324	1.06359176146196	0.630109212056635	2.10663360816867	0.481398008879689	NA	1.07326493990997	1.0961170842524	1.95457486406755
0.84280882752167	0.404773047574155	NA	0.194366897757404	0.231860074028016	2.52141509317099	2.43579273742776	NA	1.19312103593214	NA	0.686523965890278	1.67759092795934	NA	1.96188038295944	2.44486784840483	1.28396137436104	1.00887165735832	1.27447714549573	1.98498673386063	2.09468168088669	NA	0.412485562375404	NA	NA	2.26294256529475	0.227559603045092	NA	NA	0.469135488752118	0.705651316926615	0.561392121264491	0.599806889393753	0.780498350078586	NA	NA	0.402572256060462	NA	0.230725482794859	0.591514890576639	0.818461919736715
NA	NA	NA	NA	NA	NA	NA	NA	NA	NA	NA	NA	NA	NA	NA	NA	NA	NA	NA	NA	NA	NA	NA	NA	NA	NA	NA	NA	NA	NA	NA	NA	NA	NA	NA	NA	NA	NA	NA	NA
1.39023064289889	NA	1.07373839987954	NA	0.951819410783853	0.798904328747443	1.76282305179166	1.54151073563764	1.17860161890242	0.816404651961248	0.643131504515833	0.717640982847718	0.845053198548219	2.12022907700636	1.17052879861639	1.52615641579959	1.25032762920606	NA	0.761354678801377	NA	0.39468138090617	0.223644764730281	0.94177557619719	0.670585348362053	NA	1.40650734102171	1.06073051698488	1.33473869989558	NA	0.541901044009754	NA	0.957948166631532	0.990042121073416	NA	0.578760714025174	0.479316229011917	NA	0.81456529508108	0.971684594953762	0.811292954530838
1.84563649500051	1.15792489311978	NA	1.05140248258748	NA	1.33333551015633	0.851737128098695	2.20005298478592	NA	0.512587455119563	1.65767164690517	1.67436818672604	0.659167946441841	NA	0.601967547098379	NA	0.563628902747897	0.584123826922052	NA	1.31412160152364	1.24834161044956	NA	1.79315650308886	1.39171402559168	1.09643676744915	2.0305946751104	NA	1.57828938831309	NA	1.26957314177719	0.785008582342056	1.06666388971305	NA	NA	NA	1.34968221177267	NA	0.407649215377717	1.85212624331436	NA
NA	NA	NA	NA	NA	NA	NA	NA	NA	NA	NA	NA	NA	NA	NA	NA	NA	NA	NA	NA	NA	NA	NA	NA	NA	NA	NA	NA	NA	NA	NA	NA	NA	NA	NA	NA	NA	NA	NA	NA
NA	NA	NA	NA	NA	1.67330876530129	NA	NA	NA	NA	NA	NA	NA	NA	NA	NA	NA	1.59499558448777	1.19405155051355	1.20379025396837	NA	NA	0.384151289418052	0.480762003194147	NA	NA	NA	NA	NA	NA	0.503210001161536	0.688113316762355	0.880948783570132	0.602461434393004	1.04767112474868	0.582959477633154	NA	0.604800101758431	0.583730516376846	NA
NA	NA	0.613644746469164	NA	NA	0.418093570601682	0.707943958178124	NA	NA	0.787823371856297	NA	1.35212122342239	0.698699323312306	0.55344712631132	NA	0.560453627613117	0.673935641612915	NA	NA	0.57734786939191	0.201243528035237	0.27250574868041	0.514950421724271	NA	NA	0.767657090564543	0.724414701805309	0.565468709744557	0.794485333262547	NA	0.495075446316744	0.269293316723403	0.118079680131568	0.54645953091354	0.524475031796644	NA	NA	0.312636326451255	NA	0.194692131659084
NA	NA	NA	NA	NA	NA	NA	NA	NA	NA	NA	NA	NA	NA	NA	NA	NA	NA	NA	NA	NA	NA	NA	NA	NA	NA	NA	NA	NA	NA	NA	NA	NA	NA	NA	NA	NA	NA	NA	NA
NA	NA	0.327241946286198	NA	0.60036175574115	0.936943755859363	0.895981554927727	1.7885321502228	0.339895491326703	0.539838525342596	0.68586528893475	1.13100887328678	0.649593480921763	0.55013232792168	0.606633938722738	NA	0.914892202592506	0.58771651608534	0.581422414803462	0.577802368535319	1.20456465312926	0.546553887991091	0.744346041293542	NA	1.07738204683226	NA	NA	0.71913739008986	0.449550038538158	NA	0.450845270925695	NA	0.480830528430288	0.269062519732617	0.449073768270783	0.26321803819464	NA	0.282602004522487	0.885918582943837	0.562471976478943
NA	NA	0.76778784043263	NA	0.412953080926669	0.601448150446812	0.548921928935307	NA	0.93068966374471	NA	1.30178453763205	1.07414807172309	1.51251422810511	1.37084081277682	1.41909554799353	1.01582736574005	0.864153139410243	1.15861468401996	0.514378443146722	0.794470299661627	NA	NA	NA	0.765936732322368	0.627901604276094	NA	0.530344837888638	0.34054809725421	NA	0.222672658451428	0.248266679365747	0.09616060725316	0.399629001986302	0.552089667420006	0.949793257279158	0.494575959292997	NA	NA	0.911153574181416	1.19765276280467
NA	NA	NA	NA	NA	2.01788581752816	2.44601035144279	NA	1.83339556113762	2.37298984661717	2.25310030668877	NA	NA	2.28332827313396	NA	2.20213959252665	1.96546659278695	2.45225380687731	1.81229900063686	NA	NA	1.76191031544673	1.26047844107166	NA	1.65726614150202	NA	NA	1.97187944505235	2.13523367745475	NA	NA	2.66233057605303	NA	0.6118639553434	2.39857545806115	1.88871967872212	NA	NA	1.67079715725712	1.09067389055398
NA	NA	NA	NA	NA	NA	NA	NA	NA	NA	NA	NA	NA	NA	NA	NA	NA	NA	NA	NA	NA	NA	NA	NA	NA	NA	NA	NA	NA	NA	NA	NA	NA	NA	NA	NA	NA	NA	NA	NA
0.870195869768507	1.127309374001	1.35854054604669	1.41908251593729	0.978640861674073	0.662932660112537	0.822906091083488	NA	0.928098714683043	NA	NA	NA	NA	NA	0.637900975872849	NA	0.774059458184057	NA	0.55886041167049	NA	0.664057761998252	0.862898483073493	0.565683918728209	0.368983748799007	NA	NA	NA	NA	0.704389367141158	0.72557377003335	0.872683629058963	0.761381111465169	1.12580435443036	0.866631523452041	0.752394180652673	0.847315155782583	NA	0.77034318972475	0.759463550535682	NA
NA	NA	NA	NA	NA	NA	NA	NA	NA	NA	NA	NA	NA	NA	NA	NA	NA	NA	NA	NA	NA	NA	NA	NA	NA	NA	NA	NA	NA	NA	NA	NA	NA	NA	NA	NA	NA	NA	NA	NA
NA	0.75199876338865	NA	NA	1.62412862706476	NA	1.85070859724144	NA	1.96125447943951	0.714895010168434	2.04519403704447	1.73146610599402	0.631443817221214	0.626830813573881	0.49067933103374	1.03365939469191	1.53204906672913	1.18204811889373	NA	0.791214410999582	0.502538523932474	0.774726406057854	0.608878047842208	1.10248207091981	1.79954585040921	0.186258053099493	1.89046914021569	0.432114986962926	0.438116548868689	0.853082281941491	0.355879335337272	0.310271762830578	0.170530188959298	0.333913253104931	0.609389738863677	0.341946068114694	NA	2.71359952968736	1.55353477976871	0.760861984852147
NA	NA	NA	NA	NA	NA	NA	NA	NA	NA	NA	NA	NA	NA	NA	NA	NA	NA	NA	NA	NA	NA	NA	NA	NA	NA	NA	NA	NA	NA	NA	NA	NA	NA	NA	NA	NA	NA	NA	NA
1.18362253952663	1.31902613628146	1.76036812240429	NA	0.414229263226185	0.810171285559853	0.848063684707001	NA	NA	NA	NA	NA	NA	0.506638829930414	0.736165929865182	0.532790504302129	0.560134286706819	0.437891501338906	1.98338132865447	0.36445861929356	0.366096446136348	0.15025911938462	0.505278182238571	0.619387031552574	0.801223272564872	0.879406241885059	0.655985227677462	0.640460217329824	0.832532392569456	0.489635747349285	0.705450584495223	1.04720947301791	0.977416060426727	0.440787409154019	0.920146746592138	0.632877145445935	NA	0.419611159023657	0.442404617603595	NA
NA	NA	NA	NA	NA	NA	NA	NA	NA	NA	NA	NA	NA	NA	NA	NA	NA	NA	NA	NA	NA	NA	NA	NA	NA	NA	NA	NA	NA	NA	NA	NA	NA	NA	NA	NA	NA	NA	NA	NA
0.395870528058237	NA	NA	NA	0.434097850272103	0.503797673103601	0.402247547980406	1.30566186370292	0.443179509980048	1.15562383889781	0.470892875301441	0.787701383237246	NA	NA	1.08006187166465	0.983277351000983	1.65631283158136	NA	1.23696493147625	0.725626584533012	0.984263199099085	1.59462811299013	0.494220049505671	0.503970029535027	1.03365643550989	2.14177820445076	1.06380498172666	1.08887822765805	1.89816053758021	NA	2.18707807451894	NA	NA	NA	0.381335837917226	1.21551196628036	NA	0.239219801905846	1.46391809757499	NA
0.771043195197055	0.698460933281303	0.747352363078024	NA	NA	NA	1.18944922342622	1.12668651671647	0.624438801924508	NA	0.478133959323546	1.02010292753117	NA	1.1280213023013	NA	0.663449180743807	0.709258530770757	NA	0.942257886149685	0.716053712712396	0.96382026002285	0.925354175924043	0.365218934641423	0.845804213943173	1.02259999976332	NA	0.38497108858666	1.78029454928366	0.765440091333951	1.09246703986516	0.758469054395172	1.27945217103566	0.839407696224298	NA	0.258353198948358	0.755547006095772	NA	0.17212990114349	NA	0.359038216115599
2.3235548201911	2.29298783340298	1.71212051391421	NA	1.13865174301616	1.00496306515406	NA	0.934803788830744	0.558304186940839	0.832368448288755	1.37397161851062	NA	0.373620618041727	0.560826400133538	0.906845038374489	0.618897827161476	0.721906683067275	0.68152020690086	0.980018845888611	0.62840784710723	NA	1.40776058532914	2.43805132485282	1.5042897708495	1.49905138802614	NA	NA	NA	NA	NA	NA	NA	NA	2.37951517892055	NA	2.01097909049357	NA	NA	NA	1.89812603775388
NA	NA	NA	NA	NA	NA	NA	NA	NA	NA	NA	NA	NA	NA	NA	NA	NA	NA	NA	NA	NA	NA	NA	NA	NA	NA	NA	NA	NA	NA	NA	NA	NA	NA	NA	NA	NA	NA	NA	NA
NA	NA	NA	NA	NA	NA	NA	NA	NA	NA	NA	NA	NA	NA	NA	NA	NA	NA	NA	NA	NA	NA	NA	NA	NA	NA	NA	NA	NA	NA	NA	NA	NA	NA	NA	NA	NA	NA	NA	NA
NA	NA	NA	NA	NA	NA	NA	NA	NA	NA	NA	NA	NA	NA	NA	NA	NA	NA	NA	NA	NA	NA	NA	NA	NA	NA	NA	NA	NA	NA	NA	NA	NA	NA	NA	NA	NA	NA	NA	NA
NA	NA	NA	NA	NA	NA	NA	NA	NA	NA	NA	NA	NA	NA	NA	NA	NA	NA	NA	NA	NA	NA	NA	NA	NA	NA	NA	NA	NA	NA	NA	NA	NA	NA	NA	NA	NA	NA	NA	NA
NA	1.04175953808339	NA	0.771191338826053	0.675720162793614	0.671736731054658	0.555091720868979	0.627887667826943	NA	0.606675447662209	NA	1.09136958696089	NA	0.893848479905927	0.917802268650081	NA	0.97923418924112	0.842379072639859	0.614884677506221	0.94848490009254	0.869315846358231	0.357273550561881	0.313714108180604	0.075191354929579	NA	NA	NA	0.476296273045535	0.377570529129694	0.673455492790601	NA	0.554511214443137	0.46923852746127	NA	NA	NA	NA	0.274297196923156	0.30805617659477	0.549122370566562
NA	NA	NA	NA	NA	NA	NA	NA	NA	NA	NA	NA	NA	NA	NA	NA	NA	NA	NA	NA	NA	NA	NA	NA	NA	NA	NA	NA	NA	NA	NA	NA	NA	NA	NA	NA	NA	NA	NA	NA
NA	NA	NA	NA	NA	NA	NA	NA	NA	NA	NA	NA	NA	NA	NA	NA	NA	NA	NA	NA	NA	NA	NA	NA	NA	NA	NA	NA	NA	NA	NA	NA	NA	NA	NA	NA	NA	NA	NA	NA
0.747137542352956	NA	NA	NA	1.01011960550066	1.29414493278504	1.41570932055532	1.55790317526614	1.53574297974555	NA	NA	1.57268161972355	NA	2.79807819066219	1.43059818471033	1.47838061713485	NA	1.5404207597508	1.22116981850528	NA	1.16333071601962	0.938014416187472	NA	1.04612849107892	NA	NA	NA	NA	NA	0.666416986635393	NA	1.18999847783973	0.840212349025403	0.533772860590104	1.21573842228123	1.47072310206395	NA	0.898208604716413	1.08794805684321	0.97259215658656
0.480487775283425	NA	0.372806127945703	NA	0.34811639225079	0.389010894738357	NA	0.581525799152909	0.247324655478486	NA	0.412372485865984	0.770400089881273	0.814732039460278	NA	0.789764535697453	0.641588507454529	0.757689367004011	0.356775897511601	NA	0.20589484859214	NA	0.348624513612628	NA	NA	NA	NA	NA	NA	NA	NA	NA	1.13346898318193	NA	1.21524925803562	0.812009446595645	NA	NA	1.04630812384544	1.13784175540612	1.06574298726063
NA	NA	NA	NA	NA	1.10969580942015	0.99975302556446	0.952420596701883	NA	0.264404445434836	0.352632452374746	0.332374484431654	0.643053517832695	0.256279575948948	0.538672249413773	NA	0.733693848737236	0.782890515475431	0.480269749994347	0.498041152541696	0.6750538832788	0.616541523759486	0.697479812116014	0.578404650840042	0.596855854461502	0.418568052484679	NA	NA	NA	0.784714080262359	1.0270291993785	NA	1.83975967177466	2.17920975608423	NA	NA	NA	NA	0.357862966665015	2.07790203167348
NA	NA	2.09294350328896	NA	2.11551521221786	0.904289224924405	NA	1.47633966718726	1.83106863018064	1.5269073290767	0.744123056263974	0.604493089892558	0.689680418014301	0.369514255395753	1.3646821993517	0.950253106033476	NA	0.797503032931588	1.13763476999301	NA	1.20364313424885	NA	NA	NA	0.532749867051642	NA	1.38125578882197	NA	0.600559530404725	0.149785777355961	NA	NA	NA	0.497654138677462	NA	NA	NA	0.409030414171418	NA	0.366155137690782
NA	NA	NA	NA	NA	NA	NA	NA	NA	NA	NA	NA	NA	NA	NA	NA	NA	NA	NA	NA	NA	NA	NA	NA	NA	NA	NA	NA	NA	NA	NA	NA	NA	NA	NA	NA	NA	NA	NA	NA
NA	NA	NA	NA	NA	NA	NA	NA	NA	NA	NA	NA	NA	NA	NA	NA	NA	NA	NA	NA	NA	NA	NA	NA	NA	NA	NA	NA	NA	NA	NA	NA	NA	NA	NA	NA	NA	NA	NA	NA
NA	NA	NA	NA	NA	NA	NA	NA	NA	NA	NA	NA	NA	NA	NA	NA	NA	NA	NA	NA	NA	NA	NA	NA	NA	NA	NA	NA	NA	NA	NA	NA	NA	NA	NA	NA	NA	NA	NA	NA
1.59887812683093	NA	NA	1.15699674786338	NA	0.788352997931257	NA	0.668393847469448	0.9120346556433	0.942289778700758	NA	1.24630388461678	1.25640907669004	1.36606150338808	1.39053381006164	1.70535799723267	1.11075485867222	1.14543494890487	0.982605046032394	0.878921895978617	NA	NA	0.730186237825329	NA	0.628326434168641	NA	0.68603570495165	NA	0.452495640323814	0.238996007874335	0.3173167492263	0.326766302290408	0.677364839585225	0.426105660948829	NA	0.68275092332565	NA	NA	0.599906461000118	0.71606792270909
NA	NA	NA	NA	NA	NA	NA	NA	1.22353284500567	NA	2.07985155918976	1.38542921834775	1.47175921913058	0.982889435653641	1.84256963918261	NA	1.26525824826244	NA	NA	NA	1.18975496602763	1.50723979487127	1.08643191697043	1.35437016777301	0.984006082703221	1.34450684920097	NA	0.983984542409198	1.04701579111035	0.812544049179033	1.0356322703722	0.745466517270278	NA	0.926152427566426	NA	1.26166796414328	NA	NA	NA	1.8003405294591
1.45914584576773	1.65886830134576	1.45159756060195	NA	1.36088925064425	NA	NA	NA	0.941511520063261	0.951907090308017	NA	0.600229317039889	NA	0.177830133891446	0.529890134626636	NA	0.467569235656022	NA	NA	0.274337896393863	0.456779848828207	0.684841436211226	NA	0.875657028082587	0.61795851707143	NA	NA	0.666350751036958	NA	NA	NA	NA	0.415227049365056	NA	NA	NA	NA	0.237880849880782	0.525568633077896	0.529872661868629
NA	NA	NA	NA	NA	NA	NA	NA	NA	NA	NA	NA	NA	NA	NA	NA	NA	NA	NA	NA	NA	NA	NA	NA	NA	NA	NA	NA	NA	NA	NA	NA	NA	NA	NA	NA	NA	NA	NA	NA
NA	1.71313893241234	1.68889401026571	1.41804676014781	2.08937405207495	1.36964162783798	1.0036720741204	NA	NA	1.43802344460723	1.13182163233129	1.3762772287744	0.927171456367128	1.7875312404585	NA	NA	1.53485014528002	1.73976195638049	1.06650729486506	NA	1.51998964945334	0.774577207222115	1.09695195907566	0.703870764785377	0.449670282025512	0.609333425929641	NA	1.32401981168581	1.49292146101014	1.15860844082428	NA	1.78827984197822	1.45998438211268	1.32701475976736	1.24591172948832	1.29429034689762	NA	0.766209566711852	NA	0.926310696644992
NA	NA	NA	NA	NA	NA	NA	NA	NA	NA	NA	NA	NA	NA	NA	NA	NA	NA	NA	NA	NA	NA	NA	NA	NA	NA	NA	NA	NA	NA	NA	NA	NA	NA	NA	NA	NA	NA	NA	NA
0.506123362968551	0.548092641202679	NA	NA	0.690059430828908	0.312165847615696	NA	NA	0.110415952665826	0.285981946531338	0.716333880885143	NA	NA	0.55994977592727	0.531313717123698	NA	0.313842223515847	0.86789236387828	NA	0.351201561009012	0.892411763699748	0.931349809289645	NA	0.822477829757247	NA	0.792126975505194	0.66705608354392	0.606660128387671	0.603444474309415	0.526719840520451	NA	NA	0.422772115185981	0.573201691024843	NA	NA	NA	0.407625483299331	0.592697632138716	NA
NA	NA	NA	NA	NA	NA	NA	NA	NA	NA	NA	NA	NA	NA	NA	NA	NA	NA	NA	NA	NA	NA	NA	NA	NA	NA	NA	NA	NA	NA	NA	NA	NA	NA	NA	NA	NA	NA	NA	NA
NA	NA	NA	NA	NA	1.13800659904891	NA	NA	NA	NA	NA	NA	NA	NA	0.674097874702712	NA	NA	NA	NA	NA	NA	NA	1.51245646261248	0.960054296902728	1.52735695502015	NA	1.45134584967936	NA	0.451500259430376	1.48558249212335	NA	0.749404016828568	0.773793929521542	0.334604498778537	NA	NA	NA	NA	NA	0.489435144689686
NA	NA	NA	NA	NA	NA	NA	NA	NA	NA	NA	NA	NA	NA	NA	NA	NA	NA	NA	NA	NA	NA	NA	NA	NA	NA	NA	NA	NA	NA	NA	NA	NA	NA	NA	NA	NA	NA	NA	NA
0.300183167268715	0.385253891421323	NA	0.454961134532687	NA	0.620197848984333	0.429948432968638	NA	NA	1.26170612917773	0.994360656856743	1.00002728600225	1.29580280426655	0.996083369007532	1.53880385205632	0.678103699031967	0.993866940029106	1.19813594746279	0.72180127354863	0.504165454335516	1.08808742539406	1.09165507278114	1.03729782195181	1.04345499293898	1.13353855670078	0.705597688137144	0.86259105323305	NA	NA	0.276381153241944	0.364828057478211	0.529654970767276	0.649841621986282	0.260391143136547	0.646912006999911	NA	NA	0.488925116978494	0.24700991855502	0.427697905119275
NA	NA	NA	1.2080764872934	NA	1.07514146876455	NA	1.01689920819611	NA	NA	0.734111511787641	1.36782218779407	NA	0.982259557856415	1.4116676762306	0.946220263994378	1.06768390299822	1.42099823323845	1.42086435376449	NA	NA	0.655386598550905	1.16989600477623	NA	0.194503398401522	NA	NA	1.55692260522298	1.89789532327486	0.677770547326577	NA	NA	NA	NA	NA	2.21319807484644	NA	0.490009755043274	0.723962767808908	NA
NA	NA	NA	NA	NA	NA	NA	NA	NA	NA	NA	NA	NA	NA	NA	NA	NA	NA	NA	NA	NA	NA	NA	NA	NA	NA	NA	NA	NA	NA	NA	NA	NA	NA	NA	NA	NA	NA	NA	NA
NA	NA	NA	NA	NA	NA	NA	NA	NA	NA	NA	NA	NA	NA	NA	NA	NA	NA	NA	NA	NA	NA	NA	NA	NA	NA	NA	NA	NA	NA	NA	NA	NA	NA	NA	NA	NA	NA	NA	NA
NA	NA	NA	NA	NA	NA	2.21164875451234	2.07283644210765	2.15677140967329	2.0884021071194	2.0461619293832	NA	NA	NA	NA	NA	NA	2.29814306605709	NA	NA	1.27070452838213	1.55216236157776	NA	NA	NA	0.696886729352256	NA	NA	NA	NA	NA	NA	NA	NA	NA	NA	NA	NA	1.0367648375582	NA
1.62087657523531	NA	1.77110930784952	NA	NA	NA	NA	2.35473034966792	2.06623751475632	2.0971759529965	2.55531250611891	NA	1.92836146135278	1.74129371967833	1.74280834966061	1.54400326697533	1.66314051073825	NA	1.87376851651069	1.35385341985463	NA	1.2165445810948	1.50146232107972	1.12498459207099	0.989943752421887	0.864051124971031	0.849044302650772	NA	0.710729580876864	NA	NA	0.362434894934198	0.522707137005205	NA	NA	0.247848998672008	NA	0.500598879465352	NA	NA
0.92876772234494	NA	NA	NA	0.571645860840124	NA	NA	0.377549881592073	0.610677643713352	NA	1.01682087454615	NA	NA	1.06529670734854	1.13563402442058	NA	NA	0.912378596691672	NA	NA	NA	NA	1.08281734254618	NA	NA	NA	NA	NA	NA	NA	NA	NA	0.30065945114723	NA	0.644704235441478	NA	NA	NA	NA	NA
NA	NA	NA	0.332866670037076	0.308508692046987	0.897987401800279	NA	0.454100391646461	NA	NA	0.571062862579982	0.771656020924944	0.441257942757213	0.503386105325902	NA	0.572209607795854	NA	0.520823362285997	NA	NA	NA	NA	0.437973931350038	0.491840195490206	0.38807173341783	0.621126210766094	NA	0.831709469116211	0.434257358557847	0.854578392911792	0.44065697873538	0.33107761374879	0.566397596773955	0.396917286882448	0.443258225805296	0.41290675844902	NA	0.722042820564559	NA	0.62571844159074
1.36330751429085	NA	1.02142449395224	NA	NA	NA	0.42120260400331	NA	NA	NA	NA	NA	NA	NA	0.975755644324594	NA	NA	NA	NA	NA	NA	0.786055314631088	NA	NA	0.60179635687543	NA	NA	NA	NA	NA	0.651817617462094	NA	NA	NA	NA	NA	NA	NA	0.457345176478484	NA
NA	NA	NA	NA	NA	NA	NA	NA	NA	1.54392760096497	1.23044801011238	NA	2.09116400060713	0.98505807817093	NA	NA	0.630055866614161	NA	NA	0.690095838876594	NA	2.19181346163608	NA	NA	0.770329090023082	1.74996153137086	NA	NA	NA	NA	NA	NA	NA	NA	NA	NA	NA	NA	NA	NA
1.44274502136828	NA	NA	1.05933606472342	NA	NA	NA	NA	0.68827027324015	NA	0.696652378773971	0.283581489639836	NA	0.168868694971829	0.424290381366084	NA	0.627732017292924	0.398375075039137	NA	0.368035828401668	0.797021694789976	0.62764817576043	0.378145231458947	NA	0.663164074585665	NA	NA	0.598058823869792	0.470283393229934	NA	0.755647643302916	NA	0.846218072854321	NA	0.4217991558884	0.720434062129958	NA	0.524612529755163	0.347827987786184	NA
NA	NA	NA	NA	NA	NA	NA	NA	NA	NA	NA	NA	NA	NA	NA	NA	NA	NA	NA	NA	NA	NA	NA	NA	NA	NA	NA	NA	NA	NA	NA	NA	NA	NA	NA	NA	NA	NA	NA	NA
0.891488449585911	NA	0.745299121539551	NA	0.850509743388343	0.752368841305184	0.8005873318712	NA	0.986510386501837	1.01897596312475	NA	0.339011923439454	0.231368671434714	0.520098920594615	1.11959562109311	0.505017536616734	NA	0.826842742734087	NA	NA	1.78909994252942	0.401326834334418	NA	0.557082280221511	0.703015829840686	1.05477125085326	0.750862785587784	NA	0.427837129178739	NA	NA	NA	0.654930583152416	0.428002021572719	0.402781932878886	0.212891257824571	NA	0.276028492845537	0.231337954456719	0.142635624971899
NA	0.755241875393404	NA	NA	0.689219946438964	NA	NA	1.09844186851881	NA	NA	0.916217742315066	NA	0.853952889400224	1.02788956872615	1.2665050492438	1.05732393551881	NA	0.800092145594106	0.942923458767308	1.16733752085931	1.19620274368283	1.15104575659418	NA	NA	NA	NA	NA	NA	NA	NA	0.752479958456829	NA	0.270471308704872	NA	NA	0.26991222555956	NA	NA	0.392818830108016	NA
0.826488133572936	1.15100143166512	0.801612536679267	1.76351421655608	0.835864615020054	1.27106872432691	1.56387492882204	1.3072183827156	NA	0.827757005316176	NA	0.895073287107282	1.05102011888783	0.825849784346375	0.829306632956407	0.713111536352965	0.350020251278626	0.755159287850358	0.622700235934383	0.705276158991035	NA	0.918060815086379	0.888014073952732	0.973321734524429	1.28787973306422	0.812998600390815	0.890417418924654	0.565840913187693	0.852873986484026	0.798176608172229	NA	0.47876124976403	NA	0.285727021975808	0.429744766184645	0.608501204921594	NA	0.467325683707368	0.131687660039041	0.138822272682549
NA	NA	NA	NA	NA	NA	NA	NA	NA	NA	NA	NA	NA	NA	NA	NA	NA	NA	NA	NA	NA	NA	NA	NA	NA	NA	NA	NA	NA	NA	NA	NA	NA	NA	NA	NA	NA	NA	NA	NA
1.23389002102169	NA	NA	1.14067899601478	1.1878174392238	1.28475967236721	NA	0.467009547519944	1.50619666690921	1.15577812521047	NA	NA	NA	1.48996918362489	1.64134553039502	0.956622300364961	1.14585187608313	0.77503527736598	1.02335501479302	0.903133553049889	0.6797305858275	NA	1.01707759691242	0.13027850428909	NA	1.36295877959205	0.227421956630268	NA	NA	0.358821372259724	NA	0.600356461903801	0.319471079593063	0.709108852848611	0.970829410405914	0.79926540256639	NA	NA	0.385868823005574	0.222414726993112
0.796087541797341	NA	NA	0.892630130330752	0.510384766553807	0.774165494911492	NA	0.976766890023505	0.928852626922478	1.04854490505854	1.05838842065578	1.17930285111176	NA	0.918605516565857	0.562973221741728	NA	NA	1.10432243959726	0.724101343157232	1.33377505095624	NA	0.835622623348553	NA	0.823510774913558	0.628117883966941	0.584489613938041	NA	NA	0.93169329985539	NA	NA	0.716187455247782	0.49934981021764	0.465389772611785	NA	1.00654405851747	NA	0.435993704974041	0.423725389330995	0.962611101837297
1.62541369056896	1.67179524469831	1.44698575850433	NA	1.54756617233476	1.73483027404621	1.5126318891276	1.80169387373481	1.40906045216546	NA	NA	NA	NA	NA	1.29931312115604	NA	NA	1.01477942671805	1.25762120243678	NA	0.476216442881351	0.870037682932542	NA	NA	NA	NA	NA	NA	0.546935192888414	NA	NA	NA	0.318983441128447	NA	0.694351914090751	NA	NA	0.378991518939778	0.315268649896903	0.44686767981326
2.2603942817793	1.85002907625184	1.7947884448236	1.68033363732823	1.77100551236661	NA	1.60194556923609	NA	1.46461771643511	NA	1.09706790766798	NA	NA	NA	1.32578262071764	1.45682564238341	1.45898538782782	1.43772567160192	NA	NA	1.91830051563389	NA	1.0041553048844	0.490079850602072	0.172721956853526	NA	0.549841608786266	NA	1.11418710653234	0.659120134877277	0.615062823724437	0.512574986915349	0.318664915192721	1.34589796359412	0.642844833597257	0.684250278404222	NA	1.55152194169043	1.12272261651841	1.45659248314298
0.980397703147876	NA	0.481163134664554	1.09435151357815	1.47550808383343	1.00173480827734	0.977048921515753	0.621411543059671	NA	NA	1.94050712265092	1.32399648478062	NA	1.0604641746877	1.03715698385853	0.530015759473749	1.40785545531161	0.896342852710621	0.706543571860195	NA	0.62579504871411	NA	NA	NA	NA	NA	NA	NA	NA	NA	NA	0.32790780682573	NA	NA	NA	0.286023754353413	NA	0.585030877747268	0.217736107169574	0.223924336096957
NA	NA	NA	NA	NA	NA	NA	NA	NA	NA	NA	NA	NA	NA	NA	NA	NA	NA	NA	NA	NA	NA	NA	NA	NA	NA	NA	NA	NA	NA	NA	NA	NA	NA	NA	NA	NA	NA	NA	NA
NA	2.04100955717683	NA	NA	NA	NA	NA	1.19867448662021	1.01592814930749	NA	NA	1.26853208915791	NA	1.09488682567885	NA	1.29461464583441	1.37966658518301	1.01615669687798	NA	NA	0.463641786817043	0.704308947442875	NA	NA	NA	NA	0.242891021541396	NA	0.459882981934976	NA	NA	NA	NA	NA	NA	NA	NA	NA	NA	0.339577650143493
NA	1.39463048542076	NA	NA	1.11431330045694	NA	NA	1.37307602204353	1.12190789414001	NA	1.08297760786573	1.33185361772131	NA	0.451519493209934	0.927300184954213	1.81277981979953	0.752795451747356	0.775276269013448	0.530793656653492	NA	0.558275042995059	NA	NA	NA	NA	NA	1.48839287484108	NA	0.410225793748372	NA	NA	1.69437233047687	NA	NA	0.625297607399479	0.615596073160606	NA	0.220063262860652	NA	0.636462603731527
1.34636391860778	NA	NA	NA	NA	1.17076758381732	NA	1.84847120549671	NA	1.80728711412004	1.54904626123924	NA	NA	NA	1.34370440377821	NA	NA	1.33624268200952	NA	NA	NA	NA	0.784982200485074	NA	NA	NA	0.874157079834535	NA	0.498961496338286	0.770238348245348	NA	0.688792101439484	0.49935092949851	0.579184317176297	0.60064594795553	0.753587068598491	NA	0.668402991039676	0.583547289007592	NA
0.86851373228616	0.670195939700965	1.25984876657943	0.870684605501362	0.68513280848923	0.477552905120547	0.779317481954252	0.682095349226908	1.04495000564828	NA	0.593208175528414	NA	0.958498388283445	0.771460930559327	0.527970264755616	0.357789509648118	0.303914069312502	0.653613589773315	NA	0.38777947503984	0.0844463495490063	0.325738600701649	0.149401080234076	NA	0.3541972755274	0.342485240803508	NA	0.165660304644362	0.339694471323574	0.410843806687483	0.315342942131829	NA	NA	NA	0.528835581414223	NA	NA	NA	0.575709173272143	0.624544823242292
NA	2.3859377080837	2.31841679224188	NA	1.77356103659711	1.55013206858566	1.39666294350979	NA	NA	NA	NA	1.7343862600486	NA	1.68212486717085	1.66465764160813	NA	1.42166965380076	1.42927080110038	NA	1.11841899300106	NA	1.94143149616025	1.80669426538763	NA	NA	NA	NA	NA	1.56722700775138	NA	NA	1.00666961383164	NA	NA	NA	0.372739238160528	NA	NA	0.377327354768415	0.609575684150551
NA	NA	NA	NA	NA	NA	NA	NA	NA	NA	NA	NA	NA	NA	NA	NA	NA	NA	NA	NA	NA	NA	NA	NA	NA	NA	NA	NA	NA	NA	NA	NA	NA	NA	NA	NA	NA	NA	NA	NA
1.11461740254495	NA	NA	NA	0.905643490362518	NA	0.990100007716881	NA	0.997813167091744	NA	NA	NA	0.827855067919705	0.510650057497368	0.438528893605806	NA	0.626099590999129	NA	1.3088777551871	0.701348931738805	0.190317571198013	0.146469818702579	0.40768594956656	0.545772256093784	NA	NA	NA	NA	NA	NA	NA	0.588558723759661	0.489729556210698	0.434267655680291	0.271988144003597	NA	NA	NA	NA	0.470723243513668
NA	NA	NA	NA	NA	NA	NA	NA	NA	NA	NA	NA	NA	NA	NA	NA	NA	NA	NA	NA	NA	NA	NA	NA	NA	NA	NA	NA	NA	NA	NA	NA	NA	NA	NA	NA	NA	NA	NA	NA
0.870771080657923	NA	1.03874874274743	NA	0.941563232891496	1.24238113781417	1.20586698554507	NA	NA	1.18310527201832	1.22896314473581	0.987345838741104	NA	NA	1.87526854433371	NA	1.1454697649156	0.771661850172957	2.2012800515195	0.733493963653712	1.10202801977908	0.707022004951411	1.3710229529192	1.6279069768607	1.53754924183088	1.14007112061861	2.46818318990707	NA	0.650123515753012	NA	1.4510572238048	0.913637779770068	0.753370356043802	1.2558760753562	1.68926639520845	1.80546800350684	NA	0.260783651984171	0.507855104667804	0.495112475352816
NA	NA	NA	NA	NA	NA	NA	NA	NA	NA	NA	NA	NA	NA	NA	NA	NA	NA	NA	NA	NA	NA	NA	NA	NA	NA	NA	NA	NA	NA	NA	NA	NA	NA	NA	NA	NA	NA	NA	NA
0.874960706356451	0.700913596819835	0.413056556471973	NA	1.41948947996016	1.34141399744053	1.5721699829624	1.76071528729061	1.48573260810646	2.05633838116093	1.69404501553851	1.08633034714321	1.90792505384806	0.908697568855531	0.588862625615717	1.34322111090715	1.00558977612216	1.30125090315114	1.10349620013842	0.742322512414355	0.632985682777492	0.676192222870831	0.739344611225012	0.586943896434394	0.631805078428655	NA	NA	0.507507584921388	NA	0.62641800642041	NA	0.251016510614021	NA	NA	NA	0.268026688752452	NA	0.300703022516195	0.362999478004942	NA
NA	NA	NA	NA	NA	NA	NA	NA	NA	NA	NA	NA	NA	NA	NA	NA	NA	NA	NA	NA	NA	NA	NA	NA	NA	NA	NA	NA	NA	NA	NA	NA	NA	NA	NA	NA	NA	NA	NA	NA
NA	NA	NA	NA	NA	NA	NA	NA	NA	NA	NA	NA	NA	NA	NA	NA	NA	NA	NA	NA	NA	NA	NA	NA	NA	NA	NA	NA	NA	NA	NA	NA	NA	NA	NA	NA	NA	NA	NA	NA
1.55564352596872	NA	0.946105788699706	1.68585154571905	NA	NA	1.12518840962701	NA	NA	NA	0.78896037243884	0.599633119131899	NA	NA	0.62174298020316	0.697444563996681	NA	NA	NA	NA	NA	NA	NA	0.662833697743522	0.660024884479206	0.856528350334749	NA	0.402332498980063	0.498090782010765	NA	NA	0.592427731427202	0.505243381243884	NA	0.205302556005292	NA	NA	0.755590531194236	0.444039213248178	0.539565726390322
NA	NA	NA	NA	NA	NA	NA	NA	NA	NA	NA	NA	NA	NA	NA	NA	NA	NA	NA	NA	NA	NA	NA	NA	NA	NA	NA	NA	NA	NA	NA	NA	NA	NA	NA	NA	NA	NA	NA	NA
NA	2.32863882641685	NA	NA	0.749430563100195	NA	2.00009777923907	1.86840358815286	NA	NA	1.72279507855224	2.19352223738401	NA	1.42920151799725	1.58509233006101	1.76697692962373	1.03923685332231	1.17335166626964	NA	1.32437849973218	1.2091421385121	1.06294522558936	NA	NA	NA	NA	NA	NA	NA	NA	NA	NA	NA	NA	NA	NA	NA	0.457563339269678	0.434404948650758	NA
NA	NA	NA	NA	NA	NA	NA	NA	NA	NA	NA	NA	NA	NA	NA	NA	NA	NA	NA	NA	NA	NA	NA	NA	NA	NA	NA	NA	NA	NA	NA	NA	NA	NA	NA	NA	NA	NA	NA	NA
NA	2.5308236802205	1.31578824690809	NA	NA	NA	NA	NA	NA	0.862534688486883	NA	2.44157547830465	NA	2.38412141166521	2.13552127071394	1.6304108657038	0.977566889647752	NA	2.41837235370499	1.59091445230468	NA	1.61078809500029	NA	NA	NA	0.616171573420887	NA	0.264297593613576	1.40502670016151	1.0616954504884	NA	1.5954595066967	NA	NA	NA	NA	NA	NA	1.48647979382383	NA
NA	NA	NA	NA	NA	NA	0.812608927664347	0.60100648228379	0.640639706760737	0.654569014418747	0.762304261151648	NA	0.70651450529346	1.26722784069294	1.44313914530253	NA	NA	0.85083977795341	1.02735510304883	NA	1.51948971306341	1.47442272880157	0.403547547460641	0.979536243033866	0.846758417711224	0.667774966746698	NA	0.742486233825739	NA	0.948814106346358	NA	0.596880451121745	NA	NA	0.480434679713195	NA	NA	NA	NA	0.927058725608511
NA	NA	NA	NA	NA	NA	NA	NA	NA	NA	NA	NA	NA	NA	NA	NA	NA	NA	NA	NA	NA	NA	NA	NA	NA	NA	NA	NA	NA	NA	NA	NA	NA	NA	NA	NA	NA	NA	NA	NA
NA	1.41810537929804	NA	NA	NA	NA	1.53571998164949	NA	1.69393759672092	NA	NA	NA	2.59544735880311	2.45064294176946	2.05539436591697	1.90020419775933	NA	NA	NA	NA	NA	1.47684067313854	NA	1.34501611602464	NA	NA	NA	NA	1.31551989822635	NA	1.7338875539082	NA	NA	NA	0.470520738602559	0.244856198030297	NA	0.934244450389157	0.915827558355722	NA
NA	NA	0.804541530481242	0.544691245170089	0.45098380988983	1.16628517057712	0.389436713755729	0.399769375107227	NA	0.444135912054617	0.258372544841113	0.543892123668784	0.696771663314554	0.783655369688389	0.777786120859656	1.37891267397859	0.327278982501295	0.170251044296649	NA	0.326909198426209	0.884023725978757	0.498343128557906	NA	0.263863786342028	NA	NA	NA	NA	NA	0.439931372656698	NA	0.160379342292562	0.286389609059968	NA	NA	NA	NA	0.60543307203454	0.391936749582482	0.354390362369354
NA	NA	NA	NA	NA	NA	NA	NA	NA	NA	NA	NA	NA	NA	NA	NA	NA	NA	NA	NA	NA	NA	NA	NA	NA	NA	NA	NA	NA	NA	NA	NA	NA	NA	NA	NA	NA	NA	NA	NA
NA	0.629968235661892	0.245950698660322	0.770264679504991	0.295597171433443	NA	0.945340987152432	0.847672806893111	NA	0.748059731840732	0.822373661825993	0.681696812395041	0.987479813657578	0.801730709910575	0.302150046056191	NA	0.579425704576376	0.358748536887059	NA	NA	NA	0.622805150312528	NA	0.77317431734345	0.917948660431214	1.04218231022923	NA	1.04222741911525	0.544191560666035	0.877690018883983	0.701413807593564	0.543414360799531	0.489640309112632	0.46889846929661	0.448213492165737	0.645000906573365	NA	0.22357094981564	0.23953941350832	NA
1.21474105709718	1.01545035375528	0.986019716516012	NA	1.02645079127533	NA	0.35147043120511	0.773382426058819	0.910607173785621	1.28114521151666	NA	1.18302568570493	0.526729048373471	0.853173511281219	NA	NA	NA	NA	0.739168491951385	0.55954535116833	NA	NA	NA	NA	NA	NA	NA	NA	NA	NA	NA	NA	NA	0.70646191926148	NA	1.04057631855572	NA	0.420144126934134	NA	0.885544128383784
NA	NA	NA	NA	NA	1.03252687245982	1.14211108911612	NA	1.00541639622767	1.17342274631213	NA	NA	NA	NA	NA	NA	0.777534996014589	NA	NA	NA	0.599932162020613	0.895684309270244	NA	NA	NA	NA	NA	NA	0.691212960683071	NA	NA	NA	0.48758107991962	NA	NA	0.382797420144564	NA	NA	0.682020235936288	1.22790817483219
NA	NA	NA	NA	NA	NA	NA	NA	NA	NA	NA	NA	NA	NA	NA	NA	NA	NA	NA	NA	NA	NA	NA	NA	NA	NA	NA	NA	NA	NA	NA	NA	NA	NA	NA	NA	NA	NA	NA	NA
NA	2.38544620817411	2.59601793619207	NA	NA	NA	2.90226002110631	NA	NA	NA	NA	NA	NA	NA	NA	3.07444364209408	2.64621247245525	2.54740914129555	NA	2.37163374977897	2.18292799804043	NA	2.11979936393965	1.27733798197385	NA	NA	1.83455199245015	NA	1.3696075122408	NA	1.67745702513411	NA	NA	NA	2.81867257912923	0.44111657789224	NA	NA	1.3045879729154	0.433815500634143
NA	NA	NA	NA	NA	NA	NA	NA	NA	NA	NA	NA	NA	NA	NA	NA	NA	NA	NA	NA	NA	NA	NA	NA	NA	NA	NA	NA	NA	NA	NA	NA	NA	NA	NA	NA	NA	NA	NA	NA
NA	NA	NA	NA	NA	NA	NA	NA	NA	NA	NA	NA	NA	NA	NA	NA	NA	NA	NA	NA	NA	NA	NA	NA	NA	NA	NA	NA	NA	NA	NA	NA	NA	NA	NA	NA	NA	NA	NA	NA
NA	NA	NA	NA	NA	NA	NA	NA	NA	NA	NA	NA	NA	NA	NA	NA	NA	NA	NA	NA	NA	NA	NA	NA	NA	NA	NA	NA	NA	NA	NA	NA	NA	NA	NA	NA	NA	NA	NA	NA
NA	NA	NA	1.11376098498758	1.44675117532159	1.72227381367691	1.95639177361702	NA	1.12126021181578	NA	NA	NA	1.60015318187256	0.876487471688135	1.1897669876382	NA	NA	0.367669521443139	NA	0.502945501285649	0.723420788222103	0.634267495433528	0.487288330102026	NA	NA	NA	0.618653720258772	NA	NA	0.305859949630856	NA	NA	NA	NA	0.38241465663814	NA	NA	NA	0.412366267411912	NA
0.739333971224811	NA	NA	NA	NA	1.54558821521259	1.51896417224222	1.83096354082294	1.53487909036808	NA	NA	0.813486581137114	NA	NA	0.932097016466933	1.13795392839813	NA	NA	NA	NA	NA	NA	NA	NA	NA	NA	0.304092029023927	NA	0.178508668483696	0.208876313712893	NA	NA	NA	0.903221075313462	0.738486834918883	NA	NA	0.462124318029026	NA	0.306508557322129
NA	NA	NA	NA	NA	NA	NA	NA	NA	NA	NA	NA	NA	NA	NA	NA	NA	NA	NA	NA	NA	NA	NA	NA	NA	NA	NA	NA	NA	NA	NA	NA	NA	NA	NA	NA	NA	NA	NA	NA
NA	NA	NA	NA	NA	NA	NA	NA	NA	NA	NA	NA	NA	NA	NA	NA	NA	NA	NA	NA	NA	NA	NA	NA	NA	NA	NA	NA	NA	NA	NA	NA	NA	NA	NA	NA	NA	NA	NA	NA
NA	NA	NA	NA	NA	NA	NA	NA	NA	NA	NA	NA	NA	NA	NA	NA	NA	NA	NA	NA	NA	NA	NA	NA	NA	NA	NA	NA	NA	NA	NA	NA	NA	NA	NA	NA	NA	NA	NA	NA
0.552578828677725	0.665696419081702	NA	NA	NA	1.24891431021792	1.29715086785548	0.678829647853696	NA	NA	0.996222924275423	0.765511263783541	NA	1.13516614328764	NA	NA	0.956863644011	0.965368603591021	0.914829637101348	NA	NA	0.506218372136714	NA	0.549430710825584	0.861212870323404	NA	0.766903252696601	0.744304343571649	0.806721471395909	0.438833377408805	0.798199157420772	0.748811209618685	1.26464121878557	0.4670918973387	0.249831493440731	0.178933610356681	NA	NA	NA	NA
NA	NA	NA	NA	NA	NA	NA	NA	NA	NA	NA	NA	NA	NA	NA	NA	NA	NA	NA	NA	NA	NA	NA	NA	NA	NA	NA	NA	NA	NA	NA	NA	NA	NA	NA	NA	NA	NA	NA	NA
NA	NA	NA	NA	NA	NA	NA	NA	NA	NA	NA	NA	NA	NA	NA	NA	NA	NA	NA	NA	NA	NA	NA	NA	NA	NA	NA	NA	NA	NA	NA	NA	NA	NA	NA	NA	NA	NA	NA	NA
NA	NA	1.18284620136807	NA	NA	NA	NA	NA	NA	0.895653177810016	NA	NA	NA	1.42735657606705	NA	NA	0.932441321557312	0.702849175639102	NA	NA	0.502443404757457	0.177898563619929	NA	0.557391752002159	NA	0.599227786127113	NA	0.702251488034815	NA	0.360641519813461	0.549959397912426	NA	0.545939963571729	NA	0.567537733182176	0.920175048641744	NA	0.798281835282999	0.704326003749707	0.695392759739887
NA	0.481069637716708	NA	0.295381458113957	1.09714076432444	1.99021959866768	2.12210408668718	2.15825002662448	1.75687040569381	NA	NA	NA	NA	2.20038140341898	1.71518884162432	1.44712309095074	1.35236024323332	1.38732873463249	NA	NA	0.937835145520135	1.44971653388707	1.03545075736269	NA	0.907716640920369	NA	NA	NA	NA	1.96213893915437	0.804240731322566	0.428999184166919	0.776265754564887	0.38234054227511	NA	NA	NA	0.894535538464787	0.540079920966734	0.616786979356438
NA	NA	NA	NA	NA	NA	1.93062786634115	NA	NA	NA	NA	NA	1.39318951790357	1.44928740678897	1.86391833536569	NA	NA	NA	NA	1.1102964572874	1.23260002393062	1.11030793645532	1.04338527352199	NA	0.931329813396686	NA	NA	NA	NA	NA	0.347088023429259	0.341671707732772	NA	0.0992112438235296	NA	0.44218470912232	NA	NA	NA	NA
2.14087841919683	NA	1.82773108065984	1.25029662005791	1.33197968479804	1.62039313638149	NA	1.64011602401716	2.03391703669251	NA	1.97172219930557	1.82797409069604	NA	1.46941564866366	1.85976831048943	NA	1.75282780521669	NA	1.07861735367741	1.49001598547216	1.27179916806792	NA	1.09073930029814	1.10723435234555	1.16874224438948	NA	0.730714922877391	0.63140479501038	1.0435139394668	NA	0.567785256642714	NA	NA	NA	NA	1.0380343536446	NA	0.361299642702217	0.588112614665248	NA
1.05044035394552	NA	1.54082415830277	NA	NA	0.898850773207961	NA	1.13617206017289	1.40006374188067	1.17840029555495	NA	NA	NA	NA	0.731305767614093	NA	NA	1.01469813436781	0.520583298396087	0.437364287816887	NA	0.868074654259831	NA	NA	NA	NA	NA	NA	NA	NA	NA	0.472214483395795	NA	NA	NA	NA	NA	0.284140637346433	NA	NA
0.418844647867848	NA	NA	NA	NA	NA	1.16439427577068	NA	NA	NA	1.5012431270971	1.65644784637416	NA	0.956755137179897	0.723093666769499	NA	NA	NA	NA	NA	1.87513795290827	1.54167449558614	NA	1.66269693749481	NA	NA	NA	2.26243413171415	2.06210409577833	1.48870378260706	NA	1.25498910069719	NA	NA	NA	NA	NA	NA	NA	1.44742260593514
2.21898324605789	2.39948584059424	2.56948097273892	NA	2.79042505722721	2.2963072375961	1.96801814477773	1.88883098751489	NA	2.1258417028391	2.42296555558494	2.52875754314913	2.74816287166901	NA	2.19765881013204	NA	2.6053394286965	2.25422126430416	2.16527809589372	2.12356213696682	NA	1.74238281106099	NA	1.61940125035801	1.57758472246519	NA	1.34394128403635	1.46113183657514	NA	1.98188839347672	NA	1.98774625858164	1.713056344192	NA	2.01028397580912	NA	NA	1.88878188692562	1.58719883805989	NA
NA	NA	NA	NA	NA	NA	NA	NA	NA	NA	NA	NA	NA	NA	NA	NA	NA	NA	NA	NA	NA	NA	NA	NA	NA	NA	NA	NA	NA	NA	NA	NA	NA	NA	NA	NA	NA	NA	NA	NA
NA	NA	NA	NA	0.520471369755612	0.736302107019054	NA	1.1032362594227	1.66098397106189	NA	NA	1.3254870063145	NA	1.32299711551534	NA	0.685771838335649	NA	1.87668624767484	NA	NA	1.21062388189331	0.469893960441178	0.327597098560694	NA	NA	NA	NA	1.35992594822761	1.05254030799643	0.111829677005664	0.352778590573845	0.485025340685582	0.249998804953608	NA	NA	0.28504075571377	NA	0.551033577844456	1.08396454567815	0.721144837021472
NA	NA	NA	NA	NA	NA	NA	NA	NA	NA	NA	NA	NA	NA	NA	NA	NA	NA	NA	NA	NA	NA	NA	NA	NA	NA	NA	NA	NA	NA	NA	NA	NA	NA	NA	NA	NA	NA	NA	NA
NA	NA	NA	NA	NA	NA	NA	NA	NA	NA	NA	NA	NA	NA	NA	NA	NA	NA	NA	NA	NA	NA	NA	NA	NA	NA	NA	NA	NA	NA	NA	NA	NA	NA	NA	NA	NA	NA	NA	NA
NA	1.16330477032897	NA	NA	1.57100069154866	2.03588721853445	1.78807591338057	1.22411487993643	1.61132656504934	2.08177999707408	1.5874226288109	NA	NA	1.41981363176265	1.80371227895425	NA	NA	2.34569275349351	1.4944267689041	1.74819514304312	NA	1.08410144499484	0.96659425086068	NA	NA	0.640256676434765	0.727277481173142	0.668151391228039	0.68491223396412	0.966929385828432	NA	1.00994636849767	NA	1.34722616657912	NA	0.665900326175783	NA	NA	0.474584877375668	NA
NA	1.53131521453755	NA	NA	NA	1.08076823927591	1.30665264040929	0.651520538230154	NA	NA	NA	NA	NA	1.41230700234909	NA	NA	NA	NA	NA	NA	0.946986525697222	NA	NA	1.32029224810329	1.27645940854816	NA	NA	1.49340059585502	NA	NA	NA	NA	NA	NA	NA	NA	NA	0.169910808657285	0.519478308279326	0.611761996346096
NA	NA	NA	NA	NA	NA	NA	NA	NA	NA	NA	NA	NA	NA	NA	NA	NA	NA	NA	NA	NA	NA	NA	NA	NA	NA	NA	NA	NA	NA	NA	NA	NA	NA	NA	NA	NA	NA	NA	NA
NA	NA	NA	NA	NA	NA	NA	NA	NA	NA	NA	NA	NA	NA	NA	NA	NA	NA	NA	NA	NA	NA	NA	NA	NA	NA	NA	NA	NA	NA	NA	NA	NA	NA	NA	NA	NA	NA	NA	NA
NA	NA	NA	NA	NA	NA	NA	NA	NA	NA	NA	NA	NA	NA	NA	NA	NA	NA	NA	NA	NA	NA	NA	NA	NA	NA	NA	NA	NA	NA	NA	NA	NA	NA	NA	NA	NA	NA	NA	NA
NA	NA	NA	NA	NA	NA	NA	NA	NA	NA	NA	NA	NA	NA	NA	NA	NA	NA	NA	NA	NA	NA	NA	NA	NA	NA	NA	NA	NA	NA	NA	NA	NA	NA	NA	NA	NA	NA	NA	NA
NA	NA	NA	1.42699560226837	NA	NA	1.44427391128607	1.76790155951047	NA	NA	1.16481270946154	NA	NA	NA	NA	0.739639013675734	NA	NA	0.74726645311976	0.658457455211659	NA	0.234297234105718	0.427329373221411	NA	0.494750850113601	NA	NA	NA	NA	NA	1.99938766305895	0.873754727999126	NA	0.546345549885106	1.91875483873181	0.699338933822053	NA	0.645325233607339	0.550728348529933	0.743398939725724
NA	1.17970223380863	1.10419722955202	NA	0.980783752560796	1.42871403090157	NA	1.54690631772339	1.71305625707845	NA	1.67718856157823	1.31063131138248	1.74552114565904	NA	1.85176507643916	NA	1.76371202364351	1.58066008143231	1.86808912790681	1.27288434276362	1.33794822866956	NA	0.720078588483514	NA	1.21690412337674	NA	0.193318544809033	1.31845731370319	0.810657489743282	0.495584930220433	0.41164140932955	1.37947113916229	0.874958887513527	1.69040607415935	NA	NA	NA	0.569454160139967	NA	NA
2.11543730673023	NA	NA	NA	NA	NA	NA	NA	2.00577661543865	NA	NA	1.03459771139583	NA	0.970107716759432	0.969614002658084	NA	1.11820605113103	0.805467601321853	0.470015649354398	NA	NA	NA	NA	NA	1.0031409501578	NA	0.984430650450883	NA	0.746857633840766	NA	NA	0.850044429930749	NA	0.533216070736623	NA	0.718685549918518	NA	0.292383965981233	NA	0.460038347279428
NA	NA	0.964562939813541	0.209183495491401	1.17373214707148	NA	1.51054151281748	NA	NA	1.6906224109915	NA	NA	NA	NA	NA	NA	1.6271215604262	NA	NA	1.55262301879433	NA	1.2132532577556	NA	1.45749805098186	1.08435007091785	NA	0.950533594186098	NA	1.38287958543412	1.24724593582296	NA	0.312559696606808	NA	1.47872279516572	NA	NA	NA	1.05168967999745	1.41205529231489	NA
NA	NA	NA	NA	NA	NA	NA	NA	NA	NA	NA	NA	NA	NA	NA	NA	NA	NA	NA	NA	NA	NA	NA	NA	NA	NA	NA	NA	NA	NA	NA	NA	NA	NA	NA	NA	NA	NA	NA	NA
1.24603150294885	NA	0.939581381887445	NA	NA	1.34333460119951	NA	0.877913960918775	1.26624076268466	NA	0.661194188273179	NA	0.673516503487185	NA	0.490985166671952	NA	NA	NA	1.04244722192258	1.07306462182845	1.20212588645908	1.44812753919241	NA	0.851710826939459	NA	NA	NA	1.62881764748705	NA	NA	NA	0.813654370739162	0.194870758644404	0.466174896997522	1.08144906129656	0.590840046426655	NA	1.72687818388152	1.1969018907204	NA
NA	2.37928293119825	1.59344513494877	NA	2.29346368390664	1.65728840367755	NA	2.01090419800229	NA	1.84208904317508	2.03725658496358	NA	NA	NA	1.70528027886256	1.45692612121261	2.10516478801373	1.85050389874902	1.66735973362619	1.39515465741648	1.66226752948643	1.49453075138328	NA	1.57345593778575	1.00410835362753	0.491208576765397	2.71606536450269	NA	1.20478483157739	NA	NA	NA	NA	NA	NA	0.625537284672445	NA	1.17476723114311	0.620389417786939	NA
NA	NA	NA	NA	NA	NA	NA	NA	NA	NA	NA	NA	NA	NA	NA	NA	NA	NA	NA	NA	NA	NA	NA	NA	NA	NA	NA	NA	NA	NA	NA	NA	NA	NA	NA	NA	NA	NA	NA	NA
0.605823644645241	0.667839750177546	0.684802073912096	0.333315980563979	0.327940936384333	NA	NA	0.922353785520537	1.16655270847413	0.731913273012744	NA	NA	NA	NA	NA	NA	0.613006262040851	0.786124821723416	NA	0.840642270985393	0.789211027730361	NA	0.885940481994002	0.2600207462052	0.6254825028661	0.660623541034474	0.455240707272876	NA	NA	NA	NA	0.686853710149208	0.660894999461001	0.537058753401651	NA	NA	NA	0.456455538853515	0.69145389255661	0.307713084709901
1.09095318210428	1.00473381664868	NA	NA	0.927793216444133	0.635433530876333	NA	0.675902606752698	1.02383744860529	NA	NA	1.06767940143954	NA	1.18881587323595	0.854051002333771	0.893637539135121	0.749350886563943	NA	0.70211460131489	NA	NA	1.1846055791698	NA	0.39255567146627	NA	NA	0.387217734352055	0.272292948616346	NA	NA	NA	0.36097095654436	0.457134686841948	NA	NA	0.424886190417996	NA	0.360087970986483	0.215761616184588	NA
NA	NA	NA	NA	NA	1.03257482440013	1.49940590462487	NA	1.44794847026393	1.09389530319393	NA	NA	NA	NA	NA	0.931430149433933	0.504500586326857	0.738233308364614	NA	NA	0.476443417983366	0.452173607290309	0.47941818515269	0.391985261011725	0.605111997779401	0.486639666165545	NA	1.43918747924	NA	0.648975561245719	NA	1.38960672211419	NA	NA	NA	NA	NA	0.972267080343307	1.96944370385444	NA
NA	NA	1.32943719540964	1.51824405424463	NA	NA	0.80259923851117	0.776333073234116	1.1446739354177	NA	NA	NA	0.944848227847354	0.947514244774096	0.975563252163092	0.821362340869175	0.678874724490986	0.903134612448972	1.04597606522606	0.491482061284757	0.734698535125156	0.72548950248195	0.739723968862498	0.951399247974811	0.53247962408585	NA	NA	0.432234959632321	NA	0.658018639098066	0.81611477738753	0.714217268338363	0.892866205001363	0.692562464229702	0.331534639009266	0.547286025055696	NA	0.369663094067452	NA	0.383874628180627
NA	NA	NA	NA	NA	NA	NA	NA	NA	NA	NA	NA	NA	NA	NA	NA	NA	NA	NA	NA	NA	NA	NA	NA	NA	NA	NA	NA	NA	NA	NA	NA	NA	NA	NA	NA	NA	NA	NA	NA
NA	NA	NA	NA	NA	NA	NA	NA	NA	NA	NA	NA	NA	NA	NA	NA	NA	NA	NA	NA	NA	NA	NA	NA	NA	NA	NA	NA	NA	NA	NA	NA	NA	NA	NA	NA	NA	NA	NA	NA
NA	NA	NA	NA	NA	NA	NA	NA	NA	NA	NA	NA	NA	NA	NA	NA	NA	NA	NA	NA	NA	NA	NA	NA	NA	NA	NA	NA	NA	NA	NA	NA	NA	NA	NA	NA	NA	NA	NA	NA
NA	NA	NA	NA	NA	NA	NA	NA	NA	NA	NA	NA	NA	NA	NA	NA	NA	NA	NA	NA	NA	NA	NA	NA	NA	NA	NA	NA	NA	NA	NA	NA	NA	NA	NA	NA	NA	NA	NA	NA
NA	NA	1.31175007035734	1.34636064857234	NA	1.43163493169886	NA	NA	1.90048553182563	1.23663582336788	1.38862166092211	1.04903188220172	NA	NA	0.944306786481555	1.23346879321152	0.933318394830487	1.16087454375266	NA	0.992854079493255	0.658209178701143	1.31298496382393	NA	NA	NA	NA	NA	NA	NA	NA	NA	0.678165144864081	1.40230929263243	NA	1.0054460686659	0.798474189312687	NA	NA	0.963487069408513	NA
NA	0.403314456783942	NA	NA	0.395599007257082	1.39810211253893	0.393346088091513	1.24822463831999	NA	NA	NA	NA	NA	NA	0.50982246446858	NA	1.86405292483233	0.931908906994947	1.18863096159326	0.736422185980839	0.524293576964184	0.592569882008049	NA	NA	1.09389857303534	1.04952572126598	NA	1.36343458688331	1.03563298422186	1.40012136229108	NA	NA	NA	NA	NA	0.136663567044012	NA	NA	0.417130115058545	0.426504974945088
NA	2.44464339533495	NA	NA	NA	2.59377412817219	NA	NA	2.97792003905106	NA	1.10269492967292	NA	2.45164993000967	2.63386482219471	0.701200005298882	0.708198478740939	0.643728943515123	0.832351573445121	0.530422391556515	0.280149744429339	0.916530875571133	0.396295329987578	NA	0.577070164450529	NA	NA	0.165498009385905	0.159094525642144	0.357392899295725	0.386013130431065	0.501765208827815	0.77344796968445	0.636228388728091	NA	0.699218074600086	NA	NA	0.604779534926071	1.16123844630471	NA
1.44328104701572	NA	NA	NA	NA	NA	1.81833984202672	NA	NA	0.819416164969747	1.15180413742311	0.984128715262102	NA	0.721792100105317	0.839449009553666	0.95062214947701	0.799952912362793	0.54426014560123	0.652689119846612	0.579618984295789	NA	NA	1.35240932003376	1.32864239004307	NA	NA	0.788682050836324	NA	NA	NA	NA	NA	NA	1.02775901230984	NA	1.13674108328667	NA	0.309644640737362	NA	NA
NA	NA	NA	1.61840657588675	NA	NA	NA	NA	NA	NA	NA	NA	NA	NA	NA	NA	NA	2.10513719879765	NA	NA	NA	1.42719395666147	1.80794341880692	1.10726476656518	NA	NA	1.25118459064211	NA	0.856648709603388	NA	NA	0.716666853101374	0.655807136625603	0.454631225735073	0.679962905950397	0.571409975314232	NA	NA	0.391570717764302	NA
1.09477821069939	NA	1.29721177041074	NA	1.27096311934585	NA	NA	1.29912322545498	NA	0.771015775260325	NA	0.386605064635462	NA	NA	0.128901943201858	0.484341068415239	0.433471020294803	0.285150658946057	0.443094064813125	0.229204397568761	0.637834167032391	0.311760965866766	1.34932226880903	0.441748494786403	0.641492126956097	0.452251647124816	0.586940695861883	0.584417983942714	NA	0.778679035029172	NA	0.34432492586941	1.27736973423396	NA	0.38210192406649	0.45286924130466	NA	0.469623101295065	0.604548239067142	0.820802190782157
1.11695520937505	NA	1.29962491984567	0.893505531532713	NA	0.924791100639914	1.13128931012645	NA	NA	NA	NA	1.13893238265176	0.966868380005596	0.504577640115432	1.15251580241745	NA	0.660911325902007	0.518391958002049	NA	0.760538254006786	0.476478898396873	NA	0.890252811402065	1.38970580524255	1.04729906129455	0.9860224752148	NA	NA	0.529418219281587	0.449163933903953	NA	NA	NA	0.475649102411	0.304989438785884	0.250989091691945	NA	0.672600598578495	0.80713018427334	0.707066635083088
NA	2.23734420047784	NA	NA	NA	1.73307765740066	NA	1.69821211310487	NA	1.74956354506143	2.00695666648788	1.51281155865757	1.55506111679151	1.46024657773168	1.93130408903109	1.93230071071527	0.963048257867796	NA	NA	NA	1.73687222982628	0.940290736998596	0.472249584435292	NA	NA	NA	NA	0.762667610821904	NA	NA	NA	0.859449406687478	0.656815588138557	NA	0.546790999519988	0.849313206065832	NA	0.705009265979282	0.581215245487872	0.445956568904084
NA	NA	NA	NA	NA	NA	NA	NA	NA	NA	NA	NA	NA	1.45161393179936	NA	NA	NA	NA	NA	NA	NA	NA	NA	NA	NA	NA	0.819460009739561	0.917095975690087	NA	NA	1.12950987627226	NA	NA	1.03796988561	0.69429725530002	0.458595641472066	NA	0.278530308643475	0.844254653879391	0.866751744158346
1.41376588595815	1.469615926763	1.06514320291385	1.38582780068289	NA	NA	1.22212190883733	NA	0.726378694171163	NA	0.597693331941284	1.16524498574663	NA	1.22007485253709	NA	1.45568961099601	NA	NA	NA	NA	0.713188929719238	1.3400916999049	0.459738715509277	0.724095213034636	NA	0.677142640492435	0.394258763540455	NA	NA	NA	0.724443751489976	0.732526059754854	0.393175344065523	NA	NA	0.716714416822659	NA	0.541777930921686	NA	NA
NA	NA	NA	NA	NA	NA	NA	NA	NA	NA	NA	NA	NA	NA	NA	NA	NA	NA	NA	NA	NA	NA	NA	NA	NA	NA	NA	NA	NA	NA	NA	NA	NA	NA	NA	NA	NA	NA	NA	NA
NA	NA	2.3181340827363	NA	NA	NA	NA	NA	NA	NA	NA	NA	NA	NA	NA	NA	NA	NA	NA	NA	2.09259320567656	1.91661693036751	1.52874265428274	1.36036941130927	NA	1.06283371874466	NA	NA	0.481229707353686	NA	0.743212369643257	0.472361590123723	0.601493537667027	0.619226044474416	0.330400392783414	NA	NA	0.602511628023457	0.569494004848747	0.704544214059388
NA	NA	NA	NA	NA	NA	NA	NA	NA	NA	NA	NA	NA	NA	NA	NA	NA	NA	NA	NA	NA	NA	NA	NA	NA	NA	NA	NA	NA	NA	NA	NA	NA	NA	NA	NA	NA	NA	NA	NA
NA	NA	NA	NA	1.28024508508556	0.627667034957445	1.07957437344186	0.549804998842625	1.22748847112189	1.42427698411869	0.979374721984478	0.645624860594364	0.47025633576883	NA	1.3876315764717	NA	NA	1.26223017028267	NA	1.67566508995382	NA	1.12284705252792	0.985011160138848	0.831585748285222	0.680157276267581	1.08324826352286	NA	0.644629348030171	0.686959826498112	0.676934672625731	1.5814712291199	NA	NA	0.826558921077339	0.449247500640142	1.97472545345583	NA	1.56575746199173	NA	NA
NA	NA	NA	NA	NA	NA	NA	NA	NA	NA	NA	NA	NA	NA	NA	NA	NA	NA	NA	NA	NA	NA	NA	NA	NA	NA	NA	NA	NA	NA	NA	NA	NA	NA	NA	NA	NA	NA	NA	NA
NA	NA	NA	NA	0.423596844860547	NA	NA	0.216398205874287	NA	NA	1.26266721683136	1.08979871101255	1.30026288286145	NA	NA	NA	NA	0.666190364859879	NA	NA	1.30284861394732	0.791281174468919	NA	NA	NA	1.04508805598027	NA	NA	NA	0.631575213021004	NA	0.570303260523921	NA	NA	NA	0.86665793193619	NA	0.87035151642348	1.41582656153524	0.551956897661047
NA	NA	NA	NA	NA	NA	NA	NA	NA	NA	NA	NA	NA	NA	NA	NA	NA	NA	NA	NA	NA	NA	NA	NA	NA	NA	NA	NA	NA	NA	NA	NA	NA	NA	NA	NA	NA	NA	NA	NA
NA	NA	NA	NA	NA	2.31593562474828	NA	NA	NA	NA	NA	NA	NA	2.35519640468986	NA	NA	NA	NA	NA	NA	0.878228493575962	NA	1.46128564578475	NA	NA	NA	0.82832329526263	0.931284774105343	NA	NA	NA	1.19198542384062	NA	NA	NA	0.646552788201286	NA	NA	1.16013879465017	0.376147757225598
NA	NA	NA	NA	NA	NA	NA	NA	NA	NA	NA	NA	NA	NA	NA	NA	NA	NA	NA	NA	NA	0.429819908501706	0.394055571911907	0.561429404238922	NA	NA	0.791863461221205	NA	1.42559470657384	NA	NA	0.375344905097236	0.322467156399295	NA	0.318079003180059	NA	NA	0.538089261012928	0.153730919268918	NA
NA	NA	NA	NA	NA	NA	NA	NA	NA	NA	NA	NA	NA	NA	NA	NA	NA	NA	NA	NA	NA	NA	NA	NA	NA	NA	NA	NA	NA	NA	NA	NA	NA	NA	NA	NA	NA	NA	NA	NA
2.55055513336172	NA	1.20032695139694	1.82059278743957	1.03640006540666	0.828978782776884	1.67211442888478	1.20538423046231	NA	1.2070207968423	1.1174369676051	NA	NA	1.55122212691994	NA	NA	0.986240813494674	NA	NA	NA	NA	NA	1.27644589256571	0.781051775203842	NA	NA	NA	0.716290255022672	NA	NA	NA	1.78680628651133	NA	NA	0.616989660010104	0.771954024988594	NA	NA	1.33683749768749	NA
1.42934080487519	NA	NA	NA	NA	0.73010641218361	NA	1.88068507031959	NA	NA	NA	0.978400537294445	NA	NA	NA	NA	NA	NA	NA	NA	NA	NA	0.676141494132547	0.635530072188023	0.712984440873745	NA	NA	1.29131664455972	0.886713364032482	NA	0.929129769281004	1.31847507043264	0.599024984763116	0.522382245586877	NA	0.3585900121047	NA	0.706703381510717	0.732222868987474	0.965829679055229
NA	NA	NA	NA	NA	NA	NA	1.69528152390615	NA	NA	NA	NA	NA	0.97229055973044	NA	NA	1.14977105679628	NA	NA	1.13117199277348	0.970544018878582	0.929014471194623	NA	0.535622837688543	NA	NA	0.290481757442201	0.688274556702212	0.725082077314268	NA	NA	0.601471686039099	0.141164546970463	0.314160736093846	0.571682830039615	NA	NA	0.307444012563748	NA	NA
NA	NA	0.566353824731989	NA	NA	NA	0.994248677159428	0.860606595633792	1.04283165060134	0.894895514763783	NA	NA	0.753093406278158	0.86819520003402	2.16546136968529	NA	0.619835445428489	0.567837666422244	2.56041556837838	2.21065138515069	NA	0.779563309885656	0.773491404290568	NA	1.15824432606446	NA	NA	2.2374342625152	NA	NA	NA	NA	0.327865592252026	0.368744293898567	NA	NA	NA	NA	NA	NA
NA	NA	NA	NA	NA	NA	NA	NA	NA	NA	NA	NA	NA	NA	NA	NA	NA	NA	NA	NA	NA	NA	NA	NA	NA	NA	NA	NA	NA	NA	NA	NA	NA	NA	NA	NA	NA	NA	NA	NA
NA	NA	NA	NA	NA	NA	NA	NA	NA	NA	NA	NA	NA	NA	2.1868497432809	NA	NA	NA	NA	2.15847577548584	NA	2.5421590236559	2.10408058358548	NA	2.34060803220024	2.85192026221686	0.673605466137055	NA	NA	1.17120579410624	NA	0.812051699404797	0.594934755407157	NA	2.06695944557173	NA	NA	1.9953667474206	NA	NA
NA	NA	NA	NA	NA	NA	0.796134908182416	NA	3.14941370644513	1.58031003216224	1.34721913461535	NA	1.27365114827955	2.36217525628111	NA	NA	1.70582612946665	NA	NA	NA	NA	1.49107718474348	NA	NA	NA	2.09201260113164	2.05544513877161	NA	NA	NA	NA	2.2210143308055	1.90291357280754	2.37012380380641	0.0972280618354132	NA	NA	NA	NA	NA
NA	NA	NA	NA	NA	NA	NA	NA	NA	NA	NA	NA	NA	NA	NA	NA	NA	NA	NA	NA	NA	NA	NA	NA	NA	NA	NA	NA	NA	NA	NA	NA	NA	NA	NA	NA	NA	NA	NA	NA
0.898131640015677	NA	1.16513609496658	NA	NA	0.307005254165819	0.620798419238814	0.546325892048001	0.787945840980628	NA	NA	NA	NA	NA	0.753997634185915	0.411293575030257	NA	NA	NA	0.462005762995778	0.635034865853266	0.597342394361649	NA	0.548926281603599	NA	0.443724647581029	NA	NA	NA	NA	NA	0.935631469509445	NA	NA	NA	0.222878102943097	NA	NA	0.469430336142812	NA
1.89676890342109	NA	1.81056307454974	NA	NA	NA	NA	NA	NA	NA	NA	NA	NA	NA	NA	NA	NA	NA	NA	NA	NA	0.371665858228312	0.506412913407548	0.593989754488127	NA	NA	0.314329389518838	NA	NA	NA	NA	NA	NA	NA	NA	NA	NA	0.294929161489046	NA	NA
NA	0.608709879756132	0.667615724623767	NA	NA	NA	0.489695442168963	NA	NA	NA	NA	1.19403339442874	NA	0.793837985800057	NA	NA	1.03848632313473	0.631881424938044	NA	NA	NA	NA	NA	NA	NA	NA	NA	NA	NA	NA	NA	NA	NA	NA	NA	NA	NA	0.952394132370986	NA	NA
NA	NA	NA	NA	NA	NA	NA	NA	NA	NA	NA	NA	NA	NA	NA	NA	NA	NA	NA	NA	NA	NA	NA	NA	NA	NA	NA	NA	NA	NA	NA	NA	NA	NA	NA	NA	NA	NA	NA	NA
NA	NA	NA	NA	NA	NA	NA	NA	NA	NA	NA	NA	NA	NA	NA	NA	NA	NA	NA	NA	NA	NA	NA	NA	NA	NA	NA	NA	NA	NA	NA	NA	NA	NA	NA	NA	NA	NA	NA	NA
NA	NA	NA	NA	NA	NA	NA	NA	NA	NA	NA	NA	NA	NA	NA	NA	NA	NA	NA	NA	NA	NA	NA	NA	NA	NA	NA	NA	NA	NA	NA	NA	NA	NA	NA	NA	NA	NA	NA	NA
NA	NA	1.43453317341094	NA	NA	1.80892965206745	NA	NA	NA	NA	NA	NA	NA	1.55387921004647	1.40389119898951	NA	1.26787002649789	NA	NA	NA	NA	NA	1.90477106800709	NA	1.16829406857658	NA	1.47797764106301	NA	NA	NA	NA	NA	NA	NA	NA	NA	NA	NA	0.183036403139113	0.83385371135971
NA	NA	NA	NA	NA	NA	NA	NA	NA	NA	NA	NA	NA	NA	NA	NA	NA	NA	NA	NA	NA	NA	NA	NA	NA	NA	NA	NA	NA	NA	NA	NA	NA	NA	NA	NA	NA	NA	NA	NA
NA	NA	NA	NA	NA	NA	NA	NA	NA	NA	NA	NA	NA	NA	NA	NA	NA	NA	NA	NA	NA	NA	NA	NA	NA	NA	NA	NA	NA	NA	NA	NA	NA	NA	NA	NA	NA	NA	NA	NA
NA	NA	1.1409615929154	NA	1.00410178388781	NA	0.80304858092015	0.955966141904832	0.515474718609247	0.866492431772716	NA	0.653631853945841	0.652018176274099	0.812997717733079	1.21927991619258	NA	2.13747929957189	1.72077256131103	NA	1.10434723439531	NA	0.588308600706441	NA	NA	NA	NA	NA	NA	0.571095507353005	0.51287786951936	0.609930946748064	0.447490103661171	0.378446096604979	0.171981179080422	0.328997339373217	0.607259616999509	NA	NA	0.461294675129559	0.199899855391738
NA	NA	NA	NA	NA	NA	NA	NA	NA	NA	NA	NA	NA	NA	NA	NA	NA	NA	NA	NA	NA	NA	NA	NA	NA	NA	NA	NA	NA	NA	NA	NA	NA	NA	NA	NA	NA	NA	NA	NA
0.714217751429018	NA	2.23811068945186	NA	NA	1.78473028193818	1.43049170649698	NA	1.19817693148905	0.449149830873364	NA	0.175362841202945	NA	NA	NA	NA	NA	NA	NA	NA	NA	NA	NA	NA	NA	NA	NA	NA	NA	NA	NA	NA	NA	NA	0.826782581178687	NA	NA	NA	0.558698000917436	NA
NA	NA	NA	NA	NA	NA	NA	NA	NA	NA	NA	NA	NA	NA	NA	NA	NA	NA	NA	NA	NA	NA	NA	NA	NA	NA	NA	NA	NA	NA	NA	NA	NA	NA	NA	NA	NA	NA	NA	NA
NA	NA	NA	NA	NA	NA	NA	NA	NA	NA	NA	NA	NA	NA	NA	NA	NA	NA	NA	NA	NA	NA	NA	NA	NA	NA	NA	NA	NA	NA	NA	NA	NA	NA	NA	NA	NA	NA	NA	NA
1.64239204900894	NA	NA	NA	1.28471308295199	1.4641168973371	1.31356795379074	1.61110894854198	NA	NA	1.29296479205286	0.992805174091491	1.05495475157232	1.32129936052689	1.40824701200534	NA	1.08280230539128	0.958821366941758	NA	NA	NA	NA	0.976863136819574	NA	0.501336156695084	1.22589754123509	NA	0.700164414073733	0.871828866980227	NA	NA	0.356628053759436	NA	0.232108249404085	0.25368785121423	0.480809756120225	NA	NA	0.698917370738554	0.669016620750946
1.9676578642238	1.23696581735163	1.30937977958955	1.43858252786605	NA	1.44729816037478	1.99100729632189	2.07011762806076	2.04555868054653	NA	2.17762370695163	NA	0.879155277569634	NA	0.932068593745456	NA	NA	NA	0.797120494783463	NA	1.07861269786764	1.18324629611375	0.952579214599207	1.06978141371468	1.25951732044961	2.6518832312727	NA	2.39300231375139	1.59681977267624	NA	2.41281511397031	1.93880905479326	0.492065538711426	NA	1.80652962152573	NA	NA	1.51691025835435	1.79027820144854	1.12228997096878
NA	2.12830479804945	1.48225033970526	1.78086651042737	NA	1.45458069399956	1.31122575160363	0.935399539029552	NA	NA	0.507115817482623	NA	0.900049922092575	0.789021271454494	NA	NA	NA	NA	0.678151657783896	NA	NA	NA	NA	0.593558315800441	NA	NA	NA	0.423011593284151	NA	NA	0.386720847418612	NA	NA	NA	NA	0.457942145190347	NA	NA	0.857266806497372	0.817678915257045
NA	1.7250297633656	NA	NA	1.39111840471666	NA	1.26219361222739	NA	NA	NA	NA	NA	NA	1.05945268877691	1.02179528247904	NA	NA	NA	NA	NA	NA	0.497120929344599	NA	NA	NA	NA	1.2818275320983	0.417323625634574	1.43149022898355	1.0923298579777	NA	1.25593161904751	NA	NA	NA	NA	NA	NA	1.0617264831023	NA
NA	NA	NA	NA	NA	NA	NA	NA	NA	NA	NA	NA	NA	NA	NA	NA	NA	NA	NA	NA	NA	NA	NA	NA	NA	NA	NA	NA	NA	NA	NA	NA	NA	NA	NA	NA	NA	NA	NA	NA
NA	NA	NA	NA	NA	NA	NA	NA	NA	NA	NA	NA	NA	NA	NA	NA	NA	NA	NA	NA	NA	NA	NA	NA	NA	NA	NA	NA	NA	NA	NA	NA	NA	NA	NA	NA	NA	NA	NA	NA
NA	NA	1.03977544153741	NA	NA	0.482420139377064	0.709479011638141	1.25125052753549	1.11043325885158	NA	NA	1.23488099718143	1.35719547682643	NA	1.2690239361348	NA	NA	NA	1.06443063458905	0.803144264058899	1.04411345334105	0.788817781614432	0.544742397269571	NA	0.576635412170356	NA	NA	0.523487112624568	0.838332493384362	NA	1.6358364692063	0.412386497799828	0.0924218984938155	NA	0.816260030340864	NA	NA	0.706743087209336	0.451499951484888	NA
NA	1.84478859831546	1.52838484392163	NA	NA	NA	NA	NA	NA	NA	0.740748287153331	NA	NA	NA	NA	NA	NA	NA	NA	1.1364617402322	NA	NA	NA	NA	0.749839084002406	NA	NA	NA	1.4026288110832	NA	NA	1.24599560081074	1.38977952853495	0.410624547644351	NA	0.292878070370409	NA	NA	NA	0.0963704928530241
NA	NA	NA	NA	NA	NA	NA	NA	NA	NA	NA	NA	NA	NA	NA	NA	NA	NA	NA	NA	NA	NA	NA	NA	NA	NA	NA	NA	NA	NA	NA	NA	NA	NA	NA	NA	NA	NA	NA	NA
NA	NA	1.77293659156039	NA	0.955493343785184	0.784727067807756	1.01548527420558	1.75698974677987	0.460596412419855	NA	1.83826514505509	1.03484817643298	0.876072050046528	1.06691973363767	0.994311626588615	1.75186483043738	1.80074364132313	NA	NA	1.8270893449821	NA	1.03378246487438	NA	NA	NA	NA	NA	NA	NA	1.2313785044542	1.12621387147674	1.38506121757999	NA	0.840643401618298	0.691837350717176	1.89738387141735	NA	0.908282216226967	0.597708042375407	0.468116824237817
NA	0.778705638929869	1.55185380827116	0.679100024659711	NA	NA	1.56716403042487	1.40321117387696	NA	1.62055753841657	NA	0.628550612432233	NA	1.10976518175886	1.21226095794492	NA	NA	NA	NA	NA	0.621225222749785	0.843527686905044	NA	NA	0.967893396818906	NA	1.63247268061356	NA	1.02565783799737	0.532348839965673	NA	0.881287812285617	0.808766101388174	NA	NA	0.493098895185115	NA	NA	1.26077499823181	0.915982372249573
2.05418658579359	1.97784038956563	NA	2.4770161225855	2.54587972753045	NA	NA	2.16646846160595	1.70216036948795	1.48677332693187	1.23555409019809	2.5445652609223	1.76249210723694	1.44143898420218	1.51715985243906	NA	1.57856175837379	1.09872956893786	1.06172837624912	1.5662658505311	1.53985823251599	NA	1.66758229696871	1.45754596381591	1.48879569567771	NA	1.55514126260756	NA	0.985923450016673	0.500837300412217	0.86064061883709	0.42299969420381	NA	NA	0.572811505242918	1.22470052960465	NA	0.125473656700219	0.442923374714354	0.154727755298688
NA	NA	NA	NA	NA	NA	NA	NA	NA	NA	NA	NA	NA	NA	NA	NA	NA	NA	NA	NA	NA	NA	NA	NA	NA	NA	NA	NA	NA	NA	NA	NA	NA	NA	NA	NA	NA	NA	NA	NA
NA	NA	NA	NA	NA	NA	NA	NA	NA	NA	NA	NA	NA	NA	NA	NA	NA	NA	NA	NA	NA	NA	NA	NA	NA	NA	NA	NA	NA	NA	NA	NA	NA	NA	NA	NA	NA	NA	NA	NA
NA	NA	NA	NA	NA	NA	NA	NA	NA	NA	NA	NA	NA	NA	NA	NA	NA	NA	NA	NA	NA	NA	NA	NA	NA	NA	NA	NA	NA	NA	NA	NA	NA	NA	NA	NA	NA	NA	NA	NA
NA	NA	NA	NA	NA	NA	NA	NA	NA	NA	NA	NA	NA	NA	NA	NA	NA	NA	NA	NA	NA	NA	NA	NA	NA	NA	NA	NA	NA	NA	NA	NA	NA	NA	NA	NA	NA	NA	NA	NA
1.63813781973813	1.39628769556548	1.66037210362086	1.53238355413558	0.799246375956754	0.646448649920923	1.44332377754721	1.55076490171656	1.47895389541811	0.651893593972788	1.63021283522258	1.17400656003623	0.477509327336953	0.804797504984859	0.600804465020343	NA	0.928974721238198	NA	NA	0.685784316413116	NA	0.55860868952656	0.273080868733179	0.812442271999413	0.539607266725737	NA	NA	NA	NA	NA	1.08104065853918	1.00387689966794	1.38080693300166	NA	1.51794838474593	NA	NA	NA	2.15039864913742	NA
0.230813893019414	0.649630639468448	0.359912562980313	NA	NA	0.883989963970623	0.728587521209104	0.780344674438453	0.687076755069035	0.897810958665924	1.16805633327451	0.644843332872819	0.752923947919028	0.447896456852744	0.705481274659602	NA	1.04710894533365	0.760789089977217	0.654213409805935	0.332908887834688	0.37240129100576	0.2777482627808	0.627978388014702	0.653317331853639	NA	0.969129990097895	NA	NA	NA	0.306730637071609	0.57389818802031	NA	0.645375241446907	0.367685448662556	NA	0.563760575770934	NA	0.284986932041124	0.644818159467292	0.27966492993212
NA	NA	NA	NA	NA	NA	NA	NA	NA	NA	NA	NA	NA	NA	NA	NA	NA	NA	NA	NA	NA	NA	NA	NA	NA	NA	NA	NA	NA	NA	NA	NA	NA	NA	NA	NA	NA	NA	NA	NA
NA	NA	NA	NA	NA	NA	NA	NA	NA	NA	NA	NA	NA	NA	NA	NA	NA	NA	NA	NA	NA	NA	NA	NA	NA	NA	NA	NA	NA	NA	NA	NA	NA	NA	NA	NA	NA	NA	NA	NA
0.548474736901998	0.766187182530542	1.01639215920625	0.977048557553724	NA	0.850099699742939	0.935273393894904	0.756564044637037	0.777517649520619	1.21176648639091	0.869675054743595	1.1543235587165	NA	1.43097392584492	0.932546893197156	NA	1.16357866014567	0.809213040472886	0.947487450783189	0.370412820270494	0.704096977708209	0.383703166182564	0.441998520010109	0.935101675011979	0.467797908120455	0.605805404215784	NA	0.75567384153189	0.457529808613906	0.613333038424195	0.264155338047381	0.0999737949158284	0.424408608140856	0.237834110343814	NA	0.34117146484937	NA	0.191982912210572	NA	0.126207519335054
NA	1.57408020444826	1.40975407308717	NA	1.61148395772833	NA	1.74243526868766	NA	2.22088188979226	NA	NA	NA	2.36780623319214	2.18108176129642	1.9923351946415	NA	1.63272421060939	1.92668535350566	NA	NA	NA	1.31817005649148	1.46900481613546	1.38761534997373	NA	NA	NA	NA	1.01070604963786	0.570576324612498	NA	0.76370296616539	NA	0.509381442685605	NA	0.681985514390595	NA	NA	0.409630216317285	0.915578251977562
NA	NA	NA	NA	NA	NA	NA	NA	NA	NA	1.05097136624487	0.759214781595829	NA	0.574628693244074	0.587490532177809	NA	NA	NA	0.137482644309022	NA	NA	NA	NA	NA	NA	0.895013873450322	NA	0.419397824723721	NA	NA	NA	0.239971877517374	0.412632367521416	NA	1.18654584661176	NA	NA	NA	NA	NA
NA	NA	NA	NA	NA	NA	NA	NA	NA	NA	NA	NA	NA	NA	NA	NA	NA	NA	NA	NA	NA	NA	NA	NA	NA	NA	NA	NA	NA	NA	NA	NA	NA	NA	NA	NA	NA	NA	NA	NA
0.888563767672308	1.2053542003991	NA	NA	1.52016453051237	NA	NA	1.321557291517	1.46770670861419	NA	1.5910789438087	1.45387102605877	1.41612932036705	1.35717664611551	1.16293813039468	NA	1.54246301108854	NA	1.10077737673146	NA	1.95144071156583	0.759858953721233	0.713599535863409	0.808035451776178	0.78461972284862	NA	0.603228345613984	0.497522586123412	NA	NA	0.912732328790294	0.782872954583958	0.278520049016253	0.416021782392975	0.373315940380982	0.263049399734741	NA	0.443597857947043	0.323425309774865	0.29252960354262
NA	NA	NA	NA	NA	NA	NA	NA	NA	NA	NA	NA	NA	NA	NA	NA	NA	NA	NA	NA	NA	NA	NA	NA	NA	NA	NA	NA	NA	NA	NA	NA	NA	NA	NA	NA	NA	NA	NA	NA
NA	NA	1.18390015582941	NA	0.318477479820438	0.811662322774315	NA	0.863300142094914	1.0899498215514	0.53224120300537	NA	0.845195847139126	1.00659154293128	2.06767254916578	NA	0.825081152900588	0.622343933035812	2.11749259658664	0.49728173244953	0.344428721971672	1.64883336490643	0.762095729520345	0.944988999428386	0.762148678634152	1.27821009993851	NA	1.44538823908893	1.68754048241664	NA	1.29964278908409	NA	1.22417937113318	1.52068495002277	1.48222378058442	1.25582621736208	NA	NA	1.46678976780547	1.14088244385598	1.32433302931496
1.56632901765785	1.77120419807362	NA	1.59700582707776	NA	1.50604121587593	1.4525487573267	NA	0.355145874418798	NA	0.577041385357438	0.842887992761762	NA	0.942465318355269	NA	NA	NA	NA	NA	0.30187454399114	NA	0.407533740133923	NA	NA	NA	0.418788128101499	NA	0.673103464041381	1.07792640121672	NA	NA	0.583384644088888	0.5848315116181	0.582592741689476	0.0826530640539899	0.554602123644969	NA	0.275743763378939	NA	0.540344593549402
NA	NA	NA	NA	NA	NA	NA	NA	NA	NA	NA	NA	NA	NA	NA	NA	NA	NA	NA	NA	NA	NA	NA	NA	NA	NA	NA	NA	NA	NA	NA	NA	NA	NA	NA	NA	NA	NA	NA	NA
NA	NA	NA	NA	NA	NA	NA	NA	NA	NA	NA	NA	NA	NA	NA	NA	NA	NA	NA	NA	NA	NA	NA	NA	NA	NA	NA	NA	NA	NA	NA	NA	NA	NA	NA	NA	NA	NA	NA	NA
NA	0.431057026623468	NA	NA	NA	NA	NA	0.797024821513404	1.77493297766848	NA	NA	NA	NA	NA	NA	NA	NA	NA	NA	NA	1.91099416619261	0.94521698767819	0.489203160084354	NA	NA	1.08824764076739	NA	1.15526478820371	NA	NA	1.64173869848319	0.85278033209331	0.570737729477469	NA	0.469904371092049	NA	NA	NA	0.360855574706675	0.563255232746505
NA	NA	NA	NA	NA	NA	NA	NA	NA	NA	NA	NA	NA	NA	NA	NA	NA	NA	NA	NA	NA	NA	NA	NA	NA	NA	NA	NA	NA	NA	NA	NA	NA	NA	NA	NA	NA	NA	NA	NA
NA	NA	NA	NA	NA	NA	NA	0.690867055585007	0.921111897088363	0.780258209787633	NA	1.32154691653047	1.16462023471318	0.660005006928866	0.718711772331135	NA	0.503343697111118	0.52492504085457	NA	1.57436271916935	NA	NA	NA	NA	NA	0.415475206552726	0.801787394705689	0.676599734203446	1.94104585944838	NA	0.920192122373687	NA	NA	0.736624592347563	NA	NA	NA	NA	1.03363543908927	1.49825818797223
NA	1.76221481272906	NA	2.29779356490203	1.64772000338679	2.16091766637315	1.91004682073398	NA	0.507626205766945	NA	2.28290096706768	0.808334812319092	2.39193249446173	0.403631848192277	1.66447776018023	NA	0.280028394340344	0.250623774086406	0.54907834903281	1.5132151212588	1.52732138381152	NA	1.02729499692052	1.12721223644376	1.14311671754163	1.81986489321516	NA	NA	2.0909464980626	2.11992577448365	2.03180578115879	NA	NA	NA	2.42902687924419	1.74453542184847	NA	2.01212736198575	1.75749463170736	1.37194204696938
2.22205448320581	1.92567307643812	1.64556748511799	1.68434845695619	NA	1.30184947283099	0.929086716756506	1.48239041293265	2.07440747951778	1.08345369856539	1.15682766777832	1.74298560065355	1.97872111534374	NA	1.22272894903508	NA	NA	NA	1.84477401477248	1.85135670265907	0.60426230167517	1.20180980690161	0.744508915403634	2.69681813808312	0.873744672881994	1.22065305207276	1.48862747411586	1.01791337974783	NA	2.3922712786552	2.33541114455422	2.20379980860487	NA	NA	NA	1.86135073877074	NA	NA	2.28481381060342	NA
1.04014082115385	0.926196518258415	1.3494898983461	1.14527925016351	2.01998171860654	NA	0.695020928388782	1.1554456770612	1.07537305955115	NA	0.568463485446063	NA	NA	0.961743988506778	1.0642856168207	NA	1.14748658121477	NA	0.90641041240438	NA	NA	1.07526727214614	1.36358291810347	NA	NA	NA	1.17228046335505	1.11476666340208	1.20341590785442	0.784001018601889	0.793397145143188	1.88398919198507	1.40994440760159	0.824856096897927	0.302838870015607	NA	NA	1.06133863037468	NA	0.941920021480133
NA	NA	1.53540465563295	NA	NA	NA	NA	NA	NA	0.457471526369135	0.182551323295132	NA	NA	NA	NA	NA	NA	NA	NA	NA	NA	0.889802847588564	NA	0.615373564210558	0.519533542412986	0.574283693573928	0.517651907813316	NA	NA	NA	0.656788228887098	0.384783666381634	0.334717720825443	NA	0.391258813528278	NA	NA	0.497928877550626	NA	NA
NA	NA	NA	NA	NA	NA	NA	NA	NA	NA	NA	NA	NA	NA	NA	NA	NA	NA	NA	NA	NA	NA	NA	NA	NA	NA	NA	NA	NA	NA	NA	NA	NA	NA	NA	NA	NA	NA	NA	NA
NA	1.31391083380743	NA	0.903103773323546	1.15338672013702	1.63382884923544	1.92901735186098	1.48647661041151	1.73740645067935	1.53096889336982	2.04727615217231	2.25704452532796	NA	2.43747079831829	2.43651095059725	1.62244986114199	1.97179348593024	NA	NA	1.75699144867479	NA	1.02598609253358	0.980144585657001	1.26201472411688	0.99402040498201	NA	NA	0.818979711708418	NA	0.614382011812523	NA	0.360430423189762	0.7837465040666	NA	NA	0.526422550169558	NA	0.578743729456508	1.07214711099854	0.83024617343043
NA	NA	NA	NA	NA	0.426504401181225	0.350189467051142	0.664503908839415	NA	0.590756756883847	1.17802280765637	0.318633319965251	NA	0.372887763615614	0.63057938704094	NA	NA	1.69409733708835	0.28377488381582	1.55001785244148	0.305290275465222	0.550555145845565	2.73742119359998	NA	2.49440657742129	NA	NA	1.0132893777503	NA	NA	2.72025326324717	2.33223848943954	2.08904994956186	NA	NA	NA	NA	2.70196891750517	NA	NA
0.519167403916053	0.461316169046156	0.521027142968355	NA	NA	0.587769833728068	0.567794820551451	NA	0.176825453800151	NA	0.569575756100271	0.661487808822501	0.5092875603855	0.495480328781108	NA	NA	NA	NA	NA	0.29284816156809	0.634879380676123	NA	0.3674797885251	0.763774781430038	NA	0.526287014933864	NA	1.29087753389517	NA	1.06444409013038	NA	0.922269668351098	NA	0.741969079706459	0.929232080035159	1.17730858863917	NA	0.85205224591175	1.83496397422001	1.29689984287434
NA	0.638472256354515	1.51436606201213	1.72608947755252	NA	NA	NA	1.48725784363809	1.59402969350265	NA	NA	1.035278903105	1.07345671385418	1.1819642355737	1.18019804597362	NA	1.83539958624097	NA	NA	1.51755213869184	NA	0.408920481204636	0.270125295070821	1.90155068331003	0.428330670557928	0.697106138622409	1.9284169339816	1.06502795081582	0.303159553774201	1.93335088497289	NA	1.95640469151468	NA	NA	NA	NA	NA	NA	0.162418722127789	0.188370721269128
NA	NA	1.84814824773407	NA	NA	2.0277937589268	1.84075986393542	1.7942474363377	NA	NA	1.40983832773107	1.48292782370687	1.4088554182366	1.66288814262035	1.18031472314253	NA	NA	1.37088378114261	1.46633607766954	NA	1.57311901061182	1.17017827354774	NA	0.330164610088784	0.299257860704256	0.526918972106003	NA	NA	0.991673937858644	NA	0.806066984605753	0.777121180559636	NA	0.45212036842521	0.266375304609472	0.590015231308349	NA	0.74222059800101	NA	1.65242621020286
2.04222724274801	NA	1.59410233652053	1.66654524988955	1.55083565442776	1.75841892553537	2.1728905742553	NA	NA	NA	NA	NA	NA	1.76339385073563	NA	NA	0.899142467692999	1.16079963027215	1.42569072245555	1.70814926067038	0.534271601198823	1.48304755095835	1.24718869314154	2.36609499076924	2.15274334151337	NA	NA	NA	NA	1.41147523911139	NA	NA	NA	NA	NA	NA	NA	NA	1.45613421595823	NA
NA	0.455166563662328	NA	1.86882564482906	NA	1.08966358806132	0.861700104335158	NA	NA	0.678612093788643	1.63167531617622	NA	NA	0.924199695232302	NA	NA	NA	1.21515596892973	NA	NA	NA	NA	0.900962768685918	NA	1.23517042051694	NA	NA	NA	NA	0.478830507550527	1.17151645252378	0.93475423630897	NA	NA	0.612417329944221	0.439401982289153	NA	0.518960371023024	0.774658863313351	NA
NA	NA	NA	NA	NA	NA	NA	NA	NA	NA	NA	NA	NA	NA	NA	NA	NA	NA	NA	NA	NA	NA	NA	NA	NA	NA	NA	NA	NA	NA	NA	NA	NA	NA	NA	NA	NA	NA	NA	NA
NA	NA	0.690504048081237	NA	1.08750211751555	NA	1.76764569696212	1.17750399004916	NA	0.816074932755133	1.0870534852548	NA	0.620119458377803	NA	NA	NA	NA	NA	NA	0.823832651547182	1.04229697786002	0.92762475452225	NA	NA	0.243934025192894	NA	0.385682598573738	NA	0.125260758495942	0.279510138576914	0.430596747716556	0.646567664562032	0.201128962065936	0.65565546469231	0.996336240512945	0.822456664416514	NA	NA	0.396884064112827	NA
NA	NA	NA	NA	1.04015956389291	NA	NA	NA	NA	NA	1.68974538496677	1.59349362710793	NA	NA	NA	NA	NA	NA	NA	1.25793015151751	NA	NA	NA	NA	NA	NA	1.72074910517394	NA	1.7791587543368	1.49667590094532	1.73524664313127	1.08640307649776	1.61924107858957	1.36643178815464	NA	NA	NA	NA	0.396505511686206	NA
NA	NA	NA	NA	NA	NA	NA	NA	NA	NA	NA	NA	NA	NA	NA	NA	NA	NA	NA	NA	NA	NA	NA	NA	NA	NA	NA	NA	NA	NA	NA	NA	NA	NA	NA	NA	NA	NA	NA	NA
1.12817254537976	0.852849664499355	0.699253281751232	NA	0.956231262224175	NA	1.48744309788297	1.22240103794489	1.84027862422908	1.72403928225689	NA	NA	1.62597567461539	NA	1.62548414449171	NA	NA	1.49560312381081	NA	1.19427750453301	NA	1.48420912574406	1.78158600510587	1.16274983502639	NA	NA	NA	1.19518851307687	NA	0.896790898764577	NA	0.513895728745404	0.393880407477442	NA	NA	0.498634678198568	NA	0.797575590123745	0.0315892903916058	NA
NA	NA	NA	NA	NA	NA	NA	NA	NA	NA	NA	NA	NA	NA	NA	NA	NA	NA	NA	NA	NA	NA	NA	NA	NA	NA	NA	NA	NA	NA	NA	NA	NA	NA	NA	NA	NA	NA	NA	NA
NA	NA	NA	NA	NA	NA	NA	NA	NA	NA	NA	NA	NA	NA	NA	NA	NA	NA	NA	NA	NA	NA	NA	NA	NA	NA	NA	NA	NA	NA	NA	NA	NA	NA	NA	NA	NA	NA	NA	NA
0.548818557662033	NA	0.585199684434429	NA	NA	0.997081492473584	0.909927398906599	1.72280705223816	1.0932896491221	NA	1.19521808409892	NA	1.99361450080853	NA	1.79357966892512	0.905136760850846	1.17791657640316	1.18134354586346	NA	0.616475673377699	NA	NA	NA	NA	1.92506227520583	2.03357938240123	0.510835842161519	0.409914751584361	0.529480038309691	2.0622558956432	NA	0.566349778700478	1.90038658056446	0.639094483284311	NA	0.295576276015619	NA	NA	NA	2.33602522217659
NA	NA	1.68201764347432	1.50110871740024	NA	NA	1.80751098433407	1.35378513197922	1.16787059235798	2.4817667598302	1.00704543039808	NA	NA	1.03222823901265	1.46947816558865	NA	1.27759140090202	1.36534252434069	NA	NA	1.10158938230366	NA	1.16565654625548	NA	NA	1.01456535383841	NA	0.682480230980969	0.849419091394129	0.461640151555847	0.767359919648894	NA	0.46368884117358	0.54915313084613	NA	0.559220223246084	NA	NA	0.272097025023442	0.602774657043493
NA	1.8618816350777	0.293157328201401	NA	0.283817151526817	0.812068916488265	NA	0.553687828680603	NA	0.357754874834545	0.558832097455917	1.10592975453096	1.26926607903938	1.06100867636766	0.64969388731215	NA	0.478332312152236	0.617230373476354	0.537914005535275	0.375783311225375	0.322471529487293	NA	0.527944880892634	NA	NA	NA	NA	0.988365944451525	0.95689220332706	0.857935625163426	0.372718233610263	0.768519931969335	NA	0.616155130616832	0.894202164355881	0.667965125071942	NA	0.587475503642632	0.323047045277575	NA
NA	NA	NA	NA	NA	NA	NA	NA	NA	NA	NA	NA	NA	NA	NA	NA	NA	NA	NA	NA	NA	NA	NA	NA	NA	NA	NA	NA	NA	NA	NA	NA	NA	NA	NA	NA	NA	NA	NA	NA
NA	NA	0.964982342164233	NA	1.24000170954752	NA	0.821386304265865	0.715039033893066	0.697095805939403	0.815515002596986	NA	0.845386575477219	NA	0.695401485147375	0.26331082241312	NA	0.826554547328859	0.981198369786789	NA	NA	0.557771171224488	0.822008119988717	NA	0.452911578401325	0.632766204959738	NA	0.948529319495401	NA	NA	0.68005071195977	0.149332499152324	0.2824018659061	NA	0.306451688468414	0.511162053252599	NA	NA	0.343294972410939	0.277454403854648	0.606879551192764
NA	NA	NA	NA	NA	NA	NA	NA	NA	NA	NA	NA	NA	NA	NA	NA	NA	NA	NA	NA	NA	NA	NA	NA	NA	NA	NA	NA	NA	NA	NA	NA	NA	NA	NA	NA	NA	NA	NA	NA
NA	NA	NA	1.69944372637853	NA	NA	NA	NA	NA	NA	NA	NA	NA	NA	NA	NA	NA	1.67228989670981	NA	NA	NA	1.93379874276222	1.45339831430672	1.71209336405982	NA	1.52607437836629	NA	1.51843438612815	1.43088203219602	NA	NA	NA	0.543255115954949	0.414683312348323	2.04791079666966	0.668639346135946	NA	0.214456594448197	0.389264749996948	0.287785892968447
NA	NA	NA	NA	NA	NA	NA	NA	1.01646115829025	NA	NA	NA	NA	NA	NA	NA	NA	1.02572267530355	NA	NA	1.53327416946339	NA	1.50361211871327	1.33819769044572	NA	NA	1.0720627637278	0.820004584164502	NA	NA	NA	0.898613705296372	NA	NA	1.70836874215257	1.33201984643199	NA	0.549844361339275	1.25016453428834	NA
NA	NA	0.268138761321293	0.948105152852239	NA	1.22627509083926	1.55784428134895	1.37312438471629	1.49493597875183	NA	NA	1.34560169157865	NA	1.63285820077042	1.35550992335297	NA	1.67576888381359	NA	1.29713320703865	1.18577726180255	1.44579890668233	NA	2.81973209261606	1.53591028145958	1.39444148489355	NA	0.673573105478101	1.55163130184664	1.70126843924721	1.49788963571431	1.20936228803388	1.01397422912299	0.972494307893022	1.23276512820413	0.895256148863919	0.279076752059773	NA	1.0329581124947	1.22317319478803	0.560418576330375
1.53002304304183	NA	NA	NA	NA	1.22006069010359	NA	0.661157940958704	NA	0.520174766946399	0.362580585729451	0.506807377582879	NA	NA	0.259394832470626	NA	0.447245826896403	2.36426400780015	0.259601048482122	0.204228983373321	2.79337439646494	1.54129769653611	2.62475980315479	0.991657487978146	1.75200801206804	NA	0.220637849117718	1.7938208684096	0.312623673466119	NA	0.269935285729271	0.487120471185117	0.713621719794753	0.447591990944529	0.492762384850564	0.372592708839934	NA	0.30403511750642	1.1880634835996	0.23477800454432
NA	NA	NA	NA	NA	NA	NA	NA	NA	NA	NA	NA	NA	NA	NA	NA	NA	NA	NA	NA	NA	NA	NA	NA	NA	NA	NA	NA	NA	NA	NA	NA	NA	NA	NA	NA	NA	NA	NA	NA
1.3148220989813	1.64903441448092	1.92795873765262	1.91697818775036	1.50330435648207	0.569459469425023	0.335853628494989	0.705017209309954	0.666434263024835	0.852788614928636	0.995603174632812	NA	0.251729688487693	0.702356498313962	0.926918995462263	0.509141889769829	0.742969063919633	NA	NA	0.413650492289376	NA	NA	1.63896258552953	0.701729487530457	0.505107383285407	NA	NA	NA	NA	NA	1.91261017855064	NA	NA	0.772059397708258	1.66234686130415	1.65112524881552	NA	0.792139718507734	0.978296937354423	0.29430877721421
0.701047611822811	NA	NA	NA	0.722186996444825	NA	0.307263365628235	0.518520855671857	NA	NA	1.44672303759758	0.797078273304115	NA	1.17715786489354	1.32417064615257	NA	0.979314007679426	NA	NA	0.907429323196799	1.30769864539458	1.20696934247229	1.24729399697727	1.02377518817115	0.897583131617062	0.896146180797303	0.959044082051858	1.13493905218059	0.816441117730444	0.910605654867262	NA	NA	1.12955173281856	0.675857363166917	NA	NA	NA	0.144888691367805	0.806722822008406	0.539084325632239
NA	1.14421770402253	1.34447017761636	1.27208475528161	NA	NA	0.968288685259566	0.785602371016304	NA	1.00825972047531	0.836622584682518	0.553779260879935	NA	NA	0.863288323499305	0.909934896387215	NA	0.77186826449415	NA	0.968575469353072	0.663421120197929	NA	0.611924051992783	0.47743492294216	0.723970511173553	NA	0.351263140827298	0.66357535002089	0.485112969056684	NA	0.629459434982434	NA	NA	0.332763175218839	NA	NA	NA	NA	0.611656218978081	NA
1.78317036346785	1.19188945879417	1.41071613786085	NA	1.79622759497224	0.985564783024436	1.00432639055161	1.07941332297733	1.6137333157089	1.91287023069752	NA	1.17696795517389	NA	NA	NA	NA	0.547334581534382	0.919790263940458	0.949227735058441	0.731827309185945	0.96686576318782	1.14127141533769	0.454093310771934	0.768836997798184	0.588319764482776	0.693209204366063	0.648929661848098	0.480168912060602	0.754809773792375	0.703309905440849	0.949775981032861	0.667116170094536	0.605747518427186	0.448152568782401	0.558096139964591	0.458089222775572	NA	1.06689184656011	1.40923851160921	0.605552640280573
NA	NA	NA	NA	NA	NA	NA	NA	NA	1.46629912375822	NA	1.69751835945459	1.69707432789744	NA	1.54241425872906	1.52924514922799	1.43254257860848	1.26969288951755	NA	NA	NA	0.504178827601697	1.87454434618664	0.389960811709532	0.729936310129265	NA	NA	1.0450957536534	1.00910363343134	0.655536857869666	NA	0.173069199761553	0.365699972942726	0.109336453185585	0.290898965769345	NA	NA	0.187994302817096	0.547959910481085	0.481506364119052
1.27651720016877	NA	1.2368835202524	NA	0.867424733257783	0.606453401253512	0.896793977484184	0.603179940885901	0.341993990324921	NA	0.138610665938246	NA	0.76075356692996	NA	0.830440280725277	0.673365069790847	0.318835646651371	0.525016121118095	NA	0.512410052429384	NA	NA	NA	0.357695605579151	0.389205354967777	2.03008750126332	NA	0.616807998265855	NA	1.05109660478396	NA	0.712353581167957	NA	0.56950286075324	NA	0.617488175529513	NA	1.10060366277301	NA	0.277064132490981
NA	NA	1.84085996912774	1.69118768646191	1.79642061592083	1.4970625921385	1.1261901348057	1.1356148412253	1.11684433403495	NA	1.25275910555256	1.25881136227858	1.30030977423789	NA	1.33986817159091	1.37800285379373	1.5615407493596	1.47694389771986	1.10745498612985	1.2216666847395	0.997287010810781	0.733010367167985	0.808796778904328	0.748766522495058	0.58138383321973	1.54131968699608	NA	0.552659520280729	0.633272477887104	0.741897392824437	0.922204764781925	0.726688130394697	0.422638539759425	0.523615358642596	0.671782159143755	0.20019075150263	NA	0.227426074759636	0.62537509096858	NA
1.27756332162861	1.20388394758955	NA	NA	1.27091571147747	1.42639668493743	NA	1.24930296515437	1.36997466235997	1.06336453915582	NA	1.2384096790657	1.09528245136424	NA	1.18813925524844	NA	1.21568744060267	1.35809581205819	NA	NA	0.426955125523223	0.528565147574809	NA	0.884142453209765	1.09692755089207	NA	NA	0.955395713089115	1.06943854461663	NA	NA	NA	0.570431230602372	0.794975734310794	0.776273493804386	NA	NA	NA	0.507792200687977	0.801459392281729
NA	NA	NA	NA	NA	NA	NA	NA	NA	NA	NA	NA	NA	NA	NA	NA	NA	NA	NA	NA	NA	NA	NA	NA	NA	NA	NA	NA	NA	NA	NA	NA	NA	NA	NA	NA	NA	NA	NA	NA
NA	NA	1.70923110015029	0.888609683917261	NA	NA	1.29639948491812	NA	NA	2.01213908247874	1.84155452633431	1.70077207914992	1.45156579204982	NA	0.695523655043936	NA	0.995406447289437	1.81768027580059	2.0756832731842	NA	NA	NA	1.45046013797671	0.740783201903224	NA	NA	0.248129225958188	0.428867845665391	1.41933695803832	2.69096723128949	NA	1.55521085251163	0.253335935249295	NA	1.15544559917689	NA	NA	1.87946203353597	NA	1.35211317727527
NA	NA	NA	NA	NA	NA	NA	NA	1.27251081438239	1.25452735014371	NA	1.34160635888686	1.09042437654979	NA	NA	1.11053407619005	NA	1.35112550863181	NA	1.07118360523939	1.09942811885917	1.03534140388608	0.878700118362942	NA	0.788119215858455	0.674023471047493	NA	0.247168350114716	0.866063524979308	NA	NA	0.652349807570779	0.533529701839412	NA	NA	NA	NA	0.130397727116978	0.658599388061179	NA
2.90908139592927	NA	NA	NA	NA	NA	NA	NA	2.07135096001606	2.49120467789347	NA	NA	NA	NA	0.929121767576006	NA	NA	NA	NA	1.58264415750193	0.475662194514227	1.59983900723134	1.10774133652923	1.16392523856126	0.983224306340656	1.33249971351292	NA	1.55000420165107	1.82093992428801	1.01753465540157	NA	NA	2.06304579059495	2.31576892411278	NA	NA	NA	1.2185280792634	0.469909743786624	1.51851481941545
NA	NA	NA	NA	NA	NA	NA	NA	NA	NA	NA	0.467838206484562	NA	0.913992478945628	0.94784205945574	NA	NA	0.828797943736619	0.965958242770377	NA	0.863318067295054	0.448933599416166	0.421453134969788	0.696780387722564	NA	0.779934422259292	NA	0.719023593009571	0.274006175788886	0.588888183989032	NA	NA	0.477310688834122	NA	0.383833026698537	NA	NA	0.83436278996442	0.506069190687512	1.38900941035859
NA	NA	NA	NA	NA	2.82471643773843	NA	NA	NA	NA	2.85193837986109	2.81496600887696	NA	2.62064714509936	NA	NA	1.59035095806875	NA	NA	NA	NA	1.21197973543369	0.81044390075719	NA	NA	0.852142541838375	1.84662347830978	NA	NA	1.65255215771945	0.905489671227329	1.35371471516842	0.836454469383612	0.67366893401042	0.378551573589383	NA	NA	0.363446819540788	0.766452322391142	NA
NA	NA	NA	NA	NA	NA	NA	NA	NA	NA	NA	NA	NA	NA	NA	NA	NA	NA	NA	NA	NA	NA	NA	NA	NA	NA	NA	NA	NA	NA	NA	NA	NA	NA	NA	NA	NA	NA	NA	NA
NA	1.59625181324123	NA	NA	1.8383047519027	1.41918112995874	0.476461466632921	0.81978958718642	0.458263944192739	1.60014072866464	NA	0.475380429979461	0.585132742359658	0.728353919840501	0.461869816536518	NA	NA	0.577950098505993	1.76314877861111	NA	NA	NA	0.627781901160951	1.66249192988306	0.985611097829865	0.258814824688949	NA	0.404960203749724	0.187029270553554	NA	0.564658635207338	NA	NA	0.52907749260824	NA	0.430616673285914	NA	NA	NA	0.300018331008416
NA	NA	NA	NA	NA	NA	2.1420685569302	NA	2.0518901382062	1.60606357649212	NA	1.52773401332295	1.36764639559545	1.48976048183993	1.08647672336439	NA	2.46239587757357	NA	1.02268832089551	0.881965411702874	2.28330909906801	2.11511566382631	2.08037438271671	2.18279958667848	1.88612098465561	1.64825790144444	1.75117249553965	1.22559671437513	1.59589649018745	1.69264565480229	NA	0.866410979427631	1.34304925503992	1.53296059783508	1.37958907672286	1.26071792585781	NA	1.41473218611859	1.39921152506589	NA
NA	NA	NA	NA	NA	NA	NA	NA	NA	NA	NA	NA	NA	NA	NA	NA	NA	NA	NA	NA	NA	NA	NA	NA	NA	NA	NA	NA	NA	NA	NA	NA	NA	NA	NA	NA	NA	NA	NA	NA
NA	NA	NA	NA	NA	NA	NA	NA	NA	NA	NA	NA	NA	NA	NA	NA	NA	NA	NA	NA	NA	NA	NA	NA	NA	NA	NA	NA	NA	NA	NA	NA	NA	NA	NA	NA	NA	NA	NA	NA
NA	0.740490757721384	0.640871978188545	NA	NA	0.386017663562862	0.388604080851747	0.409832442495197	NA	0.692215240439937	0.745750928057132	0.739954545423952	NA	NA	0.619940308789956	NA	NA	1.00844112490735	0.463649743898912	0.46467523101072	0.256145336019243	0.330047560196271	0.349215849544661	0.312455585448805	NA	0.353125267252149	NA	NA	0.241165261671092	NA	NA	NA	NA	NA	0.193574672003093	0.456743213930923	NA	0.156985666196455	0.503006523806851	NA
2.79964551634594	NA	2.61776079009928	NA	NA	1.9413937629106	NA	2.44110127131818	NA	NA	1.94551247192647	2.12347863048848	NA	2.22757236262902	NA	NA	2.4229176961173	2.44240034874697	NA	1.78248935220182	NA	1.93753950349917	1.83940376622818	NA	1.45591865588162	1.78444537142334	1.60063560498428	NA	1.60816577887032	1.55547612888582	NA	0.849378365625254	NA	1.1399884195569	0.457618538284849	NA	NA	0.387564699019225	0.374765046728292	0.473147895176217
NA	NA	NA	NA	NA	NA	NA	NA	NA	NA	NA	NA	NA	NA	NA	NA	NA	NA	NA	NA	NA	NA	NA	NA	NA	NA	NA	NA	NA	NA	NA	NA	NA	NA	NA	NA	NA	NA	NA	NA
NA	NA	NA	NA	NA	1.2743061188451	0.953860477845894	NA	NA	NA	1.36731380744552	NA	1.45137353604421	1.3306680262327	1.05561658535592	NA	NA	NA	NA	NA	NA	0.559672982654779	0.71210907620745	NA	NA	1.33426713196585	0.954550801968341	0.955016219121467	0.684815961788423	0.335377497226841	NA	NA	0.265070993259218	NA	NA	0.322425110843025	NA	0.23259740877639	1.01119026706817	0.303696011677877
NA	NA	NA	NA	NA	0.997648361710494	1.0638084453908	NA	0.982050450175648	NA	NA	NA	NA	NA	NA	NA	NA	0.9298666420986	NA	NA	NA	2.24542605313999	NA	NA	NA	0.875252170202266	NA	NA	1.01664348949377	1.03055235095993	NA	NA	0.9667677124591	NA	NA	NA	NA	0.722588015159607	0.526558152951641	NA
NA	NA	NA	NA	NA	NA	NA	0.715988550685442	NA	NA	0.917160734482848	0.366874958526841	NA	0.801691915014083	NA	NA	NA	NA	NA	NA	NA	0.558825492134424	NA	NA	NA	NA	NA	NA	0.871403782793134	NA	0.648528407931204	NA	NA	0.236584095016197	0.16332856947356	NA	NA	NA	0.614779223023262	0.881466206737101
NA	NA	NA	NA	NA	NA	NA	NA	NA	NA	NA	NA	NA	NA	NA	NA	NA	NA	NA	NA	NA	NA	NA	NA	NA	NA	NA	NA	NA	NA	NA	NA	NA	NA	NA	NA	NA	NA	NA	NA
0.778657226040701	0.798232371919396	NA	NA	NA	0.907935265791519	1.32040523092853	1.27956133706396	NA	NA	1.52904821542939	1.6479128137538	NA	1.66466158067431	NA	1.01970566072101	1.54122502366911	NA	0.565427626663478	NA	0.70935323906378	1.44823361831708	NA	0.579216220446717	0.668528961610563	NA	0.407788655830092	0.868392357587489	0.296161949947497	0.616775136619228	NA	0.75057586953044	0.8354413607845	0.643595865669255	NA	NA	NA	0.589601905055151	NA	0.888057112938399
1.95716506439679	1.05257332246454	NA	NA	NA	1.43106519769078	NA	NA	NA	NA	0.976000556639248	NA	NA	NA	NA	NA	2.53327549560714	NA	NA	NA	1.0568666903086	NA	NA	NA	NA	NA	NA	NA	NA	NA	NA	NA	0.367493013492562	0.584065804151006	0.451770254979067	0.168967776425191	NA	0.357980431862945	1.13263326962925	0.61140394433577
NA	NA	NA	NA	1.1880134236122	NA	NA	1.34380302960488	1.29105783245467	NA	1.13742337509796	NA	0.860282436483493	1.05989506870376	NA	NA	NA	1.07020809242179	NA	NA	0.665384959382333	0.67623526213057	1.06641549608931	1.8244866162561	NA	NA	NA	NA	1.07061888884614	NA	NA	NA	0.803517172537745	NA	0.959854508075646	NA	NA	NA	NA	0.777428237163597
NA	NA	NA	NA	NA	NA	NA	NA	1.13717336232947	NA	NA	NA	NA	NA	NA	NA	NA	1.32745961286197	NA	NA	0.35380291394447	NA	NA	NA	NA	NA	NA	NA	NA	NA	1.29830110235015	0.243060463908278	1.01155858490468	NA	1.12113781033515	NA	NA	NA	0.61095317699869	NA
1.51367847865189	NA	1.42062523331523	NA	NA	1.36564470913672	NA	NA	1.98339424683162	1.68296690497806	NA	2.0148581944301	1.27911789174176	NA	NA	2.01237221534365	NA	NA	1.68330474748318	1.79326992469824	1.51230824430571	1.41969063869165	1.32253811608904	1.19231984199459	NA	1.17099350740151	0.931091309412403	1.07711980591131	0.965623738944415	NA	NA	0.849589375973256	0.462773869004482	0.398053574026784	0.408911665560401	1.07042008345266	NA	NA	0.621385825202805	0.521823626679442
NA	1.18782451348711	NA	NA	NA	1.04752512801765	0.870626831163396	1.15971927435203	1.12018386373894	NA	1.18280054696352	1.74277895084525	NA	1.42965501462748	1.61883967607086	NA	1.8793876928945	1.834859250538	NA	1.45832317675382	1.46261541371329	1.36040557297349	0.472765886670207	0.474576680799532	0.371478753722014	NA	NA	NA	0.966536559170303	NA	NA	NA	NA	0.864887227479092	NA	NA	NA	NA	NA	NA
NA	1.35842336296168	1.31708534963609	1.28164546184201	NA	1.18453331721101	1.22622650739905	0.995225771524942	0.554542708369929	0.790715822785805	0.687558191747284	0.447770148261845	0.59197997374821	0.4615855561219	0.492668121567956	NA	NA	NA	0.609533734123217	0.441718001684915	0.601888929529664	0.603912797112147	1.97248557172792	0.879808263993024	0.774424134279015	1.4868118644157	1.15005915801097	1.17909635344171	0.951541528618538	NA	NA	NA	NA	0.356330355426116	0.242161489817894	0.301942394594451	NA	0.569408793534886	0.810532426625619	0.739494292325933
NA	NA	NA	NA	NA	NA	NA	NA	1.03080179026205	NA	NA	1.3436528569945	NA	NA	1.37556651295424	NA	1.08166361101705	NA	NA	NA	NA	NA	NA	0.634182965314357	NA	NA	NA	0.368650524681737	NA	0.63297688542985	NA	NA	0.789179465264467	0.559942753713817	NA	0.528032852758676	NA	NA	NA	NA
NA	NA	NA	NA	NA	1.49056147212596	1.06525727476488	1.25228490117853	1.32102672854849	1.19286067696407	1.10992696177485	NA	0.924104801324819	0.633959917094768	NA	NA	NA	1.43281434353535	NA	1.18739090261675	0.421539103441037	0.436811710648415	0.270165374095952	0.299876573260378	NA	0.50839840113473	NA	NA	0.773742679212318	NA	0.565704878478704	0.349495271990585	0.395038436155921	NA	NA	NA	NA	0.326192636140964	0.411627111412053	NA
NA	NA	NA	NA	NA	NA	NA	NA	NA	NA	NA	NA	NA	NA	NA	NA	NA	NA	NA	NA	NA	NA	NA	NA	NA	NA	NA	NA	NA	NA	NA	NA	NA	NA	NA	NA	NA	NA	NA	NA
NA	NA	NA	NA	NA	NA	NA	NA	NA	NA	NA	NA	NA	NA	NA	NA	NA	NA	NA	NA	NA	NA	NA	NA	NA	NA	NA	NA	NA	NA	NA	NA	NA	NA	NA	NA	NA	NA	NA	NA
0.794234098098498	0.577523168732374	NA	NA	NA	NA	NA	NA	1.16033032626748	1.08725439008818	NA	NA	1.5853236244394	0.412897507398515	NA	NA	1.00696740811434	0.55408865100622	NA	0.441568601084851	0.397744619644628	0.453211415803808	NA	NA	0.411410818528027	NA	0.497792001579158	0.431103133507956	NA	0.676063892757366	NA	NA	0.483143233456155	0.277176529092741	0.981720948149135	NA	NA	NA	0.430728097046321	0.30647878885435
NA	NA	NA	NA	NA	NA	0.32804234081519	NA	NA	NA	NA	NA	NA	NA	0.685259251767049	NA	NA	NA	NA	NA	0.361379117626279	0.485003866468964	NA	NA	NA	NA	NA	NA	1.23412427034297	NA	NA	NA	NA	NA	NA	NA	NA	NA	1.23850576354775	NA
2.47453247000835	1.63470776887895	2.21913022903377	NA	NA	0.956117185106014	0.729769088132695	0.815845912831688	NA	0.502901696201356	0.951419858616403	0.37519811908423	0.804199184622711	0.624893788351786	0.904430661149037	NA	0.921379355625783	NA	NA	NA	0.973562286129379	0.655514838631873	0.67337192850569	2.40365075201247	NA	0.641362930081667	NA	NA	1.95495354979747	NA	2.44323794729581	2.35603453961121	0.478357367830473	0.196777940829128	0.44069511687603	NA	NA	0.510376575106061	NA	0.371817750318175
NA	NA	NA	NA	NA	NA	NA	NA	NA	NA	NA	NA	NA	NA	NA	NA	NA	NA	NA	NA	NA	NA	NA	NA	NA	NA	NA	NA	NA	NA	NA	NA	NA	NA	NA	NA	NA	NA	NA	NA
NA	NA	NA	NA	NA	NA	NA	NA	NA	NA	NA	NA	NA	NA	NA	NA	NA	1.47518451513345	1.39980168933863	NA	NA	NA	NA	NA	NA	NA	1.50077130523208	1.39304036056512	NA	1.06737440311871	NA	1.33831746432344	0.709740682263857	NA	0.903583209191834	0.422010870902029	NA	0.408750087620228	0.474822283150313	0.323152085486415
NA	NA	1.07807216763539	NA	1.10739396212468	1.09660376917609	1.38601500060755	1.22616998178537	1.26916267721494	1.0028976751649	0.725430872259341	0.380440968368863	0.484330292274495	0.983143071650906	1.12138429601869	1.50613764163366	0.949836258190289	0.768836301147274	NA	0.769201211658424	1.92229086359138	0.900525371912264	NA	0.659437231694681	0.506633006715482	NA	1.42076490597651	1.01645059819103	NA	0.68675355625307	NA	1.02757408472877	0.673440001837265	0.52841294386931	NA	NA	NA	0.568163968808264	NA	NA
NA	1.13708950813473	NA	1.04922312543043	1.1260385102598	1.35747488972001	NA	NA	NA	NA	NA	NA	NA	0.944869951812284	NA	NA	NA	NA	0.823940585790143	1.09074469048391	0.756523588750038	NA	NA	NA	NA	NA	0.904869266710576	NA	NA	NA	NA	0.986117143803963	NA	NA	0.47909877824835	NA	NA	0.326860356602077	0.175283096913395	0.416377651245933
0.7222690834942	NA	NA	NA	NA	1.54803114751592	1.66811364731913	1.8871043585506	NA	NA	1.01483652627997	NA	NA	1.37916174341063	1.19868712390652	NA	0.514406678284217	NA	1.52879055029114	NA	1.83313373979115	1.22246541789817	0.524291678766925	NA	NA	NA	0.408689436950689	NA	NA	NA	NA	0.916934061683925	NA	0.535909023787342	NA	NA	NA	0.552196786563004	0.465119985021046	0.64831370034094
NA	NA	NA	NA	NA	NA	0.565140785165766	NA	0.308617789885008	0.663112850528951	0.257506917561028	0.447556490612411	NA	NA	0.443218801741573	NA	NA	NA	NA	0.352604013985306	NA	NA	NA	NA	0.20384166270396	NA	NA	NA	NA	NA	NA	0.559911786003768	NA	NA	0.322357277160403	NA	NA	NA	0.283824033492486	NA
1.90760201451469	1.97026343042527	1.77282146655695	NA	1.30906289392158	0.611253799351905	0.586691120331565	0.340411596908795	0.559745504591957	NA	0.916345038553531	1.26401367585018	0.81264708048094	0.98196964813743	1.37535015198709	0.718565429254876	NA	0.903920548970113	NA	0.772324109568877	NA	NA	0.546192897203195	0.225001766390428	0.839804902682895	0.285188201803477	0.57013263352715	NA	0.363303148742076	0.643665725172391	0.613579806914506	0.739212157162645	NA	0.285279825886775	0.100308348286934	NA	NA	0.580610203265812	0.42575074605073	0.711380349754542
NA	NA	NA	NA	NA	NA	NA	NA	NA	NA	NA	NA	NA	NA	NA	NA	NA	NA	NA	NA	NA	NA	NA	NA	NA	NA	NA	NA	NA	NA	NA	NA	NA	NA	NA	NA	NA	NA	NA	NA
NA	1.83870188639644	NA	NA	1.21809929872546	1.78347588101567	1.66520593989314	NA	1.90749044479514	1.65007993916611	0.79711885774193	NA	1.46776437754508	1.15122438556929	0.992580123900692	1.29060138924062	1.29570301062017	1.58146539879993	1.42654458661331	0.449253765706783	1.65076804788156	1.50506607675188	1.37188208484674	1.38272948265406	0.957567890436969	NA	1.70386808651309	1.7377857519897	NA	2.05618351502162	1.50922937688307	1.54870657195297	1.630057711	NA	NA	1.85848121708233	NA	1.68230933144401	1.87320319550766	0.464728895297827
NA	1.316753792407	1.67326086326908	NA	NA	1.40711550031292	0.976851720551732	NA	NA	0.849990065337854	NA	1.16601927120645	1.29864009988632	1.35683300485202	0.980033275971909	0.969355343030065	0.584929218214514	1.1255704923254	NA	1.33524840839506	NA	NA	NA	NA	NA	1.21264364165533	0.466456113807307	NA	1.12858015497807	0.869948187128785	0.82402415412473	0.793441111349824	1.35343809405196	NA	0.768153310588086	NA	NA	NA	0.806466139064513	NA
1.11501987797061	2.3139504237952	2.63936923778239	NA	NA	NA	2.49334159297029	2.37975143861307	NA	NA	2.3027996587278	NA	1.5571578469317	1.95191537406383	NA	0.41776970455305	1.96352583439613	1.60955618600678	1.78795337146677	NA	NA	1.94439274811808	1.45539527440466	2.05990674848756	NA	NA	1.41229720455514	NA	NA	1.06148157823745	NA	0.533419505254827	2.18021853920113	0.750504999933659	NA	NA	NA	NA	1.18876279463625	0.942289991664728
NA	NA	NA	NA	NA	0.705883287952333	0.508130564065405	0.934664371449097	NA	0.487532951569357	0.645065149844811	1.36951281946237	NA	0.514986506120575	1.01454314047244	NA	0.970736707785252	NA	NA	NA	NA	NA	NA	0.765371811788642	NA	NA	NA	0.939529815408766	0.688018335044224	NA	NA	NA	1.06202345576412	NA	0.350550367726236	0.417882717479529	NA	1.42507939679225	1.44355449537787	0.399700705291347
NA	NA	NA	NA	NA	NA	NA	NA	NA	NA	NA	NA	NA	NA	NA	NA	NA	NA	NA	NA	NA	NA	NA	NA	NA	NA	NA	NA	NA	NA	NA	NA	NA	NA	NA	NA	NA	NA	NA	NA
1.29560337925931	0.745907198871951	NA	NA	NA	0.371785433670086	0.620064771101341	0.935305003587685	NA	NA	NA	NA	0.524111979892308	NA	0.427982256389453	NA	0.915677548693814	0.76301531720829	NA	0.795531806831889	1.20386731920723	NA	0.511369601521257	NA	NA	0.46334345852898	NA	NA	NA	NA	0.628111947097739	NA	0.534237691998954	NA	NA	NA	NA	0.401313897849225	NA	0.523982676611781
1.99256710333104	NA	NA	NA	NA	NA	NA	NA	NA	NA	NA	NA	NA	NA	NA	NA	NA	NA	NA	NA	0.925341234137154	0.994648202149173	NA	1.74919843612467	NA	NA	NA	NA	NA	NA	NA	NA	NA	NA	NA	1.01348210856534	NA	NA	1.21256993696376	NA
NA	NA	NA	NA	NA	NA	1.22127909512173	NA	1.35422394055212	1.48753033563547	0.784042412954803	1.59936549859908	NA	NA	1.94598391415666	NA	NA	0.271257399245461	0.193700456908337	NA	NA	NA	NA	NA	1.92025218496613	NA	1.26073937550803	NA	1.48760807779356	NA	NA	NA	NA	NA	1.64373839207519	NA	NA	NA	NA	NA
NA	NA	NA	NA	NA	NA	NA	NA	NA	NA	NA	NA	NA	NA	NA	NA	NA	NA	NA	NA	NA	NA	NA	NA	NA	NA	NA	NA	NA	NA	NA	NA	NA	NA	NA	NA	NA	NA	NA	NA
0.898490761115612	NA	0.849279068777908	NA	NA	NA	1.10484375947721	1.36131759685424	NA	NA	NA	NA	NA	1.30358963868309	1.38336100036441	NA	NA	NA	NA	NA	0.934358876972117	0.540019602281882	0.886596113525704	0.753946681402651	1.08609488228249	NA	1.5038716981604	0.654734992786933	NA	NA	NA	NA	NA	NA	NA	NA	NA	NA	0.549157061405335	NA
0.927394322833082	0.731690594812311	NA	1.06190920539925	0.695816145247762	0.591494437481404	0.654885374228245	NA	NA	0.843672255810912	1.34757439945422	1.13934638977325	1.38286231790851	1.68767944327475	1.53233878169651	NA	1.39454860832502	1.428538587164	1.05825165333238	0.86385126304873	0.663113644756825	0.885218992148905	1.4482188872987	1.73409888487575	NA	1.76785492399893	1.6085139902939	NA	2.18645875565196	1.57758308416622	NA	1.47843172586423	1.1169918777312	NA	0.537647484025501	0.659297759334091	NA	0.979904574082287	0.902837186754085	1.1476585481156
NA	NA	NA	NA	NA	NA	NA	NA	NA	NA	NA	NA	NA	NA	NA	NA	NA	NA	NA	NA	NA	NA	NA	NA	NA	NA	NA	NA	NA	NA	NA	NA	NA	NA	NA	NA	NA	NA	NA	NA
1.91809944557805	2.19091746265675	2.27719008647269	2.32545685646063	2.31941248722703	2.60322796545693	2.04993391835117	2.31955184916075	0.837713711605676	3.23689778307829	2.11180990855754	NA	2.31796483357575	2.55443800306278	2.03725624578263	NA	NA	1.94772570755013	NA	2.2830640740276	NA	2.50446832620154	2.6113911178674	2.31026518683849	2.18257644762918	2.20291287092602	2.31871037229652	2.1220464549418	2.51318568830503	2.39212896721267	2.25306438995546	2.20285818781076	2.50407883432419	2.77424623206843	2.74388596016962	2.7519888680701	NA	2.38094753008383	0.604746807416661	2.43878403996993
NA	1.91947063085942	NA	NA	NA	NA	NA	NA	NA	NA	NA	1.85622110744339	1.59276872319043	1.58793842439716	NA	1.74473301238107	1.52434116523016	1.66819892450082	0.982815085874899	NA	NA	1.97976971665924	1.37325835895678	1.73739773694752	1.71697334846446	0.861665567345821	1.16118430400414	1.17069416349067	NA	1.11915178183269	NA	0.898626570644975	NA	NA	0.559934997165616	NA	NA	0.724861156635646	0.505033788888027	0.693498199045031
NA	NA	NA	NA	NA	NA	NA	NA	NA	NA	NA	NA	NA	NA	NA	NA	NA	NA	NA	NA	NA	NA	NA	NA	NA	NA	NA	NA	NA	NA	NA	NA	NA	NA	NA	NA	NA	NA	NA	NA
NA	NA	NA	NA	NA	NA	NA	NA	NA	NA	NA	NA	NA	NA	NA	NA	NA	NA	NA	NA	NA	NA	NA	NA	NA	NA	NA	NA	NA	NA	NA	NA	NA	NA	NA	NA	NA	NA	NA	NA
1.25428178328526	1.86611835941807	0.796199990285966	1.54626944949832	NA	NA	NA	NA	0.8120333743159	NA	NA	1.27803656074476	NA	NA	NA	1.05954509762742	1.01467849169649	1.41404959432969	1.25335205155547	0.855244103382541	0.410346689397766	NA	0.440001452469782	0.715857076972498	NA	NA	NA	0.765306948301669	0.675913646758685	NA	0.63915716167894	0.633296115956105	0.539333251311672	0.944381304504018	0.664299329449596	0.608001867452419	NA	0.548277087618208	0.759031120271767	0.510578602114277
NA	NA	NA	NA	NA	NA	1.53023167342545	1.60530402167617	2.02420671193823	1.73277255451271	1.63272460707492	2.05664829028673	NA	1.45009529883268	NA	1.65830136394163	1.74235613530994	1.84631003895494	NA	1.71404168496174	1.65303933142912	NA	NA	0.902932821623237	2.14638922610099	NA	NA	NA	NA	NA	NA	0.827991525377634	NA	NA	0.305048912789602	NA	NA	NA	0.511199792370895	NA
NA	0.848025125890465	NA	NA	1.10588788342669	NA	1.73820343016792	1.90563450499594	1.37404141959439	1.09783277473516	1.25270671011593	NA	1.45068752885079	1.16946026988429	NA	NA	1.34609746618197	NA	0.98641969466485	NA	NA	1.44906645558051	1.64288535510338	1.1049815178004	0.892672943714494	NA	NA	0.736382170517767	1.29873920808859	NA	0.463268758739432	0.318806397289717	NA	NA	NA	0.68324323454219	NA	0.375457977420159	0.234532658686847	0.656159536088492
NA	NA	NA	0.680638115224952	0.863114079138222	1.07555886436246	NA	NA	1.10282686253661	NA	NA	0.768794197638948	NA	NA	1.60941141597481	1.81094938287882	NA	NA	NA	NA	1.68678984371601	1.32552886993533	NA	1.12913148139488	0.428803883931111	NA	NA	0.325535807041809	0.793201437991683	0.799273143321923	0.722282656276423	NA	NA	0.206937329000965	0.347742661915427	0.236781709173965	NA	NA	0.259386048796977	NA
1.59395297490953	2.45307448440521	2.64448749554128	NA	2.78897260324506	2.38524451182906	2.60780477396061	2.29684064379895	2.51371243640136	1.99245574642264	1.84886827365704	2.1960873235779	NA	2.24652379041912	NA	NA	2.43630966233598	0.570381540144958	2.34936097838334	1.97218381185054	2.56893279656781	0.435244579581437	0.612996845242516	0.725393427722439	0.550024297060181	NA	NA	0.792673699769504	0.168969709807771	0.30797629368996	0.765761808385643	0.615516373625116	0.350932639702179	0.387018935727358	0.384780602591425	0.301297678030129	NA	0.862647362205396	1.10923107596192	0.639843864143441
NA	NA	NA	NA	NA	NA	NA	NA	NA	NA	NA	NA	NA	NA	NA	NA	NA	NA	NA	NA	NA	NA	NA	NA	NA	NA	NA	NA	NA	NA	NA	NA	NA	NA	NA	NA	NA	NA	NA	NA
0.665990168262803	NA	NA	NA	NA	0.504891577930355	0.554593214386887	NA	NA	NA	NA	NA	NA	NA	0.660411661628583	NA	NA	NA	0.648590332527346	0.454772885732501	0.210646744685221	0.576237900126667	0.395113108112986	0.664061738566551	1.28268464342928	NA	NA	1.24851055496973	NA	NA	NA	1.53000649375224	NA	0.400811047870101	0.410524611783031	NA	NA	0.62349817661649	NA	0.836385925201217
NA	NA	NA	NA	NA	NA	NA	1.25604621123672	NA	NA	1.20669215487086	NA	NA	NA	0.797520126652941	0.846667791118977	0.689997438658975	1.72884936815119	0.550018472476943	0.710915281592915	0.857021956161435	NA	0.596713652380837	NA	NA	NA	NA	NA	NA	NA	NA	0.387952486699939	NA	0.904166786911759	1.61296908229842	NA	NA	0.361181490200645	0.248732415618817	0.427439835852088
1.54703165103077	1.69097134768949	1.76695866549487	2.24457837921568	1.41225281387491	0.875086688926426	1.18263073250022	NA	1.25077468223351	NA	1.55402091547069	NA	NA	0.878241725202672	NA	NA	1.45204955659135	0.876635158125401	1.02229695821987	0.831743909328526	NA	NA	NA	NA	NA	NA	NA	NA	NA	0.655431722558057	NA	NA	NA	NA	0.390402094025496	NA	NA	0.0933112597345933	0.463035409547442	0.310326987681392
1.19214726798195	NA	0.911546889093685	NA	1.19552798955026	0.708272709465869	NA	0.28765717207562	0.882041004688407	NA	1.45770322924846	1.11073697251893	0.984166422467007	1.3237789809885	NA	NA	1.17204918106045	1.12903058885553	0.918873213155843	1.0119060253829	0.735919604420945	0.748098982206949	0.763956207881541	NA	NA	NA	NA	NA	NA	0.307906556208662	0.25417985430845	0.351351426566549	0.773436762336265	NA	NA	NA	NA	0.447337749577497	NA	NA
NA	NA	NA	NA	NA	NA	NA	NA	NA	NA	NA	NA	NA	NA	NA	NA	NA	NA	NA	NA	NA	NA	NA	NA	NA	NA	NA	NA	NA	NA	NA	NA	NA	NA	NA	NA	NA	NA	NA	NA
NA	NA	NA	NA	NA	NA	NA	NA	NA	NA	NA	NA	NA	NA	NA	NA	NA	NA	NA	NA	NA	NA	NA	NA	NA	NA	NA	NA	NA	NA	NA	NA	NA	NA	NA	NA	NA	NA	NA	NA
NA	NA	NA	NA	1.5941293010432	1.09969770651312	NA	NA	0.893663313178087	1.22766486535811	1.01643826184424	1.83883535196701	1.33307008844638	0.631252562095984	1.42624157773666	1.61413821511871	2.09632476463605	2.1317914707634	1.64694546739112	1.18536590490342	1.3890146268294	1.15517625395055	0.784213123983507	1.10441789491672	0.599543357413793	NA	3.09517608440892	0.668226450238114	0.497643915415128	NA	2.3239559161036	NA	0.159523385297749	0.406723815535907	NA	0.230901761922617	NA	0.203674983771154	0.733288287297933	NA
1.73518523520047	1.16454102061977	NA	1.77505888635294	0.679504024616094	NA	1.29875335420659	1.23529630443028	0.957550830540393	NA	1.34834647646413	1.12202816906582	1.22783486345734	1.29829903618822	0.961742569180353	1.14962462497917	NA	0.72412254190986	1.11084727498048	0.800295615028962	0.718401419134463	NA	NA	NA	0.569524190923881	0.522647559914495	0.561921814716276	0.303625233632388	0.468836508049386	NA	0.4426415727272	1.07794576017804	0.921936615862559	NA	0.4591183266552	NA	NA	0.239529515273947	NA	NA
1.87068263177275	1.84984190492461	1.90799690276548	NA	1.54059917948891	NA	NA	NA	NA	1.9939500203151	1.96219614503986	1.84235938935768	NA	2.02412518862438	NA	2.28428758057423	NA	NA	2.0580452821455	1.4323315366216	NA	0.835826306128557	0.451865364812342	NA	0.406431645758995	NA	0.327790798165671	NA	NA	0.226243985576355	NA	0.23496403412491	0.155952449304222	NA	NA	0.528878697100805	NA	NA	0.3780364755291	NA
NA	NA	NA	NA	NA	NA	NA	NA	NA	NA	NA	NA	NA	NA	NA	NA	NA	NA	NA	NA	NA	NA	NA	NA	NA	NA	NA	NA	NA	NA	NA	NA	NA	NA	NA	NA	NA	NA	NA	NA
NA	NA	NA	NA	NA	NA	NA	NA	NA	NA	NA	NA	NA	NA	NA	NA	NA	NA	NA	NA	NA	NA	NA	NA	NA	NA	NA	NA	NA	NA	NA	NA	NA	NA	NA	NA	NA	NA	NA	NA
0.840307716057798	0.349808518871059	NA	NA	NA	0.626311342995871	0.720187663045618	0.495567709172992	0.79333281702078	NA	NA	1.15807514658484	NA	1.21956520464055	NA	NA	1.27978918861248	1.30120478021646	1.10774758653743	0.982837244212628	0.244069364254707	0.260097671982528	0.786976760093928	NA	NA	0.87540660657421	NA	1.53296337762621	NA	0.500311416281453	0.621540328132846	0.50263188098924	0.294417263141603	0.389201571946916	0.70058272622454	0.537353688733558	NA	0.167108025247204	0.303693067420343	NA
NA	NA	NA	NA	NA	NA	NA	NA	NA	NA	NA	NA	NA	NA	NA	NA	NA	NA	NA	NA	NA	NA	NA	NA	NA	NA	NA	NA	NA	NA	NA	NA	NA	NA	NA	NA	NA	NA	NA	NA
0.968914527368391	NA	1.11779223335222	1.01656107835692	1.30026453920174	0.733149390240598	NA	NA	NA	NA	NA	NA	NA	NA	NA	0.717571803998392	0.592502536514383	NA	0.41930132388951	0.617214178532995	NA	NA	NA	NA	NA	NA	NA	NA	NA	0.802747039600817	NA	NA	0.719697996971247	NA	NA	NA	NA	NA	NA	NA
0.873021773223773	0.592618293427168	0.636461052903975	NA	0.889778990952504	NA	NA	NA	0.770749927449696	0.742576964150754	NA	NA	NA	NA	0.602917263966853	0.622899519282424	0.997904651232347	NA	0.47518342386629	NA	0.881725965354005	NA	NA	NA	0.45831833434465	0.196777868265175	0.375230687570163	0.5792427613959	0.638966785008468	0.637129168854075	NA	0.496857464335657	NA	0.698285019330503	NA	0.411909356589544	NA	0.34199782175326	0.4351705223134	0.282888283806464
NA	NA	NA	NA	NA	NA	NA	NA	NA	NA	NA	NA	NA	NA	NA	NA	NA	NA	NA	NA	NA	NA	NA	NA	NA	NA	NA	NA	NA	NA	NA	NA	NA	NA	NA	NA	NA	NA	NA	NA
NA	NA	NA	NA	NA	NA	NA	NA	0.755126218689602	NA	0.656272211874477	0.326479460511526	NA	0.565805458821742	NA	0.950610210913426	NA	0.71138052368591	NA	0.956560247799988	0.910723095129174	NA	0.665156640215883	NA	NA	NA	NA	NA	0.534141141467938	0.869199512697029	1.03148589438147	NA	0.342486565509595	0.350412139428718	NA	NA	NA	NA	NA	0.781978783040272
NA	NA	NA	NA	NA	NA	NA	NA	NA	NA	NA	NA	NA	NA	NA	NA	NA	NA	NA	NA	NA	NA	NA	NA	NA	NA	NA	NA	NA	NA	NA	NA	NA	NA	NA	NA	NA	NA	NA	NA
0.426707153482039	NA	0.824212244315112	NA	1.26161101991816	1.12085190151565	0.515129480935882	0.847905351544902	NA	0.64574365777303	NA	2.03283312256461	0.685722062948254	0.630282034130678	NA	0.951360215919733	0.800332898232278	0.69513075403463	0.90424027429383	NA	1.0089833558503	0.605343784305419	0.593900684754766	0.61409605371371	NA	NA	0.897818922483115	0.551262260112204	0.185809763934732	NA	1.21561331133296	NA	NA	NA	0.151736960876748	NA	NA	0.152365295869866	0.405326316016309	0.303692786176635
0.354387756118817	NA	0.478233473558308	NA	0.33491997339382	0.487732244945094	0.757341593142971	0.540965314358586	0.64120429397807	0.635933552392706	0.822018524907399	0.766716144337563	0.796276293043984	0.976418539983748	0.459415114210999	NA	0.916434872180796	0.968142888165869	0.336268159480458	0.475043198072332	0.320281446914269	0.458150347383993	NA	0.355099612886271	0.558278856844259	0.329376252778438	0.422458097462001	0.901280721723347	0.703484796371123	0.328977803307893	0.562745559401484	0.421515726901121	0.525775069142853	0.583500367687293	0.233092580526559	0.512790031046548	NA	0.230808528469111	0.699128425686821	0.448353288776502
NA	NA	NA	NA	NA	NA	NA	0.50766339902843	NA	NA	NA	NA	NA	NA	NA	0.772180183270165	NA	0.145386882784658	0.830313853393147	NA	0.32114126111964	0.46732233034472	NA	0.45558806692719	NA	NA	NA	0.681450116286903	NA	0.575381832149571	0.83856295942319	0.591189710472679	0.541879454837759	NA	0.585987758823823	0.409924537059659	NA	0.323533464246795	0.211554350685999	0.340793855443065
NA	1.56953357686121	NA	NA	NA	1.05409736901177	1.4869088006841	1.12408827876432	1.11577405789083	NA	0.871506670320131	NA	NA	0.635478092250327	1.02760677102248	1.46025530283981	1.12638388271605	1.24174311804622	1.31510133103899	1.32028075234862	1.24829414820979	1.27782287548935	NA	NA	1.71414413124366	NA	NA	1.4324004574008	NA	0.994313913224986	NA	0.590882869584534	0.99640873236555	0.653227481545775	0.900373907000758	NA	NA	NA	0.76466448742734	1.06492394122083
0.400509745708934	NA	0.721672012335218	NA	1.86649967020124	0.214148595519142	NA	NA	0.449874191761086	0.785975117639867	0.93745614074518	0.293097140427341	0.2873775820775	0.790898612947369	0.878664419198509	NA	NA	NA	1.77960762870309	1.16551307484828	NA	NA	NA	NA	NA	NA	0.853156611960179	0.419546082987612	NA	0.555554729838659	NA	1.05017105872119	0.398619905713702	NA	NA	NA	NA	0.261140776601136	NA	0.6180818548528
NA	NA	NA	NA	NA	NA	NA	NA	NA	NA	NA	NA	NA	NA	NA	NA	NA	NA	NA	NA	NA	NA	NA	NA	NA	NA	NA	NA	NA	NA	NA	NA	NA	NA	NA	NA	NA	NA	NA	NA
1.43558251297491	NA	NA	NA	1.23481312598854	NA	NA	NA	NA	NA	0.34644614830863	1.8371779457813	NA	NA	0.368958178820828	NA	NA	NA	0.710646689591846	NA	NA	0.677033277840994	NA	NA	NA	NA	1.07208095015282	NA	NA	0.847080063071129	1.27359473700705	0.708191378800122	NA	1.31865230330638	NA	0.83115733984972	NA	NA	0.420381011040809	NA
NA	NA	NA	NA	NA	NA	NA	NA	NA	NA	NA	NA	NA	NA	NA	NA	NA	NA	NA	NA	NA	NA	NA	NA	NA	NA	NA	NA	NA	NA	NA	NA	NA	NA	NA	NA	NA	NA	NA	NA
NA	1.58173509966964	NA	NA	NA	NA	NA	1.10775488009538	NA	NA	NA	NA	NA	2.03142192354076	NA	NA	1.78537745208458	1.76492283057841	NA	NA	1.27344395752512	NA	NA	NA	NA	1.35294343130553	NA	NA	1.0002888282781	0.811788932481039	1.44247715194801	1.11807749562177	1.09537745873868	NA	0.8985093260764	NA	NA	0.44805085187871	0.442001040045731	0.519309593618036
NA	NA	NA	NA	NA	NA	NA	NA	NA	NA	NA	NA	NA	NA	NA	NA	NA	NA	NA	NA	NA	NA	NA	NA	NA	NA	NA	NA	NA	NA	NA	NA	NA	NA	NA	NA	NA	NA	NA	NA
NA	NA	NA	NA	NA	2.03921986684115	1.94524368000105	NA	NA	1.97793466207497	NA	1.72050493594437	NA	1.52452851168841	0.991504120233055	1.58713153744091	1.65188540948953	1.6169213096723	NA	1.45818596771109	NA	1.88926712271597	1.74358288763438	NA	NA	1.20542973391767	0.922539219816548	0.783599261551636	NA	NA	NA	0.753297101067429	NA	NA	NA	NA	NA	NA	NA	0.683585961465133
NA	NA	0.940192270143956	1.48181071769818	NA	1.50808339680506	1.59753048718563	NA	NA	NA	NA	NA	NA	NA	NA	0.9536477876696	NA	0.832540546534883	NA	NA	0.130389323888349	NA	0.57820891217965	0.121443358819449	NA	NA	NA	0.34075247703505	NA	0.710122552260283	NA	NA	0.543905215160348	0.275277476791593	0.477139177013645	NA	NA	0.328584623944683	0.257615945727682	NA
NA	NA	NA	NA	NA	NA	NA	NA	NA	NA	NA	NA	NA	NA	NA	NA	NA	NA	NA	NA	NA	NA	NA	NA	NA	NA	NA	NA	NA	NA	NA	NA	NA	NA	NA	NA	NA	NA	NA	NA
NA	NA	NA	NA	NA	NA	NA	NA	NA	NA	NA	NA	NA	NA	NA	NA	NA	NA	NA	NA	NA	NA	NA	NA	NA	NA	NA	NA	NA	NA	NA	NA	NA	NA	NA	NA	NA	NA	NA	NA
NA	NA	NA	NA	NA	NA	NA	NA	NA	NA	NA	NA	NA	NA	NA	NA	NA	NA	NA	NA	NA	NA	NA	NA	NA	NA	NA	NA	NA	NA	NA	NA	NA	NA	NA	NA	NA	NA	NA	NA
1.52857440254049	1.25152351413636	1.12219036864025	0.975992589105178	0.769810105772817	1.25081885047291	1.24623363687795	NA	1.14936773190766	0.898867376302297	1.50756869377435	1.54346498189491	0.986156121969764	1.1228377165155	2.14461034173081	1.08803161489087	1.21155784457368	0.721391540262245	1.14618111730141	1.20582912018691	0.953647853295226	1.04469896185358	1.09101979958455	1.08990405363505	1.78361399173551	1.14906434637581	1.20426538291616	0.781196111966669	1.36934073650407	0.899998269900262	0.910288508662463	1.41799061885187	0.586890075140939	0.766814628133617	0.806600050366244	NA	NA	0.422271409193246	0.462464957680065	0.531207970020549
NA	0.548465333374413	0.87886903319183	0.520251007499143	0.23742333063143	NA	NA	0.673105373271914	2.37093425837617	0.747186833478464	0.610008195215066	0.708564088591154	0.682417049850353	0.904681445858728	0.883714192416398	NA	NA	0.929221038260888	NA	0.686093431289984	0.915777799585523	1.20798128707841	1.18539859543113	NA	NA	0.520718962461507	NA	NA	1.07823601030941	0.990693638020956	NA	NA	NA	NA	NA	NA	NA	NA	0.279645131534053	0.801226779439094
NA	NA	NA	NA	0.644296236264565	1.06212719930856	1.11644506810311	1.19831991660724	NA	NA	NA	NA	NA	NA	0.501720210573005	NA	0.974776928345105	0.823550396806029	NA	1.71686364159357	NA	NA	NA	0.508856476506918	NA	0.889970685152734	NA	0.765513251203426	0.654785730128206	0.695155920551203	NA	0.968931154827786	0.559273646461237	0.75630313639455	1.01014718111399	NA	NA	0.076453279604035	0.487378014260533	1.10107670657496
NA	NA	NA	NA	NA	NA	NA	NA	NA	NA	NA	NA	NA	NA	NA	NA	NA	NA	NA	NA	NA	NA	NA	NA	NA	NA	NA	NA	NA	NA	NA	NA	NA	NA	NA	NA	NA	NA	NA	NA
0.295669350489049	0.72781146128459	0.559376583436827	NA	0.566234725134378	NA	NA	0.10712972682731	NA	NA	0.192492362605306	0.454810275208574	0.673123338517694	0.537079901715942	0.676127053060229	0.329494553605721	0.715079014200306	0.65181828544978	0.494630045816309	0.745478845612906	0.383709728645936	0.360813435832159	0.472464695166026	0.49329123964495	0.606134124926771	1.05881565561148	1.05445439046833	1.20114836579585	1.15228051788094	1.0092816265627	0.705232715955017	0.495904908943068	1.26217261649792	0.566268717081369	0.595912371946221	NA	NA	0.668478362812211	0.419932640499424	1.5721709460499
NA	NA	NA	NA	NA	NA	NA	NA	NA	NA	NA	NA	NA	NA	NA	NA	NA	NA	NA	NA	NA	NA	NA	NA	NA	NA	NA	NA	NA	NA	NA	NA	NA	NA	NA	NA	NA	NA	NA	NA
1.41023904814044	NA	0.938796521981095	0.730456105817284	0.910868573500216	1.16726887222687	1.04850422730202	1.09517664309609	1.2703992852684	NA	0.989339567237329	0.85333292049807	NA	1.19008368855614	1.07467662269887	NA	NA	0.617980193305159	NA	NA	NA	0.855974475197212	NA	NA	1.56909003768127	1.52706498569666	1.65218012717062	NA	NA	NA	NA	1.29827492589996	NA	NA	NA	NA	NA	NA	NA	1.21216414132701
0.476313635789358	0.519065266481813	0.581052047040865	NA	0.413254735714185	0.947010474754436	NA	NA	0.997218184691662	NA	1.31876804754692	1.13983245665552	0.859197581598406	0.569344597595544	1.4716500361966	NA	1.81326272109992	1.43683386339385	0.610630067277459	0.918828390162292	0.439030386806252	0.70022431644861	0.835115526768518	0.780649315395099	0.738340992876835	0.559738339427198	0.363003401280872	1.02861672621298	0.39520198926305	0.39611176065018	NA	0.343772075269365	NA	NA	0.378830386638344	0.633114624702587	NA	0.203286528270476	0.279332861263571	1.45847257861049
NA	0.376804695245918	NA	NA	0.812412582581016	0.650146384414345	0.859319054179029	NA	NA	0.409928307585166	NA	0.508281825012436	NA	0.487809100477956	0.717022540258168	0.376889174503575	0.894543949478617	0.746414323002325	0.257607895863425	0.489309338091456	0.715737151113233	0.710353941897165	NA	0.38377332554616	0.622558980771845	0.364116743196592	0.569294272731546	0.493321007772811	NA	0.468548665120434	0.561042469698034	NA	0.962837443815171	0.664016553566066	0.616965801826302	0.111384047208765	NA	NA	0.353778781797555	0.260960087109938
NA	NA	NA	NA	NA	NA	NA	NA	NA	NA	NA	NA	NA	NA	NA	NA	NA	NA	NA	NA	NA	NA	NA	NA	NA	NA	NA	NA	NA	NA	NA	NA	NA	NA	NA	NA	NA	NA	NA	NA
2.48748981434897	NA	NA	NA	1.86966421886672	2.47484615355733	NA	1.62091367886231	1.14857210437376	1.41502983879961	NA	NA	NA	1.19047126104959	NA	NA	1.62476250512633	1.60355034872667	NA	1.68061887753075	NA	NA	1.18140082542376	NA	1.32685091068666	NA	0.886710173622338	NA	NA	0.210213436335648	NA	1.22870040390412	0.52810845267737	NA	NA	NA	NA	NA	NA	0.809269270106567
NA	NA	NA	NA	NA	NA	NA	1.01796001204578	1.21501578682169	NA	NA	NA	NA	NA	NA	0.862563723270226	NA	NA	NA	NA	NA	NA	0.95072960319971	1.50421648553093	NA	NA	NA	1.37927815509712	NA	NA	NA	1.87921603374403	0.893190186402666	NA	NA	NA	NA	NA	NA	NA
NA	NA	1.14364567246036	1.17496639809495	NA	NA	0.717221401386387	1.12772425488369	NA	0.505799609001776	NA	0.444661465351784	0.51858953395231	0.783535427717573	NA	NA	0.778828058287303	NA	NA	NA	0.432171316929943	0.419215667622951	0.849775066629045	0.782135323174172	NA	NA	0.50154827431708	0.47577598566583	0.91174684473534	0.478561505440646	0.587141109813594	0.443015973220065	0.592571957868435	0.251563140787666	0.573500938505213	0.270100825512172	NA	0.173746419162586	0.298593337605307	0.463535676120834
NA	NA	NA	0.792002152531517	NA	1.68469225299625	0.883886813955675	0.390133365102853	0.593900665664098	NA	0.401957929175026	NA	1.54273334197434	NA	0.898263693349255	NA	1.16438830067917	NA	NA	NA	NA	0.405912808696073	NA	NA	0.470906896960802	0.44251045457273	NA	NA	0.69255161788869	NA	NA	0.357534972407223	NA	0.16309923087804	0.520266092706611	NA	NA	NA	0.611888224158753	NA
NA	NA	1.16577347321632	NA	1.18023774111538	0.787330596076021	0.613579069266699	0.537784856015625	0.494289136209612	NA	0.670085605217743	0.763574174901959	1.71799883660478	0.472150265662979	0.867987866775426	0.930647225804552	0.673779616616044	1.34778141399532	2.25553020425579	0.746138572859381	1.20539669262971	0.816013344600732	1.02116774892618	0.961944476673392	0.888913457389895	0.617240512652668	1.7565000528683	1.07594456182635	0.348580789171077	1.4322016780645	2.32622465669547	1.24421506826662	0.691070011814031	0.318055599991052	1.09850490176302	0.12712586226534	NA	0.356706682529044	0.806844878703244	0.959563694554289
NA	NA	NA	NA	NA	NA	NA	NA	NA	NA	NA	NA	NA	NA	NA	NA	NA	NA	NA	NA	NA	NA	NA	NA	NA	NA	NA	NA	NA	NA	NA	NA	NA	NA	NA	NA	NA	NA	NA	NA
NA	NA	NA	NA	NA	NA	NA	NA	NA	NA	NA	NA	NA	NA	NA	NA	NA	NA	NA	NA	NA	NA	NA	NA	NA	NA	NA	NA	NA	NA	NA	NA	NA	NA	NA	NA	NA	NA	NA	NA
NA	NA	1.48055995589197	1.28865630196743	NA	1.32983800006512	2.48767721230871	1.54541977106988	1.24933005312521	NA	NA	NA	NA	0.906690984348408	0.913835690996173	NA	1.01887874287835	0.5534524439475	NA	1.16600239577694	NA	1.16206241143901	0.770277726238512	1.07152970052148	1.24644300024905	NA	1.19766664809633	NA	0.762658145532182	0.500468844071793	0.686503410113427	0.579468225660106	1.04422701879771	0.588445697299821	NA	NA	NA	1.23165407133896	NA	0.671600026848389
NA	NA	NA	NA	NA	NA	NA	NA	NA	NA	NA	NA	NA	NA	NA	NA	NA	NA	NA	1.10269449292527	NA	NA	NA	NA	NA	NA	NA	NA	NA	NA	NA	NA	1.11738020281112	0.614457774826115	0.970879987688834	NA	NA	0.577559382404141	0.688112064391147	1.39222322411932
NA	NA	NA	NA	NA	NA	1.16216144850136	1.13443374383619	1.1788314920148	NA	0.976900607903392	1.52660516267439	NA	NA	1.79355260634967	NA	1.26479782079266	NA	NA	NA	0.584896005820651	NA	0.561678283062753	NA	NA	NA	NA	NA	NA	NA	NA	NA	NA	NA	NA	NA	NA	0.783668212523724	NA	NA
0.656754707533534	0.445514753259269	0.446307088895592	0.606266072216097	NA	0.89795030449387	0.892126902622692	0.755426694741315	0.853018255629222	0.754354721863594	1.39532293902342	0.982253653306919	0.975255488811533	1.03619783141213	NA	0.771555083432517	NA	0.501556163925502	0.234811497719885	NA	0.739256253265263	0.748262859549429	0.780378960290293	0.619529949605106	0.489160824464403	0.707732737390725	0.54937995185703	0.775525463629532	0.398391793348478	NA	NA	0.103811645452911	0.384487172755122	0.609683993202155	NA	0.988819678594779	NA	0.551695433749291	0.924874161342123	0.7764032869159
NA	NA	NA	NA	NA	NA	NA	NA	NA	NA	NA	NA	NA	NA	NA	NA	NA	NA	NA	NA	NA	NA	NA	NA	NA	NA	NA	NA	NA	NA	NA	NA	NA	NA	NA	NA	NA	NA	NA	NA
NA	NA	NA	NA	NA	NA	NA	NA	NA	NA	NA	NA	NA	NA	NA	NA	NA	NA	NA	NA	NA	NA	NA	NA	NA	NA	NA	NA	NA	NA	NA	NA	NA	NA	NA	NA	NA	NA	NA	NA
NA	0.165944209291936	0.106472191558305	0.572212212002051	0.505895859911009	0.396007871156755	0.347751281151098	0.233271287258288	0.210184326953946	0.52202939206635	0.537734535045895	0.335211792385653	NA	0.758088722769453	0.977338576512235	NA	0.68552424882507	0.722563198439019	0.677255524502869	0.51000298800468	0.774808582972137	1.00833245152566	0.615434110714535	0.505275236353483	0.55625723838699	0.652600999672311	NA	0.598995107027065	0.601959160457696	0.582165332001354	NA	0.602441318226445	0.585571863115028	0.513495071616429	0.397529722889511	0.350420901491923	NA	0.0918347636896533	0.318267329423958	0.498619101543172
NA	1.72716211621192	NA	1.54545903171053	1.29835084663914	1.29667797132341	1.28642507580343	1.3013004731512	1.52452863020259	NA	NA	NA	NA	1.01594579892979	NA	NA	1.1514707215358	1.29447926702396	1.26208936908877	1.08161228773814	1.09850280643171	1.17116394190824	0.984291001904103	1.48226049549583	0.977809794890432	1.13503651386187	1.18009241103855	1.07512516937794	NA	0.51107897849337	1.15777357291692	1.29241712295454	0.732279841706743	0.552269252678397	0.728833652128265	0.630884199677213	NA	0.617227203162171	0.536090220969485	1.13835476588999
0.988910471151428	NA	1.34245392824048	NA	NA	NA	1.08393817035225	0.81023230337074	0.815203550558653	1.27139293047615	0.522341751182345	1.12570006046996	NA	NA	1.56081924898373	0.750123135508648	1.03659136690923	1.00743892719569	0.928355682223924	0.933023886539421	0.813026923951851	NA	0.511815569651327	0.462603551362397	0.693685956790187	NA	0.603157538300396	NA	NA	NA	NA	0.812987227512516	NA	0.318286501557996	0.258377086726182	NA	NA	0.180371172304962	0.398578326059045	0.550005079367815
NA	NA	NA	NA	NA	NA	NA	NA	NA	NA	NA	NA	NA	NA	NA	NA	NA	NA	NA	NA	NA	NA	NA	NA	NA	NA	NA	NA	NA	NA	NA	NA	NA	NA	NA	NA	NA	NA	NA	NA
1.58373083293626	0.901649088335402	1.95910835576645	1.237040701535	1.32739287197147	1.07756007828034	NA	NA	0.638563955504653	0.693484264813587	0.983685053876584	0.758339703532317	0.317817049368164	NA	1.5708574375691	2.71266353859745	0.661334708004969	0.889320310925482	NA	2.98811674793038	2.69230862984624	0.51622238197681	0.567562591566395	NA	NA	NA	NA	NA	NA	0.379151850133247	2.21007675650107	NA	NA	0.575723024849122	0.187021856114058	NA	NA	NA	0.347307086662287	3.03050698085303
1.68453129307925	1.8735114937903	NA	NA	1.7208785094348	NA	2.12423930247535	NA	NA	NA	NA	NA	NA	NA	NA	NA	NA	NA	1.3164777753216	NA	NA	NA	NA	NA	NA	NA	1.73017206034033	1.07350576212691	1.33966168942068	1.35387549478634	0.869316623019951	0.575058559826412	1.02818111161249	1.62245059987109	0.222509027554318	NA	NA	0.566447528163318	1.4711356067247	1.58328343266886
NA	1.35089071598205	NA	NA	0.779081207990875	1.30101824483483	1.50343418623608	1.37417098848872	1.120446510164	NA	NA	NA	NA	NA	NA	NA	1.55341572137469	NA	1.21078639690667	1.80606655124719	1.78503684243223	2.04389300557717	NA	0.895727864870417	NA	NA	NA	2.33835156298002	2.07757841978746	1.6473054793512	NA	NA	NA	NA	1.93030862460436	NA	NA	1.45317730218953	NA	1.38388140029835
NA	NA	NA	NA	NA	NA	NA	NA	0.725092132119164	NA	NA	0.838496834308822	NA	NA	NA	NA	0.920373578240351	NA	NA	NA	0.212258762502121	2.30875917914864	1.56143472963526	NA	NA	NA	NA	NA	NA	NA	NA	1.1185748116156	NA	0.584350859974844	0.437220600476395	0.316666611430234	NA	NA	0.737884713121351	0.454394788738754
NA	NA	NA	NA	NA	1.30327552453869	NA	NA	0.979059323907921	NA	1.49027472028616	1.24923793535241	0.963378623577619	NA	NA	1.10291683027792	NA	NA	NA	NA	0.919715235321752	0.891012042420714	0.650421918594965	NA	0.772654668702282	0.564759104177105	NA	0.225103991870007	0.94263425536187	NA	NA	0.592768721938457	0.579513279787458	NA	NA	0.189945746520247	NA	0.256621666867485	0.341666066936424	NA
NA	NA	NA	NA	NA	NA	NA	NA	NA	NA	NA	NA	NA	NA	NA	NA	NA	NA	NA	NA	NA	NA	NA	NA	NA	NA	NA	NA	NA	NA	NA	NA	NA	NA	NA	NA	NA	NA	NA	NA
NA	0.394753627651621	NA	0.663079358522303	0.787538374123377	NA	NA	NA	NA	1.32119959232348	NA	0.785362524277732	NA	NA	1.1044682442677	NA	1.18381608977004	NA	1.2289161207456	NA	NA	0.760982728357392	NA	0.634350538692396	0.414001596298842	0.826118436045119	1.82403742575615	0.888715773774745	0.639323729978121	0.339477426709001	0.525641166122355	0.48381579348147	0.286408851200276	0.546818329013222	NA	0.416875718064679	NA	0.426114908695854	0.602984562320366	0.473439455856245
2.28089763507198	2.55889306102052	2.36974216448738	2.45133144623132	2.67004820447902	2.82424385408818	2.35789513653891	1.89583365369088	1.9683872785152	NA	2.94289788449412	2.08570091812753	2.19945537297984	1.60075551103403	NA	1.36155367908786	1.88101229154704	1.99686545044327	1.46047414463554	1.35028932748176	1.7480752462431	1.38406824959602	2.06719793991428	2.02030282943372	2.0051820924418	1.71430586152314	1.65514036352615	1.49595077657648	1.72402346698605	2.26726520767965	1.79059255614839	1.67805922324406	1.64883823072048	1.68027356946013	1.6474384756138	1.78373278979634	NA	1.72806939527341	0.945694558426488	1.22767664020578
NA	NA	NA	NA	NA	NA	NA	NA	NA	NA	NA	NA	NA	NA	NA	NA	NA	NA	NA	NA	NA	NA	NA	NA	NA	NA	NA	NA	NA	NA	NA	NA	NA	NA	NA	NA	NA	NA	NA	NA
NA	NA	NA	NA	NA	NA	NA	1.38044222492233	NA	1.23463178361426	NA	NA	NA	NA	0.42250610487037	NA	0.710598450302046	0.683839095279592	NA	NA	0.863130308807252	0.42943332556145	0.9437398130048	0.720678237417426	NA	NA	NA	NA	NA	0.974026331156932	1.0380647648177	0.802867971197986	NA	1.04331596881377	NA	0.574121810006169	NA	0.450003174937013	0.306397869787866	NA
1.32882646032909	1.16322421038367	1.06239669233255	1.18305885845862	NA	1.23327254726415	NA	NA	1.21518091010643	NA	NA	NA	NA	1.77943567454456	1.69775878390939	1.78458892983046	NA	0.917272965870704	NA	0.625573023800406	0.778086023277022	0.737636387507578	0.658961416006177	0.740979525169646	NA	NA	1.03684506644817	NA	0.740158772415867	NA	NA	0.902822380840386	NA	0.742361070895549	NA	NA	NA	NA	NA	0.581919840560899
1.1077996431726	0.512105690502482	0.994946231707655	0.6830529837993	0.671912509312684	1.03292953644541	1.00787609830319	1.48667671122218	0.705179490604284	0.899775630626749	0.976705975566373	1.14997710944155	1.3637583075867	1.28395301675632	1.12178912954446	1.33468167369459	1.46486624078217	1.31094077253807	0.621620838208866	0.519556790425633	1.18284036468541	1.24575772048396	0.669496021520227	NA	0.571783922340861	NA	1.30067201679431	1.66100769981586	0.523692629187328	1.86539825267899	1.85643424711633	0.388198065072622	1.86066134634178	1.83569487658266	NA	0.179565282929313	NA	0.68999172138698	0.160297180894052	NA
0.755734364749915	NA	NA	NA	NA	0.994835259467891	NA	NA	NA	1.31392525541512	1.51235175348561	NA	NA	NA	1.29419089333245	NA	0.882133295486232	0.884505940440086	NA	1.04073947102951	1.34791391183102	1.18458997595591	NA	0.790953274577512	0.663824491508141	NA	NA	0.257698802649433	0.459264661118064	NA	0.287149900365052	1.11675609452609	0.786247466271179	0.413434467770083	0.680961474126226	0.284583819972558	NA	0.184587648448571	NA	0.640845438716352
NA	NA	NA	NA	NA	NA	NA	NA	NA	NA	NA	NA	NA	NA	NA	NA	NA	NA	NA	NA	NA	NA	NA	NA	NA	NA	NA	NA	1.35047578469897	1.18216044158185	NA	NA	1.0916275625822	1.20711373034069	0.510976819563401	NA	NA	NA	0.904565040064872	NA
NA	NA	NA	NA	0.788884764102419	0.914710361310983	NA	1.03490783163512	NA	NA	NA	NA	NA	NA	0.725691427418857	NA	0.859815457886152	0.59855302967023	NA	NA	0.675231969951002	NA	NA	NA	0.743574023429604	0.77642588876357	1.25352847129206	NA	0.634783481625633	NA	NA	0.631438292763798	NA	NA	0.369550721021539	NA	NA	0.8258369683824	NA	NA
NA	NA	NA	NA	NA	NA	NA	NA	NA	NA	NA	NA	NA	NA	NA	NA	NA	NA	NA	NA	NA	NA	NA	NA	NA	NA	NA	NA	NA	NA	NA	NA	NA	NA	NA	NA	NA	NA	NA	NA
NA	NA	NA	NA	NA	NA	NA	NA	NA	NA	NA	NA	NA	NA	NA	NA	NA	NA	NA	NA	NA	NA	NA	NA	NA	NA	NA	NA	NA	NA	NA	NA	NA	NA	NA	NA	NA	NA	NA	NA
NA	1.66899514942291	1.72281560377187	NA	NA	NA	1.74110255374135	1.56499972670622	1.67426013074514	1.52419090207324	1.59148127017335	1.47037131455015	1.37045209454045	1.30029295526909	1.22028527661182	0.974690416282878	1.10740839977202	0.750016517845764	0.736774389673211	0.800110269906987	NA	NA	1.677420190404	1.71036055318593	1.52801614819969	1.22440355232927	1.05652682742152	1.25761138199418	1.23298083140922	0.793484208411728	0.877865523342892	0.753469879926956	0.573710427825422	0.307803245433719	0.272150780227049	0.575027522496909	NA	0.0757637983044779	0.265144689611012	0.248689955600657
NA	1.77524558958981	2.07187285479657	NA	NA	NA	NA	NA	1.13926832751893	NA	NA	1.67371183854897	NA	1.02781383808493	1.41212173365637	0.3933635589623	0.490117649931194	0.201128974561711	NA	0.559887274274159	0.405818109942073	NA	0.406858675369994	0.973578336779735	1.85435584433236	0.356764699279615	1.96990575696912	0.138580888665896	0.421702095989817	0.456429433801966	0.308660625639164	0.230022821596531	0.289880996628366	0.232822962012127	0.401154756026907	NA	NA	NA	NA	0.569059969265079
1.99776098262872	1.68270349154413	NA	NA	NA	NA	NA	NA	NA	NA	NA	NA	NA	NA	NA	1.00901438390389	1.10792594184671	1.30827051655894	1.37757094850819	0.939697610892329	NA	1.12664879158315	0.55650882218729	0.624961110758886	NA	0.302552297763349	NA	0.446893310955795	0.887742416755582	NA	0.846728900309021	NA	1.18428943248772	0.205338049282253	0.61764354982313	NA	NA	0.226621506053684	0.309307034857592	NA
NA	1.1853746894698	NA	NA	NA	1.18245858611964	NA	1.19301260038417	NA	1.05664022472495	1.36349069122117	NA	1.41576565130135	1.9380339038372	NA	2.14732059543417	1.39719186642101	1.57341723930369	NA	0.906727775210264	0.851587374737565	0.679708644272671	NA	0.850536214573398	0.469417908275395	NA	0.824232728078558	NA	0.768901651675113	NA	NA	NA	NA	NA	0.765412814405021	NA	NA	0.394846918122061	NA	NA
NA	NA	NA	NA	NA	NA	NA	NA	NA	NA	NA	NA	NA	NA	NA	NA	NA	NA	NA	NA	NA	NA	NA	NA	NA	NA	NA	NA	NA	NA	NA	NA	NA	NA	NA	NA	NA	NA	NA	NA
1.11249098045395	1.24606028571116	NA	NA	NA	NA	1.02165527853187	NA	1.10500798505886	NA	NA	NA	NA	NA	1.36205336542344	NA	NA	NA	0.835459001173535	1.16128976226438	0.346917020349849	NA	1.12433862405517	1.28590879542766	NA	NA	NA	NA	NA	NA	NA	1.48158112586878	NA	NA	NA	0.403025535006508	NA	NA	NA	0.638991348627244
0.974487849022337	NA	NA	NA	0.759537713178534	0.991291475478376	NA	1.20836731317196	NA	NA	NA	NA	1.20461482567518	1.36532970173565	1.47594750700439	NA	1.51802030302413	0.92338272913203	0.727260637221619	0.724388532655249	NA	NA	NA	NA	0.589750896565336	NA	0.618696521814305	NA	NA	NA	NA	0.782505549901737	0.828397327798919	NA	0.540226894522772	0.447700365234355	NA	NA	0.302221273088739	0.645899509690252
NA	NA	NA	NA	NA	NA	NA	NA	NA	NA	NA	NA	NA	NA	NA	NA	NA	NA	NA	NA	NA	NA	NA	NA	NA	NA	NA	NA	NA	NA	NA	NA	NA	NA	NA	NA	NA	NA	NA	NA
NA	1.20374159238252	NA	NA	NA	1.03766682626609	NA	NA	NA	NA	NA	NA	NA	NA	NA	NA	NA	NA	NA	0.626986030585285	0.741126854539846	NA	NA	NA	NA	NA	NA	0.145351587424263	NA	NA	NA	NA	0.68515406735727	0.827132661370095	0.499996694106528	0.522492461152248	NA	0.466463547685617	0.299642153197099	0.182593270604343
NA	NA	2.28150772468741	NA	NA	NA	1.23176069650657	1.24843864059687	NA	NA	1.34629550167889	1.98198942974829	1.70216264787266	NA	1.62831523317761	1.36845097714487	1.40610327651765	NA	NA	0.870263921175245	NA	0.775222057846967	NA	0.742110004470744	NA	NA	NA	NA	NA	NA	NA	0.779757530368755	0.505926648119074	NA	0.217050808206877	0.684616682618737	NA	NA	0.243026110795034	NA
1.00495016859234	NA	NA	NA	0.669176966906574	NA	0.319454046580224	0.687809190320999	NA	1.11840873834847	NA	0.890221443065204	0.718768174657288	1.04311208118608	0.646913086601105	NA	NA	NA	NA	0.605854123270562	NA	0.265379082664359	0.854759387659571	0.688580777173564	0.518771059240952	NA	NA	NA	0.875391014315361	0.740465634256824	NA	NA	NA	NA	NA	NA	NA	NA	NA	0.93656305902682
1.32742667877483	NA	NA	NA	NA	NA	1.39877819121052	1.32380691717044	1.44703309977842	NA	NA	1.14072191020579	NA	1.13033208481906	NA	NA	NA	1.02143499822928	NA	NA	0.81423932452761	0.880537312822152	0.608601909947916	0.85526826534118	0.666372341581315	1.10441152539901	1.77960158844175	0.449624023599398	0.702942881600102	NA	NA	0.45706574375436	0.808917282199826	NA	NA	NA	NA	0.192688423591695	0.262950379103954	NA
NA	1.30786398000587	1.09662845526262	NA	1.70704627254628	NA	NA	NA	1.28401494041386	NA	1.2011293902346	NA	NA	NA	NA	1.33096360009836	NA	NA	NA	1.10490360191821	0.882698194996393	0.347814173937421	0.334561108611217	0.110616514848327	0.451961086582293	NA	0.425400709079737	0.689756626153505	NA	NA	NA	0.494743021627184	0.413468525627543	0.221270143471491	0.463947753401552	NA	NA	0.041661579538541	NA	NA
1.23604620298622	NA	0.542507315698375	NA	NA	1.30459939258437	1.06327128964815	NA	NA	1.29982730272653	1.41806953728295	1.42771980053078	NA	1.6035780685828	1.28569763384445	1.23939922209726	1.40461981983502	1.37741234314534	NA	1.08471684140241	0.886720391128387	NA	NA	0.577912009111897	NA	NA	0.640631987635284	1.9163417419778	NA	1.06261386271111	NA	NA	0.696600914725794	1.6434120309681	0.352141196558108	0.132956272413177	NA	NA	0.298623336964848	NA
NA	NA	NA	NA	0.573551114052469	NA	1.30817150603441	NA	NA	NA	1.21580637501329	NA	NA	NA	NA	NA	NA	0.959599335694156	0.77058769956492	0.804070088230847	0.59963017964924	0.38722496418919	0.0720034051578733	0.224428697091601	0.381370672413996	0.557086988744145	NA	0.384750896968767	0.397563563810888	0.154589760536657	0.652129553733221	0.637617173115552	0.522602605575514	NA	NA	0.12870283099013	NA	0.323959290622866	0.522848976607772	0.371163684346166
NA	NA	NA	NA	NA	NA	NA	NA	NA	NA	NA	NA	NA	NA	NA	NA	NA	NA	NA	NA	NA	NA	NA	NA	NA	NA	NA	NA	NA	NA	NA	NA	NA	NA	NA	NA	NA	NA	NA	NA
NA	0.945311573356394	NA	NA	NA	NA	0.467431476355879	0.312322643808552	0.186936230655156	0.473742534949557	0.311875342443905	NA	NA	NA	0.972912496057225	NA	0.859705587005661	0.822771504897791	0.733959617101772	NA	0.419263699271466	NA	NA	0.374538508001071	NA	NA	NA	1.50374215263529	0.852151062698723	1.14414277478886	NA	NA	1.44516769607702	0.308246054503326	NA	0.4904257096793	NA	0.616634251656078	NA	0.499008782052972
NA	NA	NA	0.717625846756676	NA	NA	1.05980591677637	0.639817396060464	0.63685939437961	NA	0.898934464973184	NA	NA	NA	1.42197145593874	1.14298834983959	1.38149341242533	1.07802837812927	1.35398025830584	NA	NA	0.382673805229394	NA	NA	0.660167175945514	NA	NA	NA	NA	0.515306591344961	NA	0.335535817842055	NA	NA	NA	0.455085433050912	NA	0.0876109936906174	0.270878724556371	0.243555494527365
NA	NA	NA	NA	1.73949450721916	NA	NA	NA	1.71481242879778	NA	NA	NA	NA	0.551469038762358	2.18250838179251	0.680649047080115	1.81675409167126	NA	1.7605023574143	NA	0.493599146332058	NA	NA	NA	NA	0.293838292635814	NA	NA	1.60989682281688	NA	NA	NA	0.56340919992164	0.59199227020498	NA	NA	NA	NA	NA	NA
NA	NA	0.372519835348216	NA	2.39225382203316	0.864326377434285	0.822082079678317	0.835049224761186	0.639147577284534	1.3785813875225	0.95807991636879	0.461403173260555	0.474553925756441	NA	0.367934852547047	0.536632796546656	0.829567894324288	0.667290014372425	NA	0.40901133553828	0.752459747103354	0.557076895833731	0.532093023434779	0.642195381605934	0.492293849584406	0.316085502313806	0.713489795813	0.782162379139819	NA	0.67095748422422	NA	0.518562584616949	0.640951127436185	NA	NA	NA	NA	NA	0.4383730859663	NA
NA	NA	NA	NA	NA	NA	NA	NA	NA	NA	NA	NA	NA	NA	NA	NA	NA	NA	NA	NA	NA	NA	NA	NA	NA	NA	NA	NA	NA	NA	NA	NA	NA	NA	NA	NA	NA	NA	NA	NA
NA	NA	NA	1.1533123719689	0.936233522917458	2.0671641442532	0.655687955483313	NA	NA	NA	1.92154795766546	1.17636751451977	2.02614141772258	1.87709954728299	1.29750730240001	NA	NA	NA	NA	0.556856755369606	0.633501881508177	NA	NA	NA	NA	NA	1.36484608926876	NA	0.901631582827078	NA	NA	1.1761697735688	NA	NA	0.981844706136764	NA	NA	NA	NA	1.17206987464981
NA	NA	NA	NA	1.28168731045549	1.97625027484271	0.817627088075482	NA	NA	NA	1.82490572441653	2.05118982971267	2.02274808520445	1.91585402262416	NA	NA	NA	NA	NA	1.19335772317098	0.676005333471823	NA	NA	NA	NA	NA	NA	0.543067148745404	0.734537375243066	NA	NA	0.572453669964409	NA	NA	0.588413110669378	NA	NA	0.700098028466489	NA	1.27607376933231
NA	NA	NA	NA	NA	NA	NA	NA	NA	NA	NA	NA	NA	NA	NA	NA	NA	NA	NA	NA	1.03629677903707	NA	0.274847261127675	NA	NA	NA	NA	NA	0.326587121394465	0.920569756577582	NA	NA	NA	NA	NA	NA	NA	0.122840827187092	0.322692055587279	0.603044036295031
1.21425221118758	NA	1.25591957551063	NA	NA	NA	NA	NA	NA	1.59640858677376	0.56899651124982	NA	NA	0.966300684963083	1.8911582997618	NA	NA	0.643851176917532	0.603648575859328	1.9220506039212	1.09839053095791	NA	1.5830887026043	0.957677950831275	0.536938222440997	0.853273200737312	0.695558394304372	NA	0.410821312384129	0.573479057535877	0.654027673030424	NA	1.39185721656656	0.670235906883375	0.47036331238833	0.624342605685509	NA	0.403278137506625	0.436899753885531	0.532634823618282
NA	NA	1.40893898152068	NA	0.700276085349184	0.516388611153242	1.32768321897133	0.606090739322418	0.848786850422911	0.879895556369695	0.709503977366503	0.32101830496538	0.687689776662646	0.776839576124853	1.14896895800611	NA	0.870700424543078	1.05504985731443	1.2575241012729	0.634876229427167	NA	0.701093556784979	0.469765275998662	0.499225850432474	1.95805679854861	NA	0.235667060774643	NA	0.760229964951071	1.13898997855668	0.603021112117577	0.581488193442869	NA	NA	0.668229588524423	0.899091881537554	NA	0.138458613277573	0.269541784582883	NA
NA	NA	NA	NA	NA	NA	NA	NA	NA	NA	NA	NA	NA	NA	NA	NA	NA	NA	NA	NA	NA	NA	NA	NA	NA	NA	NA	NA	NA	NA	NA	NA	NA	NA	NA	NA	NA	NA	NA	NA
NA	NA	NA	1.27442528628528	NA	0.801817525800026	1.06532444318699	NA	NA	0.398362411024978	0.491693004982416	0.715837307546539	0.844941863316493	NA	NA	0.662267240059824	NA	NA	NA	NA	NA	0.838680897666259	NA	NA	NA	NA	NA	NA	NA	NA	NA	NA	NA	NA	NA	NA	NA	NA	NA	NA
NA	NA	NA	0.576099467878331	NA	1.96001379066497	NA	NA	2.20513311070906	1.0876239928415	0.779429087686579	0.904966104559066	0.895250301951592	1.29985142311487	1.19438281055277	NA	0.953298677127082	1.10953899308936	NA	0.751768008696737	0.75875604399397	NA	NA	NA	0.199243532989384	NA	NA	NA	NA	NA	NA	0.980706788632327	NA	NA	NA	NA	NA	NA	0.607026578119865	0.263762608015675
NA	NA	NA	NA	NA	NA	NA	NA	NA	NA	NA	NA	NA	NA	NA	NA	NA	NA	NA	NA	NA	NA	NA	NA	NA	NA	NA	NA	NA	NA	NA	NA	NA	NA	NA	NA	NA	NA	NA	NA
NA	NA	NA	NA	NA	NA	NA	NA	0.428453095428809	NA	NA	NA	0.473671828132521	NA	0.477895979376023	NA	0.901934617436644	NA	NA	0.412466854951586	0.302241212736017	NA	NA	NA	NA	NA	NA	NA	NA	NA	NA	NA	NA	0.313059096782335	NA	NA	NA	NA	0.16863212227716	0.466088573854569
NA	0.596369120620834	0.434059502660536	0.587116904850954	0.695130430509908	0.444314813060612	NA	0.683017847939971	0.868346409338008	0.415743291210722	1.24860421903966	0.784581347052747	NA	NA	NA	NA	1.13554399884936	1.06313351221295	0.465661074606061	NA	NA	NA	NA	NA	NA	NA	0.990948698441875	0.672460713675131	0.576788121704409	0.20789517369587	NA	NA	0.321858378840227	0.33897075277616	0.440687681725637	0.430696051255871	NA	0.45703097456594	0.27653743543122	0.310895027095171
1.25429200269115	0.894510148982899	NA	NA	NA	NA	NA	0.790124429167253	0.563399811639607	NA	1.36945693196247	NA	NA	0.944765164441609	1.32384723598068	NA	NA	0.825424482102702	0.965309922615069	0.836704685050923	1.06093596192041	0.358819363156293	NA	NA	NA	NA	NA	NA	1.12288456874233	NA	NA	1.01192790532797	0.679076677139713	1.19736001173265	0.935578120222811	0.462223744166374	NA	1.12625998838826	NA	1.59659860148301
NA	NA	NA	NA	NA	1.16731329896395	NA	1.07051338068797	NA	1.2649314419895	1.12467030637067	NA	NA	1.23873889802809	NA	NA	NA	NA	NA	NA	NA	NA	0.459829731066085	0.396505517665124	NA	NA	0.319842250892713	NA	NA	NA	NA	NA	1.03874546807143	NA	0.319833671076643	NA	NA	NA	NA	NA
0.851520533207322	NA	NA	NA	0.730952424108266	NA	NA	1.12677664915005	NA	NA	NA	1.1902046196596	NA	NA	NA	NA	0.575332446005171	0.725280675305479	NA	0.320385751873932	0.215940266924168	NA	NA	NA	NA	NA	NA	NA	NA	NA	NA	NA	0.469114942642303	NA	NA	NA	NA	NA	NA	NA
NA	NA	NA	NA	NA	NA	NA	NA	NA	NA	NA	NA	NA	NA	NA	NA	NA	NA	NA	NA	NA	NA	NA	NA	NA	NA	NA	NA	NA	NA	NA	NA	NA	NA	NA	NA	NA	NA	NA	NA
NA	1.81445979734728	1.72462971123275	1.69230793843834	1.78458906996933	1.29276655806085	1.72350343188508	0.812218872224031	1.26573200380496	NA	0.956020521252772	1.41309384674889	0.705338149057232	1.68697365676397	1.13337125250776	1.43715464892735	1.30580937427413	1.50289555507087	NA	1.42802166934833	1.85664916881645	NA	1.26690924398103	1.0281686507918	0.329550443799626	0.397196999345164	0.439876009038142	0.429053359796922	1.01194399864257	0.552319793342278	0.505600093582726	0.46845153002036	0.42720299076544	0.674724251411904	0.31900372750952	0.298377793709378	NA	1.15291825936142	0.931619618064526	1.05626670411395
NA	NA	NA	1.71513005136772	NA	2.02848087538958	NA	1.03600754767896	1.18247918422878	1.88317566676075	1.82367147999774	0.912407522341954	NA	0.894488957299053	0.685304719147919	NA	NA	NA	1.33187940470411	NA	NA	1.13585884639274	1.13194068791261	1.7495064721779	1.31566694720795	1.48494036693816	NA	NA	1.12818869960614	0.856955556665454	0.657857805973444	NA	1.2140478731552	0.935050180030484	0.383121302476689	NA	NA	0.441980530247589	0.485723419383681	NA
1.90755502439895	NA	NA	1.47343757291045	1.294064588325	NA	1.92526192659816	1.38783442822001	1.5136922583387	NA	1.21043359691961	1.69336374026123	1.1636317488958	1.36602116514275	0.719186858583644	1.28524367337167	0.426208828298346	0.726562965367214	1.16584788896666	1.41715558171796	1.13819874000402	0.621374373398201	0.479813448621018	NA	0.956144430226312	1.2552358200564	0.395715587598124	0.397510789014058	0.77729421737887	0.314597893158492	0.56556718131247	0.578669387373284	0.387712729813336	0.482490988632882	0.581531305658774	0.509025312155962	NA	0.48570787741787	1.00068622096462	NA
NA	NA	NA	1.03356895211111	NA	0.966199986562787	1.97888444797102	0.859264175073083	0.451978970393313	1.22831336805737	1.43914770683988	1.34924865840295	1.63071123279594	1.00700624441355	0.965546230720543	0.678849090728143	0.681830798578531	1.20867761017448	NA	1.18661444340708	1.12195937382647	1.20012701351175	1.19164590012499	1.1177326016157	NA	NA	NA	NA	1.18515186975679	NA	0.96885967166501	0.530653804100499	0.646524356999495	0.112019534109043	0.861430436559156	0.595191562260845	NA	0.404315936473075	0.263024387703668	0.612151356578776
1.72479283870564	NA	1.0041544800996	NA	NA	1.48752124700534	1.77203012107977	1.34175485300607	1.76178284999333	1.22877210747249	1.51479513017978	NA	NA	2.1523287088786	2.0537636379369	NA	NA	NA	1.77348771298753	1.62335665559545	1.56121705187102	1.76625243444486	1.28446779404896	1.35903607936705	NA	1.01768642359699	1.63162161075924	1.42990141765238	1.37233794517338	1.4574125272404	NA	1.66299992330811	NA	NA	1.89416744867337	1.72829284783417	NA	1.07185353874794	1.14846142426845	NA
NA	NA	NA	NA	NA	NA	NA	NA	NA	NA	NA	NA	NA	NA	NA	NA	NA	NA	NA	NA	NA	NA	NA	NA	NA	NA	NA	NA	NA	NA	NA	NA	NA	NA	NA	NA	NA	NA	NA	NA
NA	1.52694810944406	1.51862429413057	1.04932823936615	1.30727211079282	1.16502992487282	0.609628211921469	NA	0.532598601676883	1.00601340959863	0.56458411591964	0.885047767789796	0.294353908859065	1.28221227735067	1.09515120521133	0.215349381347073	1.58769902555719	0.691179959985305	0.601691382263681	0.525494558904213	2.12927598300547	NA	NA	NA	0.262713673010522	0.429723273938821	NA	NA	1.70175304445026	NA	0.461234830653345	0.573907781475733	0.865050361768649	0.453774080206222	NA	NA	NA	1.38628992326884	NA	NA
1.3589306596593	0.478561142467921	0.639385374739936	0.653628540002864	0.54397915787573	NA	0.387962018705119	0.651942604382002	0.651584380592124	0.625211021776165	0.332358644879907	NA	NA	0.660671149598194	0.597750575026834	0.237466250857609	0.20619187472234	0.24480557648043	0.165520730658574	0.665153635757519	0.468177341072064	0.949809069075751	1.13396846882839	1.14956402997439	1.76999753035343	NA	NA	NA	NA	NA	NA	1.36883978792743	NA	NA	0.862016220752559	0.922937698052662	NA	1.10446938231879	0.849449837796556	0.451376511872914
0.717734308158981	0.743160693514439	0.590656474741963	0.352088538643903	NA	NA	1.00047470547668	1.1254559441621	0.738380224168647	0.685398015980519	NA	0.846929027197163	0.523093451341587	0.392969639341844	0.811710579998793	0.423205224754792	0.639099548428403	0.519911432425971	NA	1.11842182946865	0.766857225659584	0.363011214537201	0.567118365080495	0.495259432351091	0.481757760285736	0.684323869921302	NA	NA	0.505228038858256	NA	NA	0.16968617363273	NA	NA	NA	NA	NA	0.0575752365573516	NA	0.304930359246214
NA	NA	1.43506737117579	NA	1.30669692163256	1.11206843341201	1.33254110223039	1.1464403014926	1.49073173310888	NA	1.4733901432934	1.54778396831124	NA	2.30838602789013	1.973367654766	1.83594141469813	NA	1.26570740578565	NA	1.15814299298003	NA	NA	NA	0.528503231576008	NA	0.677999297955906	0.304311403051361	NA	0.120374385534989	NA	NA	0.15760568890999	NA	NA	NA	0.309335557911273	NA	NA	0.598457650698833	0.765916762129296
NA	NA	0.830993877241911	1.30318143400349	0.922129111521175	1.18602404602027	1.57458128751566	0.859393242695669	0.83099895931313	0.974394252657236	1.67304752316008	2.00005802127269	0.474572478273521	0.562256787369078	2.45401821590471	NA	NA	0.851063912356813	1.56435504238713	0.903748903298778	NA	NA	1.74295467421105	1.55419170137184	NA	NA	NA	2.47788286701184	2.43957457426094	0.497436604688853	NA	2.12772348422699	0.965981360295855	2.57407110663664	0.736255695156664	2.51117893433939	NA	0.701252407222979	0.818201730207907	2.49401258038092
NA	NA	NA	NA	NA	NA	NA	NA	NA	NA	NA	NA	NA	NA	NA	NA	NA	NA	NA	NA	NA	NA	NA	NA	NA	NA	NA	NA	NA	NA	NA	NA	NA	NA	NA	NA	NA	NA	NA	NA
NA	NA	NA	NA	NA	0.503422221767465	NA	0.476095189512225	1.39338216809701	2.04500590503787	0.382344270282029	0.652193210076524	0.331555935424307	0.69110027461603	0.536510578885447	0.495001351674556	0.362156164945457	0.592045638952587	0.44342053616449	0.546799118361982	1.05315849598461	2.13929225357626	2.08223405991657	1.3997110015778	0.852982276854576	0.226880624280859	0.560140018323554	0.552544375954432	NA	1.3976893072651	0.870254057230713	0.152449723286834	NA	NA	1.65325012199475	1.69128594511424	NA	0.871372803068281	0.62655854375089	0.724209241313693
NA	1.27545585006695	1.16104883175645	NA	0.911431249544059	NA	NA	NA	1.26637457070388	0.871228261119773	0.907219551124582	0.870760540435688	NA	NA	NA	0.524798641294431	0.677983717410714	NA	0.475545423180648	0.803949857033988	1.28787479507778	NA	0.235784034435677	0.259983429976227	NA	0.385309494155013	0.430440744385767	0.561427022947852	NA	0.635918718865856	0.706184732910983	0.612873107157425	0.446541063703347	NA	0.15495822496545	0.10544222825568	NA	NA	NA	0.397842818974852
NA	NA	NA	NA	NA	NA	NA	NA	1.81196672156721	1.69473162503266	NA	NA	NA	1.57720533317401	1.36889842847359	1.03279369839191	1.03845004008783	1.84228397615875	NA	1.47900313914275	NA	NA	1.82122434158186	1.84573670800121	NA	NA	0.929611107853566	1.71153548971765	NA	NA	NA	1.0494500601041	1.06880596542296	1.27059326061765	0.581927392880244	0.555849951636647	NA	1.30691800208417	1.38009994195576	1.3068727993475
NA	NA	0.766188093261987	NA	0.702870930758777	0.374311348293314	0.329471887869459	NA	0.254314601998004	NA	NA	NA	NA	1.46961494932511	0.977778116712242	NA	NA	NA	0.501668731558654	0.274040698037864	0.907930080600096	0.999761625565477	NA	0.819465785675323	0.1515088865757	NA	NA	NA	1.10253678705109	0.382471725029857	NA	NA	0.878565038873336	NA	NA	1.40875040244785	NA	0.701895377137067	0.504063604016225	0.469183235177251
1.04770053176996	2.03376300154644	2.31350400885049	NA	0.380258345999429	0.734595711016982	0.747343149615145	0.49534747272587	1.96701529918647	1.01108948252305	1.95868822472991	1.48564510751995	NA	0.912444321635734	0.696923402287205	NA	0.930297083188444	0.907202088245496	1.25223206115023	0.834915190805962	0.699989213349528	NA	0.597146846528865	1.16750567422816	0.585549042304772	0.737523390645678	NA	0.441156401644599	0.532791280094062	0.619121239548923	0.589186239079644	0.564754365309822	1.27520546358425	0.892696100845373	NA	1.07587020151116	NA	0.363554083331729	1.04406486518379	0.88327355468513
NA	NA	2.21626769306943	NA	NA	1.7748119574018	2.35062317553431	NA	NA	1.62654204329139	NA	1.73060581120751	1.57254615390935	NA	2.14349953452909	1.36622033678626	1.29132979470919	NA	NA	1.11259008810347	NA	1.50520007394072	2.35874276727724	1.26897982469474	1.22034491021338	2.13087399225889	NA	NA	0.572728715116501	0.627391388153481	2.11745298910784	0.463711076414662	0.948135463644849	1.71718299002107	0.117581616770419	0.380789887599158	NA	1.35823827995661	1.13370796733227	0.180203247634769
1.18320083795403	1.22614717121376	1.1723557367859	1.26654396180189	1.11457962319966	0.991690256566506	NA	0.881928430333344	1.41028661918063	1.44059233404967	NA	1.91920813150919	1.84015873660299	NA	NA	1.63512278054827	NA	1.76819013355974	1.78220643331968	1.42374637460615	1.20044214825123	0.826103762745604	0.764523893883802	NA	1.24445657985005	0.926670006825989	NA	1.10529568278765	1.66496058850928	1.32064466773835	1.04148325275246	NA	NA	0.463820913674346	0.832497566578877	NA	NA	0.755187827257023	NA	0.600043484281526
NA	NA	NA	NA	NA	NA	NA	NA	NA	NA	NA	NA	NA	NA	NA	NA	NA	NA	NA	NA	NA	NA	NA	NA	NA	NA	NA	NA	NA	NA	NA	NA	NA	NA	NA	NA	NA	NA	NA	NA
0.794073884125928	1.05886923645641	0.885519925210087	1.36256464978354	NA	1.0530038814519	1.05391300387795	0.977426449941684	0.883498949610529	0.914729866747751	0.630774404258693	0.872938601541899	0.888406615021065	0.914005504752249	0.807436566498673	0.899579453098011	0.952626684451866	NA	1.11179392843113	0.815634821263479	NA	NA	0.893404216976747	NA	NA	NA	NA	0.843625501157488	0.921429548387458	0.811894699000879	0.967875657860423	0.964817809780752	0.75640038444795	0.646438108950716	0.336917545723911	0.400095012246976	NA	0.400202299794531	0.723519779374352	0.8087954746458
0.731892186010621	0.72009184106081	0.678904826533704	0.884727276283417	0.760535906293565	0.715363937323266	NA	0.553347104055039	0.642212166536603	0.672811790675749	0.868206361374443	0.970648123558722	NA	1.16319071953987	1.10672956345885	1.44005732047803	1.5545397739866	1.13849163796356	0.867808231511222	0.596474477853193	0.200344159387441	0.447614094988314	0.665476608019445	0.879828677280182	NA	NA	NA	0.6224606117479	NA	NA	NA	NA	NA	0.457698376868327	NA	0.176817094847026	NA	NA	0.135744880337618	0.130563728550984
1.32179673149743	NA	NA	1.46925826485886	NA	1.12641441587765	0.653467365220959	0.844057851762014	1.44060594468561	1.30881227316078	1.22502509349239	1.40528265879801	NA	0.678758976894088	NA	0.949859129460852	0.490170366337527	0.645017589017652	NA	0.552219160816882	1.00554805172681	1.46548971366791	1.73112741915127	1.34033912616325	1.26827384865871	1.085818821479	NA	NA	0.213723813639435	NA	NA	NA	NA	1.41587007557026	NA	1.38100360153342	NA	0.897561011538745	0.720003020572819	NA
NA	1.00852272657575	NA	0.863942994983131	NA	0.77326581515875	0.553869508221393	NA	0.400665750123902	NA	0.215261660696838	NA	NA	0.338871224927359	0.334689975220722	NA	0.655067822946402	0.458556301852378	0.283743777398899	0.481443712123523	0.543736329952058	0.470648459388514	NA	0.559063164153484	0.978286988150226	0.792149446691805	NA	0.586319777823398	NA	NA	0.536408509843161	0.804519141047355	0.549513134478748	0.438913652390429	1.38215480006026	NA	NA	1.06793079453679	0.712550836816197	NA
NA	NA	1.36981638370806	1.21596028595106	1.18905720019976	NA	0.647865759965416	0.683262104417165	0.682265399017322	1.29814600358166	1.29004632251628	NA	NA	0.860903942165366	1.07807322654424	NA	0.999261393396459	0.837615629385927	1.1818228399157	0.565360857478189	0.850542662138055	NA	NA	0.152693574660432	NA	0.335155869531702	NA	0.33805244420004	0.318753260717168	0.299786426915757	NA	0.220319883853684	0.402170274058373	NA	0.384047044765471	0.946584033310968	NA	NA	0.592700933763656	NA
NA	NA	NA	NA	NA	NA	NA	NA	NA	NA	NA	NA	NA	NA	NA	NA	NA	NA	NA	NA	NA	NA	NA	NA	NA	NA	NA	NA	NA	NA	NA	NA	NA	NA	NA	NA	NA	NA	NA	NA
NA	NA	0.816126547430693	NA	NA	1.37047540987594	1.03290327020183	NA	NA	NA	0.520428245615832	NA	NA	NA	NA	1.25860988385694	NA	NA	NA	NA	0.742582947992721	0.357946330488315	0.427989509055868	0.95615890890178	NA	NA	0.882787883092614	NA	NA	NA	NA	0.764379493828298	NA	NA	0.0378104076821517	0.40397974150032	NA	0.233436370258685	0.759534328624797	0.280861180147628
1.02910950760769	0.8532625036899	NA	NA	0.963618052051153	1.38477936816155	1.28787032472235	NA	1.35300646625032	NA	1.35850734970782	1.51545284611248	1.20785007332842	1.3558093013689	NA	1.57255214040351	NA	1.41596081272569	1.24253664825283	1.2023192170067	1.27307222168613	1.28116802712688	NA	0.711624123110678	0.943708141029443	NA	NA	0.579133604658086	0.786292752601845	0.578735135249669	NA	NA	0.414655946238084	0.403603020561097	0.317037171686679	0.136843665967951	NA	0.389952093545458	0.230324389483407	0.296632953835866
0.473766431106437	1.08595457881109	1.07614536275451	NA	1.34192140909727	1.13432929090789	1.23221400450776	1.52809109291762	NA	NA	1.46275530991136	1.42362333625212	NA	NA	1.38106526371791	1.09363074110433	NA	NA	1.09321679263284	NA	1.5025591844875	NA	NA	1.32226260837166	1.23975420975962	1.58180367640939	1.09905470995358	0.766487135910889	NA	0.769787353748219	1.0498345754601	0.87290535122824	0.85736491694874	0.350528503282544	0.446300444477092	0.0526616666254881	NA	0.292621877650839	0.430140609596762	NA
NA	NA	NA	NA	1.21947769733811	1.25839422098883	NA	0.849970452448301	1.10372550840975	NA	0.929851593148492	0.752074667353171	1.46917134299101	0.91845058113953	0.69385838891097	NA	0.536577082775268	0.587292083762677	0.875709012550277	0.945731696876296	NA	1.2185563191157	1.09284644818317	0.498256012851884	0.714706052223286	NA	NA	0.63407404393159	0.78560410958084	0.209517066720625	0.353047703448512	NA	0.651939085578276	0.456354280354684	0.632228061508209	0.434388171908265	NA	0.301329615910492	0.125172922871501	0.290520455855856
1.36783139031322	NA	1.53491077869411	1.86942385176184	1.55943718193694	1.61453430119563	NA	NA	NA	NA	NA	NA	NA	NA	0.983033285211837	0.842073352432316	0.792357550253569	1.13779786358129	NA	0.662797423572064	1.31066210414593	1.43379597844856	NA	1.64666058053926	2.08279227682622	1.64607746740704	NA	NA	NA	NA	1.52089613581853	1.95125429101991	1.67441438782372	2.08601373658977	1.6738912002266	NA	NA	2.02945087203595	1.99951593492615	1.86608307508843
NA	NA	NA	NA	0.680286014870769	0.588331912429854	0.912833916812504	0.822608399960822	0.735548833285059	NA	0.423735789430072	NA	1.07872494372813	0.830384160538549	NA	0.573475944602572	0.298801509699646	0.510837672682782	NA	NA	0.366511769507963	0.401636443611396	0.508319289030003	NA	NA	NA	NA	0.304639431943245	0.732018914523118	0.332609348111835	NA	0.475246343210018	0.406999234717545	0.331746021631251	NA	0.199459901065892	NA	0.340043774530517	NA	NA
NA	NA	NA	NA	NA	NA	NA	NA	NA	NA	NA	NA	NA	NA	NA	NA	NA	NA	NA	NA	NA	NA	NA	NA	NA	NA	NA	NA	NA	NA	NA	NA	NA	NA	NA	NA	NA	NA	NA	NA
NA	NA	NA	NA	NA	NA	NA	NA	NA	NA	NA	NA	NA	NA	NA	NA	NA	NA	NA	NA	NA	NA	NA	NA	NA	NA	NA	NA	NA	NA	NA	NA	NA	NA	NA	NA	NA	NA	NA	NA
NA	NA	NA	NA	NA	NA	NA	NA	NA	NA	NA	NA	NA	NA	NA	NA	NA	NA	NA	NA	NA	NA	NA	NA	NA	NA	NA	NA	NA	NA	NA	NA	NA	NA	NA	NA	NA	NA	NA	NA
NA	NA	NA	NA	NA	NA	NA	NA	NA	NA	NA	NA	NA	NA	NA	NA	NA	NA	NA	NA	NA	NA	NA	NA	NA	NA	NA	NA	NA	NA	NA	NA	NA	NA	NA	NA	NA	NA	NA	NA
0.855894032854618	NA	NA	NA	NA	NA	0.29023247905177	NA	NA	NA	NA	NA	1.98508932336357	NA	NA	NA	NA	NA	NA	NA	NA	NA	1.10790676562214	1.26595685027535	0.825265721783202	0.971883813009379	0.734007562903547	0.751107936995915	1.14082883248414	0.983506319429311	0.81365522888556	0.686530315211368	0.684805676833673	0.659876073151689	0.902119319984489	1.11866395139982	NA	0.725602864976697	1.23440609092263	0.977751017870981
NA	NA	NA	NA	NA	NA	NA	NA	NA	NA	NA	NA	NA	NA	NA	NA	NA	0.826379241251794	NA	NA	0.277537649700946	0.491847744342245	NA	0.096483809423269	0.429544034221779	NA	0.49298805590447	NA	NA	NA	NA	0.516639100328168	0.516435663591129	0.705463096324449	0.596172141417415	0.605096601581346	NA	0.347156615536763	NA	NA
0.508899762821963	1.32267670071172	1.21087559545595	1.23983830131786	0.70191995967402	NA	0.726041008589299	0.474536479477409	0.35180760780948	0.097433887507113	0.908090916197347	NA	NA	0.211362109289719	0.169467612555546	0.598951023431014	NA	NA	0.436182977145832	0.452261598309867	0.390125354260338	NA	0.63898566284475	NA	0.698125074966937	NA	NA	NA	NA	NA	NA	NA	NA	NA	NA	0.639985809299663	NA	1.52904895337605	NA	NA
1.61118171665703	1.24576896569528	NA	NA	2.04126016068489	1.36868439268646	1.60001101232587	NA	1.2173252710003	1.87418425893197	1.44290588495247	1.31705089724293	1.62917486307396	NA	2.11550651960284	1.63971200398459	0.789195695825933	1.79424235256623	0.649421773715563	1.89028438703905	1.78606094390906	NA	1.63890548592211	1.4996834778436	NA	1.70211010049467	NA	0.673853467949655	NA	NA	NA	1.00099888510641	NA	0.850542372138772	0.564771489760291	0.532657823864656	NA	0.479298983717625	0.21446427184507	0.935770651216234
NA	NA	NA	NA	NA	NA	NA	NA	NA	NA	NA	NA	NA	NA	NA	NA	NA	NA	NA	NA	NA	NA	NA	NA	NA	NA	NA	NA	NA	NA	NA	NA	NA	NA	NA	NA	NA	NA	NA	NA
NA	2.05252905541567	1.84976843539201	1.88762103498394	1.7795697858163	1.74538165508768	1.66258923491089	1.77817080904499	NA	1.64726812325599	1.82826920715791	2.48390917984999	NA	2.44925011632067	NA	NA	2.29076640281978	NA	1.32198410540983	1.4248183953144	1.68535064865226	1.21006611187947	1.21984108050649	1.63071247672466	1.40701146881184	1.83557817397069	NA	NA	NA	0.989684530637678	NA	0.749552434392975	NA	NA	0.791351820376495	NA	NA	NA	0.410479160236913	NA
NA	NA	1.23802538758398	NA	NA	1.18115363280467	1.64285289415912	NA	NA	1.57263552692435	1.12528327656774	1.29256293553806	NA	NA	NA	NA	0.983466765566587	NA	NA	0.989394003537014	0.69950233470935	0.887063358485894	0.955433043068377	NA	NA	1.71058434421585	NA	NA	NA	NA	NA	NA	NA	NA	0.535222208502887	NA	NA	NA	0.380377780939965	0.6305535146481
0.988839910330238	NA	0.985337697001724	NA	1.11645715508343	NA	NA	1.19586851695795	1.34692211985478	NA	1.51232391499533	1.73025066899471	NA	0.929448076957782	1.07416513894152	1.01302597193884	NA	0.846667624172669	2.14066458284608	0.978710310714963	0.399431693894995	0.559227912535902	NA	2.01027144079825	1.06463769568496	2.02309105782667	1.72759972445637	2.15953398779699	0.838187213001684	NA	0.501874858095553	0.684483829691161	1.97502892585327	1.94227646087892	0.265197851139364	1.99258147768568	NA	2.15205651109694	0.856459608237077	NA
NA	NA	NA	NA	NA	NA	NA	NA	NA	NA	NA	NA	NA	NA	NA	NA	NA	NA	NA	NA	NA	NA	NA	NA	NA	NA	NA	NA	NA	NA	NA	NA	NA	NA	NA	NA	NA	NA	NA	NA
NA	NA	NA	NA	NA	NA	NA	NA	NA	NA	NA	NA	NA	NA	NA	NA	NA	NA	NA	NA	NA	NA	NA	NA	NA	NA	NA	NA	NA	NA	NA	NA	NA	NA	NA	NA	NA	NA	NA	NA
NA	NA	NA	NA	NA	0.829633472063471	NA	1.18354872879081	0.847750893621173	NA	NA	0.941243747784695	NA	1.24894578044149	NA	0.650438290293219	0.796844736984268	NA	NA	NA	NA	NA	NA	NA	0.478703740668288	0.279254479800657	2.31701496354693	0.597002970549801	0.527526344822904	0.677850975529997	NA	NA	NA	0.811494097738605	1.30362210992409	NA	NA	NA	NA	NA
NA	NA	NA	NA	NA	NA	NA	NA	NA	NA	NA	NA	NA	NA	NA	NA	NA	NA	NA	NA	NA	NA	NA	NA	NA	NA	NA	NA	NA	NA	NA	NA	NA	NA	NA	NA	NA	NA	NA	NA
1.63876874154294	0.142214348859206	NA	NA	1.81285493549239	0.548042072195957	0.302621853800105	0.675278868130432	0.529976668944654	0.88027361429866	NA	NA	NA	0.651654132103206	0.542739240245345	NA	NA	0.42362262399532	0.735484282936896	0.565386625299498	0.581200996341376	0.258225920514452	0.518267341717312	0.079434012610275	NA	NA	NA	NA	NA	NA	NA	0.413749740241999	NA	NA	NA	NA	NA	0.141163070475145	0.860793381423136	NA
NA	NA	NA	NA	NA	NA	NA	NA	NA	NA	NA	NA	NA	NA	NA	NA	NA	NA	NA	NA	NA	NA	NA	NA	NA	NA	NA	NA	NA	0.720442597753474	0.584737839026866	NA	NA	1.19121668772967	1.31261902376542	0.516520042850291	NA	NA	0.999289194015278	1.88723504035753
1.4065647230322	1.04249381410517	NA	NA	NA	NA	1.24763704956267	0.910203614844601	0.884966477618737	0.932779048825062	0.902509159264799	1.3156991576639	NA	NA	0.885575363960545	1.08176843779606	1.00742580032094	1.1306983435984	0.930468808165869	NA	0.520041875406485	0.372507533877983	NA	0.365682897538367	NA	0.691885799253676	0.285543367953678	0.944077774420025	0.361516227859321	NA	0.573923825757157	0.847897891960774	0.336199407626011	NA	0.56353948276651	NA	NA	0.314628332387257	0.308082829912641	0.420288580774041
NA	NA	NA	NA	NA	NA	NA	NA	NA	NA	NA	NA	NA	NA	NA	NA	NA	NA	NA	NA	NA	NA	NA	NA	NA	NA	NA	NA	NA	NA	NA	NA	NA	NA	NA	NA	NA	NA	NA	NA
NA	NA	1.59177585781897	0.665657606935148	0.195022987322743	1.18906569235319	1.37733557391017	0.834101414362557	0.903666310417939	NA	1.9406791697594	NA	1.44662946684212	1.9636805596617	1.42068000347624	NA	NA	0.905010529820578	1.52035484446475	1.35324553140193	NA	NA	NA	1.61043561113777	1.88339302470981	0.750300246371738	1.11740288232205	NA	NA	NA	1.42029652387963	NA	1.55125608013494	1.47020499365909	1.27385648520985	1.71329509237144	NA	1.80975670994867	2.01371522598556	0.469745750293055
NA	NA	NA	NA	NA	NA	NA	NA	NA	NA	NA	NA	NA	NA	NA	NA	NA	NA	NA	NA	NA	NA	NA	NA	NA	NA	NA	NA	NA	NA	NA	NA	NA	NA	NA	NA	NA	NA	NA	NA
NA	NA	0.713198545057621	0.800121824077399	NA	0.776430321027597	0.87283827833617	0.546252481615832	0.770479746249287	0.949531701861929	0.545295484743304	NA	NA	1.12194013329568	1.0379122732099	1.18578338360246	0.873841506286578	0.628757892642535	0.685393646074429	0.617847391658985	0.51557256370716	0.438150419619979	0.957727506659076	0.603327247085738	0.569420567616762	0.53902831542643	0.894263796526033	NA	NA	0.324448728155111	0.380176186556345	NA	1.47541866816001	0.808925511064188	1.07376627741872	0.20973815875365	NA	0.458701465641875	NA	0.747624530497988
NA	NA	NA	NA	NA	NA	NA	NA	NA	NA	NA	2.13785003825755	NA	NA	1.22713121811007	NA	1.44965617379906	NA	NA	NA	NA	NA	NA	NA	NA	NA	2.27004903213996	NA	0.695509723546741	1.46825407978879	NA	NA	NA	NA	NA	0.152580331624017	NA	NA	NA	NA
NA	NA	NA	NA	NA	NA	NA	NA	NA	NA	NA	NA	NA	NA	NA	NA	NA	NA	NA	NA	NA	NA	NA	NA	NA	NA	NA	NA	NA	NA	NA	NA	NA	NA	NA	NA	NA	NA	NA	NA
NA	NA	NA	NA	NA	NA	NA	NA	NA	NA	NA	NA	NA	NA	NA	NA	NA	NA	NA	NA	NA	NA	NA	NA	NA	NA	NA	NA	NA	NA	NA	NA	NA	NA	NA	NA	NA	NA	NA	NA
2.67832413345918	NA	2.57422284533918	1.88316286485523	1.99051985915361	1.59643637265461	2.02879244644776	NA	NA	1.3306976788065	1.46227690241429	1.39465358442549	1.55478368154501	NA	1.7993949278506	NA	2.01022871282328	2.07158920878038	1.49755940389829	2.32349880325779	1.38673365036454	1.75652189832849	1.36067379827768	1.19231853560665	1.94593612681603	0.621323627817383	1.67430368967471	1.32942247891455	1.57617913132339	2.26281763274318	0.618944521747378	1.40424971140579	1.57046424523843	1.67499116933089	0.431882043161902	0.357797502357383	NA	1.52847975256142	0.382090502607939	0.123973272587105
2.5523057691922	1.95322590037177	NA	1.35947510990642	NA	2.21746348256825	1.98925656518479	1.78452876860304	2.12780909033039	1.62049254935927	2.05773055337528	NA	2.0088843884747	2.18439455702515	NA	1.86871797788029	1.78043604935809	NA	2.28541922503468	NA	NA	1.28699554347968	1.5345589382904	1.34567495096598	1.29561489217778	1.41274274877249	0.950073938238367	1.24083534297761	NA	NA	NA	0.874200160089513	0.505956127557545	0.46252893178874	0.305549403914551	0.14257674147026	NA	NA	0.192079591086424	0.46198535081244
NA	NA	1.09279450332955	NA	NA	NA	NA	1.18024895921602	NA	NA	NA	0.875425990908274	0.533470076556859	0.504803964460848	NA	NA	NA	NA	NA	0.719861194862543	1.39836915695974	0.599997128412949	0.784424204169048	0.676308539199605	0.671696541633348	NA	0.457300052000959	0.541278000387597	0.359654612276863	0.53854413299938	NA	NA	0.818905316775061	NA	0.317235086268681	0.371636349322347	NA	NA	0.237974468026475	0.502339438946917
NA	1.50943484684064	1.73441405843627	1.59491635495751	NA	NA	1.47303815711965	NA	NA	1.31785754039699	1.89300666275577	1.1409595480143	NA	NA	1.20919525483219	NA	0.964899640194822	1.00887805663072	NA	1.35335986411829	NA	1.45015211115507	NA	1.20235028568372	1.68793861577638	1.64890268320936	1.33891677268449	1.17179147308129	0.400494058670398	0.6683839659337	NA	0.900723463028632	0.54768315553361	0.407582851909592	0.75407134597329	0.25316064533038	NA	1.44550501876355	1.34867535882172	1.64161416827141
2.07579416798567	2.8244476582498	2.80885514502256	NA	2.42912832762036	2.16022765110622	NA	NA	2.19280592103103	1.825396168058	NA	NA	NA	NA	1.916594923806	NA	2.64238793086154	2.12863045101343	NA	NA	1.45677371914189	1.51980070365363	NA	1.39398599058134	1.06719892551081	NA	NA	NA	1.24438326012695	1.38217558769143	1.88251203199316	NA	1.66490054024224	1.53207600433213	1.29686304436452	NA	NA	1.68820089330833	1.99015164367987	2.16708389526965
NA	NA	0.834897134844913	NA	NA	0.465682452712125	NA	NA	NA	NA	0.795478998935143	0.42157572337774	NA	NA	NA	NA	NA	0.604013770729999	0.391316337268216	NA	0.167358441411841	NA	NA	NA	NA	NA	NA	0.902864871915448	0.592881064606027	NA	NA	0.245067395864885	0.638726731994414	NA	NA	NA	NA	NA	0.32204277253489	0.380660480166369
NA	0.424855121888832	0.411081931705395	NA	0.984902491679405	1.18634023980175	0.666524292625175	1.40192517451509	1.18357912271204	0.766419138247989	0.830730382522515	0.703826823897783	NA	1.77533108327585	0.547268317193565	0.608274194577056	0.226263220779185	0.732310296177933	0.938392972415267	0.184193954199893	1.08520136366714	NA	0.551789350883663	1.5605552725787	1.69297808548657	1.31353659512788	1.31572776709673	0.506650310373974	0.500712223219893	1.66257611415199	1.96101177926946	1.39584943016836	1.79185512746336	NA	NA	0.230905745761851	NA	NA	1.2129364238553	0.724912979677897
NA	0.841865284687354	NA	NA	NA	NA	0.86212891022529	NA	NA	NA	1.33669216701629	0.778104289225523	0.931296046184941	1.18471053915977	NA	NA	0.997734478442921	NA	NA	NA	NA	1.18299217393164	NA	NA	NA	NA	NA	NA	NA	1.86864831796636	NA	NA	NA	NA	1.75194745216638	NA	NA	1.14216809448665	1.52422477272196	NA
0.966497521809743	NA	1.18744478572939	1.25308673410046	0.979083832117566	0.655079277024914	0.633123496113475	0.594014853216753	0.659871384389257	0.377174564987115	0.621856203500977	0.54842416860984	0.555426915983585	1.11995697580133	0.731802803817595	0.861189523953498	0.275840376970733	0.852148877217569	0.578988996976436	0.405739572184837	0.1986070624422	0.501938045501279	0.484422276005094	0.389326955017482	0.422661061730641	0.544719420193866	0.459849906597951	0.795119515475343	0.423569146811996	0.468292316211878	0.274974817680288	0.757181248748369	0.146510674369677	0.367659436234243	0.867619651770024	0.698758652639708	NA	0.063803252641359	0.232664443115206	0.387922670966923
NA	NA	0.413093743028288	0.474878452527409	NA	0.365848787455735	NA	NA	0.909121073018064	0.566735578457424	0.613368184360403	0.996243004399046	NA	0.823825797649002	0.664856439329444	0.673785162284519	0.516360445867721	0.448326210824935	NA	0.515157882656076	0.250085159692875	0.271824579756111	NA	NA	NA	NA	NA	NA	NA	NA	NA	1.15230161612227	0.998475400536208	NA	1.0939713886972	0.718608573661475	NA	NA	0.767007806432585	NA
NA	NA	NA	NA	NA	NA	NA	NA	NA	1.55157441554161	1.12992211669561	NA	NA	0.55327083180689	NA	NA	NA	NA	NA	NA	1.25629050024119	NA	NA	1.1970020403922	NA	0.78478978031542	NA	NA	0.535569413346789	NA	NA	0.420122246732884	0.385113406781857	0.421985595598269	0.483430420078621	0.226354903747365	NA	NA	0.546566283145455	0.896454652604762
NA	0.789944380897956	0.90779237410401	NA	NA	0.870798424690659	NA	0.952204994518464	0.928902344051791	NA	NA	NA	1.06176743678019	NA	NA	NA	0.847436266982576	1.224991303848	1.00633193987417	1.10228116239867	0.695002687181841	0.407767664167355	NA	NA	0.134750000464202	NA	NA	0.600615882917371	0.832673564079049	1.11382868513422	NA	NA	0.269816895659958	0.346642703265973	0.247270723016708	NA	NA	NA	1.24197694147976	NA
0.860253891078355	NA	1.24163278388279	NA	1.23324832480462	NA	1.38781392016673	1.19621010500779	NA	NA	NA	1.27341637864529	NA	1.06981581105654	1.16845794026958	NA	0.802561269735077	0.861384381123782	NA	0.783281052614405	0.533028692512733	1.10057890355661	1.11096142874932	NA	NA	0.753607736574975	0.51407314345316	NA	NA	NA	0.896329966192931	NA	NA	NA	0.377292486559522	NA	NA	0.579280822131458	0.512913163796074	0.577428728862082
0.718988161900015	NA	0.666177346936965	NA	NA	NA	NA	0.602333631792232	0.714973826929237	0.581763903475318	0.495820239858175	1.45364244170273	0.73262979496242	0.637436816089963	0.51056895742252	NA	NA	0.528629714184389	NA	NA	NA	NA	0.51716829650219	0.608913127464932	0.853560426644933	NA	0.527428405037368	NA	NA	0.632110839906839	NA	0.461657445106179	0.643966297823046	0.669827546507604	0.458379538164223	NA	NA	0.323425559570922	NA	NA
1.02794042438243	NA	NA	NA	NA	NA	NA	NA	NA	NA	NA	NA	NA	NA	NA	0.801347605710954	NA	NA	NA	NA	0.746100704425595	NA	NA	NA	NA	NA	NA	0.416286040137368	NA	0.71042160587451	0.897054277383282	NA	0.589354847002447	0.59073921857576	0.752388002387111	NA	NA	0.768270211658811	0.461597777954929	NA
NA	NA	NA	NA	NA	NA	NA	NA	NA	NA	NA	NA	NA	NA	NA	NA	NA	NA	NA	NA	NA	NA	NA	NA	NA	NA	NA	NA	NA	NA	NA	NA	NA	NA	NA	NA	NA	NA	NA	NA
NA	1.18194165870952	1.74101906603752	1.70244716679874	NA	1.13075460389951	NA	1.47893382379309	1.16747349162774	2.04476999610823	2.50473600833817	1.6060335870255	2.24405503294457	1.92953406241611	1.83292959048797	2.31220829844055	1.84131352146953	NA	1.263504335471	1.53326879460317	1.18555186778097	1.93354244122884	2.45314898614381	1.79288318026492	2.12128633151407	1.5119972718999	NA	0.808241356166303	1.57490444320606	0.615439826276477	NA	NA	1.88216738934231	1.54646148079782	0.545910281440064	0.261061430211471	NA	0.456059271849828	0.836805482603454	0.309227957940261
0.76024760867605	1.08365040790701	NA	NA	0.371694024954419	0.483603003827408	0.72673763090078	0.567805205859578	0.360681804209241	0.822299117040308	0.661607306470095	1.13946697405982	0.584071518069147	0.526890241250555	0.480176770582137	0.686123994681489	0.68109576472604	0.278813003827613	NA	0.675828463634463	0.571103069136779	1.37534746112935	0.653834113049358	0.624283728215819	0.995543048060398	0.506164707057627	0.661603629879602	1.41578638030822	1.0406287865649	0.638210066322039	0.603903728421917	NA	0.725338190304429	0.360181258918654	0.306500326929449	0.175574690329562	NA	0.110525950629933	NA	0.269842137894306
NA	NA	NA	NA	NA	NA	NA	NA	NA	NA	NA	NA	NA	NA	NA	NA	NA	NA	NA	NA	NA	NA	NA	NA	NA	NA	NA	NA	NA	NA	NA	NA	NA	NA	NA	NA	NA	NA	NA	NA
0.847221555359911	0.768170003171797	0.928932648201903	0.954201762938296	0.748862907685206	1.17787944481422	1.97061733989724	1.58517968329387	0.211956434058276	1.83111714845832	0.246349586752506	1.28304826125934	0.253861472254775	NA	0.437299040131286	NA	NA	0.494192671873217	NA	NA	2.06820529739428	NA	NA	2.15969271854882	1.99849382028631	NA	0.295570554899363	1.85064474618299	NA	NA	NA	NA	NA	0.951882097129425	0.401247834838523	NA	NA	2.38543035119587	NA	1.98434970789915
2.90530158805778	2.01244829885153	2.03773006560735	2.03367582881318	NA	NA	1.83057490953971	1.79554744359354	1.61642611722205	1.48051808853756	2.52820853338517	NA	NA	0.863455888488747	1.02739415789776	1.63873648414468	1.75393409634778	NA	NA	1.53872708585787	1.42141301358363	1.97766040694007	1.51056064055957	1.49494314562574	1.4386641324932	NA	NA	2.52074449146182	NA	NA	NA	1.35865616122045	1.42734886323157	0.861889921955287	NA	0.884056740093402	NA	0.268284625575735	2.4653504242217	0.299525169969486
0.839837501589439	NA	0.948602799477304	NA	0.986282996067204	1.1997774372325	1.35836410471644	1.31220415467891	1.10469207434274	NA	0.73497439636389	NA	NA	0.717351785392478	0.67246503910062	0.658281081409237	NA	NA	NA	0.751607940808609	0.702853899883207	0.776886726660345	0.612545796368261	0.682403646562851	NA	NA	NA	NA	NA	NA	NA	0.205467798341934	0.49305493024268	NA	NA	NA	NA	0.096477436687255	0.276501222149555	0.649446149416066
NA	NA	NA	NA	NA	NA	NA	NA	NA	NA	NA	NA	NA	NA	NA	NA	NA	NA	NA	NA	NA	NA	NA	NA	NA	NA	NA	NA	NA	NA	NA	NA	NA	NA	NA	NA	NA	NA	NA	NA
NA	0.711410535448807	1.07856427649116	NA	1.12551771577836	0.973276795137712	1.37471174022812	0.969137408160541	1.1363031997884	1.06941136541137	0.85440255610991	1.27681526759237	0.868009728142008	0.716561745024591	0.871670186981847	NA	0.610820145626323	0.91627567347927	0.697924679105468	0.694601149385748	0.821979838157893	1.09237080094591	0.770015250655528	1.61012571726582	0.284557826678847	1.01112424108879	1.58221456490896	NA	0.807564731979397	0.687669113357628	0.502971097628909	0.632635175837752	0.475452622292406	0.345215971897947	0.220337187263948	0.327159091955818	NA	0.71957092826766	NA	1.67717776892091
0.770686124156753	1.68083486740862	NA	0.914935689051603	0.927595388081247	1.55249565997812	1.53727631775255	1.28001206611042	NA	1.08813399786825	NA	0.852503773583668	0.481533223613696	1.70173120684305	0.688672054763147	NA	0.662924002476287	NA	NA	2.17386593977833	1.29566627802443	1.76694167318604	1.36271156043548	1.54095426291034	1.3674955684448	1.53882498862993	1.20148128960048	NA	2.17977323467813	NA	1.39309024330388	0.882285949319855	0.968975790947258	NA	1.82646972921514	0.886177521651654	NA	0.214117597419202	0.920966472861239	0.735571548992139
NA	NA	NA	NA	NA	NA	NA	NA	NA	NA	NA	NA	NA	NA	NA	NA	NA	NA	NA	NA	NA	NA	NA	NA	NA	NA	NA	NA	NA	NA	NA	NA	NA	NA	NA	NA	NA	NA	NA	NA
NA	1.02212328842488	1.42344203730829	NA	0.991564693050314	0.365880298644988	0.413942101078879	0.658561409144624	0.692022160181167	NA	0.896550016914699	NA	NA	0.548113679628135	0.928784226606999	0.6997446993346	0.681354445989311	NA	NA	0.417452273882773	0.297808703901003	NA	0.250972288776458	0.0784690924088135	NA	0.107351605157818	0.0783673149544571	NA	NA	0.507652738015171	0.545757988562337	0.389372370557794	0.683224133284493	0.283863473797759	0.349280826338902	NA	NA	NA	0.368952436392131	NA
1.23202522700482	0.934538489062083	NA	NA	1.76400282220398	1.25121270333714	1.90504486325492	1.33346157033887	NA	1.11659467783896	1.33967696317022	NA	1.54269241570542	1.41371037932607	1.29226290067213	1.61764320086072	1.29663158577252	0.910556565341268	1.36951534796389	NA	1.77275801379696	NA	NA	1.66741254222265	1.83703903854467	1.46446183844915	2.89556203187311	NA	NA	NA	NA	1.02834696161605	1.07510740434216	0.718709202550055	0.814292841230456	0.51939238163584	NA	2.63941849211807	3.05676988139035	2.55746540339901
NA	NA	NA	NA	NA	0.65714270328589	0.512124839125775	0.343533679517731	NA	NA	1.85370041052241	2.02579186331224	1.16458428199139	0.735733488962621	1.73429849620614	1.70906240479502	1.05564422251421	1.43868076485102	1.53296188261701	NA	NA	1.3039877471202	2.1977786433077	1.24515329646439	1.39147080026517	0.779073606589024	1.06815100078166	NA	1.16414325595699	1.00374152088769	1.49486051627548	1.04076642985675	0.597371177439659	1.3445390592481	1.0865039496551	1.16794082036682	NA	NA	NA	0.937670537155556
NA	NA	NA	NA	NA	NA	NA	NA	NA	NA	NA	NA	NA	NA	NA	NA	NA	NA	NA	NA	NA	NA	NA	NA	NA	NA	NA	NA	NA	NA	NA	NA	NA	NA	NA	NA	NA	NA	NA	NA
NA	NA	0.908369270642206	NA	NA	0.241051123448064	NA	NA	0.698663533003585	NA	NA	NA	NA	0.560812655007509	0.552488435567453	NA	NA	NA	0.614264358178838	0.598448078538811	0.84840844372144	0.846591208392702	0.598760660510428	NA	NA	NA	0.829493163634295	NA	NA	NA	NA	0.599016192525725	NA	0.515678124304171	0.645662347192016	0.503283755152343	NA	0.351008486747205	2.2208031443288	0.421020654654995
NA	NA	NA	NA	NA	NA	NA	NA	NA	NA	NA	NA	NA	NA	NA	NA	NA	NA	NA	NA	NA	NA	NA	NA	NA	NA	NA	NA	NA	NA	NA	NA	NA	NA	NA	NA	NA	NA	NA	NA
NA	NA	NA	0.894118010056056	NA	0.606456077514882	0.780837983778064	NA	NA	NA	NA	0.786807959434694	1.30658915752551	1.16020218431951	NA	NA	NA	0.478197919523152	NA	NA	0.400273998610376	0.681853005352977	0.0954796041780394	0.557479540384575	0.45720699265582	0.415023423147805	NA	0.718888400197347	1.35873432062125	1.14147908361342	2.25615545045727	NA	NA	2.58524889551369	2.77019457704877	2.45467112235932	NA	1.96645685561425	NA	0.474499796204896
NA	NA	NA	NA	NA	NA	NA	1.58325894622133	NA	NA	NA	NA	NA	NA	NA	NA	NA	NA	1.44911644820483	1.25432614022991	NA	1.2280937607976	NA	NA	NA	NA	0.80278947779632	NA	NA	NA	NA	NA	NA	NA	1.31640187082293	NA	NA	NA	1.03267463754666	0.302792929845197
2.03814709948114	0.737073752112476	NA	NA	1.71002137101982	NA	NA	NA	NA	NA	1.61629787947263	NA	NA	1.40587134749559	NA	NA	1.02751008116561	NA	NA	NA	NA	1.4229036771082	NA	NA	NA	NA	0.95321744654965	1.58873279485277	NA	0.894542935503634	NA	NA	NA	NA	0.871571065643958	0.868660728626727	NA	2.23664482553061	NA	0.959607563696754
NA	NA	NA	NA	NA	NA	NA	NA	NA	NA	NA	NA	NA	NA	NA	NA	NA	NA	NA	NA	NA	NA	NA	NA	NA	NA	NA	NA	NA	NA	NA	NA	NA	NA	NA	NA	NA	NA	NA	NA
NA	NA	NA	NA	NA	NA	NA	NA	NA	NA	NA	NA	NA	NA	NA	NA	NA	NA	NA	NA	NA	NA	NA	NA	NA	NA	NA	NA	NA	NA	NA	NA	NA	NA	NA	NA	NA	NA	NA	NA
NA	NA	NA	NA	NA	NA	NA	NA	NA	NA	NA	NA	NA	NA	NA	NA	NA	NA	NA	NA	NA	NA	NA	NA	NA	NA	NA	NA	NA	NA	NA	NA	NA	NA	NA	NA	NA	NA	NA	NA
NA	NA	NA	NA	NA	NA	NA	NA	NA	NA	NA	NA	NA	NA	NA	NA	NA	NA	NA	NA	NA	NA	NA	NA	NA	NA	NA	NA	NA	NA	NA	NA	NA	NA	NA	NA	NA	NA	NA	NA
NA	NA	NA	NA	NA	NA	NA	NA	NA	NA	NA	NA	NA	NA	NA	NA	NA	NA	NA	NA	NA	NA	NA	NA	NA	NA	NA	NA	NA	NA	NA	NA	NA	NA	NA	NA	NA	NA	NA	NA
NA	0.816451989646583	0.870080019310633	NA	0.729410098134896	NA	0.420469173826552	0.667326700442046	0.599311671196596	NA	0.361993078635452	NA	NA	0.0847272896207072	NA	NA	NA	NA	0.440669025463193	NA	0.652138473955216	NA	NA	NA	NA	NA	NA	NA	NA	NA	NA	NA	NA	NA	NA	NA	NA	0.359985447533229	0.0239281458209962	NA
NA	NA	NA	NA	NA	NA	NA	NA	NA	NA	NA	NA	NA	NA	NA	NA	NA	NA	NA	NA	NA	NA	NA	NA	NA	NA	NA	NA	NA	NA	NA	NA	NA	NA	NA	NA	NA	NA	NA	NA
0.931163075485613	1.55525149025048	NA	NA	NA	NA	0.442029870476872	0.308726956183745	NA	0.993208331171345	1.04753399254888	NA	NA	NA	NA	0.817365684606601	0.997469447786491	0.569282270515336	NA	0.40539403933822	NA	0.456795525614157	NA	NA	NA	NA	NA	NA	NA	NA	0.305417338184838	NA	NA	0.135627085295579	0.502246791926093	NA	NA	NA	0.631613660305839	0.694095064485662
NA	NA	NA	NA	1.4676884997686	1.62915256050298	1.76353684929299	1.63240083019392	NA	NA	NA	NA	NA	NA	1.14078365949236	1.31027958981349	1.18998918166171	1.12643509071475	NA	NA	1.55484750116783	NA	NA	NA	0.262114558963902	NA	NA	NA	1.31886191853339	NA	NA	NA	NA	NA	NA	0.384896773045803	NA	NA	0.4201554015397	0.62731163891495
NA	NA	0.520327645300216	0.238365152229172	0.280421312906189	NA	NA	0.933012880457344	NA	0.909018079454984	0.518535135343077	0.870183107657167	NA	0.750839540257048	0.547947108655561	0.25344043578524	NA	0.599231112245106	0.602268400941659	0.780682835762125	1.05332261069786	0.485989632609204	0.348074915007049	NA	NA	0.192618370296039	NA	NA	NA	NA	NA	NA	NA	0.335425653042861	0.190102252114469	NA	NA	NA	0.511922311725712	1.22893557103117
NA	NA	NA	1.45231138779095	0.751844206522604	NA	0.729221619445795	0.966055765027527	0.821897191993146	1.11096552381479	NA	0.422845347623235	NA	NA	0.977424364541788	0.638416008909639	0.633122115483884	NA	0.834728310672269	0.846063405942363	0.555061134169643	0.385475650853333	0.839663300038631	NA	NA	0.611583849769913	NA	NA	NA	NA	NA	NA	NA	NA	0.944515189236834	NA	NA	NA	NA	NA
NA	1.3969149982901	0.456629990519228	0.518697937378489	0.722604137907148	1.26952937602882	1.04447084438023	1.00760684226203	1.3451310673003	NA	1.84407883397443	NA	NA	NA	NA	NA	NA	1.8687828795532	NA	NA	NA	NA	NA	NA	0.700705136261106	0.242519562316946	NA	NA	1.21731088850717	NA	NA	NA	1.24940061719011	0.535520915408178	NA	NA	NA	0.489781198130946	NA	NA
0.322446581391386	0.87401531642605	NA	NA	0.48262984156047	NA	0.578866610054304	NA	0.662272675545588	NA	NA	0.479704507019672	0.543201631518286	0.656343244422814	NA	NA	0.544254395368548	0.799254914298493	NA	0.450660490205172	0.400154967554765	NA	1.64932303035349	NA	NA	NA	NA	NA	NA	NA	NA	NA	NA	NA	NA	NA	NA	NA	NA	NA
NA	NA	NA	NA	NA	NA	NA	NA	NA	NA	NA	NA	NA	NA	NA	NA	NA	NA	NA	NA	NA	NA	NA	NA	NA	NA	NA	NA	NA	NA	NA	NA	NA	NA	NA	NA	NA	NA	NA	NA
NA	NA	NA	NA	1.04381380142158	0.97755067355099	NA	1.17330802256826	0.948724413336948	NA	1.34765735182455	NA	NA	NA	NA	1.12705713057247	1.27358245205471	NA	0.794927439699107	NA	0.739389279008069	0.953920908759175	0.850820743073411	1.42928343221668	0.769474111592837	NA	NA	0.729460442681262	NA	0.466810805061034	0.980488665129802	NA	0.545637390926775	NA	0.852282642320116	NA	NA	0.816436079937144	0.85745098869683	0.986717729459632
NA	NA	NA	NA	NA	NA	NA	NA	NA	NA	NA	NA	NA	NA	NA	NA	NA	NA	NA	NA	NA	NA	NA	NA	NA	NA	NA	NA	NA	NA	NA	NA	NA	NA	NA	NA	NA	NA	NA	NA
NA	2.06696324217659	1.8744280282268	1.52824346222369	NA	1.36826872028647	NA	1.05256490522686	NA	NA	NA	1.47075647732088	NA	NA	NA	NA	NA	1.03381406019236	NA	NA	NA	NA	NA	1.66235129752946	NA	NA	NA	NA	NA	NA	NA	NA	0.875011268107227	NA	NA	NA	NA	NA	NA	NA
0.764960426557253	1.52661565717848	NA	NA	NA	2.61152409924803	2.01414552723192	NA	NA	2.6568768838705	2.61109917019044	NA	NA	NA	2.28708314629685	NA	1.07420663956721	2.01759717588929	NA	NA	2.22236269282052	0.704449888374868	1.62581440293636	NA	1.65363487197081	1.08164832659542	0.927588616450704	0.944815837921431	NA	NA	0.947463735751117	0.419804157498931	0.270840775021631	NA	0.897646203896955	0.863317507394444	NA	0.300188499147747	0.346223676131115	NA
NA	1.20117232149887	NA	1.11105300370282	NA	1.01181802181343	1.00333235348229	0.613589139712391	0.595220426088931	0.466138070377363	NA	0.720604714520622	NA	NA	0.205928616665617	NA	NA	NA	0.841193515023206	0.867437007913155	0.83235449045141	0.737631384032571	NA	0.850791782361389	0.417742071506419	NA	NA	0.456911536178194	0.498468401016723	NA	NA	NA	NA	NA	NA	NA	NA	NA	1.28507040302399	1.25845425410191
1.12564310726602	NA	NA	NA	0.634645448807535	0.935094771073695	NA	1.64255633765019	NA	1.47141305463981	NA	NA	2.33014305057265	NA	1.3765248065663	NA	0.856865552964087	0.589988150359813	0.968725258133449	0.953914720247545	1.12376601799995	2.12194115921096	0.989396362946308	2.22047390053763	0.850839689727391	1.20198735479776	NA	NA	0.978478471759573	NA	NA	NA	0.690103478791998	0.855913360756524	0.305417951519637	1.17659647620196	NA	NA	0.843864457843529	1.72741682413187
0.318281824187106	0.991449730658708	NA	1.6538701814331	0.886072076819747	0.748193528897432	0.66395864600946	0.526869758749962	0.553151745084196	0.38480563455501	0.428902626021439	0.575409949059265	0.740596035349726	NA	0.921299379580762	0.710886447293564	0.993081011133807	0.813367963790782	0.731370509745653	NA	0.337351657165007	0.379638527901207	0.406515437119263	NA	0.399128781217639	NA	NA	NA	NA	0.516279810275964	NA	0.32318508648646	0.293150270230111	NA	NA	0.435289663595823	NA	0.247302582006547	0.233780525439282	0.451488836398103
0.678346768408735	NA	NA	NA	0.857649241021773	NA	1.49876012777168	1.79852035562412	NA	NA	NA	NA	NA	0.904685307017582	1.02933304464767	NA	0.924895082262865	0.885581976608758	0.872127226089612	0.576725067229604	1.05861200562574	NA	NA	NA	0.747725370584263	NA	0.635511467876534	0.999519420993582	1.5720240251975	NA	1.19332680760504	1.12222079295841	1.06660639590004	0.85169221691633	NA	NA	NA	NA	0.237396818385139	1.0103660927587
1.0726062457301	NA	1.42852065974611	0.928808358446987	0.950484391256728	0.483711095789029	0.202282762893287	0.53043698386957	0.487017747713893	0.533316550291659	0.276913440280492	0.653690213052449	0.579574309735454	0.481137267754366	0.395481803598475	0.464701920288243	0.370438315157566	NA	1.11573095007055	0.255932173564346	0.508283684255049	1.62061263428321	0.652550544718063	1.05633706441851	0.826666441626944	0.672099822104499	0.725560876500609	NA	1.26941639874012	NA	NA	NA	1.43025852943725	0.907760623826253	1.44125045428259	NA	NA	NA	NA	NA
NA	NA	NA	NA	NA	NA	NA	NA	NA	NA	NA	NA	NA	NA	NA	NA	NA	NA	NA	NA	NA	NA	NA	NA	NA	NA	NA	NA	NA	NA	NA	NA	NA	NA	NA	NA	NA	NA	NA	NA
NA	NA	NA	NA	NA	NA	NA	NA	NA	NA	NA	1.82971138206796	NA	1.74830685292742	1.90421743180002	1.88471176146358	1.90150179536122	1.81508352021708	1.94468477414433	2.09087646792101	NA	NA	NA	NA	NA	NA	NA	1.49947164240702	1.24812031977293	NA	2.46809468576042	NA	NA	NA	NA	NA	NA	NA	0.712635656539357	NA
NA	NA	1.34777923159388	NA	NA	NA	NA	0.834756900532913	1.16339974211747	0.638026088872631	NA	NA	1.20037799733249	NA	NA	NA	0.778478642688091	0.731944294489542	0.886450173264784	0.759036236846238	0.285483402167691	NA	NA	NA	NA	0.730072173769306	0.810892028751532	0.491924917205485	NA	NA	NA	0.501021233257818	NA	NA	NA	0.63865405272171	NA	NA	0.478653018882452	0.51167967088487
NA	1.75277377760252	NA	NA	2.06458528480184	NA	2.53001714667896	2.03437191630921	NA	2.10783767638641	NA	1.50769454042335	NA	NA	1.49194848421711	1.33116892521831	1.26468422816054	NA	NA	1.49334526339473	NA	1.90043877918862	1.43892900733019	1.24471710881447	0.938914270025749	NA	NA	NA	0.373638607459522	0.34532864666567	NA	2.42583800648036	0.339564576783894	0.310355166353897	NA	NA	NA	0.276611229903768	0.558496587953126	0.673995655507528
2.26469810886478	2.1233203176417	NA	1.7758602427788	NA	1.73520610817581	1.55260420286996	NA	1.67807149892151	NA	NA	1.86339743390625	NA	2.02752203706322	1.83822890407453	NA	NA	1.6962054740601	NA	1.65206248900828	NA	NA	NA	NA	1.35630057219529	1.85639173423283	1.80841218191205	NA	NA	NA	NA	1.06273744641574	1.23032607565493	1.37260947298502	NA	NA	NA	NA	1.50954774157103	1.61792940741053
NA	NA	NA	NA	NA	NA	NA	NA	NA	NA	NA	NA	NA	NA	NA	NA	NA	NA	NA	NA	NA	NA	NA	NA	NA	NA	NA	NA	NA	NA	NA	NA	NA	NA	NA	NA	NA	NA	NA	NA
NA	NA	NA	NA	NA	NA	NA	NA	NA	NA	NA	NA	NA	NA	NA	NA	NA	NA	NA	NA	NA	NA	NA	NA	NA	NA	NA	NA	NA	NA	NA	NA	NA	NA	NA	NA	NA	NA	NA	NA
NA	NA	NA	NA	NA	NA	NA	NA	NA	NA	NA	NA	NA	NA	NA	NA	NA	NA	NA	NA	NA	NA	NA	NA	NA	NA	NA	NA	NA	NA	NA	NA	NA	NA	NA	NA	NA	NA	NA	NA
0.745512585987221	NA	1.37134191497186	NA	1.1463738847952	1.17885541184336	2.01791237061805	1.1535027158142	0.282096484743319	1.00182895741452	NA	0.869883653300545	NA	1.52001332105581	NA	0.565981508886009	0.907819286124044	1.00902408960487	NA	0.517055872012363	0.542089784114825	0.521145366794146	0.624644390127394	0.551137473638818	NA	0.398581184000083	0.146049203199033	NA	0.150755448345208	NA	NA	NA	NA	NA	0.26234901848931	0.867343271443484	NA	0.152805328027632	0.225869586713254	0.195198179721753
NA	0.724088960822369	0.48715146711766	0.890152095287773	NA	1.05767587500613	NA	1.23367411342448	NA	0.838089846993332	NA	0.96022682203246	NA	0.924827290608617	0.675078213609434	0.611572841934329	NA	1.05923663540589	0.571077593176853	0.500754344059891	NA	NA	0.675797025229239	0.822638951699986	0.91413574874905	0.861537920196947	0.654970798347024	0.777190828738841	0.86186029704375	NA	NA	0.888373984912609	NA	NA	0.342005373138684	NA	NA	0.293343794856907	0.298721361489435	NA
NA	NA	NA	0.382773714505713	NA	NA	0.885016074970458	0.422982074145475	0.330162190175038	0.134586037670673	0.308484538378685	0.722947600349371	NA	NA	0.820267580449845	0.159853038683027	0.307692272917519	0.641951601220521	0.723150914102924	0.430605461032883	0.577542676110045	0.474544989883893	NA	0.607477976458663	NA	NA	NA	NA	NA	NA	NA	0.913502153371251	0.551994912207669	0.991224181140787	0.967920637343694	NA	NA	0.582468339434766	0.859078666739452	NA
0.412598414359889	NA	0.486184646939883	NA	NA	NA	NA	NA	NA	NA	NA	0.381271038787003	NA	0.831697191385463	1.23611474082235	NA	1.28507216031844	NA	NA	0.363954832813933	NA	NA	NA	0.827356479009872	NA	NA	NA	NA	NA	NA	NA	NA	0.996738108754705	0.440780131978349	1.1027356593858	0.808797919506734	NA	NA	1.53712294536407	1.20832645143759
NA	1.51828126751062	NA	1.71542418034207	1.4415308484078	0.965758824767723	0.967834856679258	NA	NA	0.851170619802764	NA	1.39752593658073	1.86174606089316	1.49956360407982	1.67598030756591	1.69676752140302	1.51433638326699	1.55601345383	1.88124793904584	1.64756100717051	1.03688633922015	0.555401858604397	0.867159227858138	1.41312229976632	1.22044919670223	1.75712025405741	NA	1.71656828249844	0.927648283245781	0.998297397010035	0.690975682868607	1.20025157284166	0.530372256210468	2.265710318973	1.60771096697635	0.217295845602699	NA	0.625804755376668	0.250303517112926	1.58360496503737
NA	NA	NA	NA	NA	NA	NA	NA	NA	NA	NA	NA	NA	NA	NA	NA	NA	NA	NA	NA	NA	NA	NA	NA	NA	NA	NA	NA	NA	NA	NA	NA	NA	NA	NA	NA	NA	NA	NA	NA
2.1649382355417	NA	NA	NA	1.71597562974037	1.98659920729263	2.01535208379842	NA	1.73829582243733	1.8021576706013	NA	2.24616943262662	NA	1.95005634785388	2.36470240208783	NA	2.63073242326001	2.15796307816024	NA	2.20047079982094	NA	NA	NA	NA	NA	NA	2.45195541631795	NA	NA	NA	NA	NA	2.69853179174066	0.513385450579971	NA	2.38313646731235	NA	0.117615759081402	NA	NA
NA	NA	NA	NA	NA	NA	NA	NA	NA	NA	NA	NA	NA	NA	NA	NA	NA	NA	NA	NA	NA	NA	NA	NA	NA	NA	NA	NA	NA	NA	NA	NA	NA	NA	NA	NA	NA	NA	NA	NA
NA	NA	NA	NA	NA	NA	NA	NA	NA	NA	NA	NA	NA	NA	NA	NA	NA	NA	NA	NA	NA	NA	NA	NA	NA	NA	NA	NA	NA	NA	NA	NA	NA	NA	NA	NA	NA	NA	NA	NA
NA	NA	NA	NA	NA	NA	NA	NA	NA	NA	NA	NA	NA	NA	NA	NA	NA	NA	NA	NA	NA	NA	NA	NA	NA	NA	NA	NA	NA	NA	NA	NA	NA	NA	NA	NA	NA	NA	NA	NA
1.18250729579941	0.962791187329335	0.737784054023012	0.824928655268138	0.762365210196518	0.854799820409931	NA	0.531682504859692	0.707801139717545	2.36174957224027	2.33060880771392	NA	1.39226594145753	NA	0.846810563337585	NA	NA	1.14374384967507	1.81262782198834	NA	NA	1.67438684990293	NA	NA	0.767305870098829	NA	1.85235432892282	1.61602106161246	2.38777956211948	1.91320745676841	0.696884088236198	1.20472303468676	NA	1.1031167908485	2.41458001794975	NA	NA	NA	0.518980688491309	0.694731594764254
NA	NA	NA	NA	NA	NA	NA	NA	NA	NA	NA	NA	NA	NA	NA	NA	NA	NA	NA	NA	NA	NA	NA	NA	NA	NA	NA	NA	NA	NA	NA	NA	NA	NA	NA	NA	NA	NA	NA	NA
NA	NA	NA	NA	NA	NA	NA	NA	NA	NA	NA	NA	NA	NA	NA	NA	NA	NA	NA	NA	NA	NA	NA	NA	NA	NA	NA	NA	NA	NA	NA	NA	NA	NA	NA	NA	NA	NA	NA	NA
NA	1.50588513167094	1.32439257713514	NA	NA	1.24212910592616	0.992356022970528	NA	NA	NA	NA	NA	NA	0.845261812634624	0.889254282894025	0.59024790017887	0.921798492158411	0.874101138738427	0.899231571429968	0.739884384113986	0.763611081044582	0.539150131577683	NA	0.496717755793879	0.149851153524555	0.430831151873589	NA	NA	NA	1.25840100182516	NA	0.556946286253806	NA	1.80056323032703	0.162485895524868	NA	NA	0.412694767708757	1.30579176270803	NA
NA	NA	NA	NA	NA	NA	NA	NA	NA	NA	NA	NA	NA	NA	NA	NA	NA	NA	NA	NA	NA	NA	NA	NA	NA	NA	NA	NA	NA	NA	NA	NA	NA	NA	NA	NA	NA	NA	NA	NA
NA	NA	NA	NA	NA	NA	NA	NA	NA	NA	NA	NA	NA	NA	NA	NA	NA	NA	NA	NA	NA	NA	NA	NA	NA	NA	NA	NA	NA	NA	NA	NA	NA	NA	NA	NA	NA	NA	NA	NA
NA	NA	NA	NA	NA	NA	NA	NA	NA	NA	NA	NA	NA	NA	NA	NA	NA	NA	NA	NA	NA	NA	NA	NA	NA	NA	NA	NA	NA	NA	NA	NA	NA	NA	NA	NA	NA	NA	NA	NA
NA	NA	NA	0.772177538496796	NA	0.417254208625498	0.340070298206855	NA	0.424134652381909	NA	0.464185249429179	0.8182203822637	NA	0.821515800887444	0.702389023985273	NA	0.782505117205776	0.561784712929427	NA	NA	NA	0.317993429544188	NA	NA	0.520200346738867	NA	0.460651269149626	0.248950371129022	NA	0.825922164886515	NA	0.845571739504008	NA	NA	NA	NA	NA	NA	NA	NA
NA	0.844146398562158	0.473221986710076	0.138153297649268	0.380969933355083	0.752442651591338	1.14710538875907	0.858656623864343	0.816985976131531	0.567266521705919	1.1139594038055	0.92583910469812	NA	NA	1.11973064917007	1.58018734531244	0.929916793785314	0.854135333356436	NA	0.770241200082852	NA	NA	NA	0.761904312670903	0.913124589383305	NA	NA	0.490494933522312	0.666915396441249	NA	NA	0.541948443744184	NA	NA	0.363423300875737	0.315799765225415	NA	1.01663983172774	0.559516826095866	0.563832969366741
NA	NA	NA	NA	NA	NA	NA	NA	NA	NA	NA	NA	NA	NA	NA	NA	NA	NA	NA	NA	NA	NA	NA	NA	NA	NA	NA	NA	NA	NA	NA	NA	NA	NA	NA	NA	NA	NA	NA	NA
NA	NA	NA	NA	NA	NA	NA	NA	NA	NA	NA	NA	NA	NA	NA	NA	NA	NA	NA	NA	NA	NA	NA	NA	NA	NA	NA	NA	NA	NA	NA	NA	NA	NA	NA	NA	NA	NA	NA	NA
NA	NA	NA	0.519373778969666	NA	NA	NA	NA	NA	NA	NA	NA	NA	NA	NA	NA	NA	1.33450949171357	NA	NA	NA	NA	NA	0.733956883024813	NA	NA	NA	NA	NA	NA	NA	NA	NA	NA	NA	NA	NA	0.160247743436602	0.384024909044238	NA
NA	NA	NA	NA	NA	NA	NA	NA	NA	NA	NA	NA	NA	NA	NA	NA	NA	NA	NA	NA	NA	NA	NA	NA	NA	NA	NA	NA	NA	NA	NA	NA	NA	NA	NA	NA	NA	NA	NA	NA
1.35206659525637	NA	NA	1.90437029374633	NA	NA	NA	NA	2.21269635258022	NA	NA	NA	NA	NA	NA	NA	NA	1.10011823188551	1.44564255959589	0.801579496913784	2.2720919886571	NA	2.35842086234102	NA	NA	NA	NA	NA	NA	NA	NA	NA	NA	NA	0.3881164099385	0.549269195149622	NA	0.312943021360763	NA	NA
1.21380450431906	NA	0.852734146160562	NA	NA	NA	1.63039966167801	0.66621904118347	0.507874019146748	0.389935075809203	0.645826874669976	NA	0.605508161794236	0.648628302958516	0.507045473911022	0.568985100801208	0.364887333838322	NA	NA	NA	0.826239735799568	1.07708433650768	0.876068880710965	0.972489198219879	0.78874565050939	0.803262352198375	NA	0.564385983790104	0.542711507464868	NA	0.776982005005511	0.449801644340978	0.378643544109364	0.431155304938377	0.573904406496534	0.322550238712531	NA	0.47045317896091	0.621139843218766	0.859556094149478
NA	NA	NA	NA	NA	NA	NA	NA	NA	NA	NA	NA	NA	NA	NA	NA	NA	NA	NA	NA	NA	NA	NA	NA	NA	NA	NA	NA	NA	NA	NA	NA	NA	NA	NA	NA	NA	NA	NA	NA
1.76776805361144	2.37695736581915	1.91201204975125	NA	2.15338584418259	2.69888474902767	NA	NA	NA	NA	NA	NA	NA	1.60046212460762	NA	NA	1.8165623342189	1.96308006386798	NA	NA	NA	NA	NA	NA	NA	NA	0.344271582304796	NA	NA	NA	NA	0.587642075773812	NA	0.701301682130247	NA	NA	NA	NA	NA	0.508604541425013
0.883150383615865	1.30652347298902	NA	NA	NA	NA	0.775840827312766	1.40619284142152	0.152590437504658	0.894938514608507	NA	1.06474035321772	1.40599702468358	1.13182211625239	0.982936020066696	NA	1.0158334561714	1.25976560334035	NA	NA	1.86040416715688	1.30960450783143	0.876713236441793	0.599300534945254	0.352635220898777	NA	0.125995619865283	NA	0.417686268908451	0.276911155565526	0.885636712764965	0.503951706851881	NA	0.98638020600366	1.00117583835033	NA	NA	0.689105129466044	0.570644525812302	0.256536900107445
NA	NA	NA	NA	NA	NA	NA	NA	NA	NA	NA	NA	NA	NA	NA	NA	NA	NA	NA	NA	NA	NA	NA	NA	NA	NA	NA	NA	NA	NA	NA	NA	NA	NA	NA	NA	NA	NA	NA	NA
NA	NA	NA	1.3029649124781	1.30354598339752	1.52993336692139	1.318268513594	1.90412821706108	0.703068742862292	0.951686640074044	NA	0.938677649527553	NA	NA	1.41098810608377	NA	1.41829825884189	0.906341436955929	1.1211686745561	1.1892532761633	NA	NA	NA	NA	NA	NA	NA	NA	NA	2.31425776643116	NA	NA	1.36190083435302	1.11509347566756	0.684858212623181	NA	NA	0.488566221271301	0.899229323376479	NA
NA	NA	NA	NA	NA	NA	NA	NA	NA	NA	NA	NA	NA	NA	NA	NA	NA	NA	NA	NA	NA	NA	NA	NA	NA	NA	NA	NA	NA	NA	NA	NA	NA	NA	NA	NA	NA	NA	NA	NA
0.896632359774231	0.846425024413891	NA	NA	0.664154218717365	1.13973158364859	0.83453938660622	NA	NA	1.12348270309456	0.935053123115736	NA	0.964997445210328	NA	NA	NA	0.696055969387268	NA	0.961136606566436	NA	NA	NA	0.381532726532992	0.451055021033514	NA	0.428174073781019	0.371265666536845	NA	0.570801043762837	0.510971312493053	NA	NA	0.0784469339412135	NA	1.09074114213481	0.215859358574447	NA	0.390214904569827	0.35089190239156	NA
NA	NA	NA	NA	NA	0.940456736457191	NA	1.37141589996953	NA	NA	1.16241460012628	NA	NA	NA	NA	NA	1.26292266850046	NA	0.943429226867825	1.10203538418646	0.683412885549564	NA	0.866063472962603	0.983656943695388	NA	NA	NA	NA	0.978305623541679	NA	NA	0.160731604939248	NA	NA	NA	0.399904099614563	NA	0.210665276372165	0.411000563512075	NA
NA	NA	0.843395961853953	0.870491426719607	NA	0.633586400399993	0.748152130855079	0.772369959249283	0.778721172864681	0.926862574261715	NA	NA	NA	1.17111865424129	1.02614012161529	NA	0.407311558263565	NA	0.974084171458863	NA	0.277884967259837	0.217184083921196	0.513380237860391	NA	NA	NA	NA	NA	NA	0.367514784972333	NA	0.260861372957465	NA	0.849325658575672	NA	NA	NA	0.247293856935633	1.68456720638042	0.981713165397402
1.40237299868932	NA	NA	NA	NA	NA	1.58467727205696	NA	1.50705161454857	NA	NA	NA	0.790580979489608	2.01529011862887	NA	1.99156652461328	0.497452202137692	0.520630135033845	NA	0.521786519065988	NA	0.667787532105215	0.304035881573084	NA	NA	1.81267620406044	0.236363279557878	1.29136927314275	1.10939531537758	1.45813412237552	0.385795284938974	NA	0.405107836984434	0.753122600834048	0.266927511696708	0.639413682799839	NA	1.38759960344547	NA	NA
1.4876740028072	NA	1.61587022129147	NA	1.49066596884108	0.926838331916991	1.1687338220825	0.464149242399124	0.65286322426859	0.403401387187874	1.80579822521306	0.964812159905644	0.670810038833312	1.10028474253761	0.831249277538048	0.725701979279971	0.611067142247925	0.949560239493376	0.913700906626604	1.11437528280193	0.95114329772195	NA	NA	NA	1.04672849878246	NA	0.783348530434135	0.476865923325647	1.47794123603702	NA	NA	NA	NA	0.682264219851554	NA	NA	NA	1.10383143542973	0.425813104234732	0.405829398244832
NA	0.408086033243152	0.642114054840191	0.798763349258028	NA	NA	1.94949336605489	2.01587240494223	1.34059381435132	0.707598102463806	1.21299991439934	1.55088391401413	NA	NA	NA	2.085520420571	1.92569578048875	1.35736423385293	1.6546912998521	NA	1.06100867359528	NA	NA	0.801149488626062	NA	2.02723881432866	NA	0.554684924152593	0.387602226434663	NA	NA	NA	0.355732609774978	0.304443407309203	0.299807432236648	0.270025017207906	NA	NA	NA	0.537711011453536
NA	NA	1.63272924190679	1.50317065019306	1.59881659732769	NA	NA	0.784288692326064	0.698858678356709	0.580322425765128	NA	0.957664537616774	NA	1.10682589147097	NA	0.235552369641629	0.352240813156406	NA	NA	NA	0.286443146393766	0.180845584269817	NA	NA	NA	NA	NA	0.570724101266335	NA	NA	NA	NA	0.822853629751172	0.146091577240362	NA	NA	NA	NA	0.300659021827656	0.283983026521083
0.581296397699476	NA	NA	NA	0.533159029058038	0.597706614586434	0.404812145764016	0.652341713772799	0.505993767269661	0.324171858404542	0.299540626544867	0.461272879944969	0.592362509689998	2.02699179711992	NA	0.887018770485064	0.481408216725101	0.705948836261628	0.296489987173368	0.326975772662666	1.44300995692179	NA	0.617547034358866	0.422154061880321	0.576657961887129	1.00307179160995	NA	0.551266835316692	0.242005821112431	0.532305751377736	0.492508719293545	0.278543303615085	0.526401932795423	0.49287502307092	NA	0.604434733943534	NA	1.21150784555816	0.67130653528106	0.740818658969941
NA	NA	NA	NA	NA	NA	NA	NA	NA	NA	NA	NA	NA	NA	NA	NA	NA	NA	NA	NA	NA	NA	NA	NA	NA	NA	NA	NA	NA	NA	NA	NA	NA	NA	NA	NA	NA	NA	NA	NA
1.24889781620872	1.63125006362825	NA	NA	1.80561422996167	2.04708850277409	1.82352379437129	NA	1.52279195917171	NA	1.5241755096365	NA	NA	1.37191460340904	1.57128073606743	1.43688920500328	1.52342904866877	NA	1.10371255203329	1.33874646963372	1.52011247359907	NA	2.21636966869586	NA	1.4610211671372	NA	NA	1.52720838390764	NA	NA	NA	2.12110040121926	2.54980297204228	1.00270658056418	2.70173160838603	0.990630448770563	NA	1.40187603631732	1.83798322189384	1.27066818050552
NA	2.16192464661181	NA	NA	NA	0.34746952003769	0.426239332603292	0.487129119542639	NA	NA	0.646157007526628	NA	1.03643972809121	2.45710777759455	1.42261272655932	0.595415922681332	0.867168939771005	1.56253939714803	2.54597870047946	0.998333992959705	0.657501376675669	NA	0.503550977415562	1.60812522839404	1.19431242808341	1.54204822152656	NA	1.90024467773615	1.95344133292231	2.23968940434087	2.51030983757767	2.08042432224259	0.490465034705704	0.740921650270146	2.32852706858278	NA	NA	2.33538092187418	NA	0.677332325603148
NA	NA	NA	NA	NA	NA	NA	NA	NA	NA	NA	NA	NA	NA	NA	NA	NA	NA	NA	NA	NA	NA	NA	NA	NA	NA	NA	NA	NA	NA	NA	NA	NA	NA	NA	NA	NA	NA	NA	NA
0.79382438791286	NA	0.826496393312652	NA	0.558509535546806	0.673081419605139	0.744393751775798	NA	0.806005545967172	NA	1.27043821500891	1.10251676611453	0.675743187711618	0.300481061898786	NA	1.40067241632871	NA	0.904759370502746	NA	NA	1.68200551206123	1.09941622427905	NA	NA	2.18116055740205	0.380307157904102	NA	NA	NA	NA	NA	NA	NA	NA	0.845977465575756	0.473601281737345	NA	0.519258910743742	0.445243339371269	0.299350847911259
NA	1.46061874342218	NA	NA	NA	NA	NA	NA	NA	NA	NA	NA	NA	NA	NA	1.56291441494661	1.72689518544115	1.49449877398933	1.15374797943589	0.921804833604407	1.55577017249094	0.761604663536606	NA	NA	NA	NA	1.58488441270086	1.55483135336682	1.40816250117524	NA	1.4628129089319	1.10632992739491	NA	NA	0.780520550292317	0.638453460731076	NA	NA	0.288279102971436	0.933940325887178
NA	1.31163238250348	NA	NA	1.0498360702333	1.00448603018765	1.27965877966674	NA	1.43719369006013	1.52344071839513	1.43621533291594	1.72146371235225	NA	1.8409579545475	1.71504048728034	NA	1.69240965533661	1.31661968229614	1.77026696835298	1.21231583031356	0.8626401539202	1.06700258603372	0.932115607362302	2.18224284912937	1.03383974475858	1.24350696204448	0.72472166060725	NA	1.06671683707152	1.87886691473943	1.40524337532354	NA	1.30573034465594	1.11695700642305	1.04899702891796	0.841948542823484	NA	1.46335775640262	1.27507328243982	1.35010797995968
0.853048816356885	2.00981026383794	NA	NA	NA	0.575174304273141	0.411986570423404	1.13047779781037	NA	NA	NA	NA	0.346046062933083	NA	0.63001641350278	NA	0.260780470247163	0.364050821356939	NA	NA	0.409869260733214	0.365698411815325	NA	0.938619441564747	0.903586005606192	1.00917172926881	NA	NA	0.495183531391726	0.502931836380018	0.810096536355177	1.22690138137292	0.972303947411974	0.5233932800197	NA	0.514295268800372	NA	NA	1.1026296595342	NA
NA	NA	NA	NA	NA	NA	NA	NA	NA	NA	NA	NA	NA	NA	NA	NA	NA	NA	NA	NA	NA	NA	NA	NA	NA	NA	NA	NA	NA	NA	NA	NA	NA	NA	NA	NA	NA	NA	NA	NA
NA	NA	NA	NA	NA	NA	NA	1.15318594732451	NA	NA	1.01157341745248	NA	NA	NA	NA	NA	NA	1.59528216857646	1.10028968219596	1.4933364530952	1.80609479797621	0.722821582542209	0.702892882743145	NA	NA	NA	1.53468949552399	NA	2.08949309454882	1.71942855423614	NA	NA	1.28098673598423	1.6358795969683	NA	NA	NA	2.12236401676205	1.36512719950328	0.401226082925512
NA	NA	NA	NA	NA	NA	NA	NA	NA	NA	NA	NA	NA	NA	NA	NA	NA	NA	NA	NA	NA	NA	NA	NA	NA	NA	NA	NA	NA	NA	NA	NA	NA	NA	NA	NA	NA	NA	NA	NA
1.24705433584072	NA	NA	NA	1.3472212602563	0.627636466995674	1.35531602387093	0.382051508901675	2.198370986263	0.570694159231391	1.01737362117674	1.15629383315967	NA	1.42567369761502	1.12694487529481	0.878959130571274	0.510144486631675	0.6384923041552	0.721719704726991	0.978048304171373	0.402986663488378	NA	1.29695274859394	NA	NA	1.33662962208177	NA	0.723053665341382	0.483397875721993	1.24078441361484	0.827703407122888	0.891493798809127	0.442211488047253	NA	0.429706247610525	NA	NA	0.275844272031383	0.251039701651976	0.326777928849032
NA	NA	NA	NA	NA	NA	NA	NA	NA	NA	NA	NA	NA	NA	NA	NA	NA	NA	NA	NA	NA	NA	NA	NA	NA	NA	NA	NA	NA	NA	NA	NA	NA	NA	NA	NA	NA	NA	NA	NA
0.963027899425515	1.25677743526883	1.54233174634509	NA	1.34428705158499	1.08088994704013	1.36084923729122	1.21506888406008	1.07318277961422	1.34844854768048	1.13368504913371	0.827396266262572	NA	1.34586749666512	1.04392180528242	1.16795757992583	1.01279318397383	1.20957134266533	NA	1.44956505361134	0.517405837971787	0.58657303080172	0.316482240620753	0.423377513116667	0.715127054344313	0.448986355552108	0.484403902530521	0.390070007170513	0.332145276226236	NA	0.145886839322454	0.258389939076636	0.590366239448069	0.434580583747224	0.420073674451764	0.458979499505401	NA	0.468770312954009	0.423506384966184	0.564540392771648
NA	NA	NA	NA	NA	NA	NA	NA	NA	NA	NA	NA	NA	NA	NA	NA	NA	NA	NA	NA	NA	NA	NA	NA	NA	NA	NA	NA	NA	NA	NA	NA	NA	NA	NA	NA	NA	NA	NA	NA
NA	0.718781434412807	NA	1.04271638549642	1.43258416096202	1.51378289716181	1.49927909666431	1.72626196751186	1.51872330927696	1.25928599456708	1.30121569597764	0.664044656653511	0.499113263969509	0.999660170515266	NA	1.54825342065703	1.75859348039159	2.00404724199531	NA	1.06530495315549	1.02270834171614	NA	0.315049850183239	0.246863395969881	0.273432022880012	0.811758490857437	0.694799636659244	0.576757003595158	0.290410980504607	0.459948713366194	0.290250946028292	NA	NA	0.492350865073924	NA	NA	NA	0.318173260084618	0.414356745169564	NA
NA	NA	2.87411327716264	NA	2.38502554789415	1.7599112161338	2.05789490708809	2.06720314715567	1.67483349255732	NA	NA	1.56549165675094	1.34752627301648	1.64794455887585	1.17105489745941	1.28147971204294	1.58144881338025	1.39113630001597	NA	1.77289341546661	1.98716243269821	NA	1.79607783952755	1.81848513455042	2.05159612873988	NA	NA	0.571288691467145	NA	NA	NA	0.735941392909683	NA	0.73754244168212	0.563110256200438	0.486380924478229	NA	0.167882392245906	0.926717229923459	0.529304751207359
0.308992209905985	NA	NA	NA	0.493019657121053	0.432614311810702	NA	NA	NA	0.592849576172606	0.733789237362752	NA	NA	1.23579142912497	0.90694835672591	0.834464550229672	0.843715053376876	0.638671075918662	NA	NA	0.387549409241012	NA	0.490795909661572	NA	0.42958270056736	0.371014753635006	1.87333419051275	0.513422746256	0.799059721170743	NA	1.27334662346804	0.941818427751332	1.29608334848483	NA	0.848231313557075	1.82900847363627	NA	0.833699050235515	0.780826416611405	NA
NA	NA	NA	NA	NA	NA	NA	NA	NA	NA	NA	NA	NA	NA	NA	NA	NA	NA	NA	NA	NA	NA	NA	NA	NA	NA	NA	NA	NA	NA	NA	NA	NA	NA	NA	NA	NA	NA	NA	NA
NA	NA	NA	NA	NA	NA	NA	NA	NA	NA	NA	NA	NA	NA	NA	NA	NA	NA	NA	NA	NA	NA	NA	NA	NA	NA	NA	NA	NA	NA	NA	NA	NA	NA	NA	NA	NA	NA	NA	NA
NA	NA	NA	1.14401460188722	NA	1.06946408742152	1.27349269139655	0.966853466919855	1.38495716353403	0.341728379046033	1.70623224327969	1.55353106537006	1.13427315444301	0.890825250115918	1.08188886420773	NA	1.07126599147411	1.03534967981526	1.04210655246164	1.15671358197402	0.84509915863522	NA	0.85549114718183	0.710448572965739	1.6460762319179	0.651980009727191	NA	0.485831577293943	0.801632001274517	NA	NA	NA	0.508802823023012	0.212176414411895	NA	0.414805805689964	NA	0.336507583003345	0.552992581731925	0.328811134518867
NA	NA	NA	NA	1.14287318649311	0.494150341159805	1.3645576040738	NA	1.06265071004535	NA	2.17967052048238	NA	1.57706125074779	0.959804234951572	NA	1.48208279741833	0.959931881580493	0.975867218513368	1.03252872587703	1.01704782561578	1.3018640600304	0.712859808398495	NA	NA	0.708925167498413	NA	0.750017986527401	0.849117462509358	0.763680689872299	0.489663792097878	0.514526143335996	NA	NA	0.608152239566342	NA	NA	NA	0.17480543583913	0.346541725063779	0.614934221533591
0.971292974698468	1.17759827192667	1.06405259758435	1.18026257110678	0.88419958871288	0.388088982472863	0.571686309549219	0.891795189833335	NA	0.87449549291982	1.22133203546443	0.876692649367406	0.717080564173917	0.917664729234612	NA	NA	1.019952361749	NA	1.21050913306123	0.970388623374686	0.620493819855048	NA	0.689991898138007	NA	0.686817717873587	NA	1.12868233523993	NA	NA	0.818664547884795	0.886490126967324	0.320645131346271	0.349141025372717	1.24740571974358	0.732092833778508	0.479470192695958	NA	0.262077178436398	0.174232078420378	0.661023628243225
1.37494093158841	0.553121726502637	NA	0.329297114410086	NA	NA	NA	0.939294472226998	0.846941554397755	0.715476926640215	1.80878396683524	1.45841273646555	NA	1.74109520166248	0.959092172658841	1.25332553688334	0.724456398070266	0.68285344525552	NA	0.304139171076842	NA	0.520604762308466	0.8742045076942	0.621167795270414	0.46016395363348	NA	NA	0.66588473827106	1.00622067811429	0.499262680261875	1.02186140889227	0.526273684780534	0.576598772114055	0.616555882740488	0.677026936443388	0.54407424362567	NA	0.347880960993168	0.799562520690215	0.507171421968903
0.564555314089693	NA	0.657849306679153	0.448021349812625	0.43927907245218	0.574135239382372	0.978523322827694	1.26759328397999	0.856945161120751	1.40220567759927	NA	NA	NA	NA	1.26326081856969	0.755197299593488	1.35391463986785	1.23825861459995	NA	NA	NA	0.353629413719505	0.608448089476645	1.05145895254129	0.263832720255764	0.307753316265997	0.23318978017467	0.274284747870854	0.272414964011238	0.326033010399994	0.322953805197643	0.506772993335374	0.22015996969426	0.852388505127716	0.368194851491964	0.231950983696028	NA	0.123801019618371	0.300518443739069	0.724719577695463
NA	1.29323613183222	1.0066921874702	1.2045851594598	NA	1.50563619369586	1.12136034257535	0.91498624811229	1.05426868226667	0.842957589900132	1.28480939060211	NA	NA	1.10611483233125	1.02581927848494	1.52005627598312	1.51401941854215	2.02151903381573	NA	NA	NA	1.25325515237844	0.755991823286372	NA	NA	NA	1.27885582475992	NA	1.82213494733428	NA	NA	0.740923821715067	NA	0.859109319704593	1.10980887841577	0.878410897976481	NA	0.732525243408039	0.606079220669279	NA
NA	0.637690624271618	0.959176585570437	NA	1.41319468221012	NA	NA	NA	2.15980219204684	NA	NA	2.11753851084913	NA	NA	NA	1.65438025478643	NA	NA	NA	1.75475434207267	1.28890610390401	1.22416575247311	1.1802946442294	NA	NA	1.36734602703407	0.517915667946076	NA	NA	NA	NA	0.405732034382898	0.17129489050658	1.09570921836265	0.368642968951882	NA	NA	0.218156198343758	NA	0.600908659567133
NA	NA	NA	NA	NA	0.247650457185378	0.704110533359135	NA	NA	0.743941073342254	0.748773093425101	NA	NA	NA	NA	NA	NA	NA	0.465572670106883	NA	0.642030872752255	NA	0.725596393181185	NA	0.926055636214934	NA	NA	1.24402214374484	1.19676481739382	NA	NA	NA	0.797376369314424	0.465370856735681	NA	0.301415968332115	NA	NA	NA	NA
NA	NA	1.90157021753851	1.93477604801909	NA	NA	NA	NA	NA	1.04820773808458	1.35245253322453	2.32291059418005	NA	1.92055091189464	1.43227780607125	NA	1.57413238045851	1.42324778413268	1.97385064122929	1.19321101302635	NA	NA	1.04848116711052	1.62375226563777	1.72089839322592	1.52533446220684	1.25908518159095	NA	0.437788749107956	1.03856960398457	0.50949528483349	0.992616596283843	NA	NA	1.78243144765843	1.32549358461008	NA	NA	1.37959561659436	2.43917567614747
0.438887579128807	1.05461736063817	NA	0.711981798329886	NA	NA	NA	0.899365792366681	NA	NA	1.69340517489118	1.56805767247073	NA	1.66306725567918	NA	NA	NA	0.802821140719061	1.25277326766107	NA	NA	0.553581894600369	0.731516856733373	0.542139659302825	0.560628273476905	0.886043474109615	0.561000106059138	0.392094513304636	NA	1.45396672676268	NA	0.949176947418633	1.24351013274731	NA	NA	0.2308435609772	NA	0.67329229543774	0.392289359836012	0.533454021665597
NA	1.03067564681989	NA	NA	NA	NA	NA	0.922878936036713	0.0586404097134042	0.577239490055814	0.687587967189056	NA	0.697312060736369	0.716644904674908	NA	0.596174244505142	0.345508140702834	0.285171090077701	0.869411086001931	0.341467830371113	0.266708322675241	0.375699324426351	NA	NA	0.473664364044124	NA	0.56171594300746	NA	0.546457778986252	0.339651885184226	1.41713359766697	0.508072796952367	0.561906117939586	0.988333598164657	0.299503799589837	NA	NA	1.25209046722708	1.14416089270286	0.52974744241117
NA	NA	NA	1.06352852256201	NA	0.576967219809222	NA	0.770704075428382	NA	NA	NA	NA	NA	2.08612407654563	NA	0.438464176338158	0.636348473694105	0.517055537260425	NA	NA	0.8023007804185	0.576705632780525	1.54632161368578	1.19236138480001	NA	NA	NA	NA	NA	0.701522978659134	NA	0.370920437117115	NA	0.18149543419127	0.521911470330138	0.342616255564269	NA	0.809269824752583	0.333942078653427	0.822455003315699
NA	2.92112993025778	2.60742367915233	1.457421865115	1.35599441680881	1.99497580632648	1.80382708929516	0.911366775183664	1.91290751723557	NA	NA	NA	NA	NA	NA	1.41270945372917	1.48784541186054	1.33443177737474	NA	1.39152839482458	NA	0.731472724316786	0.40919318395671	0.235631449555018	1.01316403343694	NA	NA	0.390489102862503	0.615219560824106	0.548930961688811	NA	1.02316152950026	NA	NA	NA	NA	NA	1.09095681500744	0.66036070281975	NA
0.952739430750697	1.49396034404487	NA	1.39866506652488	1.43164851089544	NA	0.942684717491661	0.695728943944773	0.955143443519158	NA	1.10394188387192	0.777560522110828	NA	0.776024457162664	NA	NA	0.948786961360097	0.976990155694272	0.501242625954225	0.653110556637552	NA	NA	NA	0.924753795999729	1.40235600954662	1.13008994953517	1.02154308078503	NA	NA	NA	NA	NA	NA	NA	0.209426392508698	NA	NA	1.94251735500409	NA	0.555537179345179
NA	NA	NA	NA	NA	NA	NA	NA	NA	NA	NA	NA	NA	NA	NA	NA	NA	NA	NA	NA	NA	NA	NA	NA	NA	NA	NA	NA	NA	NA	NA	NA	NA	NA	NA	NA	NA	NA	NA	NA
NA	2.38573580141597	NA	NA	1.7611280505846	NA	NA	NA	NA	NA	NA	NA	NA	2.64148281784523	NA	NA	NA	NA	NA	NA	2.33177497897636	NA	NA	1.78691495554538	NA	NA	NA	1.65243897437147	NA	2.06842791476425	NA	1.68602025951079	NA	1.61044682340696	1.19202399997894	NA	NA	NA	1.5307483536609	2.2614363790225
NA	NA	NA	NA	0.531838008428964	1.33018226113261	NA	NA	NA	0.415555993078068	0.444881139576694	0.852893947188964	NA	NA	NA	0.614304871578207	NA	NA	NA	0.234506190005805	NA	NA	NA	NA	NA	NA	NA	1.4280808074746	NA	NA	0.192878371457448	NA	1.54661507495211	0.974106540506615	NA	NA	NA	0.31517399228147	1.15351950655034	0.310890982094454
NA	NA	NA	NA	NA	NA	NA	NA	NA	NA	NA	NA	NA	NA	NA	NA	NA	NA	NA	NA	NA	NA	NA	NA	NA	NA	NA	NA	NA	NA	NA	NA	NA	NA	NA	NA	NA	NA	NA	NA
NA	NA	0.797386738698614	NA	1.03701974545493	NA	NA	1.30587744786266	1.27699526104478	1.22841798461906	NA	1.03854839672133	NA	NA	0.758105541429517	NA	NA	1.54871264832266	2.35269132357426	NA	0.69023471063159	1.08008820130175	NA	NA	0.784225240702647	1.15730509488041	1.57629724912292	NA	1.00764363827744	1.42830225316571	0.965454231937443	1.07547774213117	0.448777973216114	0.955781505841687	1.1379790807485	NA	NA	1.02877683948284	NA	1.20197342816476
NA	NA	NA	NA	0.891434214517789	1.21311661389097	NA	NA	NA	NA	0.901079699642792	NA	NA	0.630697993098712	NA	1.18114509898473	NA	1.20483646312991	1.05606778055394	NA	0.596145904048546	0.259394090442045	0.343877392091727	NA	0.998746106740458	1.86940476658982	NA	0.566166394092708	0.803158556426924	0.450653433960709	NA	NA	NA	0.536481167338648	0.493200900596017	0.164777855918655	NA	NA	0.324602607476927	NA
0.510457501606534	NA	0.814737851177313	NA	1.12441399837612	0.823773165863645	NA	0.460168336714623	0.42721812229666	0.588723660206372	0.625105677957962	NA	1.38825938442777	1.49372617339317	1.27663638117718	NA	1.63328595992838	1.6065407492036	NA	NA	0.823210897074567	NA	0.506757389919475	0.201706042042145	0.566168833561599	NA	0.327116892430491	0.362892381773821	0.439619135889758	0.585737635788496	0.667154579020493	0.488974054131187	NA	0.301302284313852	0.438942643844177	NA	NA	NA	0.0823675415172282	0.555929734122228
NA	NA	0.543099842264481	0.777294590809132	NA	0.467645049829333	1.37436169369514	1.27259393244169	0.739427090061939	1.27829232774935	1.40340825314345	NA	NA	1.68048590953745	0.976585379621897	NA	1.0747433009014	1.39758115921169	0.75318095848125	0.594473138629499	0.497370521153868	0.396837652711455	NA	0.914301189800814	0.543776333644359	NA	0.460879512059966	NA	1.59758531478703	NA	NA	0.510378200156264	NA	0.607553087707441	NA	NA	NA	NA	0.343815465579074	0.387000276524303
1.18166498973596	0.880291031889998	1.31591378058592	1.25235746926197	NA	NA	1.08868394565228	0.962724679941477	1.33691980547765	NA	1.67773055898155	1.0743941214872	NA	1.1557407894501	0.893126921053853	0.920950047213127	NA	0.837102396900291	0.916212927004607	0.755797908426657	NA	0.917372667678204	NA	0.541130149579821	0.670090372948379	NA	NA	NA	0.607098082728006	0.561653144921822	1.07497060555253	1.52131339529595	NA	NA	NA	NA	NA	1.52682333661389	1.20442974640094	NA
NA	NA	NA	NA	1.30211477378169	1.49298866728396	1.0609952161451	1.02617055021671	NA	NA	0.876308978962607	0.822092637305348	NA	0.778229321265657	NA	0.911317963558634	0.761104682635823	NA	0.95600295710218	NA	NA	0.772104539214212	NA	NA	0.944043200853273	NA	0.488744137445749	0.972503049081645	NA	1.03382806659898	1.28361399906797	1.09169469420745	NA	0.946660584695714	1.29971059344447	NA	NA	NA	0.644534135524455	NA
NA	1.84684939352347	1.75274842513343	1.53863749697897	1.37024838705545	NA	NA	1.16443051381249	NA	NA	0.424957105692803	NA	NA	0.807830704902664	0.586550861283118	0.659315616059734	0.668420623264415	0.532751902647288	0.109330714257875	NA	0.132864325431062	NA	NA	NA	NA	NA	NA	NA	NA	1.35578294731242	NA	1.45794010208291	NA	NA	NA	NA	NA	0.347567521894337	0.67115403360763	NA
NA	NA	NA	NA	0.6105112591998	0.77229753654336	0.705326234696299	NA	0.883622184954713	0.529554108687413	0.693394932346264	0.661941614511414	NA	NA	NA	1.04119802927238	0.743498320444737	NA	NA	0.304761708690113	0.67431540382383	NA	NA	NA	NA	NA	NA	1.08303710452267	NA	0.229102333476366	0.113518490682501	NA	NA	0.451683700563558	NA	NA	NA	NA	NA	0.522079047022216
NA	NA	NA	NA	NA	NA	NA	NA	NA	NA	NA	NA	NA	NA	NA	NA	NA	NA	NA	NA	NA	NA	NA	NA	NA	NA	NA	NA	NA	NA	NA	NA	NA	NA	NA	NA	NA	NA	NA	NA
NA	NA	NA	NA	NA	NA	NA	NA	NA	NA	NA	NA	NA	NA	NA	NA	NA	NA	NA	NA	NA	NA	NA	NA	NA	NA	NA	NA	NA	NA	NA	NA	NA	NA	NA	NA	NA	NA	NA	NA
NA	NA	NA	1.35380021532699	NA	NA	NA	0.66352696036437	NA	NA	0.657635046629671	NA	NA	NA	NA	NA	0.677715658046844	NA	NA	NA	0.511953462319687	NA	NA	NA	NA	NA	NA	NA	NA	NA	NA	0.814575791388653	NA	0.664230277455148	NA	0.446949550171569	NA	NA	0.221979174435208	0.357061281878829
1.56100855549978	1.41256240187557	NA	NA	NA	1.201734998074	1.08923293592151	NA	NA	NA	1.50301145741002	1.62315481388905	NA	1.42895216703641	1.2224774611263	1.46536920203956	1.50231879287494	NA	NA	1.09537575138756	0.875957690286968	NA	1.01673101270084	1.20802960818567	NA	1.41211820506865	1.15803709420025	NA	NA	NA	NA	0.89347386295052	NA	NA	NA	0.754899466306742	NA	0.120264577608738	0.179134762760945	0.488395992208372
NA	NA	NA	NA	NA	NA	NA	NA	NA	NA	NA	NA	NA	NA	NA	NA	NA	NA	NA	NA	NA	NA	NA	NA	NA	NA	NA	NA	NA	NA	NA	NA	NA	NA	NA	NA	NA	NA	NA	NA
NA	NA	1.26678048233617	1.34276054937653	1.69725371421871	NA	NA	NA	0.812457321435577	NA	0.997922840759637	1.14225245014781	NA	NA	0.920653813467191	NA	0.714963057232276	0.867307288958984	1.16927476497268	NA	1.69469912570661	0.780349992013552	0.71709710010396	0.267235089481595	NA	NA	NA	NA	0.440120037500724	0.27451577818256	0.455816150962649	NA	NA	0.310263660499111	0.342325299060671	0.236231708781435	NA	NA	0.118127272613654	0.201585937493292
NA	NA	NA	NA	NA	NA	1.66650764598476	NA	NA	1.07056256983665	1.31916944100924	0.495334639453764	0.649071335227677	0.409443824545496	0.871983356264479	NA	0.585000530737179	NA	1.71721097297166	0.478755381149557	NA	1.09068965990476	1.4102581242723	1.3460878045571	NA	NA	1.33676731818883	NA	0.729762026697596	0.671211621442705	NA	NA	0.819307547753848	NA	NA	NA	NA	0.0661154293610426	0.287124264073903	0.835636657892635
0.896154808571948	1.26913512200707	1.30974910435117	NA	NA	NA	NA	0.300439477483548	0.616318790047755	NA	NA	NA	NA	NA	1.34660977038555	1.13294988537285	0.86340266948782	NA	NA	NA	NA	1.13629899318643	NA	NA	NA	1.02459350749695	1.03586183429819	0.645131581103047	0.779235577405689	1.16208248533296	0.566666927430159	0.531175172147192	0.382862338183846	0.342033484548676	0.556385732908446	0.346383220714211	NA	NA	0.40983352373941	0.976741421840802
NA	NA	NA	NA	NA	NA	NA	NA	NA	NA	NA	NA	NA	NA	NA	NA	NA	NA	NA	NA	NA	NA	NA	NA	NA	NA	NA	NA	NA	NA	NA	NA	NA	NA	NA	NA	NA	NA	NA	NA
NA	NA	NA	NA	NA	NA	NA	NA	NA	NA	NA	NA	NA	NA	NA	NA	NA	NA	NA	NA	NA	NA	NA	NA	NA	NA	NA	NA	NA	NA	NA	NA	NA	NA	NA	NA	NA	NA	NA	NA
NA	NA	NA	NA	NA	NA	NA	NA	NA	NA	NA	NA	NA	NA	NA	NA	NA	NA	NA	NA	NA	NA	NA	NA	NA	NA	NA	NA	NA	NA	NA	NA	NA	NA	NA	NA	NA	NA	NA	NA
0.876645696160208	0.685931248784895	NA	1.01059532133951	NA	NA	0.791668319019984	0.662401705470461	NA	NA	0.703787399752735	0.986375892255296	0.949928123715617	1.11187690554041	1.01751182631552	NA	0.715673687014024	0.849080871608616	NA	0.660493029986616	0.400670668210053	NA	NA	NA	NA	NA	NA	NA	0.409439693110798	NA	NA	NA	NA	1.10862773672903	NA	NA	NA	NA	NA	1.06925587656589
NA	NA	NA	NA	NA	NA	0.476460351141082	NA	0.637947611888607	NA	NA	1.16698402612227	0.681692417704547	0.364784625715626	0.413147457939934	0.731893434913026	0.720619095916012	0.247892408345634	NA	0.208076429694864	NA	0.82790792671194	NA	0.820721262441836	NA	0.897175432540708	NA	1.25421240457527	NA	NA	NA	0.758451431987061	NA	NA	NA	NA	NA	NA	0.48563177510378	0.693108636937866
NA	NA	NA	1.03848934438731	0.716437597222621	2.07093849589516	NA	NA	0.993872172163919	0.733606553360627	0.758910412996035	NA	NA	NA	0.775991934493404	NA	0.810832737750426	0.994159825247427	0.888748205432595	NA	1.37571798538652	1.09106408744183	NA	0.561701806625539	0.624849531358104	NA	NA	NA	NA	1.00854584301166	0.874771717077004	0.351810870678838	0.632319461072027	0.551022254200225	0.373899903173189	NA	NA	0.356037862620958	0.603145072881846	0.653486084412694
0.43330467846022	0.547428550465312	0.732634046444322	0.752816843351589	0.389619199262142	0.288214180800741	0.601946331493896	NA	NA	0.364357532430778	0.283940223879062	NA	NA	NA	NA	NA	0.791596320628826	0.814166271975917	NA	NA	0.93214344243328	1.03215615218338	0.862880796254734	1.01167855768069	0.442041040771518	0.619951692897493	NA	NA	0.962259074296025	NA	NA	1.03930150267026	0.547074118380988	2.0934426804131	0.458291141544044	NA	NA	0.236002374105928	0.231369936871165	0.862440204799469
NA	NA	NA	NA	NA	NA	NA	NA	NA	NA	NA	NA	NA	NA	NA	NA	NA	NA	NA	NA	NA	NA	NA	NA	NA	NA	NA	NA	NA	NA	NA	NA	NA	NA	NA	NA	NA	NA	NA	NA
1.75821446714628	NA	NA	NA	NA	1.47448445264073	NA	NA	NA	NA	NA	NA	NA	NA	NA	NA	NA	NA	NA	NA	NA	1.44296964565214	NA	2.01733514226513	1.48255965690788	1.99394291482456	NA	1.38146041763813	0.834062886522811	NA	1.12587665458475	0.99152448204909	0.659598028673502	1.11921075889708	NA	NA	NA	NA	0.678963158056403	NA
NA	NA	NA	NA	NA	NA	NA	NA	NA	NA	NA	NA	NA	NA	NA	NA	NA	NA	NA	NA	NA	NA	NA	NA	NA	NA	NA	NA	NA	NA	NA	NA	NA	NA	NA	NA	NA	0.213583047982027	0.412915724903302	0.628794642108958
NA	NA	NA	NA	NA	NA	NA	NA	NA	NA	NA	NA	NA	NA	NA	NA	NA	NA	NA	NA	NA	NA	NA	NA	NA	NA	NA	NA	NA	NA	NA	NA	NA	NA	NA	NA	NA	NA	NA	NA
NA	1.46752764531614	NA	NA	NA	0.763635884727428	0.804037024131807	NA	NA	0.395034833393302	0.337868661944253	NA	NA	0.859390630959521	NA	NA	NA	0.761616981475428	NA	NA	0.731264831951667	NA	NA	NA	NA	1.06512226813227	NA	NA	1.02670279007992	1.0359182440643	0.468882215631236	1.02374830158268	0.654480359941035	0.624038965622144	0.572129324321482	0.246982718489624	NA	0.474218343418659	0.285478842122667	0.789246875948434
NA	NA	NA	NA	NA	NA	NA	NA	NA	NA	NA	NA	NA	NA	NA	NA	NA	NA	NA	NA	NA	NA	NA	NA	NA	NA	NA	NA	NA	NA	NA	NA	NA	NA	NA	NA	NA	NA	NA	NA
NA	NA	NA	NA	NA	NA	NA	NA	NA	NA	NA	NA	NA	NA	NA	NA	NA	NA	NA	NA	NA	NA	NA	NA	NA	NA	NA	NA	NA	NA	NA	NA	NA	NA	NA	NA	NA	NA	NA	NA
NA	NA	NA	NA	NA	NA	NA	NA	NA	NA	NA	NA	NA	NA	NA	NA	NA	NA	NA	NA	NA	NA	NA	NA	NA	NA	NA	NA	NA	NA	NA	NA	NA	NA	NA	NA	NA	NA	NA	NA
NA	NA	NA	NA	1.30357614761347	0.65231174630865	0.839910928441215	0.985841328742121	NA	NA	1.25680244942142	NA	NA	1.03207091086123	1.28464064255864	NA	NA	1.34011178041226	0.823215494698664	1.02715087701185	0.964945900447318	NA	NA	NA	NA	0.403712011644371	0.452050091311822	NA	0.535093020948049	NA	0.73829764633839	NA	NA	NA	0.746217122683245	0.981214932222754	NA	0.320524077453584	0.735084134349427	NA
NA	NA	NA	NA	NA	NA	NA	NA	NA	NA	NA	NA	NA	NA	NA	NA	NA	NA	NA	NA	NA	NA	NA	NA	NA	NA	NA	NA	NA	NA	NA	NA	NA	NA	NA	NA	NA	NA	NA	NA
NA	0.811886307821633	1.07224667339839	NA	1.74121887857846	NA	1.85300540911108	1.51507249077514	1.61701509120922	1.84629074198676	NA	1.12315430028242	NA	1.40785914148293	1.51414726887677	NA	0.22593114557737	0.904146084442914	1.49931284138401	0.375307587202846	0.3349822502519	1.38697104820932	1.6143817595317	1.86288571222731	1.49731262500341	0.182625956017451	1.57317528587227	1.41789861828345	1.80748522025741	1.58580454891164	NA	1.61901860967011	1.52819287432561	2.2493709198672	1.79524140868412	NA	NA	1.9862485414376	NA	NA
0.932328541990153	NA	NA	NA	NA	NA	NA	1.84121861541881	1.65156526839399	1.97659626799062	2.01634468320074	1.5529525671573	NA	NA	1.47775330780987	NA	1.25793107203718	NA	NA	NA	NA	1.41419487669491	0.677287981151021	NA	0.502454778222498	NA	NA	0.595554115026724	NA	1.01119255249479	NA	NA	NA	0.243400800930516	0.770051373657529	0.742014449129305	NA	NA	0.706220390546313	NA
NA	NA	NA	NA	NA	NA	NA	NA	NA	NA	NA	NA	NA	NA	NA	NA	NA	NA	NA	NA	NA	NA	NA	NA	NA	NA	NA	NA	NA	NA	NA	NA	NA	NA	NA	NA	NA	NA	NA	NA
NA	0.419574019848168	NA	0.934922473634778	NA	NA	0.445745112348857	0.393550043089288	0.497047611693133	NA	1.21178714384289	1.05759803167522	1.1075875002878	NA	NA	NA	1.32822419312969	0.933885032333953	0.643345953026396	NA	0.522945305295429	0.50249510801159	0.350048410599331	NA	0.527299640680336	0.504691665002433	NA	NA	0.509818307115809	0.611161969609101	NA	NA	1.04380126280435	0.511518610549878	0.279922438581613	0.294974614659599	NA	NA	0.455757103566402	0.600299177135373
NA	NA	NA	NA	NA	NA	NA	NA	NA	NA	NA	NA	NA	NA	NA	NA	NA	NA	NA	NA	NA	NA	NA	NA	NA	NA	NA	NA	NA	NA	NA	NA	NA	NA	NA	NA	NA	NA	NA	NA
NA	NA	NA	NA	NA	NA	NA	NA	NA	NA	NA	NA	NA	NA	NA	NA	NA	NA	NA	NA	NA	NA	NA	NA	NA	NA	NA	NA	NA	NA	NA	NA	NA	NA	NA	NA	NA	NA	NA	NA
NA	NA	NA	NA	1.8573672863258	1.97816027683314	0.625399145678504	1.99764562068816	1.24160816270212	1.01240951588815	0.702716216410935	NA	NA	1.27540130424471	0.981838435981986	0.672871509533775	NA	0.876503142332909	NA	0.59408725101618	NA	NA	NA	NA	NA	NA	NA	NA	NA	NA	NA	NA	NA	NA	NA	NA	NA	NA	0.41477182184857	0.907713205472954
NA	NA	NA	NA	NA	NA	NA	NA	NA	NA	NA	NA	NA	NA	NA	NA	NA	NA	NA	NA	NA	NA	NA	NA	NA	NA	NA	NA	NA	NA	NA	NA	NA	NA	NA	NA	NA	NA	NA	NA
NA	NA	NA	NA	0.959434136888425	0.862178020083331	1.05229738353469	NA	NA	NA	1.80639968510287	0.919089181736615	NA	0.67167232654034	NA	NA	NA	0.54413897016488	NA	0.810254220095851	0.386921686226669	0.53272058410422	0.710989533434385	NA	NA	NA	NA	1.45534136298666	NA	1.75480822996116	NA	0.564787157506607	1.74160201284173	NA	NA	1.86174386774765	NA	0.329217596798428	NA	1.85468476468278
NA	NA	0.429116350944639	NA	NA	1.91579796861103	NA	1.27121239106849	1.08553119796216	NA	NA	NA	NA	NA	NA	NA	NA	NA	0.958264851236422	NA	NA	NA	NA	0.709131356367614	0.579930631499832	NA	NA	NA	NA	0.541042522745001	NA	0.755834911403168	NA	0.529972218440464	NA	NA	NA	0.302584400800456	0.272638298742173	0.762910601003083
NA	1.00668200279472	NA	1.49963189839058	1.26885854067555	NA	1.14897122540893	1.1825984375711	NA	NA	1.20281423502223	1.83460866658398	1.19362117565135	1.36654650977471	1.14432374062093	1.31886534562571	NA	1.58121646407357	NA	1.01497963787135	2.07003347330317	0.822110401667263	0.546864135190264	NA	0.779493763809726	NA	0.166880977953815	0.65279368752439	NA	NA	NA	NA	1.28979494852916	NA	NA	0.183684262103158	NA	0.385477543708821	0.609066156976842	NA
NA	NA	NA	NA	NA	NA	NA	NA	NA	NA	NA	NA	NA	NA	NA	NA	NA	NA	NA	NA	NA	NA	NA	NA	NA	NA	NA	NA	NA	NA	NA	NA	NA	NA	NA	NA	NA	NA	NA	NA
NA	NA	NA	NA	NA	NA	NA	NA	NA	NA	NA	NA	NA	NA	NA	NA	NA	NA	NA	NA	NA	NA	NA	NA	NA	NA	NA	NA	NA	NA	NA	NA	NA	NA	NA	NA	NA	NA	NA	NA
0.451995806697519	0.58717792038247	NA	NA	0.678646792042887	1.25316498135638	NA	1.99883639170699	NA	NA	0.743861218790292	NA	NA	1.15248394548127	1.12796835370214	NA	1.07978056799205	NA	NA	NA	0.423800479230921	0.239848744452336	NA	NA	NA	NA	NA	0.689234619606506	0.969415913382914	NA	NA	0.789650482690394	NA	NA	NA	0.537313061579133	NA	NA	NA	0.285583678891954
NA	NA	NA	NA	NA	NA	NA	NA	NA	NA	NA	NA	NA	NA	NA	NA	NA	NA	NA	NA	NA	NA	NA	NA	NA	NA	NA	NA	NA	NA	NA	NA	NA	NA	NA	NA	NA	NA	NA	NA
NA	NA	NA	NA	NA	NA	NA	NA	NA	NA	NA	NA	NA	NA	NA	NA	NA	NA	NA	NA	NA	NA	NA	NA	NA	NA	NA	NA	NA	NA	NA	NA	NA	NA	NA	NA	NA	NA	NA	NA
NA	NA	NA	NA	NA	NA	NA	NA	NA	NA	NA	NA	NA	NA	NA	NA	NA	NA	NA	NA	NA	NA	NA	NA	NA	NA	NA	NA	NA	NA	NA	NA	NA	NA	NA	NA	NA	NA	NA	NA
NA	NA	NA	NA	NA	NA	NA	NA	NA	NA	NA	NA	NA	NA	NA	NA	NA	NA	NA	NA	NA	NA	NA	NA	NA	NA	NA	NA	NA	NA	NA	NA	NA	NA	NA	NA	NA	NA	NA	NA
NA	NA	NA	NA	0.943705240127655	0.613644816031138	0.376280345906264	2.06304721259243	2.17516389545147	NA	0.951254575852346	0.884375186053989	NA	1.83585391453651	1.64080288113886	1.10725850164237	0.853967252701992	1.20668534672602	1.22255300105668	1.02357770996922	2.05262277071705	0.611204177834523	0.712995293946533	1.57032748197332	1.55156819700962	1.3753140911256	0.689097188994638	1.38487584393789	1.67972161742894	2.10067965751758	1.57301390444958	1.88922047490622	1.81790501226803	1.18328427499864	0.57508967305175	NA	NA	0.664855075552842	0.885006588895367	NA
NA	1.51302416068644	NA	1.6882051196485	1.82757283726288	1.6820153919832	1.41064847909113	1.65428121630306	1.68474281647138	NA	NA	NA	NA	2.25846796923045	2.30933081864823	2.05793576253551	1.79177739322279	NA	NA	1.77796252436155	1.77244980812224	1.43809590815046	1.1030053210986	NA	1.21228509213066	0.986902489964741	NA	NA	NA	NA	NA	0.546391757057259	0.599870025132866	0.145732573369886	NA	NA	NA	NA	0.609451541352487	0.539948320708194
NA	NA	NA	NA	NA	NA	NA	NA	NA	NA	NA	NA	NA	NA	NA	NA	NA	NA	NA	NA	NA	NA	NA	NA	NA	NA	NA	NA	NA	NA	NA	NA	NA	NA	NA	NA	NA	NA	NA	NA
NA	NA	NA	NA	NA	NA	NA	NA	NA	NA	NA	NA	NA	NA	NA	NA	NA	NA	NA	NA	NA	NA	NA	NA	NA	NA	NA	NA	NA	NA	NA	NA	NA	NA	NA	NA	NA	NA	NA	NA
NA	NA	NA	NA	NA	NA	NA	NA	NA	NA	NA	NA	NA	NA	NA	0.981291695026883	NA	1.5172833093852	1.50039262754088	1.11778871360937	NA	1.42412952886336	NA	NA	NA	NA	NA	1.15471847953033	NA	0.645534917737177	NA	0.468698080215545	0.544006130668589	0.653860495161774	0.34234366682434	0.802397573918184	NA	0.177716314113492	0.406878816418671	0.557913150961468
NA	NA	NA	NA	NA	NA	NA	NA	NA	NA	NA	NA	NA	NA	NA	NA	NA	NA	NA	NA	NA	NA	NA	NA	NA	NA	NA	NA	NA	NA	NA	NA	NA	NA	NA	NA	NA	NA	NA	NA
NA	NA	NA	NA	0.142891009619953	1.05204534851027	1.09689424356205	NA	0.6919499366692	NA	NA	NA	0.925879703151995	NA	1.26026911532764	NA	NA	NA	0.686674001474271	NA	NA	NA	NA	NA	NA	1.95171788089529	NA	NA	NA	NA	NA	NA	0.372430212093298	0.677284931228336	NA	NA	NA	NA	NA	0.580535103173431
0.96057755801146	NA	1.21384587066866	0.66592310894946	1.38179147895442	1.41110594881762	0.557656948954859	NA	1.72382835634849	NA	1.09053291273821	0.53935841662494	NA	0.954127041006076	1.33734569103287	0.696354099235293	NA	1.47271645374802	1.03276970787676	1.46459663119525	1.45704313102738	0.273347854976936	0.0889472821796116	NA	0.502257627763179	NA	0.436599992106485	1.88423252090796	0.339759884008848	NA	0.533332360610984	0.188440575269742	0.633739008699186	0.710778959155625	NA	NA	NA	0.33152329189741	0.364943748629323	0.313241690942815
NA	NA	NA	NA	NA	NA	NA	NA	NA	NA	NA	NA	NA	NA	NA	NA	NA	NA	NA	NA	NA	NA	NA	NA	NA	NA	NA	NA	NA	NA	NA	NA	NA	NA	NA	NA	NA	NA	NA	NA
NA	NA	NA	NA	NA	NA	NA	NA	NA	NA	NA	NA	NA	NA	NA	NA	NA	NA	NA	NA	NA	NA	NA	NA	NA	NA	NA	NA	NA	NA	NA	NA	NA	NA	NA	NA	NA	NA	NA	NA
2.41220820036689	2.59802484473811	NA	NA	1.90830074700052	2.33479693899695	1.04418072176423	1.8689037062627	1.14514627101164	0.922300802996179	2.67577030089575	0.901522253398186	1.17993408734532	2.46660468320477	2.18228786674929	2.039190784845	2.25222195095143	2.00290015258494	1.68480279459958	2.10597600231112	0.681585892151565	1.11282282309327	0.640850113640883	0.527457785740152	NA	2.67792353678035	0.230307995306425	2.23428395402296	2.1089212802019	1.15341533575416	1.67343802620266	1.3138202973688	1.46249137698361	1.67756539279952	NA	1.84264462058711	NA	1.11900846997578	0.506067145412562	0.315669067624794
NA	NA	NA	NA	0.481891176100947	0.217708568805595	NA	0.659029844051805	0.588938503032707	NA	NA	1.22015607869665	NA	NA	NA	NA	1.1371122217218	1.04616789070321	NA	0.84666911178586	NA	NA	NA	NA	0.933509173800903	1.20600869642363	NA	NA	0.584901747464335	NA	NA	1.25015852934639	0.691965268691072	0.53105676251588	NA	NA	NA	0.479384770419548	0.319033680214469	NA
1.22693515213776	NA	0.576705984059641	1.16961457101239	NA	0.733635315228311	0.775879181727615	0.737590234555586	0.726476399173413	1.35989606067484	1.21489385160128	NA	NA	0.676223792461983	0.917647125574084	1.34337428843515	0.862166124123749	1.17135249857299	0.266631222067766	0.291872092021754	0.280703979443765	0.16387768505689	0.228505933995693	0.751434471368893	NA	0.209592957678302	0.706248709859735	1.17481666700115	0.909187386024866	0.39377349427251	0.398789224779224	0.879010689630445	0.336898585334307	0.877804670736039	0.406929062896815	0.571767099422455	NA	0.61242350454312	0.420073938143025	0.687676193633334
NA	NA	NA	NA	NA	NA	NA	NA	NA	NA	NA	NA	NA	NA	NA	NA	NA	NA	NA	NA	NA	NA	NA	NA	NA	NA	NA	NA	NA	NA	NA	NA	NA	NA	NA	NA	NA	NA	NA	NA
0.518859612693035	0.490235395766016	NA	NA	0.732060716110595	1.03662828019492	NA	1.3173781312875	1.29611198396134	NA	1.10291490886173	NA	1.15444862655135	NA	1.30143849285813	0.902523167712273	1.27211533060348	1.08022257216621	0.801927001660518	0.590409524633947	NA	1.25744075962786	0.524057425012994	NA	NA	0.642248089015817	0.773180712428768	NA	NA	0.62318193125288	NA	0.830436811795913	NA	1.70660597358397	NA	0.343423731590597	NA	0.248716735233272	0.901852629815297	NA
NA	NA	NA	NA	NA	NA	NA	NA	NA	NA	NA	NA	NA	NA	NA	NA	NA	NA	NA	NA	NA	NA	NA	NA	NA	NA	NA	NA	NA	NA	NA	NA	NA	NA	NA	NA	NA	NA	NA	NA
0.704194571579238	1.0560078478419	1.25392578901819	1.01426758444811	NA	NA	NA	0.617899722061196	0.563217619883915	0.578969371578167	0.520294036563563	0.387952283596871	NA	0.667230865607002	0.441202200060696	0.922872799162013	0.980032118690492	0.847492206916811	0.817328769441874	1.05393933236693	1.01330647916921	0.6985139580479	NA	0.694930810865765	0.540931697813143	NA	NA	NA	0.236958479407682	0.256639463297493	NA	0.68251891921459	0.619981656681822	0.289705592990184	NA	NA	NA	NA	0.426549899232448	NA
0.795649425053181	NA	NA	NA	NA	NA	1.53812489334303	1.52985057425106	1.37043450395825	NA	NA	1.204212064048	1.48130341256394	NA	1.64179650350806	NA	1.29751371748308	0.987517815253202	NA	2.36557489089273	2.4999022269719	0.886860943536529	2.35003152885756	2.44260699303633	2.51698590308742	0.862435567813455	1.67300703343752	2.58297438078921	1.10957633031095	1.77118812122371	1.54565943296731	1.74359886598458	0.297812427015807	0.337049813635672	0.198055550877706	NA	NA	0.173822320251656	NA	1.51908239060077
NA	NA	NA	NA	NA	NA	NA	NA	NA	NA	NA	NA	NA	NA	NA	NA	NA	NA	NA	NA	NA	NA	NA	NA	NA	NA	NA	NA	NA	NA	NA	NA	NA	NA	NA	NA	NA	NA	NA	NA
NA	NA	NA	NA	NA	NA	NA	NA	NA	NA	NA	NA	NA	NA	NA	NA	NA	NA	NA	NA	NA	NA	NA	NA	NA	NA	NA	NA	NA	NA	NA	NA	NA	NA	NA	NA	NA	NA	NA	NA
1.9394510461656	2.00458484650094	2.06916672464097	0.610578475628456	2.48236773734157	1.62521153498122	0.456983224411587	1.90501407973609	0.369608908483093	1.56417064501306	1.65462710344	1.73651408488098	0.90099005242556	NA	NA	0.539833569888549	0.426295141853874	0.509868856893495	1.83664617394677	0.546392240441876	0.811169666062262	0.751630351358362	2.10797633630234	1.05496747100195	2.36181131265317	NA	1.77308812934285	2.27772207213644	2.1016421846883	1.82013731197294	2.2835900432408	0.739062401344579	NA	NA	NA	NA	NA	0.807203233528097	1.04654407967059	NA
NA	1.17029506457502	NA	NA	NA	NA	NA	NA	NA	NA	1.19709477175779	NA	NA	1.50571729891064	1.48531885443719	NA	1.20869698526019	1.26922881271991	NA	1.15221500805453	NA	NA	NA	NA	0.935748866726715	NA	0.347895307905012	NA	NA	NA	0.608485144701149	0.611565464828143	NA	NA	NA	NA	NA	0.222756011945078	0.283876935713885	0.61044892626731
1.76766820932736	NA	NA	NA	NA	0.808202406412	1.38254542567174	1.69675355223879	NA	1.95149024001236	NA	2.48946254429933	NA	NA	2.06240548987858	NA	1.58528443295384	1.54815102374986	1.4548069792522	0.619305920893686	0.663086233931784	1.36278003784215	0.968220235490658	NA	NA	0.579220440362773	1.17787611888618	0.983429951570495	NA	1.14817134045855	0.915801457736574	1.2965976329934	1.19388745882075	NA	NA	NA	NA	1.00450039520394	1.03543275999291	0.980697835935183
NA	NA	NA	NA	0.7309095332487	0.820791649746619	0.639792792775413	0.638901934441844	NA	NA	NA	0.901071119957043	NA	NA	NA	NA	0.853199538698849	NA	0.768290475182585	0.738103908419016	NA	0.643541489669515	1.04410886846748	NA	1.23337887199419	0.888887485343588	1.19895231280503	1.11127481150048	1.04218218723747	NA	NA	0.610335869332115	0.326650979379594	0.381956143548761	NA	0.575878869785711	NA	0.658321782870286	0.6089317427132	0.856944314825726
NA	NA	NA	1.38908821032209	1.45243220942677	1.81234406871698	NA	2.46823389782063	2.17925413460377	NA	1.46141080002851	1.14909411972434	NA	1.50293818035874	1.24447919281646	1.28851636820187	1.34601441402592	2.95099469648107	NA	1.36512991598067	NA	1.11731964694485	NA	1.31757053704147	1.2831287403051	NA	1.09954516021497	0.964840701535349	1.11972852245127	1.32539661911827	0.970631760313358	0.391371583111399	1.08429548922126	0.984085068058086	1.0233562009595	0.783226253363788	NA	0.312718867520196	0.672638202174606	1.65393266631262
NA	NA	NA	1.35181189509173	0.948600017796094	0.90409506894116	0.805522022102451	NA	NA	NA	1.29225588647933	1.3136992730979	1.24537271695098	0.846459174353265	NA	NA	NA	NA	NA	NA	NA	NA	0.388713410116919	0.235972616037036	NA	0.460008221692152	NA	NA	0.212570233956615	0.42716301178138	0.519628023925237	0.592324456009345	0.903424479173559	1.15507124610424	0.694708956762765	NA	NA	0.303048690914233	0.363839008774527	NA
NA	NA	NA	NA	NA	0.625598585738352	NA	NA	NA	NA	1.28419222313072	1.28126903184832	NA	0.569238903959265	0.89550829056207	NA	0.675481984372737	0.946444728743307	0.504002320583592	NA	NA	NA	0.746760229461201	NA	0.788267409397427	NA	1.07693263004055	0.160212333116252	NA	0.597926565127321	NA	0.316778277041613	0.397394328996679	0.556201451812282	0.5724410517901	NA	NA	0.420898266562461	NA	NA
NA	NA	NA	NA	2.03921483774865	2.00380273033454	2.13614798481754	2.03971829598795	2.40601229840499	2.46580307216165	2.49755048865904	1.88122237697388	NA	1.99314652520125	1.66704531760834	NA	1.8370071144776	1.57688856922328	NA	2.24829174976566	2.5149956119715	NA	NA	NA	NA	NA	NA	NA	NA	NA	NA	NA	NA	NA	NA	NA	NA	NA	0.26262299758741	0.523235648235844
1.62356471947587	NA	1.10554465486923	NA	NA	NA	0.92835429956813	NA	NA	NA	NA	NA	1.48155747279127	NA	0.86181176849255	NA	NA	0.72720533367009	NA	NA	NA	NA	NA	NA	NA	NA	1.23137635531143	NA	0.973506858560947	NA	NA	0.459306199257045	0.736209386363405	0.123129890330133	NA	0.282776999292635	NA	0.384557489719149	0.439671016167458	0.667690303052116
NA	1.98869947631329	NA	NA	NA	1.4394429422827	1.67083369660726	1.58852530193006	NA	1.55093753821021	1.3398086423898	1.26242263190126	NA	0.966479313203574	1.28222961295202	1.53278057863297	1.41514069187778	1.37679738531221	1.77634861610066	NA	1.09896952979978	0.736779053646031	0.747086124508573	0.786467049103871	1.01096561148831	1.00030949074627	NA	1.12549110573513	NA	0.46048019992283	NA	0.493796603119724	0.550997201625287	NA	0.120994500267951	NA	NA	0.53508842245923	0.735593084382828	0.703398723630636
NA	1.06919428583615	NA	NA	NA	NA	0.749703941605725	NA	0.998721947443832	NA	NA	0.791864693285377	NA	0.56379229898767	NA	1.03606897956092	0.846382101530917	0.836287159006684	NA	0.571941496517561	NA	0.228452570292132	0.559470841259815	0.30344176751037	NA	0.522793864464963	0.387635280334701	0.219249466082385	NA	NA	0.923807156429531	0.96420830192361	0.875009530881603	0.274523742821867	0.239912543391691	0.782721292163448	NA	0.353223395174412	0.705037362420203	NA
NA	NA	NA	NA	1.42348872175172	0.467353336398516	1.07647362081536	0.532000491100914	0.928424592318533	NA	NA	NA	NA	NA	0.575563774196524	0.755407598308611	0.936639028595803	0.795727019146022	1.90125572961589	1.19750867730267	NA	NA	NA	0.240398848509056	0.596728881073315	NA	1.38309999981746	0.746517168083488	0.844966454431564	1.41411713656054	1.09120260147487	1.03771538388316	NA	NA	0.338056960397102	0.937027854687239	NA	0.297903470323395	0.53556496526853	NA
NA	0.269707391371651	NA	NA	0.701784808551862	0.970142342547982	NA	1.09622207155874	NA	1.10289236437219	NA	NA	NA	0.810452633629656	NA	0.625481456386741	NA	0.742399758469796	NA	0.907383945813684	0.966255825922252	NA	1.70945961278655	NA	1.04159756499846	1.4313013579118	1.1322254136787	0.961920228326443	1.96520323288058	NA	NA	NA	NA	1.58664111292715	NA	0.745304622468396	NA	NA	0.807693672830784	NA
NA	NA	NA	2.40123763613164	NA	NA	NA	1.28987707742346	1.61989672217909	1.40503171908188	NA	1.81018390345774	0.815340318387923	1.23600341207577	0.925607126291999	1.28352840205985	NA	1.55666714540856	NA	NA	0.886601191475877	NA	NA	1.00945896801925	0.810085835199604	1.00504179244467	NA	NA	0.633219726165749	NA	NA	NA	1.34192940868707	NA	0.671501001694894	0.214113818268396	NA	2.09283769087772	0.268141545569294	NA
1.43045414500645	NA	NA	NA	1.56025711993471	1.01144384988651	1.35732575236531	NA	NA	NA	NA	NA	1.53965901346667	NA	NA	NA	NA	NA	2.03624790454211	0.70339691057046	NA	1.04076059778432	NA	1.51110523075668	1.36860526383742	NA	NA	0.732345946009727	0.708715052543581	0.730875842045753	NA	NA	0.467245893426082	0.583175233022986	0.77281943110054	0.202241316626053	NA	0.693283482069055	NA	1.60987991575128
1.83830563559859	1.6483233634557	0.896355320629383	1.08927522904463	2.4432951396119	2.28566499896826	1.89452608050219	NA	NA	2.80012881684033	1.36453511083892	1.94731493255919	NA	1.67506326260439	1.74241149446779	2.67012800532527	2.1705061388729	0.578969366647186	1.45677590553601	0.404372967202903	1.82386097054284	2.72664666262517	0.634392764823333	0.644220684012349	2.05340457807282	0.996416245471234	2.21326607491194	2.3928393433623	NA	NA	2.09705460814298	1.60184084348923	0.411247450305896	0.370696896885938	0.237338500898237	0.36465509101232	NA	0.709718111107758	1.61769313322392	1.49184782276166
NA	NA	NA	NA	NA	NA	NA	NA	NA	NA	NA	NA	NA	NA	NA	NA	NA	NA	NA	NA	NA	NA	NA	NA	NA	NA	NA	NA	NA	NA	NA	NA	NA	NA	NA	NA	NA	NA	NA	NA
NA	NA	NA	1.75959030662943	NA	NA	1.26607138875469	0.640741698993052	NA	0.178518080196475	NA	0.913719689778675	0.837929074592761	0.985484500267263	1.16804979703718	0.826763254287608	1.06372887287645	0.566395019743219	0.43535222302683	NA	0.806201195181378	0.984286229949212	NA	0.561872301907018	NA	NA	NA	NA	0.907452921693423	NA	1.64574472336619	1.15809058429132	0.728407225302126	0.661384204111137	1.70953374435028	NA	NA	0.822289087746444	0.865295176168798	NA
NA	NA	NA	NA	NA	NA	NA	NA	NA	NA	NA	NA	NA	NA	NA	NA	NA	NA	NA	NA	NA	NA	NA	NA	NA	NA	NA	NA	NA	NA	NA	NA	NA	NA	NA	NA	NA	NA	NA	NA
0.577944726213165	NA	NA	NA	0.655300466030072	1.01102466529653	1.04848619715295	1.09334682383303	1.12452812013716	1.24710637539876	NA	1.46764954902026	1.29221787906756	1.27676131615036	1.28744140707218	0.658805187863393	NA	0.79936197996848	0.695761612451471	0.789614278191052	0.580633253367502	NA	NA	NA	NA	0.754388425912242	0.759995098941102	NA	0.462251891085394	0.36271059774857	1.55523237487739	NA	0.410219304594314	NA	NA	0.773749240755967	NA	0.308641267524859	0.313524836316193	0.340327942740824
NA	NA	NA	NA	NA	NA	NA	NA	NA	NA	NA	NA	NA	NA	NA	NA	NA	NA	NA	NA	NA	NA	NA	NA	NA	NA	NA	NA	NA	NA	NA	NA	NA	NA	NA	NA	NA	NA	NA	NA
1.20124043705953	NA	NA	0.712357020750237	0.45107574834121	0.538205800468498	0.78917861198795	NA	NA	NA	2.11265793428949	NA	NA	1.73239295966888	NA	NA	0.847540316765751	NA	NA	0.44691236383168	NA	NA	NA	NA	0.753151474262378	1.06464122549867	NA	NA	NA	NA	NA	NA	NA	NA	NA	0.131679063060219	NA	0.0519761317833014	0.35964100004058	NA
NA	NA	NA	1.60598188933085	1.98247500855066	NA	NA	0.633300447324194	NA	1.21914809006756	1.56324970030472	1.97405240879269	NA	1.43801231875354	1.63487544614824	1.11120549022881	NA	1.52900646432322	NA	1.66745029365206	0.953173968162145	0.504337865196984	0.393014902490293	0.333260019648414	NA	0.237196376014673	0.388837652744995	0.54451296184486	0.433901451826241	0.790543290165104	0.484923523915519	0.685285189247923	0.636005010179997	NA	1.12960897236299	0.536972855553632	NA	NA	NA	NA
NA	0.792808629459446	NA	0.575365189019158	NA	NA	0.877762032613187	0.842572273047577	0.348997588714543	0.878698401426996	0.404546050562971	NA	NA	NA	NA	NA	NA	NA	0.949802908557364	0.467879833033315	0.303075925971868	0.438984113259126	NA	NA	0.662053409262286	0.386224614351232	NA	0.609883372959515	0.318245664007504	NA	NA	NA	NA	0.442390927318737	1.65676645495492	0.677780105368741	NA	NA	NA	0.885458167303342
NA	NA	NA	NA	NA	NA	NA	NA	NA	NA	NA	NA	NA	NA	NA	NA	NA	NA	NA	NA	NA	NA	NA	NA	NA	NA	NA	NA	NA	NA	NA	NA	NA	NA	NA	NA	NA	NA	NA	NA
NA	NA	NA	NA	NA	NA	1.21180040519835	0.751262307111448	1.03477103798167	0.87814124766322	1.03659726124268	0.571687295237997	0.367094024620395	0.458321092128761	0.430504011236451	0.562169467505451	0.468394659436909	0.587788721828291	0.704020228223683	0.515315496379432	1.23438732135335	1.319110219753	1.10030476104802	1.46018523455836	1.4084428573725	0.558655114696635	0.31042595346122	0.666467873328936	0.980886387340333	0.365473243167766	NA	1.24322626682414	NA	0.810249608331346	0.821429776262378	0.404555280169146	NA	1.08878123871706	1.26883072176142	1.43638488338734
NA	NA	NA	NA	NA	NA	NA	NA	NA	NA	NA	NA	NA	NA	NA	NA	NA	NA	NA	NA	NA	NA	NA	NA	NA	NA	NA	NA	NA	NA	NA	NA	NA	NA	NA	NA	NA	NA	NA	NA
NA	NA	NA	NA	NA	NA	NA	NA	NA	NA	NA	NA	NA	NA	NA	NA	NA	NA	NA	NA	NA	NA	NA	NA	NA	NA	NA	NA	NA	NA	NA	NA	NA	NA	NA	NA	NA	NA	NA	NA
NA	NA	NA	NA	NA	NA	NA	NA	NA	NA	NA	NA	NA	NA	NA	NA	NA	NA	NA	NA	NA	NA	NA	NA	NA	NA	NA	NA	NA	NA	NA	NA	NA	NA	NA	NA	NA	NA	NA	NA
NA	NA	NA	NA	NA	NA	NA	NA	NA	NA	NA	NA	NA	NA	NA	NA	NA	NA	NA	NA	NA	NA	NA	NA	NA	NA	NA	NA	NA	NA	NA	NA	NA	NA	NA	NA	NA	NA	NA	NA
NA	NA	NA	NA	NA	NA	NA	NA	NA	NA	NA	NA	NA	NA	NA	NA	NA	NA	NA	NA	NA	NA	NA	NA	NA	NA	NA	NA	NA	NA	NA	NA	NA	NA	NA	NA	NA	NA	NA	NA
NA	2.00524758172065	NA	NA	1.74697627282467	1.15700366748572	NA	0.694837504809247	0.87539714628179	1.01793324814572	NA	NA	0.854290716738538	1.06749804148984	NA	NA	1.26720796777255	1.60384623082056	NA	1.00090473515657	0.666050605122329	0.745725203058004	0.69849805355194	1.04857666719372	0.67476500012594	1.26544934685587	0.916486458124682	NA	1.12445835066112	NA	NA	NA	0.910138765073431	0.751407284606448	NA	0.358217147695721	NA	NA	NA	0.435116179800797
NA	1.40705883511853	NA	NA	1.18555930594336	1.06671148267755	NA	NA	NA	0.240699381187744	NA	0.333296421582252	0.931565850315244	0.719195875303817	0.843099305213643	NA	0.884683325006323	NA	NA	NA	NA	0.124684741655083	NA	NA	NA	NA	NA	NA	2.08265231833603	0.632374418177026	NA	0.728177888323552	NA	NA	1.65244077874824	NA	NA	0.620145351524275	0.364164935538434	0.368663232865263
1.30960616474319	1.08799289091151	1.35133208933718	1.30205406283068	1.3347827755796	0.839339236448156	0.731378014055266	NA	1.24980105799201	1.07846494114845	1.09981222297124	1.06017897361387	0.695752871462249	0.955209369314128	2.48176915088081	2.07267962595924	0.266789032903838	0.847819772281759	0.62347565161264	0.650657244755562	2.11961054600844	0.584654334732294	1.82390386052999	2.03595842118885	2.03322785625585	1.40788794239721	1.61841661737297	0.814794627763068	0.890528796048317	1.2972393926508	1.34936699644382	1.45332302712404	0.452955339090937	0.933169720392847	1.37851525956519	1.02902022750849	NA	0.707333916602214	NA	1.17423805306572
2.39333124180953	1.7551246027413	NA	NA	NA	0.630696630586217	0.880413738581504	1.04228127783669	0.901600221697981	1.80694123460613	0.36482265310125	0.407469838391833	NA	0.592221754145703	1.59091141190859	2.51575824496099	2.28026715149197	2.38403112509792	NA	0.523341912817833	0.326319628077141	1.21049187355854	0.296363996305027	0.28309816162673	0.473903797334919	0.786193681118216	1.3128848048006	1.53495893869823	1.18682570240796	NA	NA	0.475539280239814	1.47661267411047	1.36321200173042	0.579225650677646	1.77718702240849	NA	NA	0.899209942634226	0.590216258043454
NA	NA	0.764910482089418	0.429867083036435	0.710488710633485	NA	0.718738442591616	NA	NA	NA	0.831954866191619	NA	1.06616987964697	0.517754310806904	NA	NA	0.352415486252161	NA	0.955497209375124	0.311346152769777	NA	NA	0.698748513863388	NA	NA	1.27439754810529	NA	1.06045674273096	1.04395356027078	0.564792373592898	0.586225735079376	0.835796253231887	0.866220541647833	0.730185851654298	NA	0.375292301502575	NA	NA	0.594025917877317	0.680084894734397
NA	NA	NA	NA	NA	NA	NA	NA	NA	NA	NA	NA	NA	NA	NA	NA	NA	NA	NA	NA	NA	NA	NA	NA	NA	NA	NA	NA	NA	NA	NA	NA	NA	NA	NA	NA	NA	NA	NA	NA
NA	NA	NA	NA	NA	NA	NA	NA	NA	NA	NA	NA	NA	NA	NA	NA	NA	NA	NA	NA	NA	NA	NA	NA	NA	NA	NA	NA	NA	NA	NA	NA	NA	NA	NA	NA	NA	NA	NA	NA
NA	NA	NA	NA	NA	NA	NA	1.16279942746182	1.18950620152075	2.10972028589499	NA	1.46057971480896	NA	NA	1.84156312573273	NA	1.86165639502323	2.1866324843852	NA	NA	0.947522411310935	NA	NA	NA	NA	NA	NA	0.831371407434853	NA	NA	0.731717940552779	0.519545024404063	1.88976460326904	NA	NA	NA	NA	NA	0.346043681392036	NA
NA	NA	NA	NA	NA	0.733927438378697	0.804508665304356	NA	0.551549114146872	NA	0.736556183153858	0.467326893445142	NA	NA	NA	NA	NA	NA	0.406046512876644	NA	NA	NA	NA	0.370903289784794	NA	NA	NA	0.430561669221412	NA	NA	0.9791524249368	0.493244541666585	NA	NA	0.829623540020771	0.177074135885798	NA	0.738920802807534	0.767404113648961	0.604758206900618
NA	NA	NA	NA	NA	NA	NA	NA	NA	NA	NA	NA	NA	NA	NA	NA	NA	NA	NA	NA	NA	NA	NA	NA	NA	NA	NA	NA	NA	NA	NA	NA	NA	NA	NA	NA	NA	NA	NA	NA
1.19427005215349	NA	NA	NA	NA	0.706720279489357	1.0233974034203	NA	NA	NA	1.33114883383397	1.22416245425692	NA	NA	NA	NA	1.29454912170935	1.54507305121786	NA	1.1193793344835	NA	NA	0.77622312712697	0.865430809709262	NA	NA	NA	NA	NA	1.0746329295	NA	NA	NA	0.743137137965902	0.637273303719284	NA	NA	1.09181483570318	0.843951027079093	NA
NA	1.74700366057272	NA	NA	NA	NA	NA	NA	NA	NA	1.67606624079952	NA	NA	2.01573075249629	1.8156222219084	1.61934338098415	NA	1.38798179108493	NA	NA	NA	NA	NA	1.71270340854233	NA	0.58412862088351	0.85900824469491	1.20211711775711	0.532143324922073	NA	NA	NA	NA	NA	0.292971388407277	NA	NA	NA	0.386813634576603	0.438385967783022
NA	NA	NA	NA	NA	NA	NA	NA	NA	NA	NA	NA	NA	NA	NA	1.6859153188885	NA	NA	1.53368520379809	NA	NA	NA	1.67248304356557	1.60171255725997	1.78082670057786	1.56325758064446	NA	1.18173013151627	NA	1.13771766763901	1.07163417715961	NA	NA	1.0303836916843	NA	0.522411652886501	NA	0.707464242325546	0.531806010441033	0.47014085243054
NA	1.42808641682545	1.05419044968316	1.21887632016328	1.40637028810529	1.66396986345464	NA	1.63956649786503	1.50381240896232	1.17133139183143	1.21163354235492	1.68484049032715	1.51232436534782	0.990974137809458	1.80357645780778	0.931459498709393	0.951748207664992	1.27141806872052	2.01126631736187	1.67887549594442	1.0395210364651	0.969918089551014	0.887859168306518	1.5400530911111	1.10454215706711	1.28191123981565	1.55353002609304	1.46512760978381	0.23969194973826	NA	1.28410173111717	NA	1.02895774094971	0.601132311217482	2.03803925992404	1.19425232001099	NA	0.480427384041852	0.598369806713182	0.486027266384302
NA	NA	NA	NA	NA	0.941466148654743	NA	NA	NA	NA	NA	NA	NA	1.11300454997132	NA	NA	1.22837306917379	1.1481198279255	NA	NA	NA	NA	0.646337425525682	0.520506362244909	0.29594272089351	NA	0.707814184605096	NA	NA	NA	NA	NA	0.353404419645855	0.944893405315869	NA	NA	NA	NA	0.190393030821478	NA
NA	NA	NA	NA	NA	NA	NA	NA	NA	NA	NA	NA	NA	NA	NA	NA	NA	NA	NA	NA	NA	NA	NA	NA	NA	NA	NA	NA	NA	NA	NA	NA	NA	NA	NA	NA	NA	NA	NA	NA
NA	1.50461625167969	NA	NA	NA	1.15417499081582	NA	NA	1.78083518811667	NA	NA	1.38521863957013	NA	NA	0.745848682483891	NA	NA	NA	NA	NA	NA	NA	NA	NA	NA	NA	NA	1.39499616565809	NA	NA	0.616361746306508	1.23507925836329	NA	NA	0.885324595561428	NA	NA	0.413098959566097	1.18053059116573	1.16553430340015
NA	NA	NA	NA	NA	NA	0.855828139870651	0.751715528604387	0.864272385516219	NA	NA	NA	NA	0.944168707962885	NA	0.707180521533751	0.740338515085938	0.878171364109375	0.709372365502974	NA	NA	NA	NA	NA	NA	NA	NA	NA	NA	NA	NA	NA	NA	NA	0.932571218578187	NA	NA	NA	1.02560775459432	NA
NA	NA	NA	NA	NA	NA	NA	NA	NA	NA	NA	NA	NA	NA	NA	NA	NA	NA	NA	NA	NA	NA	NA	NA	NA	NA	NA	NA	NA	NA	NA	NA	NA	NA	NA	NA	NA	NA	NA	NA
NA	NA	NA	NA	NA	NA	NA	NA	NA	NA	NA	NA	NA	NA	NA	NA	NA	NA	NA	NA	NA	NA	NA	NA	NA	NA	NA	NA	NA	NA	NA	NA	NA	NA	NA	NA	NA	NA	NA	NA
1.29050051178527	NA	NA	NA	NA	NA	NA	NA	NA	NA	1.06033566541313	0.47139379407874	0.44197120958638	0.212873675897502	0.321230887258169	NA	0.291215334847282	0.508762841067485	NA	NA	NA	1.10637087908266	NA	NA	NA	NA	NA	0.797342741357842	NA	NA	NA	0.602562959816859	0.913506852090248	NA	NA	0.476973970570319	NA	NA	NA	0.516606305419793
NA	NA	0.437868225435318	NA	NA	NA	NA	NA	NA	NA	NA	0.457457556048285	NA	0.974425766738793	NA	NA	NA	0.401845545736996	NA	NA	0.413152985799457	0.318582449884838	NA	NA	NA	NA	NA	NA	NA	0.484992297147362	NA	NA	0.654679046733085	0.981661335345322	0.237879368170515	0.523467111653412	NA	0.480172702848872	NA	NA
NA	NA	NA	NA	NA	NA	NA	NA	NA	NA	NA	NA	NA	NA	NA	NA	NA	NA	NA	NA	NA	NA	NA	NA	NA	NA	NA	NA	NA	NA	NA	NA	NA	NA	NA	NA	NA	NA	NA	NA
NA	NA	0.745595131324212	1.00876043798213	0.276134609073698	NA	NA	NA	NA	0.732122140868611	NA	NA	NA	NA	NA	NA	NA	0.353702302084943	NA	0.80126391106277	NA	NA	0.591543628044203	0.625717836291524	NA	NA	0.806004325998569	NA	NA	0.375834988111734	NA	NA	0.235938565400192	0.134135028441403	NA	0.227678351834223	NA	NA	0.151969352300155	0.288115644551112
NA	NA	NA	NA	NA	NA	NA	NA	NA	NA	NA	NA	NA	NA	NA	NA	NA	NA	NA	NA	NA	NA	NA	NA	NA	NA	NA	NA	NA	NA	NA	NA	NA	NA	NA	NA	NA	NA	NA	NA
NA	NA	NA	NA	NA	NA	NA	NA	NA	NA	NA	NA	NA	NA	NA	NA	NA	NA	NA	NA	NA	NA	NA	NA	NA	NA	NA	NA	NA	NA	NA	NA	NA	NA	NA	NA	NA	NA	NA	NA
NA	NA	NA	NA	NA	NA	NA	NA	NA	NA	NA	NA	NA	NA	NA	NA	NA	NA	NA	NA	NA	NA	NA	NA	NA	NA	NA	NA	NA	NA	NA	NA	NA	NA	NA	NA	NA	NA	NA	NA
0.882381081745906	NA	NA	0.825405635359683	1.49882005270122	0.811182120572289	0.710007283040729	0.813554868729491	0.855734992347322	NA	1.19824639590106	NA	NA	NA	NA	NA	NA	NA	NA	0.802092588882066	NA	NA	0.528088884779915	2.01987929562394	0.551193913282542	NA	NA	NA	NA	NA	0.686670547215153	NA	NA	NA	0.438695391621933	NA	NA	NA	0.783171636969644	0.795536678488971
NA	0.521695709349081	NA	NA	NA	NA	NA	NA	0.872694573049009	NA	NA	NA	NA	NA	NA	NA	NA	NA	NA	NA	1.00553597932493	0.919879953496961	0.668595348473291	0.739555088861139	1.1255678641667	NA	0.409496114882665	0.800572129664554	NA	0.952895829851806	0.920809347010939	0.960997492282375	0.807162026287334	1.52658477699049	0.760857210063552	0.517179201050209	NA	NA	1.4233053942245	0.643389198908684
NA	NA	NA	NA	NA	NA	NA	NA	NA	NA	NA	NA	NA	NA	NA	NA	NA	NA	NA	NA	NA	NA	NA	NA	NA	NA	NA	NA	NA	NA	NA	NA	NA	NA	NA	NA	NA	NA	NA	NA
NA	NA	NA	NA	NA	NA	NA	NA	NA	NA	NA	NA	NA	NA	NA	NA	NA	NA	NA	NA	NA	NA	NA	NA	NA	NA	NA	NA	NA	NA	NA	NA	NA	NA	NA	NA	NA	NA	NA	NA
NA	NA	NA	NA	NA	NA	1.77164782824352	NA	NA	2.00193705580696	NA	1.65728768667752	1.64883652459377	1.91444314279481	1.47646967556658	NA	1.09650786915804	1.25133970527571	1.45736085643365	NA	1.64652689262533	1.03220101139127	NA	1.49413044501465	NA	NA	1.30251599536234	NA	NA	0.896922860261463	NA	NA	1.02889111914311	NA	NA	NA	NA	0.066530524499444	0.273337798154246	0.0797138959950849
NA	1.63695541469555	NA	NA	NA	NA	1.37362026143106	1.4738988707221	1.1909381820206	NA	NA	1.80210980195365	1.0078333242883	1.44931486176644	0.750509664586277	0.725689422250848	1.42470341881313	NA	1.65967981324496	0.272858529873968	NA	0.77139347265894	NA	NA	NA	0.72234032479008	NA	0.716322106860031	1.63625148439836	NA	NA	1.66822706008156	NA	1.68270224067664	0.383461291642867	0.405295852799784	NA	1.54716402249554	1.07404845595534	0.524364059030742
NA	NA	NA	NA	NA	NA	NA	NA	NA	NA	NA	NA	NA	0.871458271565101	NA	NA	0.562721679669296	NA	0.22495018385135	0.424474482865215	NA	0.158034050988451	NA	NA	0.418067114379402	0.624276290881058	NA	0.787352148661049	0.629957161338313	NA	NA	NA	NA	0.879140442926678	0.618067669512977	0.599708572584769	NA	NA	0.37565817675301	0.469060101939746
NA	NA	NA	NA	NA	NA	NA	NA	NA	NA	NA	NA	NA	NA	NA	NA	NA	NA	NA	NA	NA	NA	NA	NA	NA	NA	NA	NA	NA	NA	NA	NA	NA	NA	NA	NA	NA	NA	NA	NA
NA	NA	NA	NA	NA	NA	NA	NA	NA	NA	NA	NA	NA	NA	NA	NA	NA	NA	NA	NA	NA	NA	NA	NA	NA	NA	NA	NA	NA	NA	NA	NA	NA	NA	NA	NA	NA	NA	NA	NA
1.50169950688252	NA	NA	NA	NA	1.17074592804106	NA	0.508590407889671	NA	NA	NA	NA	NA	NA	NA	NA	NA	NA	NA	NA	0.726447595436031	NA	NA	NA	0.893767829629794	NA	NA	NA	NA	NA	NA	0.806525542038435	0.721713953328396	NA	0.918935365105763	NA	NA	0.318993127364652	NA	NA
NA	2.35351303207006	NA	NA	2.48796356927771	NA	NA	2.34792162290593	2.42768487389691	NA	2.20058523506828	2.13538329594744	NA	2.11782555800171	NA	2.25323036817124	NA	1.9400567193439	1.38660738214465	NA	NA	2.73019080767072	1.48764791736379	0.650303770028493	0.798538786753291	0.39220948771532	0.609268981937986	2.19340081618055	NA	0.303294598310925	NA	0.491638658904462	0.629714401590769	NA	NA	0.331247443281908	NA	NA	NA	0.614585473078388
NA	NA	NA	NA	NA	0.90590516432544	0.611727285542998	0.87779547549314	0.785016266120114	NA	NA	0.717764308090267	NA	0.898023023683133	1.14029328688858	0.954585267729419	NA	1.0153591458897	NA	1.28201907427828	1.41770980424009	1.17128447634055	NA	NA	NA	NA	0.611157195688421	1.73486667102304	NA	0.44552194445572	NA	NA	NA	0.659095511130543	0.754917254901588	NA	NA	NA	0.452421117398335	0.589702025639444
0.9981889632023	1.137888509366	0.992171905753123	1.2903969620171	NA	NA	1.00925770610304	0.855198563989397	NA	NA	NA	NA	1.23338893991546	NA	1.24739119667556	1.24109393837779	NA	1.22545630928846	NA	0.90762214251207	1.29954730923821	1.10851507862888	NA	0.65013463262069	0.456164325804361	NA	0.536009768754135	0.82358724987262	0.324776586693163	0.768873157676332	NA	0.78555924754365	0.48458029690395	0.270746956949138	0.28051037773535	NA	NA	0.358931235521685	0.578142230692072	0.60725363784962
NA	NA	NA	1.65944824139287	1.21624054157401	NA	1.01372044493727	0.882580588047423	NA	0.700032875296155	0.671839909910454	NA	0.960187950970053	NA	NA	0.600705140885851	0.772507306092168	0.903195657867382	NA	NA	NA	NA	0.381959744423967	NA	NA	NA	NA	NA	NA	NA	NA	NA	1.00988669723254	NA	0.0363293667311911	0.377457785434526	NA	NA	0.410909154224091	0.661937653030337
NA	NA	NA	NA	NA	NA	NA	NA	NA	NA	NA	NA	NA	NA	NA	NA	NA	NA	NA	NA	NA	NA	NA	NA	NA	NA	NA	NA	NA	NA	NA	NA	NA	NA	NA	NA	NA	NA	NA	NA
NA	NA	NA	NA	NA	NA	NA	NA	NA	NA	NA	NA	NA	NA	NA	NA	NA	NA	NA	NA	NA	NA	NA	NA	NA	NA	NA	NA	NA	NA	NA	NA	NA	NA	NA	NA	NA	NA	NA	NA
NA	0.428725065972476	0.320752291972244	NA	NA	NA	0.864914187698684	NA	0.826224680232589	NA	0.848887957008126	NA	0.777865051588701	NA	1.29858779828731	0.81419722326475	1.52680004638066	1.01697168611652	NA	0.588080245345526	0.313472208056906	0.361651970183925	0.304975839813086	0.504793805800561	NA	0.700591340203714	NA	NA	0.683302895114061	0.377420232401842	NA	NA	0.51210742035834	NA	0.569273153670712	NA	NA	NA	NA	0.448925533089371
NA	NA	NA	NA	NA	NA	NA	NA	NA	NA	NA	NA	NA	NA	NA	NA	NA	NA	NA	NA	NA	NA	NA	NA	NA	NA	NA	NA	NA	NA	NA	NA	NA	NA	NA	NA	NA	NA	NA	NA
NA	NA	NA	NA	NA	NA	NA	NA	NA	NA	NA	NA	NA	NA	NA	NA	NA	NA	NA	NA	NA	NA	NA	NA	NA	NA	NA	NA	NA	NA	NA	NA	NA	NA	NA	NA	NA	NA	NA	NA
1.20160164169381	NA	NA	2.0609046132036	NA	NA	0.581933161274642	NA	1.80297795155263	NA	0.894504858635645	NA	1.32813123621884	1.62961719398845	1.43454334097138	1.25030824685345	NA	1.38404617613573	1.06422685049305	2.36166097663924	1.59577038493366	NA	NA	NA	NA	NA	NA	NA	NA	0.986063121386948	1.573752802626	NA	NA	NA	NA	NA	NA	NA	NA	0.254346229974938
NA	NA	NA	NA	1.26971988521743	0.817076559564963	NA	NA	0.656730267603126	0.65675815700724	0.584921137196181	0.700437237454725	NA	NA	0.42933473222259	NA	NA	0.468797929657708	NA	NA	0.470422311098245	0.389564938798447	NA	NA	0.549233744236783	0.801479271138572	0.571086662854782	NA	0.706042079128928	NA	NA	0.245901732318976	0.371272796609597	NA	0.414935002085149	0.30459644999971	NA	0.420481018842828	0.392666501094057	0.379467476423541
NA	1.00849552390655	NA	1.07751067147822	NA	NA	NA	NA	NA	0.680317282552597	NA	NA	NA	NA	1.28772077736233	NA	1.02468462859	0.367368746901509	0.473125172588297	0.290394011896303	0.599253073608804	1.72377389753158	0.901749814340289	NA	1.3942362862811	NA	0.758577360039033	0.588996176763411	0.773335988834592	NA	NA	0.87892277468228	0.507011687465247	0.408935515436627	0.83363610445612	0.455783488199683	NA	0.548376963701669	0.869461670775543	0.761130187502295
NA	NA	NA	NA	NA	NA	NA	NA	NA	NA	NA	NA	NA	NA	NA	NA	NA	NA	NA	NA	NA	NA	NA	NA	NA	NA	NA	NA	NA	NA	NA	NA	NA	NA	NA	NA	NA	NA	NA	NA
NA	NA	NA	NA	NA	NA	NA	NA	NA	NA	NA	NA	NA	NA	NA	NA	NA	NA	NA	NA	NA	NA	NA	NA	NA	NA	NA	NA	NA	NA	NA	NA	NA	NA	NA	NA	NA	NA	NA	NA
NA	NA	1.35949029954079	NA	0.90018627977572	0.508941433632172	0.538679523345735	0.921209597801059	0.662033897584957	0.850517337618557	1.26613863984782	NA	0.604537651614329	0.856554120470509	0.775617536683195	1.26791545861859	1.04159953520659	NA	NA	NA	1.13275812809843	0.700444351607659	NA	NA	NA	NA	NA	NA	NA	NA	NA	NA	NA	NA	0.726499027737379	NA	NA	NA	0.390715762279068	0.508738229424888
NA	1.16753184473412	NA	NA	NA	1.28838243828571	1.41771859487469	0.727296580723406	NA	NA	1.38343226517753	NA	NA	1.45088601262498	NA	0.906915427465936	1.54660541369674	NA	NA	0.674352552941256	0.58047727237892	0.411670864856816	0.617595482410372	NA	NA	NA	NA	NA	NA	NA	NA	0.22483704790378	0.407719633866869	0.747647599046943	NA	NA	NA	NA	NA	1.3341003358387
NA	NA	NA	NA	NA	NA	NA	NA	NA	NA	NA	NA	NA	NA	NA	NA	NA	NA	NA	NA	NA	NA	NA	NA	NA	NA	NA	NA	NA	NA	NA	NA	NA	NA	NA	NA	NA	NA	NA	NA
NA	NA	NA	NA	NA	NA	NA	NA	NA	NA	NA	NA	NA	NA	NA	NA	NA	NA	NA	NA	NA	NA	NA	NA	NA	NA	NA	NA	NA	NA	NA	NA	NA	NA	NA	NA	NA	NA	NA	NA
0.325710108846653	0.528016103001386	NA	NA	NA	NA	0.82512122869024	NA	NA	0.868676091942384	1.25073517788231	1.0188957856408	NA	1.20690974121119	NA	NA	NA	NA	NA	NA	NA	NA	NA	NA	0.730015899603388	0.735445991349514	NA	0.477866222362791	NA	1.05528185020794	NA	1.00199758489425	0.935912931028014	NA	NA	0.478534646608111	NA	NA	NA	0.684623500661417
NA	NA	NA	1.10867079668475	NA	1.10455831516322	1.59574003290101	1.19769099081123	1.50069827359123	NA	1.44139250588831	1.5856436490341	NA	1.47811266512623	1.5470808018134	1.48474655877302	1.41413117995383	1.708433672579	NA	1.21541311030672	1.14140861735759	1.02475025828136	0.913932915960641	1.01327845551291	0.71924418284594	NA	0.730167085972662	1.07397009756467	NA	NA	0.672432814099817	0.559250963633734	NA	0.441074687213938	NA	0.533409307560197	NA	0.40100844503212	1.12377184506442	0.465161347247715
NA	NA	NA	NA	NA	NA	NA	NA	NA	NA	NA	NA	NA	NA	NA	NA	NA	NA	NA	NA	NA	NA	NA	NA	NA	NA	NA	NA	NA	NA	NA	NA	NA	NA	NA	NA	NA	NA	NA	NA
NA	NA	NA	NA	NA	0.357283864868623	0.543380400188091	0.541420530990006	0.617363071766417	0.541960985323823	0.577674370722927	1.1158949738404	NA	1.22209066780156	1.55276467688325	NA	1.32207012893516	1.10850210580138	0.925589613164413	NA	0.85449955038487	0.640706280377789	0.535782429462676	0.448739274435694	0.124993130133687	0.187451997872708	0.72410984000783	NA	NA	NA	NA	0.398860116693411	NA	0.875080864516935	0.405436953954463	NA	NA	NA	0.50403125864097	0.915260907146353
NA	NA	NA	NA	NA	NA	NA	NA	NA	NA	NA	NA	NA	NA	NA	NA	NA	NA	NA	NA	NA	NA	NA	NA	NA	NA	NA	NA	NA	NA	NA	NA	NA	NA	NA	NA	NA	NA	NA	NA
NA	NA	NA	NA	NA	NA	NA	NA	NA	NA	NA	NA	NA	NA	NA	NA	NA	NA	NA	NA	NA	NA	NA	NA	NA	NA	NA	NA	NA	NA	NA	NA	NA	NA	NA	NA	NA	NA	NA	NA
NA	NA	NA	NA	NA	NA	NA	NA	NA	NA	NA	NA	NA	NA	NA	NA	NA	NA	NA	NA	NA	NA	NA	NA	NA	NA	NA	NA	NA	NA	NA	NA	NA	NA	NA	NA	NA	NA	NA	NA
NA	NA	NA	NA	NA	NA	NA	NA	NA	NA	NA	NA	NA	NA	NA	NA	NA	NA	NA	NA	NA	NA	NA	NA	NA	NA	NA	NA	NA	NA	NA	NA	NA	NA	NA	NA	NA	NA	NA	NA
NA	0.311858256554536	0.306617746096231	NA	NA	NA	1.46864610626958	1.27574630655966	0.92611908023066	1.11429653042605	1.04201432619718	0.761805516967282	NA	0.337063694386993	0.50199955324401	NA	0.725429651743368	0.814870319957481	NA	0.710986566216283	1.26079746094734	1.00158146153982	NA	0.918782773677881	0.870990302991659	NA	0.728955687977101	0.708897142643766	0.478313983338875	NA	NA	0.994707317065696	NA	NA	0.512533245566999	NA	NA	0.840153023297885	0.137767565653791	0.502654948199674
NA	NA	NA	NA	NA	NA	NA	NA	NA	NA	NA	NA	NA	NA	NA	NA	NA	NA	NA	NA	NA	NA	NA	NA	NA	NA	NA	NA	NA	NA	NA	NA	NA	NA	NA	NA	NA	NA	NA	NA
0.388990768804661	0.32546786208362	NA	NA	NA	NA	NA	1.04280528397084	NA	NA	NA	NA	NA	0.674050699280582	NA	NA	NA	NA	NA	NA	0.878019789943423	NA	0.81320407420198	0.911190117383675	NA	1.06312644952166	NA	0.922270290491419	0.984311808315498	NA	1.35624519468956	1.63318189992383	NA	0.749745464132448	0.519993460259475	NA	NA	NA	0.719208773100824	1.06220760490096
NA	NA	NA	NA	NA	NA	NA	NA	NA	NA	NA	NA	NA	NA	NA	NA	NA	NA	NA	NA	NA	NA	NA	NA	NA	NA	NA	NA	NA	NA	NA	NA	NA	NA	NA	NA	NA	NA	NA	NA
NA	0.88128024916711	NA	NA	1.13340697704903	NA	NA	1.96071123630699	1.89407136337955	2.07780913401521	1.99948444864836	1.86905379168477	NA	2.4074791869754	2.4630400501031	2.24158142512642	0.70258173666985	1.89682766682128	2.16640496328367	NA	1.47149194683921	NA	1.2430415261189	NA	0.820439988967439	1.20480489607968	NA	1.43644861641035	1.2479182698791	0.677153543870571	0.627819724035233	NA	0.62389569452226	NA	0.907211910532196	0.291210636927869	NA	NA	1.69316202773663	1.47830138697331
1.61579937244522	1.75809373262645	1.71192245117036	1.30169190555624	1.16657537509823	1.84984256086758	1.51871029838137	1.49147699617291	1.31957930224365	1.65962209410852	1.27239336366734	1.46156268654439	NA	1.64719960955898	1.48906895260115	1.49631303502309	1.8965776929196	1.49411093115531	NA	1.25603025431265	1.10249077403352	0.445622572249167	NA	0.955727936722184	NA	0.699522313795906	NA	0.436634462566817	NA	NA	NA	NA	NA	0.487179932341105	NA	NA	NA	0.198649434855428	NA	NA
NA	NA	NA	NA	NA	0.595447264595753	NA	NA	1.06081501289999	NA	NA	NA	NA	0.904765841793082	0.960366764733691	1.75857912401772	1.00457834217082	NA	NA	NA	1.37629127624068	0.789950334069462	0.82178890906446	NA	NA	NA	NA	NA	0.63891772762045	0.587486431547662	NA	NA	NA	NA	NA	0.943719175276644	NA	NA	NA	NA
NA	NA	NA	NA	NA	NA	NA	NA	NA	NA	NA	NA	NA	NA	NA	NA	NA	NA	NA	NA	NA	NA	NA	NA	NA	NA	NA	NA	NA	NA	NA	NA	NA	NA	NA	NA	NA	NA	NA	NA
NA	0.261339254042772	0.932827979171371	NA	0.860909672203303	1.17150348181061	0.65193066680206	0.881822984792849	NA	NA	0.758640477843882	1.17521410306135	NA	NA	1.16703943512064	0.96319097461547	NA	0.906936122218257	NA	NA	0.567077388042643	0.849535557090264	0.322059497479226	NA	0.711620890202812	1.19278612682269	NA	NA	0.671432333580866	NA	NA	NA	NA	NA	0.364762235935547	0.602883653947268	NA	NA	0.501429366844359	0.45637068010311
1.19691601924726	NA	NA	NA	NA	NA	1.37706251694787	NA	NA	NA	NA	NA	NA	NA	NA	0.82878025520449	NA	NA	NA	NA	0.775226954393528	NA	NA	NA	NA	NA	NA	NA	NA	NA	NA	NA	NA	NA	0.590953468448643	0.987486797637891	NA	NA	NA	NA
0.756987649615847	1.05022632553831	1.17366097638899	NA	NA	0.540012152548867	0.728460839406951	0.867863061374296	0.909394947273855	NA	1.00906667735145	NA	NA	0.761938226555211	NA	NA	NA	NA	0.758778919097431	0.57565500554895	0.63895474450844	1.00645738679243	0.826328136336547	1.07975453331009	1.05263291894688	0.984995584567026	0.855034024509924	1.14268243329704	1.12535302372857	1.12970854704598	NA	NA	0.998628772412802	NA	0.651650632177128	0.42038461653015	NA	2.03082012070044	0.215744847350923	NA
NA	NA	NA	NA	NA	NA	NA	NA	NA	NA	NA	NA	NA	NA	NA	NA	NA	NA	NA	NA	NA	NA	NA	NA	NA	NA	NA	NA	NA	NA	NA	NA	NA	NA	NA	NA	NA	NA	NA	NA
NA	NA	NA	NA	NA	NA	NA	NA	NA	NA	NA	NA	NA	NA	NA	NA	NA	NA	NA	NA	NA	NA	NA	NA	NA	NA	NA	NA	NA	NA	NA	NA	NA	NA	NA	NA	NA	NA	NA	NA
NA	0.365050476256684	0.4643688820951	NA	NA	0.828899679033553	0.846394912653104	0.937424691463177	NA	NA	0.572369999422138	0.728785653614178	0.606180055912107	0.581553690145614	0.734162752390121	0.903778129264013	NA	0.792454539969465	0.844768242412098	0.643811451374534	0.57733231391158	0.877605989042102	0.654615280633213	1.61551468316071	0.390168895516243	0.447241257623342	0.724968605941553	NA	0.475160356759857	NA	NA	0.645250962303739	0.894609170851878	1.93327245438596	0.474007138867119	0.611773920404112	NA	0.619281469084685	0.565970478122899	0.856147395679336
0.600441184490237	0.370778854748675	0.754711696659391	NA	1.26337836339217	NA	1.57793715237556	1.45482558843625	1.70476759399114	NA	NA	0.616201401815793	0.609625770430051	1.03125953923956	0.81031359336972	0.728053671502045	0.584829424940488	0.30968835654546	0.492512755684738	0.897027886734838	NA	NA	0.789526613618683	0.766391620710882	NA	0.531424427162381	NA	0.408185817838415	0.276676325872661	NA	0.803540386872613	0.971817858635204	0.731904736757108	0.744888504980962	0.152442419415263	0.45988368540343	NA	0.226817916824745	0.227883297723224	0.503196814111206
NA	NA	NA	NA	NA	NA	NA	NA	0.9210742194769	NA	1.30180920459028	1.21477806140201	NA	1.01990545499695	1.04951388662092	NA	1.03393783893337	NA	1.65539834038099	NA	1.2158312330354	NA	1.12431870134898	NA	NA	NA	NA	NA	NA	NA	NA	1.22354704286308	NA	0.737478730494409	0.698140172311962	NA	NA	0.59716429100714	0.233355519564196	NA
NA	NA	1.95122651643253	NA	NA	NA	NA	1.12046260571198	NA	NA	NA	NA	NA	NA	0.872688451496779	NA	NA	0.950865201603059	NA	0.804481787542399	NA	1.61206865744706	1.1454899250017	NA	0.804624772564221	NA	0.945762401060068	0.837272630611035	NA	NA	NA	NA	0.716312327366866	0.248458301175089	NA	0.616429210755511	NA	1.13183345425257	NA	0.991077321794652
NA	NA	NA	NA	1.63988484990742	NA	1.45022778095662	NA	1.11051061385265	NA	NA	NA	1.4428639310396	1.78637903064417	NA	NA	1.6066304347173	1.44593652732729	NA	NA	1.0573137699916	0.920098682061883	NA	NA	NA	NA	0.977219724199271	0.388787706440116	NA	NA	NA	NA	0.375820464327755	NA	1.69197262224821	NA	NA	NA	0.84292797846263	0.831928492593651
NA	NA	NA	0.310512084059915	0.915993333575781	0.77589052352012	NA	0.889299446088838	NA	1.95533857246437	NA	1.04504108191273	NA	0.953875441797061	1.07637287993986	NA	0.937417928685231	0.926898049037461	1.40445413756052	0.463892133495575	0.717530789668228	0.667001085996764	NA	1.25320615207491	0.90437188598287	1.9240941263215	1.98530360316512	1.05327155914494	0.757383012309763	NA	NA	0.213583078319098	NA	0.854953152347626	1.24948792821196	NA	NA	NA	0.958846931940801	1.27695018396202
NA	1.06838532727648	0.891746402709287	NA	NA	NA	1.32300015131576	NA	NA	NA	NA	NA	NA	1.1313833040449	0.997706783384055	NA	0.811651411508059	0.962415353798881	NA	0.736194095314031	0.405469397576212	0.24901099572935	NA	NA	0.366304806400259	0.505338179511452	0.230871898925076	NA	1.00633674586657	0.704869456331589	NA	0.726232983171701	0.524631063394496	0.447140782061119	NA	0.088172029019195	NA	0.448144045437391	0.319228170206	0.85881723739771
1.24853886016925	1.32204211682539	NA	1.00835181697068	NA	NA	2.04827575163956	NA	NA	NA	1.20858471316147	NA	1.16636184087185	1.46500641344029	NA	NA	1.02857698710522	NA	1.5633660858085	0.913728690149501	NA	0.733788163165248	NA	1.57381057356118	0.181911058348548	NA	0.298943882419361	0.148096458553357	NA	0.349382681079175	NA	1.72572687463631	0.446686207692449	0.243633327315613	NA	NA	NA	0.354788804222215	NA	NA
NA	NA	NA	NA	NA	NA	NA	NA	NA	NA	NA	NA	NA	NA	NA	NA	NA	NA	NA	NA	NA	NA	NA	NA	NA	NA	NA	NA	NA	NA	NA	NA	NA	NA	NA	NA	NA	NA	NA	NA
NA	NA	NA	NA	NA	NA	NA	NA	NA	NA	NA	NA	NA	NA	NA	NA	NA	NA	NA	NA	NA	NA	NA	NA	NA	NA	NA	NA	NA	NA	NA	NA	NA	NA	NA	NA	NA	NA	NA	NA
NA	0.426799506633243	0.627191681484664	0.867612821217383	1.20689322027573	1.44863915174965	0.524061150025485	0.714881809326978	0.331903172806319	0.5907250879987	0.372683958801173	0.579810861706893	0.537201543329565	0.338090996858216	1.24590075523561	0.674074976371786	0.708601370178732	0.690861460898669	0.749151049154263	0.472899322225716	1.23562662713266	0.596454432066672	NA	0.523325378657602	0.475403465017002	0.492015603101418	0.659421336047093	0.825574034979432	NA	NA	1.7901140914773	0.564363651652793	0.715315374609271	0.427137545996903	NA	0.339654066641372	NA	0.882730712510017	0.473612201318474	0.675423769252441
0.796432766163877	NA	NA	0.850857068678443	1.7748424530993	1.482861096227	1.53164232242849	1.32162635639107	1.10342141935934	NA	NA	NA	NA	NA	1.61661466424638	1.27798223153407	NA	NA	0.954837440503952	1.17405589173383	NA	1.25014038599925	NA	0.679929253774047	NA	NA	0.860612156155084	NA	0.492904682730286	NA	NA	0.873985672371971	0.822388214689157	0.562709609118733	0.85173751460217	NA	NA	0.910076761983718	1.1008727546237	NA
NA	NA	NA	1.94202675871313	NA	NA	2.24023218045938	2.63848205615529	2.66873807482233	2.64451924664	NA	NA	NA	2.82504854720897	2.97277307699192	2.3534756795213	2.28820532403889	2.00168494532142	NA	0.988926648880905	2.94405788730426	2.82931403331581	NA	NA	1.98731383111436	NA	NA	NA	NA	NA	1.38141576750619	1.47267411239075	NA	1.12303968538963	0.560093939033056	0.31506071450042	NA	1.45294123094951	NA	NA
NA	1.86363405768388	NA	NA	NA	NA	NA	NA	2.01242316576465	1.95024094082067	NA	NA	1.99020227644782	NA	NA	NA	NA	NA	NA	1.79303858890999	NA	1.63430311476426	1.45970555016026	NA	NA	NA	NA	1.09524154251196	NA	0.686226714175795	NA	0.711846254843209	0.657806807329052	NA	NA	NA	NA	NA	0.625770740558614	NA
1.12044535028641	NA	NA	1.15704677162369	1.89916096745045	1.17163695911297	0.950474702031923	0.726502225168747	0.725861094264773	0.725379574231974	0.596964457217341	1.10609383372763	NA	NA	NA	1.46435701859092	NA	1.29613183100702	NA	1.13372458514768	NA	NA	NA	0.324187923293935	NA	NA	NA	1.228274116369	NA	0.418072059206555	NA	1.73862922955285	0.469718709483847	NA	NA	0.570127272803455	NA	0.23625640748088	0.286482760645908	0.397244352899806
NA	NA	NA	1.74757649933278	NA	0.671483066601363	2.92859264746266	2.43994444815203	NA	2.11920306643062	NA	NA	NA	NA	NA	NA	1.81548946487887	NA	NA	NA	1.46580626646146	NA	0.890974842827513	1.45867088202639	1.49965650044627	0.922883197142482	0.378379466329112	1.17240317092972	NA	NA	0.346505071603989	NA	0.486570741965955	1.78936360299662	2.01862988185211	1.95700344782505	NA	NA	NA	NA
NA	NA	NA	NA	NA	NA	NA	NA	NA	NA	NA	NA	NA	NA	NA	NA	NA	1.16004473325683	NA	NA	NA	NA	NA	NA	NA	NA	NA	NA	1.20790619675117	NA	NA	0.777048435623317	0.590391001718009	NA	0.223906543872596	0.138422258374765	NA	NA	0.777531367837721	NA
NA	NA	NA	NA	NA	NA	NA	NA	NA	NA	NA	NA	NA	NA	NA	NA	NA	NA	NA	NA	NA	NA	NA	NA	NA	NA	NA	NA	NA	NA	NA	NA	NA	NA	NA	NA	NA	NA	NA	NA
NA	NA	NA	NA	NA	NA	NA	NA	NA	NA	NA	NA	NA	NA	NA	NA	NA	NA	NA	NA	NA	NA	NA	NA	NA	NA	NA	NA	NA	NA	NA	NA	NA	NA	NA	NA	NA	NA	NA	NA
NA	NA	NA	NA	NA	NA	NA	NA	NA	NA	NA	NA	NA	NA	NA	NA	NA	NA	NA	NA	NA	NA	NA	NA	NA	NA	NA	NA	NA	NA	NA	NA	NA	NA	NA	NA	NA	NA	NA	NA
NA	1.28609919535536	0.906315852097202	NA	0.79865633428723	1.99972618739603	1.4994781322509	1.81039213715129	1.90123734553543	2.22305490446647	1.41410104809361	1.75972433142587	1.33245496496743	1.04457734862369	1.14428865515994	2.00332746703172	0.773030262633981	0.659295253990256	0.669436035990223	0.455660357418149	0.290232434594942	0.529358078387024	0.565654972537992	NA	0.893725908861691	NA	0.989797410997525	0.851114525374912	0.786141078924528	NA	0.319326098664805	0.411164000604042	0.415397542257636	0.303180318460432	0.398651823085841	0.800587521321629	NA	0.504787376060177	0.202635960554236	NA
NA	NA	NA	NA	NA	NA	NA	NA	NA	NA	NA	NA	NA	NA	NA	NA	NA	NA	NA	NA	NA	NA	NA	NA	NA	NA	NA	NA	NA	NA	NA	NA	NA	NA	NA	NA	NA	NA	NA	NA
1.20897063503639	NA	1.69217184232652	NA	1.33029802501046	NA	1.10682451656859	1.23116155054441	NA	0.869288128022925	0.681035147125934	0.468892058879842	0.60496556383704	0.663772371968449	0.783327597050589	1.82881539835615	1.37737773864776	0.610557553435334	0.843573854422873	1.82841551963583	0.837218796548941	0.438251816054838	1.23987947108364	0.828990030040917	0.665379373056703	1.33473775129706	0.938281164929718	0.67903560059657	1.09784831539034	0.561572891031453	1.16981677358941	NA	NA	NA	1.30023228980636	NA	NA	1.217391949073	NA	0.80401327407046
NA	NA	NA	NA	NA	NA	NA	NA	NA	NA	NA	NA	NA	NA	NA	NA	NA	NA	NA	NA	NA	NA	NA	NA	NA	NA	NA	NA	NA	NA	NA	NA	NA	NA	NA	NA	NA	NA	NA	NA
NA	1.30274253471946	0.848318042966912	NA	0.506345156308832	1.19006685099749	0.677192876931976	NA	NA	0.439415824538992	NA	NA	NA	NA	NA	NA	0.527552205456317	0.552163184409784	0.137109108935509	NA	NA	0.463095869410767	0.409875818347763	0.48995292667639	0.619565968960387	0.272694288992033	NA	NA	0.341193608024968	NA	NA	0.256870148265175	1.81475514902428	0.300151502946417	0.809931737629581	0.219369728827719	NA	0.40506742622872	0.354002416653084	0.437792921064738
NA	1.12392617063652	NA	1.23098206773384	1.06306242183015	0.879283120961498	1.02436039382699	NA	0.655421459826246	1.04418843848489	0.950364621628432	1.542120668333	1.61491339704469	0.529239653746786	NA	1.10621960216604	0.966856086255338	NA	1.16132756799912	1.03725498718267	0.68800616056083	0.581477218662908	0.489293379261405	0.697692010378548	0.836017823761474	0.835422509460402	0.265263028081767	NA	0.498648469821476	1.15992273262314	0.487293737914599	0.54600345646347	0.717964485446917	0.19017089189397	0.405097132042373	1.22455353886804	NA	0.659855570401347	0.304548367516163	0.53343304373264
1.20926223928402	NA	NA	NA	NA	NA	NA	1.90640679396236	1.25756524024524	NA	NA	0.89985030358234	1.5123444363462	1.18655516375604	NA	1.60501374041533	1.63343909471665	NA	NA	NA	NA	NA	NA	NA	NA	NA	NA	1.90214271815679	2.61799890900878	NA	2.18695455501949	NA	NA	NA	1.60113898651334	1.66162148374103	NA	1.60204944487524	1.76743486610961	2.01342706992335
NA	NA	NA	NA	1.2233282072014	NA	NA	0.49428897216662	NA	0.736454556144595	NA	0.727233537252041	NA	NA	0.50353886822957	0.92600729550137	NA	1.07651457188747	0.670838912630993	0.420931643862418	0.312519150375489	0.36232187839268	0.674177584619024	0.641385755329118	0.472630593690805	0.955153216994178	0.899119442421233	0.837764983842423	0.701729605257798	NA	NA	0.618148818968684	NA	0.444151283000884	0.56845546487431	0.201121769034116	NA	0.518317307645121	NA	0.44929470706214
NA	NA	NA	NA	NA	NA	NA	NA	NA	NA	NA	NA	NA	NA	NA	NA	NA	NA	NA	NA	NA	NA	NA	NA	NA	NA	NA	NA	NA	NA	NA	NA	NA	NA	NA	NA	NA	NA	NA	NA
NA	NA	1.03468073444758	1.28527549948371	0.797583029833249	0.308213966786643	NA	NA	0.398556886424101	NA	NA	0.795349535634644	0.91016751671371	0.980433174844523	1.14596359217678	1.18307514425486	1.13797265616874	0.635423953095163	0.250249189016526	NA	0.309509680685362	0.257194662036423	NA	0.953642965186021	NA	NA	1.11693943881586	NA	0.695564110133262	0.685309761914429	0.222959314331515	0.193581654318723	0.499628398033075	0.370236815507937	NA	0.345037843361569	NA	0.654132666273285	0.400509082030242	0.680920518969621
NA	NA	NA	NA	NA	NA	NA	NA	NA	NA	NA	NA	NA	NA	NA	NA	NA	NA	NA	NA	NA	NA	NA	NA	NA	NA	NA	NA	NA	NA	NA	NA	NA	NA	NA	NA	NA	NA	NA	NA
NA	NA	NA	0.601158262182637	NA	1.26486294257357	NA	NA	1.6294582105873	NA	1.42138705430158	1.85755399603191	NA	NA	NA	NA	1.8089557510183	1.52853277263966	NA	NA	NA	NA	0.212973432276964	0.303905168205633	NA	NA	0.566283115273865	NA	NA	2.18149409709687	NA	0.330364717163865	0.420392287040397	NA	NA	NA	NA	0.586857730272457	0.547866455062729	0.520416060543905
NA	0.77819823652673	0.913028343859086	NA	NA	0.331792620555352	0.830569044759517	0.966769471739995	0.776879778651818	NA	NA	NA	NA	NA	0.410460388986106	NA	0.616521858944893	0.641890889290641	NA	NA	0.880555170763313	0.952920713857635	0.577655558625261	NA	NA	1.14634773848873	NA	0.790763502877293	NA	0.994327693567867	1.0000067195738	0.861620078979849	0.99347307881961	0.901078682520529	0.827279181734497	NA	NA	0.350212775518496	0.236809923041391	0.464190829200976
NA	NA	NA	NA	NA	NA	NA	NA	NA	NA	NA	NA	NA	NA	NA	NA	NA	NA	NA	NA	NA	NA	NA	NA	NA	NA	NA	NA	NA	NA	NA	NA	NA	NA	NA	NA	NA	NA	NA	NA
NA	1.81493006223563	1.867984735787	NA	1.21163829297873	1.84759236338317	1.742229847157	1.80808908903903	1.72480702086351	1.72728257119829	1.88130807151227	NA	2.25587622295612	2.03235381371627	NA	2.57025573018869	NA	2.43934366530114	2.23663028832292	0.60351636889089	1.58892667944232	1.5690016473843	NA	0.786493878855216	0.590691861999256	NA	0.825454077710113	NA	0.761239487665952	0.879151069660545	0.97844234139277	0.494480814484736	0.464917670919183	0.391686493807521	0.294701083576531	0.735403198917988	NA	0.575073943209009	0.393137153140327	NA
NA	2.49487239343121	2.57338437133192	1.72478293463565	1.16558550553122	NA	NA	NA	1.20257752466873	1.2609541155721	1.25986771985316	NA	1.25794478095886	1.34070328161438	1.73877806326855	1.66343907073164	1.63600419278478	NA	2.7136556245317	NA	NA	0.798727759654656	NA	NA	NA	NA	1.33217937691106	1.05385049676014	NA	NA	NA	NA	1.28478779996469	1.12572257415044	0.37347777178981	NA	NA	0.181502323528381	NA	1.49650786796293
2.09856249223246	NA	NA	2.30361348352707	NA	1.15095755523938	NA	1.020290416406	1.29947569674024	NA	NA	1.04157851319001	NA	0.583763000800748	NA	NA	NA	NA	NA	NA	NA	NA	NA	NA	NA	0.969591867934737	NA	NA	NA	NA	NA	0.711373293018741	0.615074868425119	NA	NA	NA	NA	NA	NA	0.441033190141001
NA	NA	NA	NA	NA	NA	NA	NA	NA	NA	NA	NA	NA	NA	NA	NA	NA	NA	NA	NA	NA	NA	NA	NA	NA	NA	NA	NA	NA	NA	NA	NA	NA	NA	NA	NA	NA	NA	NA	NA
NA	NA	NA	NA	NA	NA	NA	NA	NA	NA	NA	NA	NA	NA	NA	NA	NA	NA	NA	NA	NA	NA	NA	NA	NA	NA	NA	NA	NA	NA	NA	NA	NA	NA	NA	NA	NA	NA	NA	NA
NA	NA	NA	NA	NA	NA	NA	NA	NA	NA	NA	NA	NA	NA	NA	NA	NA	NA	NA	NA	NA	NA	NA	NA	NA	NA	NA	NA	NA	NA	NA	NA	NA	NA	NA	NA	NA	NA	NA	NA
NA	NA	NA	NA	NA	NA	NA	NA	NA	NA	NA	NA	NA	NA	NA	NA	NA	NA	NA	NA	NA	NA	NA	NA	NA	NA	NA	NA	NA	NA	NA	NA	NA	NA	NA	NA	NA	NA	NA	NA
NA	NA	NA	NA	NA	NA	NA	NA	NA	NA	NA	NA	NA	NA	NA	NA	NA	NA	NA	NA	NA	NA	NA	NA	NA	NA	NA	NA	NA	NA	NA	NA	NA	NA	NA	NA	NA	NA	NA	NA
0.789650734442582	NA	NA	NA	0.379848206569738	0.510715746203425	0.620402237145965	0.422284560057799	NA	0.597647538525095	NA	1.16371356183405	NA	1.07261016909191	NA	NA	NA	0.781739206776375	NA	NA	0.811043508867175	0.81338608411814	NA	1.07663244734169	NA	0.658677029777225	NA	2.13648402889857	1.41573838226253	0.479483017666515	NA	1.03658140166291	2.27635295551039	0.893053839388676	0.825481146191216	1.46875735363048	NA	0.71497893614276	0.756563523402638	1.74564533465636
1.98503347606861	1.74052761591183	NA	NA	NA	1.25187355054441	1.12065161106109	1.39431245977122	NA	2.11300879884249	1.63458894920488	1.94275072242879	NA	1.35713434975394	2.23086135655515	NA	1.41865509169955	NA	1.01565519653427	1.25225601752958	1.60384637383009	1.43572227051001	NA	0.551967135649927	1.63449876738046	1.57867551745152	1.16600580542567	0.924373964821027	0.49255700244061	NA	1.89824363991053	0.912326550322054	NA	NA	0.69666966397013	1.18140394311179	NA	0.588845048027632	0.397636275643587	2.16570910161583
NA	NA	NA	NA	NA	NA	NA	NA	NA	NA	NA	NA	NA	NA	NA	NA	NA	NA	NA	NA	NA	NA	NA	NA	NA	NA	NA	NA	NA	NA	NA	NA	NA	NA	NA	NA	NA	NA	NA	NA
1.4514013284962	NA	1.39561723161527	NA	NA	NA	0.633441877010985	0.536566776684884	0.882995808826672	1.15309001752765	0.860360789872331	1.12816528822175	NA	1.28563259506122	1.20148930723174	1.00338830588591	1.32407937633121	0.739746637470086	1.06494236259485	0.945152552155083	NA	0.645042550043126	NA	0.640405778982037	0.494749224759683	1.51966349448083	0.769268748458255	1.12493232932855	0.960603999432095	1.58418639361165	NA	1.02896041000289	0.638288598373528	1.1465223690921	0.298131151548211	0.589957495249602	NA	0.12799253945294	0.202487166530457	NA
NA	0.817306999008565	NA	NA	NA	0.80994945334226	0.995493922582198	NA	NA	1.82643759842555	NA	NA	1.70979205271691	NA	NA	NA	NA	NA	NA	NA	0.241554634791396	0.873734046566612	1.16369692630627	0.490275047417636	0.491276317118722	NA	NA	0.5177722355029	1.01921412920761	0.655608950114389	NA	NA	NA	NA	0.304022020868682	0.516017072046518	NA	0.313244247079381	0.911741330927827	1.86510763708991
NA	NA	NA	NA	NA	NA	NA	NA	NA	NA	NA	NA	NA	NA	NA	NA	NA	NA	NA	NA	NA	NA	NA	NA	NA	NA	NA	NA	NA	NA	NA	NA	NA	NA	NA	NA	NA	NA	NA	NA
NA	NA	NA	NA	NA	NA	NA	NA	NA	NA	NA	NA	NA	NA	NA	NA	NA	NA	NA	NA	NA	NA	NA	NA	NA	NA	NA	NA	NA	NA	NA	NA	NA	NA	NA	NA	NA	NA	NA	NA
1.0331642637219	0.741492462647275	NA	1.06932870811602	1.25785563817973	NA	1.23264829804104	1.56974567657167	NA	NA	0.659172942344903	0.866600092183957	1.61435673088609	NA	NA	1.62119056931535	1.79245532498626	1.20046155233289	NA	NA	1.02262827954063	0.747295652677835	NA	0.881344454238602	NA	NA	0.570785606926123	0.571842319243308	NA	NA	NA	NA	NA	0.430352016493454	0.767396318248599	0.401663351124616	NA	NA	0.31607268831607	0.510142301631336
NA	2.31629764169529	NA	NA	1.91945765588458	1.52543013894757	1.46491283642702	NA	1.48149090244997	3.11493610267671	2.60700879343064	2.49074143013153	1.15425952866262	2.37323902836982	2.56458493106624	0.820863437568661	0.815050601256048	0.970339410888104	2.81320991136833	0.891342084912014	0.486794582824838	0.54584418655897	0.642097116609246	1.16887681115853	NA	0.642851258533752	NA	NA	NA	NA	2.503687467085	2.72519394392075	0.291897405034143	2.4073876678059	NA	1.80515587110266	NA	1.80075468228888	NA	NA
NA	NA	NA	NA	NA	NA	NA	NA	NA	NA	NA	NA	NA	NA	NA	NA	NA	NA	NA	NA	NA	NA	NA	NA	NA	NA	NA	NA	NA	NA	NA	NA	NA	NA	NA	NA	NA	NA	NA	NA
NA	NA	1.55395950007552	NA	1.15796298671113	NA	NA	0.943454688617947	1.36478540116612	NA	NA	0.138887974719608	NA	0.276329975811737	0.44637436190964	NA	0.253979085545805	NA	NA	NA	0.471851344165378	NA	0.43606148280273	NA	0.723423493462578	0.709386389532497	NA	0.7507835016225	0.219638618659313	0.453565501097458	NA	1.91935376610769	NA	1.01285921396865	0.833538086308028	0.679684528198497	NA	0.55073097153516	0.635547132173401	NA
NA	NA	NA	NA	NA	NA	NA	NA	NA	NA	NA	NA	NA	NA	NA	NA	NA	NA	NA	NA	NA	NA	NA	NA	NA	NA	NA	NA	NA	NA	NA	NA	NA	NA	NA	NA	NA	NA	NA	NA
1.13698282163004	0.988345396904825	0.622346643494018	0.600804209785414	0.952433661282244	1.07638216509451	0.750112840294085	1.16510823008848	0.797696318820394	NA	NA	1.1167875473036	NA	NA	0.401613658098353	NA	0.414698254041535	0.288564931074783	0.577527816187119	0.496950167285599	0.509497423564292	0.90690366499808	0.253682187647683	NA	0.332305086056666	0.429066429396126	0.487824656629541	0.410121620721	0.321579070342779	NA	NA	0.559675342005408	0.473874834111935	0.518235718548851	0.471331466159944	1.36399188747932	NA	0.237692824085441	0.71471797947211	0.339122735090023
NA	NA	1.65815372385928	1.46245562583012	1.52828161653406	1.12383646023642	0.966251064882553	0.828310555921376	1.7794105091591	1.02686895475099	NA	1.69431530538566	NA	0.972088167977974	1.11541569559341	1.60982074965226	1.49234237623554	1.5706998707614	1.32525797827675	0.834175815435934	1.30500971010943	1.63972071722228	1.33049957707963	NA	1.4514257588352	1.50688752348038	NA	1.47745293560262	1.81350035443352	1.37769255338875	1.06030877682669	1.54326756557045	0.744119489145836	0.718161885887988	0.429845451912844	0.34523658036307	NA	0.718796325270593	0.812856743447765	1.30988736395425
NA	NA	NA	0.771354178305776	NA	NA	NA	NA	NA	NA	NA	NA	NA	1.08723342092117	NA	NA	0.816195786652715	0.68786394044486	NA	NA	0.861837653229629	0.313182468782161	0.686528707550318	0.939834334452502	0.613385271365495	NA	NA	NA	NA	NA	1.51196705241368	NA	1.19398608427464	0.420640428741103	0.629786587879393	0.691494493257351	NA	NA	0.774912052806617	0.690307255774093
NA	NA	NA	NA	NA	NA	NA	NA	1.02272288689447	NA	NA	NA	NA	0.633176227949641	NA	NA	NA	NA	2.31268092071739	2.29782029409813	NA	0.682268447884465	0.360902943324111	0.662893702014939	0.780569528751189	1.62827913167544	NA	NA	NA	NA	NA	0.951542863501965	NA	0.29115059407493	0.64407965041931	0.412446051404719	NA	NA	NA	NA
1.55641678177348	NA	NA	NA	1.20364270145543	NA	NA	0.804741262905853	0.481674347666647	NA	0.426527406739722	0.574943103192558	NA	NA	NA	NA	0.518468174713102	NA	NA	0.46520322026412	NA	0.703660140021604	0.765998322615009	1.20154808266708	0.891519112201607	NA	1.17429337595249	1.09735566284454	NA	1.05471883450461	NA	NA	0.841902709627371	0.718229803473766	0.408699071962425	0.568932337451823	NA	0.477150334487197	0.0817904159456694	0.54484398465094
NA	NA	NA	NA	NA	NA	2.08320975398886	NA	NA	NA	NA	NA	NA	NA	NA	NA	NA	NA	1.0413529347489	NA	NA	NA	NA	NA	2.11343902711092	0.947568212773774	NA	0.649496154651319	NA	NA	NA	0.508580340137478	NA	0.194059898166756	NA	NA	NA	0.674358734312308	0.472873622701416	0.384565195123806
NA	2.67113996349618	NA	2.46786687361934	2.51563482509245	2.36411751615942	NA	2.41322093931527	2.49362271283519	NA	NA	NA	NA	2.15245080034356	NA	NA	1.42437074366779	NA	NA	0.396522001572786	NA	1.63316748073004	1.54797640736877	0.769580417485424	NA	1.2233472339225	NA	NA	NA	NA	NA	0.514490512961407	NA	NA	NA	NA	NA	0.698417545725161	1.36782397566845	1.03253138123831
NA	NA	NA	1.08903815311081	1.19601682294573	NA	0.722860943100418	1.30692188317281	NA	NA	NA	NA	NA	NA	NA	0.419437924778792	0.491928528194063	1.58539662527374	NA	0.703995431045782	0.297755108747264	0.686518955068209	NA	NA	0.485023057940147	NA	NA	NA	NA	NA	1.45174501837022	NA	1.29971601234272	NA	NA	NA	NA	NA	NA	NA
1.79966739952911	NA	NA	NA	1.34046870366415	1.77902438519271	1.66217076959564	1.44369920784899	2.03096862575996	NA	NA	NA	0.816590028529561	NA	0.694466739013486	0.42415260097218	NA	0.401827443432782	NA	NA	NA	NA	0.778694117081956	0.442001095407055	0.389159575230015	NA	NA	0.690766254040038	0.592479460869977	NA	0.388313627016352	0.168488501850355	0.322960336009421	0.623400868106022	0.257655273630657	NA	NA	NA	0.432063293868769	0.152367736148741
NA	NA	NA	NA	NA	NA	NA	NA	NA	NA	NA	NA	NA	NA	NA	NA	NA	NA	NA	NA	NA	NA	NA	NA	NA	NA	NA	NA	NA	NA	NA	NA	NA	NA	NA	NA	NA	NA	NA	NA
NA	NA	NA	NA	NA	NA	NA	NA	NA	NA	NA	NA	NA	NA	NA	NA	NA	NA	NA	NA	NA	NA	NA	NA	NA	NA	NA	NA	NA	NA	NA	NA	NA	NA	NA	NA	NA	NA	NA	NA
NA	NA	2.38497168387587	NA	NA	0.27717922355326	1.52667910303568	NA	2.03252472243124	NA	NA	NA	0.231672813468245	NA	NA	NA	0.835796495516348	0.815074852968829	NA	0.379247412499973	NA	1.38953875527731	1.26133939966255	1.11668822091886	NA	0.622077824219245	NA	NA	0.312941256454532	NA	0.372930921509464	0.288299682273331	0.110786596609326	0.151777352157939	0.300607705917486	0.626360792761793	NA	0.513842858880662	0.759034180993327	0.855221666786766
NA	NA	NA	NA	NA	NA	NA	NA	NA	NA	NA	NA	NA	NA	NA	NA	NA	NA	NA	NA	NA	NA	NA	NA	NA	NA	NA	NA	NA	NA	NA	NA	NA	NA	NA	NA	NA	NA	NA	NA
0.518564897694491	NA	NA	NA	NA	0.23362814210064	0.68290040637421	0.398295173431105	0.449965760582421	0.604135545682425	NA	NA	2.22494696134774	NA	NA	NA	NA	NA	NA	NA	1.21319058961398	NA	0.73869498983603	0.432540672090982	0.539096760684858	0.444809957302695	2.05855619148802	2.36171912076286	NA	NA	NA	NA	NA	NA	NA	NA	NA	0.344065405353757	1.5728172907543	1.11140010794741
NA	NA	NA	NA	NA	NA	NA	NA	NA	NA	NA	NA	NA	NA	NA	NA	NA	NA	NA	NA	NA	NA	NA	NA	NA	NA	NA	NA	NA	NA	NA	NA	NA	NA	NA	NA	NA	NA	NA	NA
1.78072436228539	NA	1.40426988410985	NA	1.45738242060344	NA	1.79004576202134	1.01047006442784	1.15335740692885	NA	NA	1.37441187244502	NA	NA	1.28163374361784	1.36532790024493	1.02244180791515	NA	NA	1.25191176715283	1.18365528301709	0.539603758984497	0.391486338369152	0.507383313867352	1.10522368728555	NA	NA	NA	0.73153826172078	0.539258525953563	NA	0.458329587965738	0.862560331146367	0.611757536972019	0.266554397600899	0.267237372420188	NA	0.531197104510337	0.426699829322185	0.473242449059156
NA	NA	NA	NA	NA	0.919282121037256	1.02664717489433	0.805636882165586	1.22282920828536	NA	NA	1.76725932826575	NA	NA	1.04599198891072	NA	NA	NA	1.35995351968275	NA	1.27422956969001	1.29210829605769	1.11526294432498	1.05933891842616	0.75158896126265	0.755742668961685	0.721583931057999	1.10447709970623	0.285506065322121	0.472043458678634	NA	0.560076635147057	0.272436457580988	0.442885698362662	NA	0.331892212933676	NA	0.285942933841737	1.00516616657803	0.923085561935555
NA	NA	NA	NA	NA	1.10914990307878	NA	0.958701182122803	0.647322514261611	NA	NA	NA	NA	NA	NA	NA	NA	NA	NA	NA	NA	NA	0.609557027916183	NA	NA	NA	NA	NA	NA	NA	NA	NA	NA	NA	NA	NA	NA	0.628761876636188	0.981220533193864	0.730564718184655
NA	NA	NA	NA	NA	NA	NA	NA	NA	NA	NA	NA	NA	NA	NA	NA	NA	NA	NA	NA	NA	NA	NA	NA	NA	NA	NA	NA	NA	NA	NA	NA	NA	NA	NA	NA	NA	NA	NA	NA
1.66985985439781	NA	NA	1.67138856718966	NA	NA	1.16929143946908	1.37597876323802	1.23532103276655	NA	1.62992065493421	NA	0.918378006985809	1.13034314970515	1.02190216898331	NA	NA	0.686371526465697	NA	NA	NA	NA	NA	NA	0.471313630838328	NA	NA	NA	NA	NA	NA	NA	NA	NA	0.26858600736963	NA	NA	0.331178754602304	NA	NA
NA	NA	NA	NA	NA	NA	0.498029948259022	0.576553664146117	NA	NA	0.82973012198418	0.5776062988303	0.440489017464391	0.393948964609539	0.62739396769954	0.609609933441997	NA	1.00703754058756	NA	NA	0.343265006997177	0.53751876239157	NA	0.24434868711557	0.279398695337352	NA	NA	0.743862570045953	0.645708080189832	0.672567675372007	1.79637515737743	0.898861747933303	0.866575516117991	0.347487212439474	NA	NA	NA	NA	0.381912653918849	NA
NA	NA	NA	NA	NA	NA	NA	NA	NA	NA	NA	NA	NA	NA	NA	NA	NA	NA	NA	NA	NA	NA	NA	NA	NA	NA	NA	NA	NA	NA	NA	NA	NA	NA	NA	NA	NA	NA	NA	NA
1.71948740592157	1.87200364113287	1.82729354405836	NA	NA	NA	1.78122415249381	NA	0.902574286712725	0.989503609370302	0.426547592326477	0.144987721301171	0.830881098997509	0.458074059694926	0.590938956474011	0.60102908464736	0.907819214920796	1.05974002967335	1.10277796540699	NA	NA	0.60625688847453	0.60736436930916	NA	0.87699065206833	NA	0.761398121679501	1.47305104097689	1.46354621124945	1.39368377778844	0.297543236354165	NA	0.355828337352697	NA	NA	NA	NA	0.276755069323735	NA	1.05319454010886
NA	NA	NA	NA	NA	NA	NA	NA	NA	NA	NA	NA	NA	NA	NA	NA	NA	NA	NA	NA	NA	NA	NA	NA	NA	NA	NA	NA	NA	NA	NA	NA	NA	NA	NA	NA	NA	NA	NA	NA
NA	NA	NA	NA	NA	NA	NA	NA	NA	NA	NA	NA	NA	NA	NA	NA	NA	NA	NA	NA	NA	NA	NA	NA	NA	NA	NA	NA	NA	NA	NA	NA	NA	NA	NA	NA	NA	NA	NA	NA
NA	NA	NA	NA	NA	NA	NA	1.14489861632695	NA	NA	NA	NA	NA	1.50945986110321	1.8050387128958	NA	1.42434002521104	NA	NA	NA	NA	1.81582095188913	NA	NA	NA	1.84132412834968	NA	NA	NA	NA	NA	NA	NA	NA	NA	NA	NA	NA	1.87663757117197	NA
0.908231683053609	1.19358249372475	1.04369733260083	1.08539681592078	1.02850297330416	1.0515932260821	1.06145560396827	NA	NA	1.65258524311226	1.13985601568838	1.46406987010053	NA	1.11756349941108	1.39635937996207	NA	1.27104024465426	NA	1.28972240311197	1.26934487696366	1.08850952098874	0.512412560341681	0.859677219580037	0.627970148953116	0.651559020250139	NA	2.67057043120353	1.00552978700802	0.63269373397905	NA	NA	0.708221560746828	0.259135386914596	0.137988197408058	0.190263263147358	0.301229349254925	NA	0.42000293183888	0.303929721863481	0.48279713863917
2.11130341142511	1.60728504874908	NA	NA	NA	1.78223492669208	1.74698906668892	1.66989364407422	NA	NA	1.55373976872027	NA	NA	NA	1.76509775650083	1.86076314795313	NA	NA	NA	1.72866818095729	0.878072965399838	0.97587727719581	1.10868443497643	1.68847173219896	0.629450695167662	NA	NA	0.797536968982598	NA	0.349352686558239	NA	NA	NA	NA	0.862893849215806	0.210571578760052	NA	0.275676998958125	0.820490827068554	0.503565380959469
NA	NA	NA	NA	NA	NA	NA	NA	NA	NA	NA	NA	NA	NA	NA	NA	NA	NA	NA	NA	NA	NA	NA	NA	NA	NA	NA	NA	NA	NA	NA	NA	NA	NA	NA	NA	NA	NA	NA	NA
NA	NA	NA	NA	NA	0.548740941033666	NA	NA	0.438260013930339	NA	NA	NA	NA	NA	0.857253023659282	NA	NA	1.22016265970273	0.900542517684485	NA	NA	0.563050586742766	NA	NA	NA	NA	NA	NA	NA	0.611089998391016	NA	NA	0.474487083986957	NA	0.573316296594138	NA	NA	NA	0.695976563839912	0.736558146560836
0.385619911650825	0.381443682912932	0.338408722544373	0.812332764013013	0.814300496863871	NA	NA	0.920213406774769	1.04423288790297	NA	0.800888221405331	0.6422755098485	NA	0.938359335098792	1.29243134533395	NA	1.6500281171164	1.43870372438804	0.638043316362551	0.39453081648571	NA	0.809913005793432	0.217250211688392	0.359121102059036	0.295669651528688	0.690145212364907	NA	0.426084836777552	0.885756025185831	0.404500506237117	NA	0.777845521048841	0.590131242136182	0.785735918974333	0.496507401826307	0.338704144639198	NA	0.176260708021931	0.0795618482974947	NA
NA	NA	NA	1.11990904688417	NA	2.30033272755692	NA	1.21644588793645	1.9134128174491	NA	1.88237871263233	1.80439784808094	1.78235857007302	NA	NA	NA	1.7854320357276	2.1320839998486	1.50945897695622	1.58976280968199	1.60961952842695	1.4648819651857	1.52231219258338	1.19318469462609	1.0888245175168	1.2729014086103	3.19152376304604	1.23363099654174	1.0649099752322	NA	NA	3.11158901284122	2.36936277871816	2.95422542742284	0.419713976898651	2.02327638870078	NA	NA	0.707784995410444	0.419573055035065
NA	NA	NA	NA	NA	NA	NA	NA	NA	NA	NA	NA	NA	NA	NA	NA	NA	NA	NA	NA	NA	NA	NA	NA	NA	NA	NA	NA	NA	NA	NA	NA	NA	NA	NA	NA	NA	NA	NA	NA
NA	NA	NA	NA	NA	NA	NA	NA	NA	NA	NA	NA	NA	NA	NA	NA	NA	NA	NA	NA	NA	NA	NA	NA	NA	NA	NA	NA	NA	NA	NA	NA	NA	NA	NA	NA	NA	NA	NA	NA
0.802583404249168	0.553137352602495	NA	NA	0.605357472833052	0.586712236928076	1.52778398230107	NA	0.657311282698318	0.914229150841074	0.725911164952334	0.969142852124188	NA	NA	1.15527636595424	0.86077658770591	1.37797931409065	0.879672702415555	NA	NA	NA	0.611093097579599	NA	0.25925439275243	0.491903864241872	0.469139534629991	NA	0.106450717107747	0.266291633586935	NA	NA	0.69869967234962	NA	0.838447306480188	0.309904044499658	NA	NA	0.41781298640008	0.183742471813006	NA
NA	NA	NA	NA	NA	NA	0.65084113803634	NA	0.810904377113385	NA	NA	NA	NA	0.356481673578391	0.273342618732333	NA	NA	0.521769198434166	NA	NA	NA	NA	0.260401935076109	1.30668477805552	0.595916439499559	0.811407729969776	NA	0.696953415330633	0.546614400719078	0.160866624549257	NA	0.539900766865848	NA	0.819048480101946	0.441252833792085	NA	NA	NA	NA	NA
1.63405357745463	NA	NA	1.75007746698613	1.8080648575009	1.463865670472	NA	1.07328786421812	1.34295799910889	1.35514482411668	1.32629663342406	NA	NA	1.61910719191657	1.57869890252258	NA	1.65006185842661	NA	NA	NA	NA	NA	NA	NA	NA	NA	NA	NA	NA	0.732596216539018	NA	NA	NA	NA	0.806332500640595	NA	NA	0.689065165805855	0.250962373461162	NA
NA	0.812274151847202	NA	NA	NA	NA	NA	1.56159507315917	1.48136540170219	0.793639574586583	0.97445445000236	1.27256620732702	NA	NA	0.740416976298667	0.641924771102683	0.939153416091418	0.550609012014622	0.620274927948713	0.610845081960307	NA	NA	0.552258860627314	NA	NA	NA	NA	0.614266548328898	0.931529967233138	NA	NA	1.60632647191105	0.815326525413341	0.567834974868511	NA	NA	NA	NA	0.332589901053809	0.443370802795499
NA	0.944400070361945	0.378415962441107	NA	NA	0.896683440235156	0.930942168061222	0.816328096398045	0.583700266690322	NA	1.01881603350416	NA	NA	NA	1.17213934489403	NA	NA	NA	0.703464204311509	NA	NA	NA	1.06756903947356	NA	1.26316769008749	0.500684984389075	NA	1.09767743622167	0.503279304766537	0.380157158614052	NA	NA	NA	0.805347353493143	NA	NA	NA	NA	NA	0.834291579550764
0.440074926257722	NA	0.30137707424755	0.524734914190644	0.479028651383129	0.593109416707985	NA	0.564871410829159	0.363697007849201	NA	NA	NA	0.645981205790199	1.16392953684499	1.15519949259091	0.915696185280689	0.638769923982723	0.671705326052238	NA	0.44268861420565	0.608576972927331	0.930705944977017	NA	NA	0.44217494703431	0.492597822442544	NA	0.457616590584963	0.252608937041195	0.209761773405723	NA	0.511383609841555	NA	0.51051367393213	0.547900837267962	NA	NA	0.495341026363281	NA	NA
NA	NA	NA	NA	NA	NA	NA	NA	NA	NA	NA	NA	NA	NA	NA	NA	NA	NA	NA	NA	NA	NA	NA	NA	NA	NA	NA	NA	NA	NA	NA	NA	NA	NA	NA	NA	NA	NA	NA	NA
NA	NA	NA	NA	NA	NA	NA	NA	NA	NA	NA	NA	NA	NA	NA	NA	NA	NA	NA	NA	NA	NA	NA	NA	NA	NA	NA	NA	NA	NA	NA	NA	NA	NA	NA	NA	NA	NA	NA	NA
NA	NA	NA	1.33623247489447	NA	1.65348958949348	NA	1.74288678280601	1.53128003747213	NA	0.782802138632877	NA	NA	NA	NA	NA	1.18163371043038	NA	NA	NA	NA	NA	NA	NA	NA	NA	NA	NA	1.29079782258129	NA	0.845480337118166	NA	0.777264537951174	0.206889331283267	1.50712400281061	1.08848071288305	NA	0.628667050620173	0.435372089228731	0.659675223778364
NA	NA	NA	NA	NA	NA	NA	NA	NA	NA	NA	NA	NA	NA	NA	NA	NA	NA	NA	NA	NA	NA	NA	NA	NA	NA	NA	NA	NA	NA	NA	NA	NA	NA	NA	NA	NA	NA	NA	NA
NA	NA	0.23925763728503	2.052514700598	NA	NA	0.959973236918908	NA	NA	NA	1.26487107323557	1.25917507536435	NA	NA	1.42338675872686	NA	1.38528378018034	1.44474653769431	1.12142787730917	1.01238948064698	NA	0.566752042276389	0.451746525465665	0.541497055641164	NA	NA	NA	NA	NA	NA	0.444818310528784	0.80135213024306	NA	NA	NA	0.29569646151339	NA	0.433720810494458	0.411991647635805	0.433408844981623
NA	NA	NA	NA	NA	1.96369388919924	NA	NA	1.10488386706771	NA	NA	NA	NA	NA	0.452967235119981	NA	0.228313324509915	0.522299111514839	NA	NA	1.38215140093917	NA	2.10398114464266	NA	2.016894490146	NA	NA	1.82238996054635	1.38236332636596	NA	NA	NA	1.96800295946663	1.50003523789657	1.33417351282664	1.19445072075234	NA	NA	NA	0.508230622437596
NA	NA	NA	NA	NA	NA	NA	NA	NA	NA	NA	NA	NA	NA	NA	NA	NA	NA	NA	NA	NA	NA	NA	NA	NA	NA	NA	NA	NA	NA	NA	NA	NA	NA	NA	NA	NA	NA	NA	NA
NA	NA	0.22967857447173	NA	NA	0.953624450111262	NA	NA	NA	NA	0.816738008490047	0.240399680706085	NA	1.26235672023199	1.10102360448092	NA	NA	0.858663057822216	0.720619204661759	NA	0.243940892757321	NA	NA	NA	0.334586489351529	0.658157137621747	1.038583239096	NA	NA	NA	NA	0.113082946414702	0.4110691060196	NA	0.149742823518688	0.391449661522256	NA	0.31171166995745	NA	0.3912454733028
NA	NA	NA	NA	NA	NA	NA	NA	NA	NA	NA	NA	NA	NA	NA	NA	NA	NA	NA	NA	NA	NA	NA	NA	NA	NA	NA	NA	NA	NA	NA	NA	NA	NA	NA	NA	NA	NA	NA	NA
NA	1.61209439224685	2.01425842655408	NA	NA	0.881095379238796	NA	NA	NA	NA	0.789859177020941	NA	NA	NA	NA	NA	0.640667571522264	NA	NA	NA	NA	NA	NA	0.32530583472967	0.179626984045572	0.669567436642436	0.355945492883042	0.263622018681059	NA	NA	NA	0.946789022138048	NA	2.07136228387889	0.75904905394703	1.18461058610775	NA	0.391668326475947	0.225456527403493	NA
NA	NA	NA	NA	NA	NA	NA	NA	NA	NA	NA	NA	NA	NA	NA	NA	NA	NA	NA	NA	NA	NA	NA	NA	NA	NA	NA	NA	NA	NA	NA	NA	NA	NA	NA	NA	NA	NA	NA	NA
NA	NA	NA	NA	NA	NA	NA	NA	NA	NA	NA	NA	NA	NA	NA	NA	NA	NA	NA	NA	NA	NA	NA	NA	NA	NA	NA	NA	NA	NA	NA	NA	NA	NA	NA	NA	NA	NA	NA	NA
NA	NA	NA	NA	NA	NA	NA	NA	NA	NA	NA	NA	NA	NA	NA	NA	NA	NA	NA	NA	NA	NA	NA	NA	NA	NA	NA	NA	NA	NA	NA	NA	NA	NA	NA	NA	NA	NA	NA	NA
NA	NA	NA	NA	NA	0.519402066554519	0.469415028300614	0.549866262977788	0.410251485716649	0.240392547487166	0.544831748161592	NA	0.425691305644244	0.482390439796091	NA	0.820966135980252	NA	0.527290863744797	0.396026563823411	0.284316549721285	0.408690678560939	0.514602007632609	0.343327362598042	0.356317466874789	NA	0.485060536828322	NA	NA	NA	NA	NA	0.612131481292553	0.95748442992352	NA	0.741438532708401	NA	NA	1.14044226359192	NA	0.435434580751889
NA	NA	NA	NA	NA	NA	1.66948738369531	NA	NA	NA	NA	NA	NA	1.32633152824994	NA	NA	1.37887531917887	NA	NA	1.04635641430666	NA	0.291483705001163	NA	NA	NA	NA	NA	NA	NA	NA	1.41895523550982	NA	NA	NA	NA	0.839415432224145	NA	NA	1.36592733918462	NA
NA	NA	NA	NA	NA	NA	NA	NA	NA	NA	NA	NA	NA	NA	NA	NA	NA	NA	NA	NA	NA	NA	NA	NA	NA	NA	NA	NA	NA	NA	NA	NA	NA	NA	NA	NA	NA	NA	NA	NA
NA	NA	NA	NA	NA	NA	NA	NA	NA	NA	NA	NA	NA	NA	NA	NA	NA	NA	NA	NA	NA	NA	NA	NA	NA	NA	NA	NA	NA	NA	NA	NA	NA	NA	NA	NA	NA	NA	NA	NA
NA	NA	NA	NA	NA	NA	NA	NA	NA	NA	NA	NA	NA	NA	NA	NA	NA	NA	NA	NA	NA	NA	NA	NA	NA	NA	NA	NA	NA	NA	NA	NA	NA	NA	NA	NA	NA	NA	NA	NA
NA	0.629416571232263	1.11670544693084	0.971468491445269	NA	0.842007207797135	NA	1.18903013479968	NA	NA	NA	NA	1.08993672769548	NA	0.246430826789747	NA	0.23730427836983	0.871022033327523	1.04156861658621	0.655236934860427	1.02660803363348	0.752288529287319	0.509570499276238	0.714108791760605	NA	NA	NA	0.604720482722498	NA	0.4640947260523	1.40507062546187	1.36342779775688	0.986415012070077	0.686244462690548	0.634155428362676	NA	NA	0.585141822468645	NA	0.985537675983749
1.83692129530128	1.47357583253424	3.2874185103394	NA	NA	2.46492391548159	2.51956243764027	2.15661662968862	2.17742816575008	NA	2.96806722710769	2.4019216462371	3.07534490239812	2.33885412184778	2.18341008988091	3.12275994175414	2.55828401615134	2.98008433073782	2.22653166058435	2.87598474616638	1.75611641269344	1.5471972153989	2.07769979235926	2.90457089519818	NA	3.24412446448526	NA	NA	2.00072382872198	NA	NA	NA	1.38322650212045	NA	NA	NA	NA	NA	1.95654245075482	1.65267009869426
0.860703741579599	NA	NA	NA	1.04397979200595	NA	NA	0.559004370627426	0.933009111649538	NA	0.775261559155522	NA	NA	0.746405026827512	NA	NA	NA	1.16752722805266	0.89843516868725	NA	NA	1.19572468891817	NA	0.469925833116211	0.585662866508306	0.448509516391907	NA	1.15274159163622	0.728255618760627	NA	NA	NA	NA	NA	NA	NA	NA	NA	0.511707896648011	0.973896274449666
NA	NA	NA	NA	NA	1.35362817749763	NA	1.31830546940808	0.920175920256174	NA	0.693581710602658	0.903599930876548	1.24572223247882	1.07282844212337	0.878665267199664	1.27106290763427	NA	1.1513572599248	NA	1.02858428845612	0.351891316176383	0.343982281416476	0.305212110065351	0.355049072216435	0.541767963056728	NA	0.423229103964586	0.34986373053901	0.637183551093117	NA	0.254698297642351	0.384447300815591	0.464692363407694	0.603210971165859	0.8465720569057	0.220655505480319	NA	0.858475982853719	NA	0.173610637931755
NA	NA	NA	NA	NA	NA	NA	NA	NA	NA	1.98930424672158	NA	1.93684233375764	NA	NA	NA	NA	1.9391053981896	NA	NA	NA	1.02816214857155	NA	NA	NA	NA	2.09635945056247	NA	2.16954640100506	NA	NA	2.6149134890258	NA	NA	NA	1.5180331874074	NA	0.693124405177105	NA	0.888756891318498
NA	NA	1.48317384812016	NA	1.07427230857639	0.546868676920334	0.802784277192769	1.1381844984026	NA	1.23370010725705	0.848552206724674	0.561467480922852	0.97168886377184	1.95233038446894	NA	NA	0.685531564905145	1.03503680980269	NA	0.462104289274299	0.275583712107579	0.395403072454341	0.0945865464854871	0.612034304271986	0.443925239268655	0.52807256048357	0.867898781514612	NA	0.566049725514031	NA	NA	0.368885046802479	NA	0.677148454802774	NA	NA	NA	0.638420363645009	NA	0.84407569086549
NA	NA	NA	NA	NA	NA	NA	NA	NA	NA	NA	NA	NA	NA	NA	NA	NA	NA	NA	NA	NA	NA	NA	NA	NA	NA	NA	NA	NA	NA	NA	NA	NA	NA	NA	NA	NA	NA	NA	NA
1.18510290891242	NA	NA	NA	NA	NA	NA	NA	NA	NA	NA	NA	NA	NA	0.749198521881909	0.866425639175031	0.622288180830293	0.525558178172167	0.470462133107286	NA	NA	NA	1.11605930135627	0.319555440238988	1.17186450808973	NA	NA	NA	0.451148669086976	0.835460046278726	NA	0.666514761412388	NA	NA	NA	NA	NA	NA	0.414225485791589	0.531618844846199
NA	NA	NA	NA	NA	NA	NA	NA	NA	NA	NA	NA	NA	NA	NA	NA	NA	NA	NA	NA	NA	NA	NA	NA	NA	NA	NA	NA	NA	NA	NA	NA	NA	NA	NA	NA	NA	NA	NA	NA
NA	NA	NA	NA	NA	NA	NA	NA	NA	NA	NA	NA	NA	NA	NA	NA	NA	NA	NA	NA	NA	NA	NA	NA	NA	NA	NA	NA	NA	NA	NA	NA	NA	NA	NA	NA	NA	NA	NA	NA
0.708108755308941	NA	NA	NA	NA	0.532154042183289	NA	0.639864536604694	0.7856696290462	NA	NA	NA	1.15495661560418	NA	NA	NA	NA	NA	NA	0.825161032096793	NA	NA	NA	1.2533609801323	1.17308787158	NA	NA	NA	NA	NA	NA	NA	NA	NA	0.285310040539417	NA	NA	NA	0.287456188663753	NA
NA	NA	NA	NA	NA	NA	NA	NA	NA	NA	NA	1.35546580745248	NA	NA	NA	1.04533145860266	NA	NA	NA	0.526951797242017	NA	NA	NA	NA	NA	NA	NA	NA	NA	NA	NA	NA	0.772273113021374	NA	NA	NA	NA	0.26505258801567	NA	0.818193000528695
NA	1.95830667869922	1.58359422117314	NA	1.64069916427641	1.64384983149313	1.297062532897	NA	1.03301646357854	NA	NA	NA	NA	NA	0.564171840390664	NA	0.595552239598159	0.584415755174727	NA	0.43848861749484	0.724096163657648	0.612933443775408	NA	0.784251832173136	NA	1.15564573616207	NA	NA	1.60659909421199	NA	NA	NA	0.674917277526533	NA	NA	1.26631001299669	NA	NA	0.238700360667116	0.426697603875311
NA	NA	NA	NA	NA	NA	NA	NA	NA	NA	NA	NA	NA	NA	NA	NA	NA	NA	NA	NA	NA	NA	NA	NA	NA	NA	NA	NA	NA	NA	NA	NA	NA	NA	NA	NA	NA	NA	NA	NA
NA	NA	1.61027816467521	0.695568438871347	NA	NA	0.885171903006934	NA	NA	NA	0.898419323235468	NA	NA	0.975111575630334	1.711519110985	NA	1.54906863548743	NA	0.982714195158857	NA	0.900551513142332	1.45820461983156	NA	NA	NA	NA	0.444401299297508	0.55435817404811	NA	0.756362785339291	0.845127244560401	NA	NA	NA	NA	0.363871751974549	NA	NA	0.766833032303497	NA
NA	NA	NA	NA	NA	0.876453207970357	0.788733402575433	NA	0.729492657783671	0.770005489519304	0.937486310804029	NA	NA	1.14290189986973	0.679890362586355	NA	1.50227867625456	1.6535486244984	1.29639499511594	NA	NA	NA	NA	0.491566614687817	NA	NA	NA	0.870687910918784	NA	NA	NA	NA	0.312125499723968	0.287778207019728	0.666398917507096	NA	NA	NA	NA	0.430920038268067
NA	0.682327100539378	1.29460784326328	NA	0.993307582908601	NA	NA	NA	0.850346929584076	NA	1.41828334812055	NA	NA	NA	0.202816508306492	0.768341193785269	0.801471834599185	0.934502234647394	0.33050693544846	NA	NA	NA	0.3783141658275	0.607482701046431	NA	1.40883306922536	NA	NA	NA	0.561889593715624	NA	NA	0.781847101239141	0.394335399481989	1.40027928510865	0.56707387613483	NA	NA	0.340567684594911	NA
1.88831701455362	NA	1.22866352713424	1.15396313915896	1.30658497613334	0.333195015996875	NA	0.995090945486874	0.726824512667146	0.653981732348046	0.677040480594545	NA	NA	NA	0.350682682134412	NA	NA	0.515785292623607	0.50562505316304	0.495290698403328	0.572556447584616	0.60174971721139	0.474674377878656	NA	0.780585543124948	0.570566160859255	NA	NA	NA	NA	NA	NA	0.789623047552216	NA	NA	1.41833295676954	NA	0.308285684469198	0.307964505173343	NA
0.352619946277691	0.103968510127582	0.22744731877553	NA	NA	0.358855104721815	0.551167531554308	NA	1.45107764004431	1.51129260648361	1.9747338078456	1.38687177037152	1.24390050409602	1.13395174220692	0.982706268632374	NA	1.60764742042483	1.87370112329284	2.5334430172804	0.710055830935522	2.05718169576837	1.970534314846	2.06389420651661	2.1214268568194	NA	NA	NA	2.67450206395392	1.56403407548447	2.05918757670623	2.59637954219602	2.18066976539341	2.16254189461518	0.804577526475763	0.426594964410696	0.697063140646551	NA	0.575865386712489	1.52905217289766	0.693626513702241
1.51450412873535	1.28741097869926	NA	1.85978493975376	NA	NA	1.45573268816715	1.44074372903972	0.798614579220681	NA	0.624583926290297	0.916573250180314	NA	1.17232735340812	1.06041719681333	NA	NA	1.41160064477891	NA	0.920924150565609	1.19870907875254	1.33080156699907	NA	NA	NA	NA	1.05618198051695	1.24426619833146	NA	NA	NA	1.15920985255554	0.990823058516377	1.14957968086294	NA	NA	NA	1.28939616321366	1.12510583988515	0.738075489601143
NA	NA	NA	NA	NA	NA	NA	NA	NA	NA	NA	NA	NA	NA	NA	NA	NA	NA	NA	NA	NA	NA	NA	NA	NA	NA	NA	NA	NA	NA	NA	NA	NA	NA	NA	NA	NA	NA	NA	NA
NA	NA	NA	NA	NA	NA	NA	NA	NA	NA	NA	NA	NA	NA	NA	NA	NA	NA	NA	NA	NA	NA	NA	NA	NA	NA	NA	NA	NA	NA	NA	NA	NA	NA	NA	NA	NA	NA	NA	NA
NA	NA	NA	NA	NA	NA	NA	NA	NA	NA	NA	NA	NA	NA	NA	NA	NA	NA	NA	NA	NA	NA	NA	NA	NA	NA	NA	NA	NA	NA	NA	NA	NA	NA	NA	NA	NA	NA	NA	NA
NA	0.663255775898052	NA	NA	0.82184784933311	NA	NA	0.772464490525264	0.488076912580255	NA	NA	1.30493404051513	2.10797027908946	2.38449037537441	1.01701094489827	NA	1.68458886600771	0.941636710976459	NA	NA	0.828049622359489	0.391638852126998	0.738648774105116	NA	0.299597917368591	0.697678621026788	NA	1.28792979671326	0.194184726939412	NA	NA	0.294452166497219	0.56018682140139	0.607706531564317	0.28138402015944	0.129592100934841	NA	0.260653107428362	0.226913583650138	0.560735493217457
NA	NA	NA	NA	1.19966727976062	NA	NA	NA	NA	NA	1.93318219418026	NA	NA	NA	1.76496233026125	1.55995709484299	NA	NA	NA	NA	1.63037646960661	NA	1.59468075546527	NA	1.73907034592581	1.69751064028591	NA	1.60237063035211	1.60032042762556	1.59603377313565	NA	NA	1.01824406210527	0.440667989214718	0.775943240070598	0.450306770210387	NA	1.27302164023258	0.905474860058252	1.36528847783501
NA	NA	NA	NA	NA	NA	NA	NA	NA	NA	NA	NA	NA	NA	NA	NA	NA	NA	NA	NA	NA	NA	NA	NA	NA	NA	NA	NA	NA	NA	NA	NA	NA	NA	NA	NA	NA	NA	NA	NA
NA	NA	NA	NA	NA	NA	0.655177119602055	NA	NA	0.362915334784964	0.830379388837156	NA	NA	NA	0.790672075600474	NA	0.760167529883717	NA	NA	1.076747832989	NA	NA	0.143253892715544	NA	NA	0.82384651709533	NA	0.801723135081929	NA	NA	NA	NA	0.171405120536642	NA	NA	NA	NA	NA	NA	NA
2.05341232627506	0.739762089796625	1.115128782035	0.912483044502478	1.03008076219182	0.997276185262829	1.06620975256027	1.97948383359674	1.67727980739734	1.40307879680536	1.09599177750115	NA	2.4283484801304	NA	NA	NA	1.94933585784302	NA	0.993286265959772	1.00250590586616	1.46193851868542	NA	NA	NA	0.712239669686519	NA	NA	NA	NA	0.353855504917579	NA	0.55660221519829	0.657941728695788	NA	0.686173342795537	NA	NA	0.254789767313703	NA	1.06934729253569
NA	NA	NA	NA	NA	NA	NA	NA	NA	NA	NA	NA	NA	NA	NA	NA	NA	NA	NA	NA	NA	NA	NA	NA	NA	NA	NA	NA	NA	NA	NA	NA	NA	NA	NA	NA	NA	NA	NA	NA
NA	NA	NA	NA	NA	NA	NA	NA	NA	NA	NA	NA	NA	NA	NA	NA	NA	NA	NA	NA	NA	NA	NA	NA	NA	NA	NA	NA	NA	NA	NA	NA	NA	NA	NA	NA	NA	NA	NA	NA
NA	NA	NA	NA	NA	NA	NA	NA	NA	NA	NA	NA	NA	NA	NA	NA	NA	NA	NA	NA	NA	NA	NA	NA	NA	NA	NA	NA	NA	NA	NA	NA	NA	NA	NA	NA	NA	NA	NA	NA
NA	NA	NA	NA	NA	NA	NA	1.7134601791872	1.89730862378017	NA	NA	NA	NA	NA	1.82056254648776	1.63613856420575	1.37281227985661	1.59397438623791	1.18857263453386	1.35395620440153	NA	NA	NA	NA	NA	1.75502655118349	NA	1.39239234729098	NA	1.35132783546388	1.31519872593894	1.42311744382008	1.19954900331365	0.700784100616741	0.412019480831734	1.89826547205989	NA	0.410601676262869	0.527147957437135	NA
NA	NA	2.38972866210135	1.94381922611813	NA	1.92697568107686	0.898464903221805	NA	1.0138405611667	1.47050814067282	0.884910464630211	NA	NA	1.15210153927251	NA	0.804359348724071	0.725678271619372	0.910045766678151	NA	NA	1.68484062388383	NA	1.20805912028788	NA	NA	NA	NA	1.57830022994206	1.81101757309067	NA	NA	NA	NA	1.46535897839477	1.98947904173004	NA	NA	NA	1.73748175911474	2.29697324417457
NA	NA	NA	NA	NA	NA	NA	NA	NA	NA	NA	NA	NA	NA	NA	NA	NA	NA	NA	NA	NA	NA	NA	NA	NA	NA	NA	NA	NA	NA	NA	NA	NA	NA	NA	NA	NA	NA	NA	NA
NA	NA	NA	NA	NA	NA	NA	NA	NA	NA	NA	NA	NA	NA	NA	NA	NA	NA	NA	NA	NA	NA	NA	NA	NA	NA	NA	NA	NA	NA	NA	NA	NA	NA	NA	NA	NA	NA	NA	NA
NA	NA	NA	NA	NA	NA	NA	NA	NA	NA	NA	NA	NA	NA	NA	NA	NA	NA	NA	NA	NA	NA	NA	NA	NA	NA	NA	NA	NA	NA	NA	NA	NA	NA	NA	NA	NA	NA	NA	NA
NA	NA	NA	NA	NA	NA	NA	NA	NA	NA	NA	NA	NA	NA	NA	NA	NA	NA	NA	NA	NA	NA	NA	NA	NA	NA	NA	NA	NA	NA	NA	NA	NA	NA	NA	NA	NA	NA	NA	NA
1.60521413875021	0.383560796953341	1.61131866202835	NA	NA	1.12329168592462	1.11999364004633	1.46238722020296	NA	NA	NA	1.44697906201192	NA	NA	0.841278836976037	NA	0.918858523281292	1.13365860144802	0.739061101461312	0.684508771965404	0.477868594110393	0.544032961582104	0.99151113761004	0.503299403581824	0.37505648475258	0.430277760420184	NA	0.225707383646933	NA	0.296113226087711	0.386233033993915	0.317637137665452	0.799355223323933	0.790352645787654	0.830331106903062	NA	NA	NA	NA	NA
NA	NA	NA	NA	NA	NA	NA	NA	NA	NA	NA	NA	NA	NA	NA	NA	NA	NA	NA	NA	NA	NA	NA	NA	NA	NA	NA	NA	NA	NA	NA	NA	NA	NA	NA	NA	NA	NA	NA	NA
2.15471768977434	NA	NA	NA	1.70716018573834	2.35870240695622	2.03521310535849	1.46352747760907	2.3496091218481	0.840494901335783	NA	0.739766604523652	NA	1.16121362499515	2.42395699124053	0.843023489597855	0.783154025253781	0.938835619629774	1.83307973940336	1.75288130956691	NA	1.96384385484132	NA	1.54550559947569	NA	NA	1.31021551793451	NA	NA	0.493866415257678	NA	NA	1.63724487797747	1.44824930845628	1.48642843928649	1.33279243439921	NA	0.601085980013496	0.969659529003667	0.826614665427679
0.674312802206507	1.71914373754668	0.627392738590906	0.857521702161968	1.58831303114391	0.511251038500115	NA	0.477988607626472	1.47912339910488	NA	NA	NA	NA	1.38410768851993	0.284601915412787	0.318354786075351	NA	0.377221812087048	NA	NA	0.205808070715404	NA	0.823898845146186	NA	0.787840864198809	0.747427004055896	0.674405744389823	0.322362762764889	0.733868925683728	0.765563910673765	0.56202756495283	NA	1.18193239746604	0.739680205490744	0.215454202781799	NA	NA	0.420813462023092	0.399334663663109	0.992037022726797
NA	NA	NA	NA	NA	NA	NA	NA	NA	NA	NA	NA	NA	NA	NA	NA	NA	NA	NA	NA	NA	NA	NA	NA	NA	NA	NA	NA	NA	NA	NA	NA	NA	NA	NA	NA	NA	NA	NA	NA
NA	NA	NA	NA	NA	NA	NA	NA	NA	NA	NA	NA	NA	NA	NA	NA	NA	NA	NA	NA	NA	NA	NA	NA	NA	NA	NA	NA	NA	NA	NA	NA	NA	NA	NA	NA	NA	NA	NA	NA
NA	1.38129513942769	1.21686983766081	1.3104432045638	1.84899769723	NA	1.95865927192424	1.59641391951366	1.31331684330563	1.67131186064975	1.54006459656879	1.50963225790715	1.45152795452062	NA	NA	1.47034287315515	1.31701807584075	NA	1.11292786507384	1.64623451546385	NA	NA	0.802097073205082	NA	1.54692126988085	NA	1.33529988917367	1.22016870579754	NA	0.722181877928572	0.654205446266821	NA	NA	NA	0.727093348945464	0.552774192039226	NA	NA	1.29341255956486	NA
NA	NA	NA	NA	NA	NA	NA	NA	NA	NA	NA	NA	NA	NA	NA	NA	NA	NA	NA	NA	NA	NA	NA	NA	NA	NA	NA	NA	NA	NA	NA	NA	NA	NA	NA	NA	NA	NA	NA	NA
NA	NA	NA	NA	NA	NA	NA	NA	NA	NA	NA	NA	1.73652007118196	NA	1.96393519079266	NA	1.49648267123459	NA	NA	NA	NA	NA	1.74332691419192	NA	NA	NA	1.39396655536234	0.796195339004104	NA	1.44446069982384	NA	0.610614653273497	1.76560116717685	1.00037624162897	0.576998242217926	0.232453783371541	NA	NA	NA	0.813997477760744
0.794512084138728	1.60125807956093	0.953178346312387	NA	0.501841778697079	0.473900822385847	0.576521337400064	NA	NA	NA	NA	NA	NA	NA	0.939709969162081	1.53151589725349	NA	0.597822879666301	NA	0.381663111963438	0.541697658791506	1.07800874897479	NA	NA	0.559591283499361	NA	NA	NA	NA	0.385944051499764	1.27590260733902	0.503948099099047	0.8168549907777	1.20649392659122	0.14811756099837	1.89314709881779	NA	1.35895987812818	0.281428310503121	0.68076489312479
NA	NA	1.29975181456412	NA	0.687064084342862	NA	1.05277921592107	0.845144205743593	NA	NA	NA	NA	NA	1.04694672130396	0.855521319420747	NA	0.603170881948811	NA	NA	0.541951190016703	0.290259085777985	0.15154230436842	0.498466954733583	0.602392843787913	NA	NA	0.884104805431395	0.519279839985954	0.965273759209706	0.645689360312925	NA	NA	0.583293619245832	0.472063682968024	0.419814250073218	NA	NA	0.142115923500621	NA	0.66418713943341
NA	0.526250307777988	NA	NA	0.367332434669353	NA	1.15621849988893	NA	NA	NA	NA	0.47780516421489	NA	0.268200934196508	NA	NA	0.531954339026218	0.70889919157171	NA	0.325738021783797	0.416207388662789	0.23951354132408	0.519585155339228	0.250079595585192	NA	NA	0.552921821972276	0.645327171200439	NA	0.635114189578334	NA	0.472710488603063	NA	NA	0.583447905444947	NA	NA	0.247007372211037	0.278603427207492	0.304030313567297
0.456980594034328	NA	NA	0.79593359031367	NA	NA	NA	NA	NA	NA	NA	NA	NA	NA	0.750257116332142	NA	NA	NA	NA	NA	0.970303895338724	NA	NA	NA	NA	NA	NA	1.81513251232022	NA	NA	NA	0.639394055035131	0.691408269785406	0.194858857182206	0.507251601955379	NA	NA	NA	0.281661829653486	NA
NA	NA	NA	NA	NA	NA	NA	NA	NA	NA	NA	NA	NA	NA	NA	NA	NA	NA	NA	NA	NA	NA	NA	NA	NA	NA	NA	NA	NA	NA	NA	NA	NA	NA	NA	NA	NA	NA	NA	NA
NA	1.20064538913997	NA	NA	NA	0.977245930227589	NA	NA	NA	0.359897201592856	NA	0.480540422366795	NA	1.51405430462217	1.5576517609859	NA	NA	0.922392793725867	0.548243480316551	0.591514000414746	0.433799705179799	NA	NA	0.939694429819323	NA	0.812981452223446	NA	0.605979821283149	0.507946464893646	0.330024312820786	NA	NA	0.360460973870167	0.478209168351961	0.675099037594324	0.148258841966077	NA	0.300776142159793	NA	0.296288024288636
NA	NA	NA	NA	NA	1.60386335716268	NA	NA	NA	NA	NA	2.4676041105631	NA	2.32722292563645	2.19921521066382	1.9249577577865	1.69382304799026	2.11843082159977	1.96889941467435	2.11838166491841	1.79332457296134	1.76245466292014	NA	NA	NA	NA	NA	NA	NA	NA	NA	NA	0.873696737676949	0.675606234500306	0.660592304883883	NA	NA	NA	NA	NA
NA	NA	0.265645088835981	NA	1.12658046066151	0.666956178784684	1.12168199191514	1.17920812214799	0.505013788578474	0.445141738543872	NA	NA	NA	0.99202777051701	0.985457374336567	1.05963379410329	1.05356011072365	0.874050315737868	NA	1.58277794618862	1.59935923498466	0.489900065097809	1.40232832949009	1.50814805420564	NA	1.29693450335859	NA	NA	0.911489942247359	0.604318995018472	1.17682724555912	1.05500471270385	0.574795665453207	0.796636884039357	0.645836407017311	0.861277081690417	NA	0.564796957420817	NA	0.379170456967317
NA	1.60825306634709	1.63725708767546	NA	NA	1.79884301106986	NA	1.24631679116024	NA	0.757227129027679	NA	1.96481148285051	NA	NA	0.837414743148793	0.840010757059051	0.80827865683956	2.09848146084643	1.97173131583719	NA	1.47223492987412	0.585648273454977	NA	0.135353640922345	0.73708502205555	0.596871982727985	0.388002472635182	NA	0.240691722140579	1.25689151296633	NA	NA	0.568632010270163	0.373219071736081	0.231766840204386	0.249039768385195	NA	0.825836559192034	0.432195469213406	0.730877427313551
0.480031269334747	1.50549446864327	1.63220143617842	1.33726981961595	0.817233334100224	1.2154001370609	0.646617506447035	1.52115732511128	0.645482496903956	0.804878434073384	0.838831260704599	NA	0.817994258875664	1.05353389723987	NA	0.779366721906114	1.61939819106775	0.660907147245789	1.74113825541472	NA	1.19608099493484	NA	0.781270467257575	0.700134872648007	0.969623441085553	0.617033986591408	0.635708652646591	NA	NA	0.38899642041297	NA	1.21346432765569	0.565528939441268	1.29458664902381	NA	NA	NA	1.4721033250963	1.03870526813033	0.791325423564801
NA	NA	NA	NA	NA	NA	NA	NA	NA	NA	NA	NA	NA	NA	NA	NA	NA	NA	NA	NA	NA	NA	NA	NA	NA	NA	NA	NA	NA	NA	NA	NA	NA	NA	NA	NA	NA	NA	NA	NA
NA	NA	NA	NA	NA	NA	NA	NA	NA	NA	NA	NA	NA	NA	NA	NA	NA	NA	NA	NA	NA	NA	NA	NA	NA	NA	NA	NA	NA	NA	NA	NA	NA	NA	NA	NA	NA	NA	NA	NA
NA	1.76602765529771	1.91659553986822	1.77144631468492	NA	1.88328122246875	1.60833625330172	1.38418074854871	1.69526838518425	NA	1.5560954229928	NA	2.43842675111014	2.41584502857937	2.30294732324624	NA	1.82753945364601	NA	1.74547061174283	NA	NA	NA	1.61623465834015	1.67271778686516	NA	1.74659407643669	NA	NA	NA	NA	NA	1.55455923868441	1.50883986518506	1.4567621649591	NA	NA	NA	1.59805765979827	NA	NA
0.903921475353847	NA	NA	NA	NA	NA	NA	NA	NA	NA	NA	1.44622056223742	NA	1.611429929846	NA	NA	1.87847714901498	1.79385849531237	1.646964937766	1.13829478774553	NA	NA	NA	NA	NA	NA	1.94022566636537	NA	1.74219556292875	1.56938117479727	1.66459294245578	1.48030913860629	1.17914387696575	NA	0.733806573861133	NA	NA	0.477379482414982	NA	NA
0.963811825607836	NA	NA	NA	NA	NA	NA	NA	NA	NA	NA	NA	NA	0.737493390927001	NA	0.262747329072095	0.648983683440646	NA	NA	NA	NA	NA	NA	NA	NA	NA	0.559277796756578	1.17516309838017	0.76797454816292	NA	NA	0.47810779424613	0.566832415744167	NA	NA	2.00150357227039	NA	0.69951388128935	NA	NA
NA	NA	NA	NA	NA	NA	NA	NA	NA	NA	NA	NA	NA	NA	NA	NA	NA	NA	NA	NA	0.466563738604026	NA	0.401008065052577	0.74126759331459	NA	NA	NA	NA	0.135793636234977	1.16346097707155	NA	0.404396288728859	1.07373974723585	1.19058628181834	1.25688056583732	NA	NA	0.837958228211613	0.662679573243823	0.896242571335704
0.854779215319206	NA	0.963510853442621	0.634785255300225	0.61443748671871	NA	0.727865486477889	0.783954821574539	0.940309250002728	NA	0.841523164764319	0.73403150516465	NA	1.12876223621827	0.664546532013286	0.730061971316366	NA	0.863735574688305	0.709873719819321	0.704559646933937	NA	0.824845628179945	0.957289529065555	0.486651369947704	0.522454544801271	0.430690349390686	NA	0.572981067698414	0.625144601896701	NA	NA	1.09571542552549	NA	NA	NA	NA	NA	0.714409912194884	NA	0.740965750875854
NA	NA	NA	NA	NA	NA	NA	NA	NA	NA	NA	NA	NA	NA	NA	NA	NA	NA	NA	NA	NA	NA	NA	NA	NA	NA	NA	NA	NA	NA	NA	NA	NA	NA	NA	NA	NA	NA	NA	NA
NA	NA	1.67378111033438	NA	NA	NA	NA	0.657087353427368	1.11580785131385	NA	NA	1.16266748417105	NA	1.41169584572869	NA	NA	NA	NA	NA	NA	1.24782749457982	NA	0.392801845179441	0.498402625956206	0.915123573323409	0.955562534745955	0.35765132930932	0.525260224136817	0.379577986563365	NA	0.497021381246185	0.223744252192784	NA	0.586812060502095	NA	0.478205361092826	NA	0.374909627834706	1.01172304881584	0.228202622172205
0.981939065268257	NA	NA	NA	NA	NA	NA	NA	NA	NA	NA	NA	NA	NA	NA	NA	1.78609009587929	NA	NA	1.57695054060189	1.27707441147577	0.967662303324624	0.741243330093756	0.630497968102191	NA	NA	1.64020869826182	NA	0.734507078727848	0.556099361678676	NA	NA	NA	NA	0.992855295353337	1.65588126042786	NA	NA	0.455464593140172	1.21646055475554
NA	2.12583358365002	NA	1.86415843085973	1.81368667253404	NA	1.80270013381971	1.7377075094227	1.81043507928736	NA	1.28968979581122	NA	1.37102004651229	1.23829920148638	0.988237385646322	NA	1.25093532682836	0.902017860983738	1.07188519513987	NA	NA	1.74423269911298	1.07029861180083	0.299341261326252	1.36172348432893	NA	1.03059864665833	0.736049742136561	0.588314759664091	0.595217391051864	0.953324927742517	0.807574857323833	1.82578428257769	0.456649182751138	0.589772842419221	0.364669598777197	NA	0.48811616512208	0.624359235005497	0.809066154833553
2.28857266399019	NA	NA	NA	1.43497383361636	0.898062834628335	NA	2.55884257636306	NA	NA	NA	NA	NA	NA	1.55918497441019	NA	NA	1.37720635766073	NA	NA	1.62135792165155	NA	NA	NA	1.91024175593314	NA	1.77129765134194	NA	NA	1.24039304670738	NA	1.53336111538348	1.42489569186674	1.43541599719857	0.786648639755123	0.954309957986111	NA	NA	1.46894950871258	1.17378253769784
NA	1.72402082486277	0.63846166895572	NA	0.668582153665373	NA	0.970704331465921	1.1252070461297	1.42275615621246	1.70459867370436	1.53881808693062	1.71623096177308	1.98427445209144	NA	0.81884247964063	0.978837109777111	0.624242607990139	0.78209607712176	0.822908974233084	NA	1.92776864468552	0.810462532024752	1.96400830311332	NA	0.632302085240433	1.90152958215703	0.731443173557073	NA	NA	1.43350136958879	0.895324815585272	NA	NA	NA	NA	0.165351552984651	NA	NA	NA	0.197854802900162
NA	0.795847259719518	NA	NA	NA	NA	0.300524270435021	0.577427715800316	NA	NA	0.817073598200414	1.11610544072395	0.940007034797892	0.987140774100498	1.07574637190179	1.30718390259323	1.31040222048341	1.23169663522314	NA	1.07990470525806	1.10748517399249	1.05344610591708	0.941402071751776	1.141532410226	0.566208892995618	NA	1.08317494236445	0.602216858746767	0.396773889466063	0.988240666441065	NA	0.241957789214868	NA	NA	NA	1.01084364913395	NA	0.764701354462716	NA	NA
NA	NA	1.38045048012841	NA	1.45041668907644	1.30447660209202	NA	NA	0.866677254194236	0.497372059699255	2.25792990518805	0.382777948680851	NA	NA	0.948107605160671	1.0712770650328	0.935167912112619	0.940421601874108	1.28370753044473	0.980806314392796	0.966092052747065	1.27740260164067	0.766736439921551	0.850703687281381	1.05980368763341	0.701448928266661	1.35339679051321	1.13528302885138	1.1003110046788	NA	0.487955704457793	0.639168254353362	0.841757500098937	0.868606197081865	1.60392016950482	0.666535493713702	NA	0.746866464729585	0.932627520464829	NA
NA	NA	NA	NA	1.79995449437444	NA	NA	NA	NA	NA	NA	NA	NA	1.97462009835495	NA	NA	1.78380246922789	NA	1.85960066714928	NA	1.49396902214353	1.43098983955371	NA	NA	1.41849798178742	NA	NA	1.22839478724027	NA	NA	NA	1.22118549078673	0.38585226091831	1.80683042227634	0.511431877815325	1.96139259603113	NA	1.59874199755402	0.188255490668395	NA
NA	NA	NA	NA	NA	NA	NA	NA	NA	NA	NA	NA	NA	NA	NA	NA	NA	NA	NA	NA	NA	NA	NA	NA	NA	NA	NA	NA	NA	NA	NA	NA	NA	NA	NA	NA	NA	NA	NA	NA
1.11122179512787	NA	NA	0.379403755161685	0.645751788313885	0.722692008600456	NA	0.957694229586879	0.71394720643355	0.716477867097325	NA	0.568967637721588	0.927383482543795	NA	0.450063817237509	0.844787219907867	NA	1.0040383731496	NA	0.55001305194848	NA	0.570108961761178	0.623503982565723	0.231016513855547	NA	NA	NA	NA	0.945409319403594	0.50437599040813	NA	0.610818504429218	NA	NA	0.494222671902759	NA	NA	0.40298228469958	0.684421047950144	0.903789351740265
NA	NA	NA	NA	3.20827269608586	3.28577637141229	2.4147081461098	2.55010743931149	2.49658688390993	1.24671595594502	1.98816434382313	2.47992696759935	1.01015033425049	2.44145531493582	2.66513371025818	NA	2.41814581021134	NA	2.56952019464358	1.32506122041082	2.49639403111641	2.32576107596604	NA	NA	1.81222611337931	NA	0.68165681711576	1.93262916203467	2.03258192224011	0.592793214592004	0.391429745206968	0.324395282348723	0.611511725337666	NA	0.512275560169341	0.593076159889659	NA	NA	NA	1.70746153642176
NA	NA	1.57499900813762	1.40314950453937	NA	NA	NA	NA	NA	NA	NA	1.44650411826342	NA	NA	1.46172898548774	1.7103076168504	1.25134531356314	1.28688362271815	1.26950214021376	1.40318990855692	1.32075586723545	2.14042264597172	1.54999282458033	1.34690886681864	1.22322862493956	NA	1.65694757870901	1.05333711308957	1.72864696566691	0.91170409419008	0.809686806478566	1.33571641070767	0.563102709964324	0.171240373132932	0.132802424686631	NA	NA	0.274182513231945	0.131386665058992	0.50460922620143
NA	NA	1.39734392016686	NA	NA	NA	NA	1.59611829159247	0.639788888002279	1.2403781990953	NA	1.88034764231486	1.54251789429724	NA	NA	NA	NA	NA	NA	1.3049517248757	0.376205946741442	0.451016501551831	0.708992681804226	NA	0.521602776585188	0.350399071552946	0.388396432806151	NA	0.744552329643453	NA	1.24326848699923	NA	0.397341030525214	NA	NA	NA	NA	0.820682401030221	0.394596679326013	0.592942658647307
NA	NA	1.23008680227601	NA	NA	1.06271303013245	1.20301358862852	1.20246415576795	NA	NA	1.14164976934616	1.13814112763157	NA	NA	1.05360684434961	NA	NA	NA	NA	NA	0.621201662086572	0.818866800880889	0.768974583638793	NA	0.496881854789627	0.771743284678103	0.493625438400845	NA	0.220913393621304	NA	NA	0.727667404514487	0.667001178168987	0.549149447547489	0.218205117526629	NA	NA	0.27777988766704	0.196241985135057	0.317258152936428
NA	NA	NA	NA	NA	NA	NA	0.527623505598921	0.440853558769812	NA	NA	NA	NA	NA	NA	NA	0.666217959067192	NA	NA	NA	NA	NA	NA	NA	NA	0.980984830771685	1.15558621584716	NA	NA	NA	NA	0.831689159953866	0.559662239976003	NA	NA	0.418190815824265	NA	NA	0.353562230399493	0.816072699905031
NA	NA	NA	NA	0.897921819968588	0.95469724928481	NA	NA	NA	NA	NA	NA	NA	NA	1.22471558126226	NA	NA	0.260298886178382	NA	0.431577287605781	NA	NA	0.346569004370685	0.225460025824027	NA	NA	NA	NA	NA	0.701294022069786	0.765184876257309	NA	NA	0.574614375806432	NA	0.874022720572028	NA	NA	0.563255325794509	NA
NA	0.21829315753854	0.719142082176346	0.870043110340606	0.79126817446101	0.278903104192835	0.390305050165634	NA	0.356916877216279	1.3187391733045	NA	0.627281821910469	NA	NA	0.745253716645749	0.580783351544977	0.802817420179952	0.710599662907036	1.7772859353346	0.586750997075646	1.57835925264194	NA	1.07004965016834	1.05633972125785	1.32907329359066	NA	0.638709623386066	0.840653644794971	1.22632152686603	0.872434204050989	NA	NA	NA	0.544068850495317	0.809454224012683	NA	NA	0.724102027551316	NA	0.380378758724711
NA	NA	2.1623515073862	NA	NA	NA	0.672781471321098	0.815294160925167	1.03235110487731	NA	0.774665782354812	1.72278255200243	NA	1.65123451901966	NA	NA	NA	1.12687363589125	0.689156499403139	NA	0.275609327270089	0.369243256338961	0.520020833395858	NA	0.65989312555113	0.349621958095846	NA	NA	NA	NA	NA	NA	0.344207717663269	NA	0.494755936015776	NA	NA	0.452566840910967	0.493211623533757	0.564887454392025
0.81294537033241	NA	NA	NA	NA	NA	NA	NA	0.685702889712172	0.847239392122161	NA	NA	NA	NA	0.467470279223071	NA	NA	NA	NA	NA	NA	0.920372902485781	0.967200467606252	NA	NA	NA	0.599084258526597	NA	0.783521965889003	0.822377050534386	NA	NA	0.589315206178384	0.10554802269584	NA	NA	NA	NA	NA	0.281169852502779
NA	NA	NA	NA	NA	NA	NA	NA	NA	NA	NA	NA	NA	NA	NA	NA	NA	NA	NA	NA	NA	NA	NA	NA	NA	NA	NA	NA	NA	NA	NA	NA	NA	NA	NA	NA	NA	NA	NA	NA
NA	NA	NA	1.96607526247495	NA	1.80368494249317	NA	NA	1.52482972797393	1.51710568537306	NA	NA	NA	NA	NA	1.46621931320293	NA	1.75355688703916	2.60618016030564	2.29245658194562	1.94865289596499	1.72118957448319	1.59416072165655	NA	2.48063674999876	2.88051302294475	NA	NA	2.66725659613649	NA	2.84642441588177	1.24438903685357	NA	0.993623295682842	1.23086040578766	NA	NA	NA	1.17923717956618	1.07492004251508
NA	NA	NA	NA	NA	NA	NA	NA	NA	NA	NA	NA	NA	NA	NA	NA	NA	NA	NA	NA	NA	NA	NA	NA	NA	NA	NA	NA	NA	NA	NA	NA	NA	NA	NA	NA	NA	NA	NA	NA
NA	1.93070942619294	NA	1.83886106797464	NA	NA	NA	1.64938201531578	NA	1.23027269951614	1.32755451449726	1.28308008986379	2.36898857753107	1.25926080904385	1.44690302627409	1.17927031901941	NA	1.53904631808767	NA	NA	NA	NA	1.25035184690509	1.0382179521415	1.00858239370304	NA	0.575456174873006	0.467876427487405	NA	0.430057419214237	NA	0.662527857681536	NA	0.657835343684572	0.827682684590631	0.737496478419377	NA	0.626056798878895	NA	0.959453137325111
NA	NA	NA	NA	NA	NA	NA	NA	NA	NA	NA	NA	NA	NA	NA	NA	NA	NA	NA	NA	NA	NA	NA	NA	NA	NA	NA	NA	NA	NA	NA	NA	NA	NA	NA	NA	NA	NA	NA	NA
0.522484900058934	0.331878149946352	0.600942752551849	0.502568864793033	0.52122184433293	NA	NA	NA	0.29898641197509	NA	NA	NA	NA	0.95847694678008	NA	NA	0.788639503416772	NA	NA	NA	NA	0.494808205913159	NA	NA	NA	NA	NA	0.674037745142128	NA	0.491697792772772	NA	0.154796707354949	NA	1.03248007666635	NA	NA	NA	NA	0.53057862211375	0.522104334699298
1.93985610738658	1.93373754461985	NA	NA	1.70086684737184	NA	NA	NA	NA	1.74362410305769	1.17010707958718	1.30739788899517	NA	1.29394601065734	1.03702618555528	1.16961137725195	0.871778673733431	1.12095326199461	1.58674116251912	0.813022755838166	2.04446555731253	1.96444697535288	NA	1.82923463306453	1.77055085599982	1.34228669029249	1.43593146968936	1.28475025933111	1.15739813160894	1.24228999918609	1.27225435114152	0.66076883813316	1.35721979714911	0.155093145403191	0.303163252187161	0.263589787774586	NA	0.573136536819038	0.498214103032029	NA
NA	NA	0.894809083808845	0.542457252505338	0.0733599574424102	0.534904509344314	NA	NA	0.510251123689053	0.733137595613913	1.63871728652222	1.03792485973752	NA	1.32732718397007	2.19690291229464	0.487677174321364	NA	0.627111267716328	1.74927924923357	1.78899076039495	1.53481001196289	0.339620738857686	1.00638434772708	NA	0.28811601286777	0.765849164589073	NA	0.960164438673547	NA	NA	2.03907387901934	0.538112759706741	2.22285554722506	NA	NA	NA	NA	0.540950508810039	0.672342614051102	0.530284242896219
NA	NA	NA	NA	NA	NA	NA	NA	NA	NA	NA	NA	NA	NA	NA	NA	NA	NA	NA	NA	NA	NA	NA	NA	NA	NA	NA	NA	NA	NA	NA	NA	NA	NA	NA	NA	NA	NA	NA	NA
0.958811135585317	NA	0.477320462983115	0.645694767822717	0.916337377917741	0.493121287166817	NA	0.475628681334993	0.653650860097971	0.913162822564452	0.809261175889335	0.826060840745223	NA	0.658093466019993	NA	0.403882300132235	NA	0.969821460967655	0.919853513422031	0.269536469941295	0.918566627919766	NA	NA	0.815453144150395	0.687938678915158	NA	NA	0.864865901085395	0.746047414430782	0.808153162870352	0.624840070734007	1.18288834973064	0.753686040590558	0.525292114566872	0.70878036011202	0.207256529430248	NA	0.507330444263445	0.265948595752863	NA
NA	NA	NA	NA	NA	1.81736067245684	1.85670292235465	1.33299191528756	0.499815086384039	0.903941286554474	1.49500842193203	0.825703654053823	NA	1.60271729074886	1.73997897220418	1.69302301908614	NA	1.24633941162946	1.22765287138586	1.2417996458564	NA	NA	1.42769511203518	0.899290168222118	NA	0.292628064795443	0.50001737988127	0.526999264077185	0.481111252705843	NA	NA	1.12199338695097	0.793543057696716	0.600886404672135	0.666295943528742	0.0501140143303659	NA	NA	0.928872931253108	NA
0.698494551563072	0.687099859361349	NA	0.606343571695245	0.654402647390688	NA	0.621084889095322	0.504130544107325	0.547175402872298	NA	NA	0.673983557471572	1.02427369096696	0.911538935710258	NA	1.07962506453087	0.629546799231041	0.685739003668869	0.473062570796247	0.693865568434553	1.21006758048775	NA	0.93407596210142	0.874405160481844	1.18250462371313	0.730536336916486	NA	0.95721625348928	0.675462560997224	0.563792728919846	0.495724232761068	0.741596656087368	0.473740663385761	0.902518956803089	NA	NA	NA	0.530925658071724	0.430673533060788	0.800188939326911
0.672018823607129	1.26324467120755	1.07070162572473	0.979476389500567	NA	NA	0.572701402816145	0.985539374349362	1.01483482037945	NA	NA	NA	1.19138247285222	1.58912395674174	1.4957178081581	NA	1.34942962152467	NA	1.14462631243558	1.0593711864406	1.10358288462684	NA	1.80176852373201	0.433319643727322	0.845733595033392	0.636831060884916	NA	NA	0.94864187960317	0.692319860869901	0.309933074683016	NA	NA	0.467460823846432	NA	0.636359290339845	NA	NA	0.781835519067726	0.503728317779411
1.27469142905256	1.15585833335536	1.11387228286635	1.01387263600842	1.49410088861384	NA	NA	1.7898377348383	1.70204100736181	1.09728528767873	NA	NA	0.567199969742837	NA	0.577790055858632	NA	NA	0.628976791940542	0.42663632779765	0.813970532396869	0.541525553964904	NA	NA	1.14361936127418	1.20996696363414	NA	NA	NA	0.431387384747847	NA	NA	0.447582570696807	NA	NA	0.363692832895231	1.64964185013185	NA	0.421968012809063	0.437978788740485	0.481723451251039
NA	NA	NA	NA	NA	NA	NA	NA	NA	NA	NA	NA	NA	NA	NA	NA	NA	NA	NA	NA	NA	NA	NA	NA	NA	NA	NA	NA	NA	NA	NA	NA	NA	NA	NA	NA	NA	NA	NA	NA
NA	NA	NA	NA	NA	NA	NA	NA	NA	NA	NA	NA	NA	NA	NA	NA	NA	NA	NA	NA	NA	NA	NA	NA	NA	NA	NA	NA	NA	NA	NA	NA	NA	NA	NA	NA	NA	NA	NA	NA
NA	NA	NA	NA	NA	NA	NA	NA	NA	NA	NA	NA	NA	NA	NA	NA	NA	NA	NA	NA	NA	NA	NA	NA	NA	NA	NA	NA	NA	NA	NA	NA	NA	NA	NA	NA	NA	NA	NA	NA
0.87415173849964	0.968801941142728	1.26743778013323	0.616866348047514	NA	0.812478449708641	NA	NA	NA	NA	1.05880415333714	NA	0.813242524470158	0.69337050491234	0.496121137157767	0.608948834726264	NA	0.905572418122074	0.520511428884286	0.451294942529163	0.627489175036343	NA	0.605053458126399	0.693191308622859	NA	NA	NA	NA	1.2120332467349	0.418110594399653	0.700322495240208	0.585921499175692	0.516021101248839	0.714165813412386	NA	0.828697912826782	NA	0.265537755323824	0.315556113229849	0.314423015370782
0.936130371234579	NA	NA	NA	1.66394457044987	2.04740913427855	2.00148276947967	NA	NA	NA	2.67097154840513	2.83742519146355	1.58826309148412	2.08737310406024	1.76382913560573	NA	NA	1.85159243637989	1.40283264557305	1.4633693132878	1.40680377477665	1.40781291668207	0.979234982359149	NA	NA	NA	NA	NA	NA	NA	NA	2.55736603181644	NA	0.639016617616395	1.09938834742658	1.68844106189596	NA	0.704989224686062	0.791177897054361	1.70134241433271
NA	NA	NA	NA	NA	NA	NA	NA	NA	NA	NA	NA	NA	NA	NA	NA	NA	NA	NA	NA	NA	NA	NA	NA	NA	NA	NA	NA	NA	NA	NA	NA	NA	NA	NA	NA	NA	NA	NA	NA
NA	NA	1.38023794483937	NA	NA	1.37407617899083	NA	NA	1.09152498690548	NA	NA	NA	NA	0.55653855526389	0.927202587312707	NA	1.12674338332701	NA	NA	NA	NA	1.06795555824263	NA	NA	1.18674335785197	NA	NA	NA	NA	NA	NA	NA	NA	NA	1.10237835476597	NA	NA	0.505259853682238	0.975259043782157	0.564888531804839
NA	NA	NA	0.483535312053029	NA	NA	NA	NA	NA	NA	1.0136180766096	NA	NA	NA	NA	NA	NA	1.41281018387522	NA	0.851165194114636	0.853244876971834	NA	NA	1.84795342853906	1.81543610139908	1.7733176332254	0.381679749351539	1.7717273626777	NA	1.86041276001302	NA	NA	1.97441642384097	NA	0.489463503863375	NA	NA	1.96405717435912	0.601709259765698	NA
NA	1.71040851018159	1.71098937286002	NA	NA	1.44209032406591	NA	NA	1.47827468949257	1.19924902303936	NA	1.16337338023646	1.19880108991009	1.17795752756781	NA	NA	0.573881539918024	0.773676048057522	NA	0.769128268998123	0.910152506557108	1.13871639332531	NA	NA	NA	0.724775245209091	NA	NA	NA	NA	1.41552707065763	NA	0.461101612761448	NA	0.34395269498433	NA	NA	0.252939268906177	NA	NA
NA	0.487292610383233	NA	NA	NA	NA	NA	0.212335867158764	NA	0.493654809659819	0.418098424490908	0.998821174619607	NA	1.02761137887165	NA	0.634649137807615	0.188401129711862	NA	0.252696812704734	0.488167035480519	0.890275617311372	0.381246994250682	NA	NA	NA	NA	0.525592894427533	1.03440491882145	0.850934592786945	NA	1.07011733788626	NA	NA	NA	0.678523460815213	0.824057422686614	NA	NA	0.339377599178648	NA
1.09953992988867	1.19878591919805	1.23102326250357	1.36917480307406	1.03684970356494	1.46548180184662	1.43251511035714	2.07654095733084	0.624742226237382	1.6108149017416	1.22649980782294	0.973329748442047	0.771835726003257	1.34864578301941	1.26043007207506	1.14158433353576	NA	1.37281480146448	0.731258765435005	0.691396484342992	0.671826353769651	0.905339472487423	0.654803270237263	0.770131543025594	0.559547670870749	0.977803255683506	NA	0.402298546211886	0.6095743658618	1.19161424874099	1.77501513494263	1.44326270727969	NA	0.233015344818791	NA	0.38983115202107	NA	1.04648769932396	NA	0.236797950315324
2.35910448448689	1.37599764983699	1.31932209937967	NA	0.866359142099249	1.69138537272663	1.21856178872622	1.32522629295111	0.982214415429104	1.43004095121491	1.15385820560159	0.808116348758337	0.458555921332551	1.88163895650242	1.23649741994013	NA	1.14401120120932	0.819172430840594	NA	NA	0.660133991080629	NA	0.521947099190323	0.497217739911076	0.564453019725951	NA	0.681738340031082	0.646662601839792	NA	NA	NA	NA	0.231366961248331	0.195968285231557	1.19607644164354	0.782030351997198	NA	0.911940231402663	0.692695578525144	0.259967983692801
NA	NA	NA	NA	NA	NA	NA	NA	NA	NA	NA	NA	NA	NA	NA	NA	NA	NA	NA	NA	NA	NA	NA	NA	NA	NA	NA	NA	NA	NA	NA	NA	NA	NA	NA	NA	NA	NA	NA	NA
NA	1.29325735808559	NA	NA	1.45939852100042	NA	1.02535837915614	NA	NA	NA	1.47309597409993	1.48463505577687	NA	NA	1.17346814747185	NA	1.34674194674003	1.22335461370662	NA	NA	NA	NA	NA	NA	NA	NA	NA	NA	NA	NA	0.89807846287462	0.705565394115231	NA	NA	NA	0.40126281587869	NA	NA	1.00580743137764	NA
NA	NA	0.572834722507316	0.272466921241317	0.270213953826637	NA	0.769262399785322	NA	0.919935366247882	NA	0.512734681825006	0.726646155802476	NA	1.17971664430559	1.02160045252118	0.892957996423063	0.890908012516558	NA	0.699632192575207	0.951388453286755	1.44719308373427	0.838230666431802	0.553926578528876	0.198090633932144	NA	0.605197306274942	1.38161802342966	0.284985265248252	0.465421695888487	0.387902117307754	NA	0.371706644567089	0.813295013422453	0.403179411530225	NA	0.235797881972855	NA	0.411299244196979	0.215453176213453	0.766117147914071
NA	1.49015504951416	NA	1.32017944709618	1.25477957809368	1.24996490176512	NA	1.63113653256434	1.63196817672249	NA	1.38385812777552	NA	1.91960246099403	NA	1.81310385253358	1.03185019633565	1.68713336221474	NA	1.68093570077731	NA	NA	1.12016591029844	NA	1.26608478363861	NA	NA	NA	NA	NA	0.721133938908909	NA	NA	0.528959301980337	NA	NA	NA	NA	0.385813651036148	0.574419124483594	0.462545846704788
NA	NA	NA	NA	NA	NA	NA	NA	NA	NA	NA	NA	NA	NA	NA	NA	NA	NA	NA	NA	NA	NA	NA	NA	NA	NA	NA	NA	NA	NA	NA	NA	NA	NA	NA	NA	NA	NA	NA	NA
NA	NA	NA	NA	NA	NA	NA	NA	NA	NA	NA	NA	NA	NA	NA	NA	NA	NA	NA	NA	NA	NA	NA	NA	NA	NA	NA	NA	NA	NA	NA	NA	NA	NA	NA	NA	NA	NA	NA	NA
2.41030731255537	NA	2.07175593685121	NA	1.84677122808452	1.43392259853627	NA	1.36067544824055	1.17409262974196	1.37449456598675	1.27887139608474	NA	NA	1.15340369707003	NA	NA	0.635894069021362	NA	1.31940074241619	0.979390317496321	0.852876360011535	NA	0.887657982711309	1.28933808812771	NA	1.07718864064061	1.80628085714133	1.2927716761305	0.841473798068876	0.60479258628438	NA	0.92582709234636	0.843053009420041	NA	NA	0.695965009559537	NA	0.820418833717338	0.699584847294401	1.25656706945544
NA	NA	NA	NA	NA	NA	NA	NA	NA	NA	NA	NA	NA	NA	NA	NA	NA	NA	NA	NA	NA	NA	NA	NA	NA	NA	NA	NA	NA	NA	NA	NA	NA	NA	NA	NA	NA	NA	NA	NA
NA	NA	NA	NA	NA	NA	NA	NA	NA	NA	NA	NA	NA	NA	NA	NA	NA	NA	NA	NA	NA	NA	NA	NA	NA	NA	NA	NA	NA	NA	NA	NA	NA	NA	NA	NA	NA	NA	NA	NA
NA	NA	NA	NA	NA	NA	NA	NA	NA	NA	NA	NA	NA	NA	NA	NA	NA	NA	NA	NA	NA	NA	NA	NA	NA	NA	NA	NA	NA	NA	NA	NA	NA	NA	NA	NA	NA	NA	NA	NA
NA	NA	NA	1.73645670063999	1.95465034959621	NA	1.56391962912181	1.39320020039726	0.820639307963891	NA	1.11374582473835	1.28797409660337	NA	0.945913313972672	NA	NA	1.19033133114783	0.993089209478659	1.22518602290549	NA	NA	NA	NA	1.48909044976686	1.28931293651745	NA	1.59367664530854	1.28740525330674	NA	NA	NA	0.851689928475777	1.71305488158418	NA	NA	NA	NA	NA	NA	NA
0.919882077624175	0.884506348096936	0.664044632633324	NA	NA	0.929320787820465	NA	1.258019312114	0.506565959389948	1.05431681042425	1.06281326190723	0.580764797071907	0.53596643297867	0.347102594817213	0.516666781306595	NA	NA	0.502965095229129	0.470419232445726	0.446417981495393	NA	0.699461153487676	NA	0.42063383399887	NA	0.57921638677693	NA	0.405696767318001	0.0971825553108402	NA	0.278872335297473	0.284065196461089	1.76661741785031	0.534628896741242	0.4042916645945	0.265166107108323	NA	0.375838520241723	0.622650937830669	NA
0.887126467619715	NA	NA	1.09157002788129	1.25885858541785	0.410770111621111	0.715180157499706	NA	0.722322983449643	NA	0.803406081835669	0.954683337099788	NA	NA	0.802723164475471	1.58606404105215	0.876265424026616	NA	NA	0.448207908018224	0.389341226454361	NA	0.459475539982741	0.69122668203536	1.03473980884291	0.874115921931343	0.625410532254601	0.544114253520823	0.639741293911666	NA	NA	0.62347400650782	1.24607870063335	0.394104632212065	0.340221574802418	0.270973681425547	NA	0.252129560814839	0.329351505661299	0.502314676163378
1.07734940965896	1.37995959346608	1.67466545634318	1.28743378187149	NA	1.55574032006375	1.3633046673474	1.49852957615682	1.57123981872207	1.3851251775494	NA	NA	1.68571793507324	NA	1.54751679782559	0.478244686347619	1.08108217119658	0.648807345361173	1.63839585804109	1.66984259027498	1.69508391781211	1.77795121249368	NA	1.53163696960995	1.8226742524627	NA	NA	NA	NA	NA	NA	1.47449052039855	1.70521097037385	1.39767331587453	NA	NA	NA	0.680958769863117	0.634739985474146	NA
NA	NA	NA	NA	0.952267862590601	0.239258333992704	0.219839811787582	NA	0.675936708545511	0.567838939567018	NA	0.894381587046256	NA	NA	NA	1.60100025559811	1.57133745684481	NA	NA	0.495667207750322	0.887988941563289	1.23982351129339	NA	NA	0.256137524118978	1.09762552074984	0.920527564983929	0.738492214039358	1.8153449788907	1.64146156523741	NA	NA	1.46720507987533	1.65128731742676	NA	NA	NA	NA	0.430222541243788	1.1748482840406
1.91443122756778	NA	NA	NA	0.44086533647616	0.500193868699838	2.33694333368993	0.886210370669042	0.860432184200817	NA	NA	1.24140919279959	1.23978725559775	1.48377445928208	1.02871191330054	1.8946300679865	NA	NA	1.0526456751182	0.862199950651047	0.920301341511732	NA	NA	NA	NA	1.23265786813187	NA	NA	1.12084371811889	0.866763478193255	NA	NA	NA	NA	NA	NA	NA	1.44307141723617	NA	NA
NA	NA	NA	NA	0.855328452287254	NA	1.49700365253868	1.25289448376832	0.900487733073276	1.00706170809758	NA	NA	NA	1.03163505973821	1.54375590128461	NA	0.86274250293458	NA	NA	NA	NA	1.65512051910162	NA	NA	NA	NA	NA	1.17131707870408	1.36723777221853	NA	NA	1.15194313128316	1.2889996488885	0.480741177640314	NA	NA	NA	0.501045368121113	0.946187749898955	NA
0.824838646324468	NA	NA	NA	NA	1.35694429255914	1.22148285111406	NA	NA	NA	NA	NA	NA	NA	1.7229861120506	NA	NA	NA	NA	NA	NA	0.701694643199404	NA	NA	0.617712651021144	NA	NA	NA	0.443473689531674	0.306055365541045	NA	NA	NA	NA	NA	0.630667340596381	NA	0.248242477485958	0.225341256575662	0.496530974531887
NA	NA	NA	NA	NA	NA	NA	NA	NA	NA	NA	NA	NA	NA	NA	NA	NA	NA	NA	NA	NA	NA	NA	NA	NA	NA	NA	NA	NA	NA	NA	NA	NA	NA	NA	NA	NA	NA	NA	NA
0.845992626924312	NA	NA	NA	0.728032921353941	0.546000035162365	0.596500970771796	NA	0.350667368438957	1.30089830959465	0.800308555569338	0.218439155860535	0.321189008454271	NA	0.803744870288134	0.153438539635744	NA	0.250767652504017	NA	0.670437987915107	0.704071133821748	NA	0.314875826154999	0.339860390161708	0.44964297027907	NA	0.238735025338589	0.546709058066131	0.447666892352871	0.455078096290567	NA	0.897229578193885	NA	0.544778617998587	0.7983701342132	NA	NA	1.22047769459993	0.897598056980396	NA
NA	NA	1.60047377615389	1.46167440388746	1.20720371136718	1.00470722935539	1.14458102191777	1.25727695895131	1.15911755563569	1.12618599649486	NA	NA	NA	1.25581094815257	1.33388345744017	NA	0.800341775407414	0.935107676020778	0.982979071553555	0.831665131083807	NA	1.14326152775151	NA	1.37069881511079	NA	1.15736837168995	NA	1.110008420984	NA	1.41568402999193	NA	1.24552469116132	1.18787183940996	1.29990219523924	0.973003875735793	1.56307984937569	NA	NA	0.69808990608277	NA
1.38350797864172	1.12903928449493	1.42516506820937	NA	NA	0.962505838982528	0.965917552482456	1.08727171736155	1.6516415853831	NA	NA	1.05683692669917	1.00959640376542	1.58752209301724	NA	1.98879547593517	1.13435717451576	0.902628855261043	NA	1.39596965277695	1.53232437340395	0.969993837144001	0.685152382162912	0.694495682271038	NA	1.58428230182357	NA	1.49344715808378	NA	1.72873708892664	NA	1.22955911202666	NA	0.575611048248864	0.717703883826958	0.708052621569672	NA	0.413948170876455	1.11195715794289	0.372115572957119
NA	NA	NA	NA	1.0785597819366	NA	1.24077103422073	1.61446181205816	1.04478242962766	0.99810924330104	NA	NA	2.13951919991514	NA	0.709911704543332	NA	1.17886557838064	NA	1.35635086386585	0.712470442544844	0.68567397159768	NA	NA	0.321435949699676	0.56488520436748	NA	NA	NA	NA	NA	NA	0.734293262236184	NA	NA	NA	NA	NA	NA	0.694083255493818	0.448503772683447
0.453967265758445	NA	0.696111445365585	NA	NA	1.1934009500725	NA	0.753512078754302	NA	0.499723271074058	1.5489575673056	0.218804407551659	0.54806838130194	0.268274683429581	NA	NA	0.40536852925564	NA	NA	0.2382840372727	0.747230133374894	0.593705695742508	NA	2.14256866890949	NA	NA	1.22815386402058	0.785475867776975	1.43822773242291	NA	2.11719588296451	0.634728308094057	NA	0.310646235663201	NA	0.574964760499295	NA	2.09072044530343	1.82560970976301	1.77662770154152
1.91214689334987	NA	NA	1.60282476074357	NA	1.31425035619237	1.19301638154927	1.32689502385135	1.24815742675616	NA	1.14486235443855	1.08384891356553	NA	NA	1.00740899318574	0.824556171586298	NA	0.777879677652243	1.08416814722577	NA	NA	NA	NA	NA	NA	0.457388510194072	0.36424708363719	0.328696137344527	NA	0.677236743493873	NA	0.45243916591293	NA	NA	NA	NA	NA	0.469428333492212	NA	NA
NA	0.64561743118703	0.452406397181166	0.463587951738671	0.301153597540037	0.573506933510539	0.549666158695732	0.67158186631833	0.508451534006873	1.65243169720185	NA	1.4042343751472	1.71679878157481	1.3566801756665	1.58925579824691	NA	1.39860705026458	1.34676938121321	0.0919162325805161	0.810231779358756	0.700463928867114	0.990572485964532	NA	0.42531647258074	1.15424079521062	0.6302100908708	1.32886849654664	0.548470677732676	1.01188316832605	1.11326895099143	1.48196980145942	1.21098958818048	1.77923704422994	0.96400335032619	1.73232748841491	1.59660565771222	NA	NA	0.638850458144017	1.11188582782874
1.19377866245448	NA	0.860872126719193	NA	NA	NA	0.986507040934876	NA	0.712698766012196	NA	1.21691807557425	1.49936710900863	1.27685054704822	NA	0.68254853582423	1.55886321932237	0.820529411165444	1.10854840423905	NA	1.47592591731373	1.90843621232264	0.667451409813143	2.03993091891616	NA	2.05998585703707	0.918921679839592	1.94074133321799	1.89046140912551	1.90904748371576	NA	NA	NA	0.804595201145273	0.735167595198991	0.892390158264731	2.0958367112481	NA	0.716455107079448	0.382800869693523	0.697526734701108
NA	NA	NA	NA	NA	NA	NA	NA	NA	NA	NA	NA	NA	NA	NA	NA	NA	NA	NA	NA	NA	NA	NA	NA	NA	NA	NA	NA	NA	NA	NA	NA	NA	NA	NA	NA	NA	NA	NA	NA
NA	NA	NA	NA	NA	NA	NA	NA	NA	NA	NA	NA	NA	NA	NA	NA	NA	NA	NA	NA	NA	NA	NA	NA	NA	NA	NA	NA	NA	NA	NA	NA	NA	NA	NA	NA	NA	NA	NA	NA
NA	0.702063576617825	0.383546976223923	NA	0.388770265989677	0.537291929560983	NA	NA	NA	NA	NA	2.09231580131363	0.319792399179577	0.426348980461888	NA	NA	0.58479757792598	NA	0.30745093430612	0.449329664630057	NA	0.68299217620128	0.613041416820956	0.418511607309433	0.518225067236718	0.679592095442862	0.402522401232217	1.65826820814333	0.904595902921924	0.473923778197555	0.357411642119576	0.485996292174119	0.531535959988466	0.379040986863413	0.42882571752114	0.348206169645409	NA	0.73637416969257	0.630174132601814	1.01112116516414
NA	2.059146940986	NA	NA	NA	1.66428534693858	NA	1.7705292404616	NA	NA	NA	NA	NA	2.09450454221989	NA	NA	NA	NA	NA	NA	NA	NA	0.840598456477608	1.02816484027573	0.864099047263285	0.920377678280949	0.967790578705656	0.949206178451836	NA	NA	NA	1.18720803826124	1.31823393016979	0.932871197411349	NA	0.393826993646376	NA	NA	NA	1.16292893671183
NA	NA	NA	NA	NA	NA	NA	NA	NA	NA	NA	NA	NA	NA	NA	NA	NA	NA	NA	NA	NA	NA	NA	NA	NA	NA	NA	NA	NA	NA	NA	NA	NA	NA	NA	NA	NA	NA	NA	NA
NA	NA	NA	NA	NA	NA	NA	NA	NA	NA	NA	NA	NA	NA	NA	NA	NA	NA	NA	NA	NA	NA	NA	NA	NA	NA	NA	NA	NA	NA	NA	NA	NA	NA	NA	NA	NA	NA	NA	NA
0.758371637020493	1.0216898749016	NA	0.569310980247976	1.18651735990766	0.162572133948178	0.901876797554438	0.862884770370191	1.25341777013389	1.03356776118216	0.604928856425459	0.791971170640609	0.994003226938497	1.07482025634505	0.54670462776052	0.923501816537614	0.965302845680761	0.877833343108448	NA	0.807743640042411	NA	NA	NA	NA	NA	NA	NA	1.32010494315708	1.82966501906971	2.09334398568936	1.83119968531553	2.07873771692292	2.15448133370042	1.31699139190814	NA	1.70253385990689	NA	1.84568545838636	1.17245119100096	1.98909481851894
NA	NA	NA	NA	NA	NA	NA	NA	NA	NA	NA	NA	NA	NA	NA	NA	NA	NA	NA	NA	NA	NA	NA	NA	NA	NA	NA	NA	NA	NA	NA	NA	NA	NA	NA	NA	NA	NA	NA	NA
NA	NA	NA	NA	NA	NA	NA	NA	NA	NA	NA	NA	NA	NA	NA	NA	NA	NA	NA	NA	NA	NA	NA	NA	NA	NA	NA	NA	NA	NA	NA	NA	NA	NA	NA	NA	NA	NA	NA	NA
NA	NA	NA	NA	0.75867367624832	0.793879542500645	NA	NA	NA	NA	0.688379156784375	1.5204326637378	NA	NA	1.96455865173596	NA	1.96051931167744	NA	0.76179269723237	0.76737387228491	NA	NA	NA	NA	NA	0.226952782141278	NA	0.819261064679613	NA	NA	NA	0.448516807311217	NA	0.240867619312998	NA	0.891532125998448	NA	NA	NA	NA
NA	NA	1.45734325711059	0.553589906224647	0.957669652664893	1.42238155729652	1.38939621581357	1.30312676671781	NA	NA	1.99040494792404	1.88546797669928	NA	1.84552562837726	NA	1.86779941519199	1.62345422838293	1.68512658490049	1.30982382386449	NA	1.964189469366	1.42351154001824	1.56144310632963	NA	1.51351286568267	1.37110847243898	NA	NA	0.8402123576773	1.20323103083116	0.883435190698245	1.28400325453164	1.42131751847145	1.80723717870745	1.48196113492121	NA	NA	1.47361146197407	0.60900150115663	0.623801603797365
NA	NA	NA	NA	NA	NA	NA	NA	NA	NA	NA	NA	NA	NA	NA	NA	NA	NA	NA	NA	NA	NA	NA	NA	NA	NA	NA	NA	NA	NA	NA	NA	NA	NA	NA	NA	NA	NA	NA	NA
NA	NA	NA	NA	0.465226283443439	0.549930938450143	0.704272023248261	1.06210897166064	0.431280115858328	NA	1.37502366635632	0.621814106617589	NA	0.70465611494352	0.401923592051505	0.686633283260024	0.693527565440752	0.477354091089165	0.620533578401693	0.44935682330328	0.63250480170435	0.27441088243081	NA	NA	0.996197370139651	NA	NA	NA	0.223353230430935	0.588336242945377	0.455537538227071	0.32353566832739	0.31687851609448	0.485802358631566	0.586108038549575	0.562719542942833	NA	NA	0.751097157803333	0.549370732253955
NA	NA	1.23543064474728	0.816913728324618	0.957040873638981	NA	NA	0.618778463523955	0.750975388075081	0.680719464201448	NA	NA	NA	NA	NA	0.965073037770761	NA	0.727904528808314	1.07285134565913	0.563705545154046	0.342091325475888	0.586935417336427	1.05305471567193	0.910111866089669	1.22054529336638	1.37870200322394	1.22637896249682	NA	0.721784756406635	0.978855186861064	NA	NA	0.646441807023638	0.64358816303985	0.436476354355857	0.49933596595193	NA	0.23664030245076	0.456543862030541	NA
NA	NA	NA	NA	NA	NA	2.29638712328705	NA	NA	NA	NA	NA	NA	NA	NA	NA	NA	NA	NA	NA	NA	0.490886399466857	NA	NA	NA	NA	NA	0.91791852894226	NA	NA	NA	0.666932559766104	0.542935458046349	NA	NA	0.369695722741208	NA	NA	0.312903923750001	0.291904936311421
0.561937535058663	0.889816736527858	1.20805866888068	1.19164774926813	1.52153060379044	1.15210968050471	NA	0.583213999987062	NA	0.97083926317515	0.998842389072145	1.96469006216965	NA	1.69406831268795	1.53272526096048	NA	NA	1.29537091091675	NA	0.99160932905055	0.899783991770091	1.1386640009595	0.807143532362649	NA	0.778956265365023	NA	NA	0.53932397283534	NA	NA	0.312142637035455	NA	0.399843268940269	NA	NA	0.0894527381876076	NA	0.234086371413756	0.490754332063861	0.289276852080624
1.15181857195035	0.957445306394177	1.1447836350334	1.18921767092442	1.27672281326837	0.77692655254634	0.575480883644943	0.845111163578831	0.8800256439926	0.844534921697309	NA	0.670340753547332	1.2907890990879	0.68835704325998	0.195084472395795	NA	0.230233962031778	0.409597566770635	0.603318158184166	0.560396038248305	0.931125826055267	0.479503770061065	1.10464187495433	0.906154187532584	1.60015455959177	1.79394252439857	NA	0.925882945461279	0.927373949435959	1.0064548984986	1.40709316671013	1.29347249129758	0.651021725665494	0.845345721119637	1.30884169948191	0.427411584815134	NA	0.741541291341095	0.59230636024966	0.224616579869691
NA	NA	0.698322442465733	NA	NA	0.468552351282217	0.772367624213596	0.965304802011617	0.514679095377532	0.354371928239956	0.537666674065908	0.910630758913969	0.798157424083456	0.787676608563052	0.741274250887715	NA	0.635618642417329	0.651324238619942	0.432456567740488	0.365002519477799	0.567648296943136	0.705791595638057	NA	NA	0.511267465822426	0.565850407767254	0.945849034556379	0.651206221163449	NA	0.227220268047164	0.11610340438331	0.207052706013229	0.24647977779619	0.241805793810989	0.18226928619715	0.529882567793498	NA	0.311725182395461	0.230705084448541	0.455613738793435
NA	NA	1.02078578633506	NA	1.24387047028764	NA	NA	1.67481339990961	NA	1.06022194349943	NA	1.50623689498745	NA	1.55669759839972	NA	NA	1.73282618395917	1.9709572398599	1.28553987964029	NA	NA	NA	0.999980922562177	NA	NA	NA	2.28697461820024	NA	NA	NA	1.9198968998199	NA	2.07404565186033	NA	0.785013941956825	1.13258177442022	NA	1.73314876559809	0.868785004818642	1.75646569279237
2.22494493878425	2.21720005186512	2.44053482832896	1.83980735757032	3.16015985015846	2.19659321556022	2.18779214297516	NA	2.32352885473191	NA	2.33556710130478	1.85083233917224	1.71394742382276	2.52626259324155	2.13562369909112	1.95462596168447	2.05804446222213	1.98752096690845	1.9327424122178	2.02819231556425	2.1188465769606	1.84882231828254	1.36424161519246	0.956502984511537	NA	0.781010260643265	1.17621350053827	1.04169599044233	1.32713130755272	1.42083635483313	NA	1.78095240606772	NA	0.600037527834371	NA	NA	NA	NA	3.16335372634989	NA
NA	NA	NA	NA	NA	NA	NA	NA	NA	NA	NA	NA	NA	NA	NA	NA	NA	NA	NA	NA	NA	NA	NA	NA	NA	NA	NA	NA	NA	NA	NA	NA	NA	NA	NA	NA	NA	NA	NA	NA
NA	NA	NA	NA	NA	NA	NA	NA	NA	NA	NA	NA	NA	NA	NA	NA	NA	NA	NA	NA	NA	NA	NA	NA	NA	NA	NA	NA	NA	NA	NA	NA	NA	NA	NA	NA	NA	NA	NA	NA
NA	NA	NA	NA	NA	1.01200377566804	NA	NA	0.851147389610234	NA	NA	0.946988789118085	NA	NA	NA	NA	NA	NA	NA	NA	0.332108337526427	0.416634728309797	0.561088308302431	0.343964146588504	NA	0.470443218478972	0.991424826774187	NA	NA	NA	NA	NA	NA	NA	NA	NA	NA	NA	NA	NA
NA	NA	NA	NA	NA	NA	NA	NA	NA	NA	NA	NA	NA	NA	NA	NA	NA	NA	NA	NA	NA	NA	NA	NA	NA	NA	NA	NA	NA	NA	NA	NA	NA	NA	NA	NA	NA	NA	NA	NA
NA	1.97800779104827	NA	0.970412386501176	NA	NA	1.12886657369964	NA	NA	NA	NA	NA	NA	NA	NA	NA	NA	NA	1.76316246105481	1.64216846190305	NA	NA	1.3737868792391	1.14079563627998	NA	NA	NA	1.37462037817	1.58266317291568	1.17493814579572	1.53932216708779	NA	NA	NA	0.494453544771376	NA	NA	NA	0.49278232378045	NA
NA	NA	NA	NA	NA	NA	NA	NA	1.62650860256369	NA	1.49751761904614	1.30146688953421	NA	1.27728524639484	1.60703433117641	1.51755686172771	1.71130712178931	1.4158964261781	NA	0.931341886777151	NA	NA	NA	NA	NA	NA	NA	NA	NA	NA	NA	1.77798850847307	NA	NA	NA	NA	NA	NA	NA	NA
2.36139446251721	1.75852639881666	1.83305316905315	NA	NA	1.057808010143	1.30691604621206	1.13409492059549	NA	0.92264468702435	0.707458969495087	1.1328382670207	NA	1.53875216513599	NA	NA	NA	1.35361666706835	1.49530204053318	1.03627369089044	0.411259311171567	0.525430866611846	0.660386721773664	0.372831294745016	NA	NA	0.21626502475282	0.160594362319444	NA	NA	NA	0.313101997524046	0.383268093216895	0.213338352596563	0.229268981563794	0.447235596433019	NA	0.400969814031669	NA	0.290113319041482
NA	NA	1.25710764753982	NA	1.37040186079209	1.00511721146229	NA	1.52248895007957	NA	NA	NA	1.14069599077444	1.34280442201092	1.56065415364779	NA	NA	NA	1.5454092590588	1.27103707557599	NA	NA	1.03901872445783	0.69174046530166	NA	NA	NA	0.460824154485372	0.254773388778309	NA	1.7541237059914	1.39979953459393	0.973917079416301	0.7492048208843	0.0946547557868582	NA	0.838380850604273	NA	0.440530800173785	0.480959275761457	0.434973760620701
NA	NA	NA	NA	NA	NA	NA	NA	NA	NA	NA	NA	NA	NA	NA	NA	NA	NA	NA	NA	NA	NA	NA	NA	NA	NA	NA	NA	NA	NA	NA	NA	NA	NA	NA	NA	NA	NA	NA	NA
1.14022958683979	0.629766195062392	0.666267932520597	NA	0.278009666154607	0.75598210007548	0.662697372782619	NA	0.355504840745999	NA	NA	0.401032174875904	0.292471632487175	0.461310864696869	0.780923178648684	NA	NA	0.756888121126421	1.34830477102596	0.636601965301031	0.553412864354561	0.370102186001093	0.735638107502981	NA	NA	NA	NA	0.798760911550233	NA	0.496736892172079	NA	0.466639270776127	0.420359864082671	0.165626544104417	0.195760614499052	NA	NA	NA	NA	NA
0.904266639685702	1.29027227869792	NA	NA	0.723183516816368	0.276542766330727	NA	0.280562971373898	0.399947492668443	NA	NA	0.473588241966125	NA	0.937354891365604	NA	NA	0.983111410840156	NA	NA	NA	0.821820968846201	0.0959455801888358	NA	NA	NA	NA	NA	0.369514162340478	0.543940953422844	NA	NA	1.82914591965518	1.24621571886893	NA	NA	NA	NA	NA	NA	2.50178428186962
NA	NA	NA	NA	NA	NA	NA	NA	NA	NA	NA	NA	NA	NA	NA	NA	NA	NA	NA	NA	NA	NA	NA	NA	NA	NA	NA	NA	NA	NA	NA	NA	NA	NA	NA	NA	NA	NA	NA	NA
NA	NA	NA	NA	NA	NA	NA	NA	NA	NA	NA	NA	NA	NA	NA	NA	NA	NA	NA	NA	NA	NA	NA	NA	NA	NA	NA	NA	NA	NA	NA	NA	NA	NA	NA	NA	NA	NA	NA	NA
NA	NA	NA	NA	NA	NA	NA	NA	0.516086306004093	NA	0.702246225374447	NA	NA	NA	1.3664910034087	NA	1.52433604118184	NA	NA	NA	NA	1.45612108252569	0.759445751128769	NA	1.02377685414731	NA	NA	NA	NA	0.763087355394005	0.69014694758327	NA	NA	NA	0.3815665950816	0.695865083617978	NA	0.387919471796717	0.731918648779928	1.64987119386953
NA	NA	NA	1.28205710349933	NA	1.44616453494915	NA	0.752466345379188	0.189550261767081	0.538131367061159	0.690611829651647	1.24487596427572	1.06760824182794	0.55828988239948	0.606387917293482	0.666706655384173	1.56069060879748	NA	0.811719291039015	0.937356021863035	NA	1.22002830625673	0.447696727861711	1.02548473531841	0.959023988858282	1.11080627558299	1.1005009524865	NA	1.05571987601001	NA	NA	1.22611098629365	0.289070856576855	0.973939481661394	1.0581168129111	1.07141704395374	NA	NA	0.550301219982389	0.634347816143875
NA	NA	NA	NA	NA	NA	NA	NA	NA	NA	NA	NA	0.823656163438545	NA	NA	NA	NA	NA	NA	NA	NA	NA	0.249027072397433	0.761118212830216	NA	NA	NA	NA	0.286988678880354	0.374145373297925	0.425053415033932	NA	NA	NA	NA	0.975832790583345	NA	NA	1.0555688084402	0.261155586868294
NA	NA	1.52769813929825	1.14092505902359	NA	1.95782623959801	NA	1.21285229349428	NA	NA	1.60083737075758	NA	NA	1.24318024903851	NA	1.45405075408658	NA	1.34873665968776	NA	NA	NA	0.924793668096025	0.693958857188574	0.604753947394085	0.638042504303243	NA	NA	NA	0.546194140790279	NA	0.233168396028924	0.340859087988874	NA	0.180006597830605	NA	1.10004161813429	NA	0.864101303918896	0.543113982699666	0.522189358480581
NA	NA	NA	NA	NA	NA	NA	NA	NA	NA	NA	NA	NA	NA	NA	NA	NA	NA	NA	NA	1.45661061064075	NA	0.365588676402069	0.684216495046584	0.854805370864076	0.705155874138846	1.85926565691705	0.497799623015981	0.304079966669053	NA	0.151441984954133	NA	NA	0.43737178250954	1.06580414268622	0.237861731050943	NA	1.30418871288835	0.275523568317862	NA
1.3469059029805	0.963280534085049	1.13564861167284	NA	0.964299784502821	0.589766681133495	1.23222732870858	0.841022838878853	NA	NA	NA	1.01925540395354	NA	0.858722384179138	NA	NA	0.939504265281981	1.16415585247616	NA	1.66763421867707	1.83034445562998	NA	1.65900084265146	NA	NA	0.820667585879619	NA	0.529599234213451	1.48175241624782	0.176973991059635	NA	NA	NA	NA	0.451217558344165	0.360362402826239	NA	0.122082645581557	NA	0.119477669946436
NA	NA	NA	NA	NA	NA	NA	NA	NA	NA	NA	NA	NA	NA	NA	NA	NA	NA	NA	NA	NA	NA	NA	NA	NA	NA	NA	NA	NA	NA	NA	NA	NA	NA	NA	NA	NA	NA	NA	NA
NA	NA	2.09597128504979	2.50632141780315	2.30960484216746	NA	1.53953851362606	1.13827263732486	1.33368233693028	1.6207214940249	1.646682766417	2.13688728203544	2.10558714607008	1.80779760822116	2.26711992621923	NA	2.05938984336432	2.22086144627745	1.94933309834031	1.6786849865881	NA	1.56210384717286	1.87872509552102	1.96518132034332	NA	2.00592049419447	1.63664511216802	NA	1.93561942040238	NA	1.61959371375659	1.85642768181796	1.50380306758575	NA	1.77600888309346	1.90683014612622	NA	NA	1.64023654185577	1.49879170235866
0.251429135619071	0.495317714289846	0.436415673012798	NA	NA	NA	0.444197409420333	0.466646844826124	1.49240281993631	NA	0.558551567666677	NA	2.1191275844705	1.26175438195556	NA	1.33958980038335	1.52453639703677	1.61276259032213	NA	0.329579542257367	NA	0.473339675757765	0.763032604023716	0.98737844915165	1.37876484418991	2.17278701200677	0.724005361730675	0.914465471269497	NA	1.62530734921149	2.17511581051732	1.31823211359119	NA	2.34872592458095	NA	2.08434044189374	NA	2.11560976489065	2.08694457831505	2.10408115032368
NA	NA	1.17974256370854	1.21093796928108	NA	0.549182557810707	0.812209580429894	1.22985260232837	0.810161094759563	0.790113895520708	1.98762109583192	NA	NA	1.3483746118117	1.10946844274074	0.982237618317234	NA	0.769122038545145	0.907171753120997	0.307180549397272	0.242630268904164	NA	NA	NA	0.448901913937017	1.16617561326468	0.303552470430639	NA	NA	0.403885819020283	NA	NA	0.756774428506477	0.735083945699972	NA	0.250976555433759	NA	0.315680635438932	0.649175481637323	1.01805241901737
0.813079674099924	0.7544458311107	0.730983164294683	0.299572481319105	0.481260377502788	1.03165848316179	2.58440894288314	NA	NA	2.51358246264223	NA	NA	NA	2.21278959323899	2.59489657742774	NA	0.336794743599127	NA	2.38287218676471	2.02893939389116	0.79711838992231	1.49076818332979	NA	0.557864334615703	2.28732192242093	NA	NA	0.653511025964591	0.898835452523918	NA	NA	NA	NA	0.273401367171744	NA	0.757925119832139	NA	1.04792898650707	1.29122018615822	0.70198141582018
NA	NA	NA	NA	NA	NA	NA	NA	NA	NA	NA	NA	NA	NA	NA	NA	NA	NA	NA	NA	NA	NA	NA	NA	NA	NA	NA	NA	NA	NA	NA	NA	NA	NA	NA	NA	NA	NA	NA	NA
NA	NA	NA	NA	NA	NA	NA	NA	0.437566363733275	NA	NA	NA	1.0051018494805	NA	NA	NA	NA	NA	0.357087118610345	0.766801545745494	0.383420316533046	0.482483155642899	0.311612204235306	0.428050956979095	1.24774469541439	0.554422414241261	NA	NA	NA	0.338291737301316	NA	0.456413067564141	0.473349232714254	0.497527976874766	0.146936376061938	NA	NA	NA	0.114091705754968	NA
1.79054635653277	NA	0.484297278698292	1.96778452261101	1.77194346522938	0.733709625557032	NA	1.1365776307883	NA	NA	NA	NA	NA	NA	1.38484556689672	0.621377649007134	0.610426930934564	1.38211995089407	0.633078196507838	0.539360320615726	1.21610924785362	1.45369090651717	1.6729155845053	1.00015036710792	1.57288110323027	NA	NA	1.58409316293194	0.539543572530894	1.30502788177534	1.30923683229531	1.05778575004498	NA	NA	0.355324635405408	1.46623511756088	NA	NA	NA	NA
NA	0.558212119261961	0.935950110856675	NA	NA	NA	0.134258219784974	NA	NA	NA	NA	1.00881572129589	NA	1.49493554291174	NA	NA	NA	1.03609842843157	NA	0.730738715640381	NA	0.485899298332325	NA	NA	NA	NA	1.0316310488934	NA	0.97943080717013	0.669522874162481	NA	1.03893433093403	NA	NA	NA	0.381938086236903	NA	1.08582197739433	0.941913799711906	1.47484588366989
NA	NA	NA	NA	NA	NA	1.5149455683035	NA	NA	NA	NA	NA	1.198682702111	1.39664753751276	NA	NA	NA	NA	NA	1.05472762826369	NA	0.590471412466257	0.811586208415346	0.945972826311921	0.831128891897477	NA	NA	0.783457634245408	0.579215574041882	0.447090533172194	NA	0.51456560513386	0.73169241835331	0.374088023195604	0.386276087218686	NA	NA	0.615002122502763	0.774562853578798	0.368658174985709
NA	NA	1.29239443101523	1.30191329977242	0.883433759772427	0.570039466932603	0.857746626175885	1.20330218946151	1.30406389376093	NA	NA	1.34362987122204	NA	NA	NA	NA	NA	0.703865350952611	NA	0.82298449775311	1.09826422375386	1.24242475977858	0.823975883800643	0.74603699193429	NA	0.844262786510406	NA	0.799027499933002	NA	0.940506493046673	0.543306342917182	NA	0.676512449136328	0.629679903318525	0.52458750675255	NA	NA	0.291222838351643	0.456637405187764	NA
NA	NA	NA	NA	NA	0.869463781961001	NA	0.880459574400014	0.513614667889587	NA	NA	0.974487165394535	NA	NA	0.488128048957951	0.218084224923991	NA	0.294391849485396	NA	NA	NA	NA	NA	NA	NA	NA	1.38615292402731	1.39070526111003	NA	NA	NA	1.09312617353911	1.41711748821825	1.6443626215127	0.644385624436555	1.05863589837499	NA	NA	0.877262063288327	NA
1.68901409433106	NA	NA	NA	NA	1.52895270607708	NA	NA	NA	1.81928166070998	NA	NA	1.59970082463788	1.87524758602242	NA	1.45017809535084	1.5493514338191	0.995216887592057	NA	NA	NA	NA	NA	0.733182595551817	0.709282660431456	0.746991983570531	0.674730633341848	1.1767536367758	NA	1.15937781846604	0.509370579316212	0.364577766183736	0.305371960956382	0.525909495514925	1.30885286009185	0.222404726899564	NA	0.870144064741566	0.70529790636624	1.19017315868783
1.60512520612507	1.68438997143261	NA	1.20856918208309	NA	NA	1.49657091114915	0.596115699455447	NA	NA	1.68688123127321	1.73729998187395	NA	NA	0.35765546670926	0.12751625567089	NA	0.63021242836674	1.04620242700291	0.295714713899678	0.443571765577133	1.17149486880924	1.25417087742357	0.156453095300649	0.331208385577045	NA	1.20329538610593	NA	0.304454571507616	NA	0.786616383031675	0.430150741956615	0.696579544826928	NA	0.347711997319859	NA	NA	NA	0.242320849053089	0.275271572593075
NA	NA	NA	NA	NA	NA	NA	NA	NA	NA	NA	NA	NA	NA	NA	NA	NA	NA	NA	NA	NA	NA	NA	NA	NA	NA	NA	NA	NA	NA	NA	NA	NA	NA	NA	NA	NA	NA	NA	NA
NA	NA	NA	NA	NA	0.448005216806996	0.782405383142171	1.01483520541596	NA	NA	NA	NA	NA	NA	NA	NA	NA	0.718470277165543	NA	0.561785749088334	0.880192993542374	1.01535565911206	NA	0.572339623683208	NA	NA	NA	NA	NA	0.870047501270683	0.479681984678786	NA	NA	NA	NA	NA	NA	0.28072342483275	0.154625491430148	NA
NA	NA	NA	0.73766013454148	NA	0.634675346412343	0.691819599004328	1.07147327885708	NA	NA	0.392015351544073	NA	NA	NA	NA	1.13769259034515	0.865240564526964	0.528592531712748	NA	0.434138490126374	NA	0.745977119520102	NA	NA	NA	NA	0.665290782752921	0.521536576479792	NA	NA	0.758114700768705	1.74450559916874	0.286294275398097	0.191207792485258	NA	0.402218956389569	NA	0.27145846797593	NA	0.728821384875949
NA	0.793305074868791	NA	NA	0.305812373006181	0.667397019243278	NA	0.80443914424774	1.14157658739889	NA	NA	0.520627451161999	0.285743707378251	NA	0.492135586803736	NA	0.371288589958092	0.506174014821579	0.531116144834415	NA	0.914119265721906	0.568444230185754	1.04473717995184	1.07334136432402	NA	NA	NA	NA	1.1412686462924	NA	NA	NA	NA	NA	NA	NA	NA	NA	NA	NA
0.462082672848859	1.53455422931508	NA	NA	0.930486483211863	0.542337935649216	0.251575472154072	NA	NA	0.384338514098477	NA	NA	1.08485726109324	1.46644529853823	0.885654564927199	NA	NA	0.895599227012088	0.571176534646377	0.401752321792286	1.52204060848676	1.06768064940132	1.45862958452757	0.444986680031695	NA	NA	NA	NA	0.798171421481297	NA	NA	1.03058325809782	1.48128362882275	1.52201017922542	NA	0.549378286980321	NA	NA	NA	1.70632973534896
NA	NA	NA	NA	NA	NA	NA	NA	NA	NA	NA	NA	NA	NA	NA	NA	NA	NA	NA	NA	NA	NA	NA	NA	NA	NA	NA	NA	NA	NA	NA	NA	NA	NA	NA	NA	NA	NA	NA	NA
NA	NA	NA	NA	NA	NA	NA	NA	NA	NA	NA	NA	NA	NA	NA	NA	NA	NA	NA	NA	NA	NA	NA	NA	NA	NA	NA	NA	NA	NA	NA	NA	NA	NA	NA	NA	NA	NA	NA	NA
0.475653172421188	NA	NA	NA	0.599313561904542	NA	0.51713894234204	NA	NA	NA	NA	0.833899383246079	0.753642635342424	0.575164672673455	0.602827960341158	0.554359038849698	0.962035302794672	0.979182593063391	NA	NA	0.564393522666688	0.197223474471617	0.576225197725249	NA	0.575243286645714	0.333082562756447	NA	NA	NA	NA	NA	NA	NA	NA	NA	NA	NA	0.269708913485742	0.190571353317481	NA
NA	NA	NA	1.5300687759061	1.00629358175944	NA	1.12471930983899	NA	NA	1.4022080214613	NA	0.796024763109516	NA	1.1285345701064	0.497434089826849	0.843788957253165	NA	NA	NA	1.01106778201926	NA	0.889194235787703	0.479038881800553	0.269864638313645	NA	NA	NA	NA	1.03179825636548	NA	NA	NA	0.72429250690053	NA	NA	NA	NA	NA	0.525011357118936	0.209389642564707
NA	NA	NA	NA	0.36810452653392	1.28757018316343	NA	1.35182751339617	1.42251785314222	NA	1.15015388313396	NA	NA	NA	1.46919982782021	NA	1.04467578980091	1.07663164611174	NA	NA	0.847696173077298	NA	1.18869013065179	0.965360666478953	NA	NA	NA	NA	NA	0.475882985852367	0.39497738871193	NA	NA	NA	0.624745502201847	0.634026042155596	NA	0.237187974774257	NA	0.224987326370572
NA	NA	NA	1.05266025152164	1.7893499051565	NA	NA	1.21027377951211	1.05260480228146	1.50726257579064	NA	0.943706802490577	NA	NA	1.36707399910473	NA	NA	NA	NA	NA	0.979542312813024	0.90081596933659	NA	NA	NA	NA	0.663065164728288	0.356288992603977	0.633579384086085	0.432320081662918	0.513488609072145	0.818882930093806	NA	NA	NA	NA	NA	0.189835286928917	NA	0.262757321093362
0.584626853879181	NA	NA	NA	NA	0.781083867568471	0.392800177566618	NA	NA	0.548042578437077	0.606524120030815	0.670130039434948	NA	0.534323700614763	0.404908488002626	NA	NA	NA	NA	0.315759223714361	0.914745327926066	NA	NA	NA	1.44995031587089	0.462316852073107	0.681815537295633	NA	NA	NA	NA	0.435472523267426	NA	NA	NA	NA	NA	0.257572424621171	0.422211698973371	0.654709225451512
NA	NA	1.07304607709475	NA	NA	0.744964809597194	0.649016876112505	NA	0.942115419875352	NA	NA	0.878898001648676	NA	0.388344075877374	0.448200261038772	NA	0.522260646342997	0.838726500915127	NA	NA	0.676142248684905	0.653302724426767	0.14804773997117	NA	NA	0.50106691769317	NA	NA	NA	0.182513447326023	NA	0.233038387759757	0.329034289786146	0.28850323393278	NA	0.41689530913484	NA	NA	0.348924055757372	0.4626529153885
1.14145958757381	NA	NA	NA	0.993128666285763	1.40384244658697	1.35975008144388	0.506216319866826	NA	NA	NA	2.07818964223691	NA	2.08563921390848	2.06160209472359	NA	2.03713543320012	NA	NA	1.41805399899497	1.42939991816682	1.06381610295881	0.680487710312131	0.652165740303969	0.740434458681682	NA	NA	NA	NA	NA	NA	0.977074615057713	NA	NA	0.468386857370414	0.706895499004073	NA	0.100446396705159	0.30428583523951	0.450891192399862
NA	1.20918372791281	NA	0.56710844497917	0.735473026985298	0.783941745450613	0.539939975826018	NA	0.828512749454556	NA	NA	0.976677086303104	NA	0.802126258106246	0.563311622021922	0.659521156990701	0.519677760832379	0.598264202956573	0.043954242323604	0.186683816725684	NA	0.954028139135917	0.628478339072758	NA	0.773888025614758	NA	NA	NA	0.799324988534575	0.882265356906281	0.917691268300474	NA	0.552170242761428	0.15884839648561	0.308821248664374	0.58476775446229	NA	0.434213737728449	0.683060207100257	0.400126646863774
NA	NA	NA	NA	NA	NA	NA	NA	NA	NA	NA	NA	NA	NA	NA	NA	NA	NA	NA	NA	NA	NA	NA	NA	NA	NA	NA	NA	NA	NA	NA	NA	NA	NA	NA	NA	NA	NA	NA	NA
NA	NA	NA	NA	NA	NA	NA	NA	NA	NA	NA	NA	NA	NA	NA	NA	NA	NA	NA	NA	NA	NA	NA	NA	NA	NA	NA	NA	NA	NA	NA	NA	NA	NA	NA	NA	NA	NA	NA	NA
NA	NA	NA	NA	0.638460250490601	NA	NA	NA	0.88292651187156	NA	NA	NA	NA	1.37055640039931	1.36054543622565	NA	1.41996509863096	NA	NA	NA	0.978504295948592	0.524739883771295	NA	0.408156243217615	0.189912229840051	0.788918803452776	0.476855760994922	NA	NA	0.418789911758066	NA	0.557887902200846	0.685654083613318	NA	NA	0.51567642199817	NA	0.165528377710564	0.0755874305366714	0.154858586672057
NA	NA	NA	NA	NA	NA	NA	NA	NA	NA	NA	NA	NA	NA	NA	NA	NA	NA	NA	NA	NA	NA	NA	NA	NA	NA	NA	NA	NA	NA	NA	NA	NA	NA	NA	NA	NA	NA	NA	NA
1.59118663652798	NA	1.80995056919549	NA	NA	1.00744649512001	1.05307131665354	1.65806001993198	1.40052517956436	1.83247758384752	1.87671856030749	NA	NA	NA	1.68199156174381	2.12165163543277	1.96303051050371	1.72221964920555	NA	NA	1.90630092890099	1.00586178781271	1.21452263828822	1.75273660292616	1.42261929188879	1.07246460213572	NA	NA	1.42142380619889	NA	0.510815699727286	0.240966718051723	0.515297851556869	NA	NA	0.280771960053271	NA	0.526106583758515	0.662877772244848	0.303694651412175
NA	NA	NA	NA	NA	NA	NA	NA	NA	NA	NA	NA	NA	NA	NA	NA	NA	NA	NA	NA	NA	NA	NA	NA	NA	NA	NA	NA	NA	NA	NA	NA	NA	NA	NA	NA	NA	NA	NA	NA
NA	0.808658159582938	NA	NA	0.929173038761263	1.44461386945942	NA	NA	NA	1.63476448620509	NA	1.5529686000832	NA	1.75649144416598	NA	NA	NA	NA	NA	NA	NA	NA	NA	1.24740660238011	1.4639125790348	1.28236792332062	1.03227503754037	1.05676035739039	1.09927322020381	NA	NA	0.249479960482665	NA	NA	0.348527178962705	NA	NA	0.489687853242793	0.892703206319775	NA
0.89557235631225	NA	1.10134887044433	1.20837246854245	0.725734064356818	0.997431163420286	0.569312890331745	0.822841044203201	0.476510499246232	0.883707584704233	1.00727834132539	0.668880794028848	0.589478051123912	1.0977450454124	1.17372150904441	0.44856072750465	0.707060499374367	0.35461574447742	0.514756413628851	0.860189926112179	0.828867860856407	0.209720204908603	0.650313148748166	0.706323126016988	NA	NA	NA	NA	0.648321463878289	NA	0.653683169567888	NA	NA	1.06549732588732	NA	0.283455673322221	NA	NA	0.851886877443086	1.05398829954895
1.30044238935298	NA	1.26100418336725	NA	NA	1.10899621001395	0.849821928393399	1.11727696409817	0.947882435935223	0.944066337400148	0.495622353305784	0.288104500896553	NA	0.446016937847153	NA	NA	0.700026810831915	NA	0.434083287186238	NA	NA	NA	0.577447680868285	NA	0.482455235880194	0.651340657313728	NA	NA	0.748639588948135	0.598641338566312	NA	0.482535663618395	NA	NA	0.583540077730457	0.361380212173191	NA	0.41197324092801	0.305201696601693	0.36342955726921
NA	NA	NA	NA	NA	NA	NA	NA	NA	NA	NA	NA	NA	NA	NA	NA	NA	NA	NA	NA	NA	NA	NA	NA	NA	NA	NA	NA	NA	NA	NA	NA	NA	NA	NA	NA	NA	NA	NA	NA
NA	NA	NA	NA	NA	NA	NA	NA	NA	NA	NA	NA	NA	NA	NA	NA	NA	NA	NA	NA	NA	NA	NA	NA	NA	NA	NA	NA	NA	NA	NA	NA	NA	NA	NA	NA	NA	NA	NA	NA
NA	NA	NA	NA	NA	NA	NA	NA	NA	NA	NA	NA	NA	NA	NA	NA	NA	NA	NA	NA	NA	NA	NA	NA	NA	NA	NA	NA	NA	NA	NA	NA	NA	NA	NA	NA	NA	NA	NA	NA
NA	NA	NA	NA	NA	NA	NA	NA	NA	NA	NA	NA	NA	NA	NA	NA	NA	NA	NA	NA	NA	NA	NA	NA	NA	NA	NA	NA	NA	NA	NA	NA	NA	NA	NA	NA	NA	NA	NA	NA
1.79218890604465	NA	NA	NA	0.788434889137629	NA	0.525789303550637	0.391086978722042	0.634795209155229	NA	NA	NA	NA	0.773053382714998	0.68268514917962	0.610917975715957	0.577524337469127	0.615292454042209	0.465186280903	0.479361819712549	NA	NA	0.637562764892288	1.0321802218017	NA	NA	1.07260465283984	NA	0.777010489936648	NA	NA	0.317296499132237	0.682905098715328	NA	0.443837689476222	0.561842563416819	NA	0.492435303311841	0.696916672514009	NA
NA	NA	NA	NA	NA	NA	NA	NA	NA	NA	NA	NA	NA	NA	NA	NA	NA	NA	NA	NA	NA	NA	NA	NA	NA	NA	NA	NA	NA	NA	NA	NA	NA	NA	NA	NA	NA	NA	NA	NA
NA	NA	1.0993310118598	NA	NA	1.43840612597578	1.44944485623585	1.41809444893634	NA	NA	NA	1.29636325432511	1.23526916535265	1.40754409815028	1.70532457516494	NA	NA	1.62483576353763	NA	NA	NA	1.39183704296292	NA	0.736037072471163	NA	NA	NA	NA	1.10217830301059	0.675162244575075	NA	0.714664778762797	NA	NA	NA	NA	NA	NA	0.358772482849638	0.768597897971309
NA	NA	NA	NA	NA	NA	NA	NA	NA	NA	NA	NA	NA	NA	NA	NA	NA	NA	NA	NA	NA	NA	NA	NA	NA	NA	NA	NA	NA	NA	NA	NA	NA	NA	NA	NA	NA	NA	NA	NA
1.16625775029401	NA	NA	NA	NA	0.6525160002435	NA	NA	NA	NA	NA	NA	NA	NA	NA	0.436230555792932	NA	0.160992417145302	0.381685550088668	0.277597658035931	NA	0.929089452930647	NA	NA	1.45092887076775	NA	NA	NA	NA	0.644372489248452	NA	0.634219981609469	0.620717192590065	NA	0.235783500329701	0.220653601829846	NA	NA	0.900648738123557	NA
NA	NA	NA	NA	NA	NA	NA	NA	NA	NA	NA	NA	NA	NA	NA	NA	NA	NA	NA	NA	NA	NA	NA	NA	NA	NA	NA	NA	NA	NA	NA	NA	NA	NA	NA	NA	NA	NA	NA	NA
2.48453027433728	NA	0.926324811228524	NA	1.73893071238387	NA	NA	NA	NA	1.93079038070951	1.52960131848866	1.68385356654223	NA	NA	1.63847380003265	1.35084532131913	0.933458698805205	1.68920539359808	NA	1.62060060244221	1.05480858165045	1.24720235710486	NA	NA	NA	NA	NA	0.757435628895575	2.56906047893446	NA	NA	NA	0.401079695848095	NA	NA	1.15493586598019	NA	0.485569728823207	NA	0.997484421188876
NA	1.12037638221086	NA	NA	NA	0.725586638517009	1.32732024159503	NA	0.736770895825796	NA	0.689543417167225	0.815001156556042	NA	NA	0.958840051496022	1.21056216659798	NA	NA	1.03626309984915	NA	1.00938166285216	NA	2.02505868703919	1.95504582403453	NA	NA	NA	NA	NA	NA	NA	NA	1.19781096010895	1.52959880961288	NA	1.61387895670188	NA	NA	1.491182320387	NA
0.503585159066868	NA	NA	1.73052195144845	NA	0.948538531294928	NA	0.781644831241384	NA	NA	0.597682457496868	NA	NA	NA	1.25744570665636	1.18679453275405	NA	NA	0.798370725567102	NA	NA	1.35863725579673	0.596064478832334	0.494865901161047	NA	0.247388938979799	NA	NA	NA	NA	NA	0.75969751608739	NA	NA	NA	NA	NA	NA	0.574416714869869	NA
0.899152957456393	NA	NA	NA	NA	NA	0.59882937029051	NA	NA	0.210080952232646	NA	0.768972081418599	NA	1.16918109587287	0.844387324349885	1.10369776601503	0.735087335924907	0.679247983550387	0.826818073371301	0.625562786671553	0.922023492860861	NA	NA	NA	NA	NA	1.18590861657224	1.52433522788623	1.26929422351683	NA	NA	NA	0.968099062490164	0.882943868547031	0.521310252363656	2.57612228799501	NA	0.94068306837191	1.00168481445326	NA
NA	1.9640653531903	NA	1.55792708684157	1.12342719984129	NA	0.797782520417494	NA	0.871409996207315	NA	0.506213855799056	NA	NA	0.891954721789464	1.05686516534602	1.30987745773935	0.805543162142196	0.891272319860825	0.694798854958823	0.569333198958903	NA	0.826270661728681	1.08865139600243	NA	1.04290266024513	NA	NA	NA	NA	1.34857803449015	0.858682418784545	NA	0.679656348688933	NA	NA	NA	NA	NA	0.388876830637705	NA
NA	NA	NA	NA	NA	NA	0.135287645685755	NA	NA	NA	NA	NA	NA	1.6626148691126	NA	NA	1.48249392670849	1.22983691157221	NA	NA	1.29272410629402	1.78166570588068	NA	0.978167898416169	0.78425312411413	NA	NA	NA	0.653594115016394	NA	NA	NA	0.890135376015288	NA	0.380438975967226	NA	NA	NA	0.585666867563823	NA
NA	0.513561300327797	NA	NA	NA	NA	0.331472568180967	1.47665928320297	0.615742640958301	1.27421815616674	NA	0.513632235573512	1.08667169194761	0.763385036555884	0.768260832959574	NA	0.800773102780468	0.849532500509974	0.76227391032891	0.452494950598895	0.300329907636827	0.543850878135334	0.190826622508591	0.599972308937537	NA	0.570742120564291	NA	1.29067904702042	0.920827895811767	NA	NA	0.93230251593163	0.910612879151423	NA	1.0268081373846	0.774766047926387	NA	NA	1.18627488354222	NA
0.576149560743829	0.656875208454337	0.96508956845773	1.17070250902197	NA	NA	1.32176743218231	1.48191416755275	NA	1.42785599971762	1.67914121582209	1.10607889544877	1.83943736680871	NA	1.53027927390537	1.56115073684526	1.56724089900529	NA	0.82714149470572	1.31704258183272	NA	0.610402338299076	0.687686451126776	1.22722271637353	0.541656005486729	0.975977379604147	1.25306006214052	0.771198696256606	0.767402867044463	NA	0.950846940629608	0.732443057558485	0.892062594933244	0.42155309901666	0.532931351640128	NA	NA	0.20596984009217	0.29879741848468	NA
NA	NA	NA	NA	1.02069883238107	1.29780588541753	1.51353011206518	NA	NA	NA	1.56316360082133	1.56204833256723	NA	1.10390001140839	NA	1.43394549177981	NA	NA	1.44344012990174	NA	1.95271275765057	NA	0.779221895932965	0.795772210671742	0.834155324267398	NA	NA	0.921317283992123	NA	1.06461879894672	NA	1.22102798014375	1.14290576048389	NA	0.568397230873078	0.309137641419229	NA	0.714797585710216	0.496531188875553	0.642617266342274
1.63881893511743	1.84337394116916	NA	0.792836206395234	NA	NA	1.09961530178586	NA	NA	NA	NA	NA	NA	NA	0.818550808369402	NA	NA	NA	NA	NA	1.04148429208783	0.706900153567611	0.373926804929768	NA	NA	NA	NA	NA	NA	NA	NA	0.853712287154027	NA	0.737000990926495	0.544618679067616	NA	NA	0.214968921809887	0.500366488268533	NA
1.17115262506529	0.731380438881008	NA	1.07261230563371	NA	1.22434556348665	1.36772728330086	0.821966420408959	0.994891578523393	NA	0.645129512315314	0.862389619431348	0.917932201022052	1.11971002403781	1.15162798518994	1.31895506197877	1.09411263061314	0.874853520989153	NA	0.792877904843918	0.911708745613054	NA	1.11880642895755	NA	0.492139733255945	NA	NA	0.251841226502657	1.43178614619584	1.10497204248263	NA	0.520108199637643	0.631630772699237	0.565238408553549	NA	0.414295284682096	NA	0.773121486086891	1.00006220148454	1.02250538949839
NA	1.43420888661882	NA	0.975079644580866	NA	1.21513264313659	1.20210839261934	1.20973972217776	NA	2.27570403654093	1.30835245289248	1.10737432178338	NA	1.77243190643917	NA	NA	1.90965645544068	1.46970418642898	1.06600979487351	0.637459781378588	1.43962444217366	1.60644414079224	0.86405632184473	0.755478547961906	NA	NA	0.729748274745948	0.373305584192425	1.05006934982787	NA	NA	NA	0.801289146685507	0.818402126259714	0.560491154110917	0.606602131325304	NA	NA	0.534954535222628	NA
NA	NA	NA	NA	NA	NA	NA	NA	NA	NA	NA	NA	NA	NA	NA	NA	NA	NA	NA	NA	NA	NA	NA	NA	NA	NA	NA	NA	NA	NA	NA	NA	NA	NA	NA	NA	NA	NA	NA	NA
NA	NA	NA	NA	NA	NA	NA	NA	NA	NA	NA	NA	NA	NA	NA	NA	NA	NA	NA	NA	NA	NA	NA	NA	NA	NA	NA	NA	NA	NA	NA	NA	NA	NA	NA	NA	NA	NA	NA	NA
NA	NA	NA	NA	NA	NA	NA	NA	NA	NA	NA	NA	NA	NA	NA	NA	NA	NA	NA	NA	NA	NA	NA	NA	NA	NA	NA	NA	NA	NA	NA	NA	NA	NA	NA	NA	NA	NA	NA	NA
NA	1.49621600812596	NA	NA	0.938391600255192	1.75965374939592	1.30973033757829	NA	2.02827244372656	1.33414150972897	2.23727040945567	2.17741403639901	NA	1.86905620419926	1.83140965556742	1.42498250327432	1.50158691761294	1.26235783419545	NA	1.48951657948582	1.64669843087464	1.11799202848514	1.34806987452986	1.67076337421359	NA	NA	1.3897659125157	NA	NA	NA	NA	1.27323305623738	1.30980535762216	1.43619245685898	0.960680199837754	1.35080742652039	NA	NA	NA	1.64080486535779
NA	NA	NA	NA	NA	NA	NA	NA	NA	NA	NA	NA	NA	NA	NA	NA	NA	NA	NA	NA	NA	NA	NA	NA	NA	NA	NA	NA	NA	NA	NA	NA	NA	NA	NA	NA	NA	NA	NA	NA
NA	NA	NA	NA	NA	NA	NA	NA	NA	NA	NA	NA	NA	NA	NA	NA	NA	NA	NA	NA	NA	NA	NA	NA	NA	NA	NA	NA	NA	NA	NA	NA	NA	NA	NA	NA	NA	NA	NA	NA
1.19589962585191	0.908791840039817	NA	NA	1.38021765696854	NA	NA	1.48481229750244	NA	NA	NA	1.70677569800248	1.30938097324589	0.759998868164118	0.770291718020882	0.816657166763328	NA	0.999001682349134	NA	NA	1.28857566925776	NA	1.05070843125262	NA	NA	NA	NA	0.461499966228103	NA	NA	0.662213536525577	NA	NA	NA	NA	NA	NA	NA	0.510539939514563	NA
NA	NA	NA	NA	NA	NA	NA	NA	NA	NA	NA	NA	NA	NA	NA	NA	NA	NA	NA	NA	NA	NA	NA	NA	NA	NA	NA	NA	NA	NA	NA	NA	NA	NA	NA	NA	NA	NA	NA	NA
NA	NA	NA	NA	NA	NA	NA	NA	NA	NA	NA	NA	NA	NA	NA	NA	NA	NA	NA	NA	NA	NA	NA	NA	NA	NA	NA	NA	NA	NA	NA	NA	NA	NA	NA	NA	NA	NA	NA	NA
NA	NA	NA	NA	NA	NA	NA	NA	NA	NA	NA	NA	NA	NA	NA	NA	NA	NA	NA	NA	NA	NA	NA	NA	NA	NA	NA	NA	NA	NA	NA	NA	NA	NA	NA	NA	NA	NA	NA	NA
NA	1.01290324420229	NA	NA	NA	0.832856623265353	NA	0.848695587397417	NA	0.840198879876257	NA	NA	NA	NA	NA	0.957298307201877	0.964333413251457	0.989160268168473	0.7011194182045	0.422464257122211	0.325828998493264	NA	0.505028612189908	0.530563202841579	0.396150648537441	0.66319055017443	0.767123749183132	NA	NA	NA	1.46585872185552	1.2143614331101	0.721386055213317	0.569728341562481	0.949032499663484	0.732718650170763	NA	0.472077746477175	NA	0.410863904981528
0.965562362471165	NA	1.13011303510989	NA	NA	NA	NA	NA	NA	NA	NA	NA	NA	1.5032045828786	1.559233445045	NA	NA	1.50601659109021	NA	NA	0.843059669195986	0.913382132903847	0.301720610517712	NA	NA	NA	NA	0.825845820701404	NA	NA	NA	NA	NA	0.585047790525809	NA	NA	NA	0.55465794255452	0.363577528003712	0.532080303439827
NA	NA	NA	NA	NA	0.407844257678794	0.350349579302824	0.417611478690551	0.412070474107057	0.78740260175343	0.244675996371604	0.450355558451688	1.35193937803321	0.314823811459474	0.422256486753078	0.390634012709818	0.324361093454029	0.249344330383277	0.176588896850353	1.96940136987005	0.81514034163745	0.645761293920254	0.552760764043328	0.644098394246024	NA	NA	0.222695855737666	0.563582241411949	0.106760093983791	0.0273736345465343	NA	NA	NA	0.151232562209149	NA	0.201905281083088	NA	0.0437870519174924	0.2246820522127	0.141675619587841
NA	NA	NA	NA	0.597365173569574	1.15233780580011	1.05693977715287	1.07173278858356	1.06602576570545	1.62232035972567	NA	0.655277579069948	0.445525731107631	0.258508955771084	NA	NA	NA	1.03600380373407	0.608254164518767	0.789425805141148	0.379957112287831	0.440139482404316	NA	NA	0.764903646551928	NA	NA	0.509889073828954	0.517053564023168	0.599947757259505	0.484909923145004	0.408575948998135	NA	NA	0.40051307415986	1.94238907451374	NA	0.415576768698174	NA	NA
NA	NA	NA	NA	NA	0.989673108918272	NA	1.34169163322959	1.02345108343255	NA	NA	NA	NA	NA	NA	1.47021447684798	1.31249179250614	1.4915518255018	0.938455484180419	0.972537761746957	0.852066110453039	NA	NA	NA	NA	1.12068621704993	0.92617576828183	NA	NA	0.759625335139217	NA	0.577855157111095	0.748900819512075	NA	0.57570637242423	NA	NA	0.768096605295983	0.574425644749232	0.58205072230097
NA	NA	NA	NA	0.337684422947198	0.885264030766936	0.504612039080159	0.595688324169252	NA	0.518923586200091	0.471723995800317	NA	NA	NA	NA	NA	NA	NA	NA	0.273922441813511	0.841308476080417	0.995615429168158	NA	NA	0.353536332749149	NA	0.279430240813901	NA	NA	0.21489746099964	NA	0.73893164353381	NA	0.462331380459523	0.460399557999404	NA	NA	NA	NA	1.60625778255651
NA	NA	NA	NA	NA	NA	NA	NA	NA	NA	NA	NA	NA	NA	NA	NA	NA	NA	NA	NA	NA	NA	NA	NA	NA	NA	NA	NA	NA	NA	NA	NA	NA	NA	NA	NA	NA	NA	NA	NA
0.933674212942794	NA	1.06980604782518	1.13796138709646	1.04027855249241	0.852682011314555	0.621509615691212	0.638017844949805	0.469113056995783	NA	0.599251513617066	0.264127091206084	0.351889611396009	0.156852531280357	0.497079312025822	0.438004330928631	0.240013773649566	0.644129091120915	0.997828715834464	0.98144111612951	0.245351597648889	0.816327660412268	1.16970344540059	1.21829470040862	0.507434088728418	0.480031032495436	NA	NA	NA	NA	NA	NA	NA	0.475920310351204	1.15323766786732	NA	NA	0.393592878123329	0.90349862176423	NA
NA	1.31312916399168	1.06879538292582	NA	1.27634741898818	1.49182339964075	1.17499859349824	1.31966325036711	1.87936153642437	NA	NA	1.56065270973938	1.63862401966527	1.4751012898978	1.51146475594697	NA	0.518906781745743	1.89508466821013	NA	1.07607200749291	1.03802120999023	1.014400952193	1.2133957850077	1.02912865248198	NA	NA	0.945252442839598	1.0843211097557	0.974802406920469	1.00081011150732	NA	NA	1.21942982102345	NA	0.632561450902847	NA	NA	0.444009414636018	NA	NA
1.0441116835322	0.757443134989347	NA	NA	0.658494605208972	0.708460258845414	0.725326661083195	NA	0.445284424753146	NA	0.37480655359974	NA	NA	0.400563504801576	0.42918624973239	0.693561842996192	0.483643360071629	0.562149176118367	NA	0.43495847229826	0.943652563202858	0.652943753227982	0.489220075968926	0.749046348363155	0.810936822925392	NA	0.983607465737321	0.658524083864791	0.845507765215342	0.36119474686455	0.240049498155015	0.249461026156208	0.731154824509047	0.432334892865193	NA	0.72411568975965	NA	NA	0.499202918205447	0.413862887625801
0.868912029730012	NA	NA	1.08054157219595	1.46939638762896	NA	1.6911016486562	1.39502447438214	1.53175867915599	NA	0.853522154204575	1.12107879542685	0.510199089231297	0.773364669100471	1.2272658361568	1.36679185399581	1.11066480783607	1.85920927098606	NA	2.67868321996055	1.32222773199247	0.722784889175433	NA	NA	0.8400980912944	1.64069234648913	NA	NA	1.30758579604239	2.23985279719648	NA	NA	NA	NA	3.07675225913752	1.22770825318275	NA	NA	NA	0.759042299746281
0.663425573954218	NA	NA	0.947379975781273	NA	1.16686459135894	NA	0.978562405440963	1.13056520241915	1.01198916296922	1.29745641244068	NA	1.22471793031235	NA	0.900371246091225	NA	0.573618382017863	NA	NA	NA	0.622971806822821	NA	NA	0.690207030591308	0.902755045378838	NA	NA	NA	1.36555315147688	NA	NA	1.64629984109372	0.352636392276718	NA	0.325053311240965	0.335797827314611	NA	NA	NA	0.298164107640167
NA	NA	NA	NA	NA	NA	NA	NA	NA	NA	NA	2.14163908171387	NA	NA	NA	NA	NA	NA	NA	NA	NA	0.308049734876751	1.05791264086995	1.10679863053925	NA	NA	1.01603214504019	0.978625779428252	0.912704355003756	NA	NA	0.719789392244865	0.70771517041497	0.638760370170901	NA	0.507154380376081	NA	0.279886707180439	NA	NA
NA	1.60519455324507	1.2300900848018	NA	NA	0.737220100403812	NA	1.43160430931166	1.0335754319311	1.21544016522493	1.06033323371923	0.87490141772333	NA	0.885047702925019	NA	0.992262809270549	NA	0.714818087205758	NA	0.845528628018223	0.952354563655641	0.773377610058594	0.692393218793619	0.506933567573117	NA	NA	NA	NA	NA	NA	NA	NA	NA	NA	NA	NA	NA	0.757428982097578	0.954586665672681	0.132855920102191
NA	NA	NA	NA	0.977643726612338	1.01025032287844	NA	1.03549096864104	NA	NA	NA	NA	NA	NA	NA	NA	0.977847888173961	NA	0.579374643783517	NA	NA	NA	1.01714034314159	0.654559547198791	NA	NA	0.59877564676764	NA	NA	NA	NA	0.734612126234899	0.689000244873558	0.780544526591401	NA	NA	NA	NA	0.43840255052078	0.861132564371751
1.7217534054685	NA	NA	2.10717816538615	1.43199725232228	1.29927399890265	0.895551438177342	0.998690343913922	NA	1.20039457666312	NA	1.70365765360405	NA	1.21855528005249	NA	0.930149537163293	NA	1.14799782557239	0.690389910909441	NA	0.598092880325648	0.670250948322163	0.688507287284904	0.698405015331211	0.144853520394056	NA	0.700677243141456	0.666249420517779	0.567059413275363	NA	NA	0.709988782404383	0.562707661436661	0.473813935592276	0.505090608909467	0.696227186718726	NA	0.420227540360824	0.618417318625262	NA
0.697933724640548	NA	0.314018750941873	0.719206007211935	1.00045737159233	NA	NA	0.420136022756605	NA	NA	1.15815834773028	0.937245387933217	NA	0.832535180663053	1.00213116720112	NA	0.846642302636584	0.882422208344713	NA	NA	0.44081670664482	0.173608201248787	0.573363162513134	0.653481363290921	NA	0.437118971488493	NA	NA	NA	NA	NA	NA	0.467130356635636	0.562370024521367	0.64020401824785	NA	NA	NA	0.5018087491991	0.492209959672603
NA	1.22098124931129	1.44134076101147	0.943289254960561	1.2578119798465	1.30355361082922	1.1126101981229	0.962752125951726	0.955628119692699	1.28345336070345	1.23352208921068	0.935932119171013	0.96803047664349	0.953263966897066	0.631191295876678	0.626404979543799	NA	0.329995462649197	0.447821619918129	0.239841217715347	0.194928442871465	0.182350656195698	0.392844175660345	0.79737942445628	0.409033995034819	0.452021145533555	0.421345973445626	0.480745539871285	0.373446006580726	0.780089066935416	0.206541629874013	0.199282742680833	0.351258487891225	0.610992967892147	0.814512099791625	0.476884044839014	NA	0.705985648684915	0.792311681718842	0.685961105342388
NA	NA	NA	NA	NA	NA	NA	NA	NA	NA	NA	NA	NA	NA	NA	NA	NA	NA	NA	NA	NA	NA	NA	NA	NA	NA	NA	NA	NA	NA	NA	NA	NA	NA	NA	NA	NA	NA	NA	NA
0.894504407096247	0.89789953417861	NA	0.445818949850645	0.685827939968017	0.506224070743431	0.804563622746337	NA	0.456275020103982	0.650659778433074	0.544825618950131	0.763494394093069	0.5950423464013	0.536949992974855	0.572214593910663	0.208607505302278	NA	0.552347670715959	NA	NA	1.22886894235721	0.271587324709331	0.638482958152215	0.638399943723891	0.53655610914422	NA	0.441548971374245	0.435838176997069	0.344185791541326	0.36945816024899	1.55161683150882	NA	NA	NA	NA	0.56891383197472	NA	0.408710675186969	0.0631644047488473	0.212469753565431
NA	NA	NA	NA	NA	NA	NA	NA	NA	NA	NA	NA	NA	NA	NA	NA	NA	NA	NA	1.1082731247172	1.13538950848707	NA	1.76215326779807	NA	NA	1.45006210318254	1.27736277048411	1.26232015089475	0.746593983289431	NA	1.78416429504409	NA	NA	0.586778809417513	NA	NA	NA	0.501615491628801	0.412305018383854	1.52275989115689
NA	NA	NA	NA	NA	NA	NA	NA	NA	NA	NA	NA	NA	NA	NA	NA	NA	NA	NA	NA	NA	NA	NA	NA	NA	NA	NA	NA	NA	NA	NA	NA	NA	NA	NA	NA	NA	NA	NA	NA
NA	NA	NA	NA	NA	NA	NA	NA	NA	NA	NA	NA	NA	NA	NA	NA	NA	NA	NA	NA	NA	NA	NA	NA	NA	NA	NA	NA	NA	NA	NA	NA	NA	NA	NA	NA	NA	NA	NA	NA
NA	NA	NA	NA	1.5714649811683	1.2979532649338	1.8521014374773	1.49114682853072	NA	NA	1.14611411755277	1.31997116485188	1.23237574620951	1.24624149349645	NA	NA	0.428359224242698	0.433614622839595	0.911532801163012	0.837537366921284	NA	0.613785385583068	0.762569650463587	0.969679516183385	0.948343695972673	NA	NA	0.559353210440423	NA	NA	NA	0.681777021866845	NA	0.378605783284367	1.67108263085535	1.02334868220782	NA	0.376835703865674	NA	NA
1.06217961874544	0.546583122876317	0.618633328831711	NA	0.409548683759365	0.414073308287168	0.545719799402063	0.609308033033432	0.464570832788168	NA	NA	NA	NA	NA	NA	1.06410924657747	0.414926406989245	0.506366880298843	NA	0.480801318437376	1.05194979486596	1.19351969665447	0.755674828152221	1.06653644682666	1.33133127668045	1.10676940475439	1.24599220738497	NA	1.08646835387019	1.34213718285993	1.01669235982753	1.24753636977384	NA	NA	NA	NA	NA	NA	NA	NA
NA	NA	NA	NA	NA	NA	0.96825190930062	NA	NA	NA	NA	0.914194028365211	NA	0.38519391768517	NA	NA	NA	NA	NA	0.673487449288797	NA	0.346146241880901	NA	NA	0.485122819728343	NA	1.06631227448521	NA	NA	0.694419138581328	NA	NA	NA	NA	NA	NA	NA	NA	0.62552669658264	NA
NA	NA	NA	NA	NA	NA	NA	NA	NA	NA	NA	NA	NA	NA	NA	NA	NA	NA	NA	NA	NA	NA	NA	NA	NA	NA	NA	NA	NA	NA	NA	NA	NA	NA	NA	NA	NA	NA	NA	NA
NA	NA	NA	NA	NA	NA	NA	NA	NA	NA	NA	0.297666202932019	NA	NA	1.27002300769101	NA	0.932274628966398	1.00382930623011	NA	NA	NA	NA	NA	NA	NA	NA	NA	NA	0.125849506320495	NA	NA	0.310200598866174	NA	NA	NA	NA	NA	0.680005782875493	0.895747966010478	0.46937793596281
NA	NA	NA	NA	NA	NA	NA	NA	NA	NA	NA	NA	NA	NA	NA	NA	NA	NA	NA	NA	NA	NA	NA	NA	NA	NA	NA	NA	NA	NA	NA	NA	NA	NA	NA	NA	NA	NA	NA	NA
NA	NA	NA	NA	NA	NA	NA	NA	NA	NA	NA	NA	NA	NA	NA	NA	NA	NA	NA	NA	NA	0.492452880718367	0.322605622496737	NA	0.777814440423915	NA	NA	NA	NA	NA	0.28058344617016	0.487753563396132	NA	NA	0.446049814424792	0.422993908284096	NA	0.249778383111919	NA	1.05878370786188
NA	NA	NA	NA	NA	NA	NA	NA	NA	NA	NA	NA	NA	NA	NA	NA	NA	NA	NA	NA	NA	NA	NA	NA	NA	NA	NA	NA	NA	NA	NA	NA	NA	NA	NA	NA	NA	NA	NA	NA
NA	NA	NA	NA	NA	0.600315832082569	0.856341068700929	0.595653077175149	0.831564561647067	NA	0.625727234036586	0.580969532254113	NA	0.48135505076929	0.611142195468097	NA	0.623098218246118	NA	NA	NA	0.478999897576947	NA	NA	NA	NA	0.378831928040306	0.244602360474825	NA	0.149837610602273	0.600315780611601	NA	1.5027302201836	0.82352181042161	NA	NA	0.543644002431658	NA	0.690533252298643	0.326584304833026	0.398309173903174
NA	NA	NA	NA	NA	NA	NA	NA	NA	NA	NA	NA	NA	NA	NA	NA	NA	NA	NA	NA	NA	NA	NA	NA	NA	NA	NA	NA	NA	NA	NA	NA	NA	NA	NA	NA	NA	NA	NA	NA
NA	NA	NA	NA	NA	NA	NA	NA	NA	NA	NA	NA	NA	NA	NA	NA	NA	NA	NA	NA	NA	NA	NA	NA	NA	NA	NA	NA	NA	NA	NA	NA	NA	NA	NA	NA	NA	NA	NA	NA
NA	NA	NA	NA	NA	NA	NA	NA	NA	NA	NA	NA	NA	NA	NA	NA	NA	NA	NA	NA	NA	NA	NA	0.551761853608016	NA	NA	NA	NA	NA	NA	0.469489066786922	NA	NA	NA	0.894470411679961	0.70949680792046	NA	NA	0.423727328168862	NA
NA	1.24724776590923	1.28809531776384	1.07368576317186	NA	0.8557174412029	NA	NA	1.37163929354899	NA	NA	NA	NA	0.379587830880923	NA	0.457821767983907	0.49525944459372	NA	0.736114011443308	NA	0.914002877168285	NA	NA	NA	NA	NA	NA	NA	NA	NA	NA	NA	NA	NA	NA	NA	NA	0.646415254267345	NA	NA
NA	NA	NA	NA	NA	NA	NA	NA	NA	1.17707325944125	NA	NA	NA	NA	NA	NA	NA	0.598853021571284	NA	0.844592088588579	1.4098846285504	NA	NA	0.525002611981053	NA	NA	NA	NA	NA	NA	NA	NA	NA	NA	0.713603411685031	0.708555521683781	NA	NA	NA	0.614953011698106
NA	NA	NA	NA	NA	1.4683819830531	NA	1.21815414059073	1.59080291533309	NA	NA	NA	2.21740634832648	NA	NA	0.855140043363084	NA	NA	1.27116448474093	NA	NA	NA	NA	0.500521274365149	0.768165588685234	0.892260600095005	NA	NA	1.15983020198326	1.0098637130537	0.976923433128722	NA	NA	NA	NA	0.940123236497345	NA	NA	NA	0.906912242001537
NA	NA	NA	NA	NA	NA	NA	NA	0.97634042006024	0.258588412250178	1.44349408520349	1.38913342218526	0.613398029998948	0.293134881568467	0.228290900261721	1.47209641318285	1.50868204515942	1.26608492082032	0.703888499599671	0.652592444524457	1.48490236715977	0.618355803165638	0.931887331456485	1.03360382592831	0.64320097686489	0.688798822505289	0.541199351210769	0.247459795813038	0.600308834660765	0.215064259060926	0.309943500966651	0.143480584796307	0.540453504204979	0.0461281971364234	0.333317454468533	0.069316881734418	NA	0.359095029124007	0.818708880084678	0.11833441831238
NA	NA	NA	NA	NA	NA	NA	NA	NA	NA	NA	NA	NA	NA	NA	NA	NA	NA	NA	NA	NA	NA	NA	NA	NA	NA	NA	NA	NA	NA	NA	NA	NA	NA	NA	NA	NA	NA	NA	NA
NA	NA	NA	NA	NA	NA	NA	NA	NA	NA	NA	NA	NA	NA	NA	NA	NA	NA	NA	NA	NA	NA	NA	NA	NA	NA	NA	NA	NA	NA	NA	NA	NA	NA	NA	NA	NA	NA	NA	NA
0.358126022062292	NA	1.91177404571028	NA	2.07541867357508	0.458777038825898	0.331689722803247	1.39911434246754	0.596393552014985	NA	1.35649539292114	NA	0.941407630693099	NA	2.15412417491163	NA	NA	NA	2.03908342185687	0.93820000317691	0.690885316192153	0.393195526509003	1.9975032279145	0.60222349712796	1.35168379849626	0.56393099016586	0.434711871066501	0.369548522555343	0.84710402911569	0.549087366998293	0.560737343536085	0.391140069667766	0.358867079789275	0.648629135331726	0.284089316465154	0.35847935453207	NA	0.451977185040382	0.391180994152079	0.591339464950407
1.97793638465312	NA	1.52553709403088	NA	NA	2.46817863057421	2.73784565677769	NA	NA	NA	NA	1.9388314584414	1.69328290125117	2.16883225471257	NA	NA	NA	NA	NA	1.65123817459044	0.838610543848005	1.62777974937829	1.95936545769297	NA	NA	NA	NA	NA	2.28289835666917	NA	NA	1.78813268211086	2.26856067851754	1.93972613900395	1.73799187492532	NA	NA	NA	1.06162332492361	NA
NA	0.465362127650898	0.674348932717086	0.560853132287922	NA	0.539650614817791	1.45233706711736	NA	NA	0.84110151595283	NA	NA	NA	1.39589038529982	NA	NA	1.11476072010117	NA	NA	NA	NA	NA	NA	1.00991902898905	1.31369746374485	1.26405905644517	1.26250207261683	NA	0.995614370680744	0.424176841764813	NA	0.669693719161477	NA	NA	0.569385129222998	0.627839700122625	NA	0.751950459806323	0.432861917557455	0.869619612158263
NA	NA	NA	NA	NA	NA	NA	NA	NA	NA	NA	NA	NA	NA	NA	NA	NA	NA	NA	NA	NA	NA	NA	NA	NA	NA	NA	NA	NA	NA	NA	NA	NA	NA	NA	NA	NA	NA	NA	NA
NA	NA	NA	NA	NA	NA	0.947048803125787	1.20250577571564	NA	0.7987551271836	0.681539005024734	0.673457540629699	0.768707827932483	NA	NA	NA	0.834092993278126	0.394491213556832	0.744217044340362	NA	NA	0.179726837034937	0.951409433502483	NA	NA	NA	NA	NA	NA	0.598673994328953	NA	0.57962964704083	NA	NA	0.0796028605199342	NA	NA	0.357863315238498	0.644892084329511	NA
NA	NA	0.974073970006664	NA	NA	NA	NA	NA	NA	NA	1.34661807721563	NA	NA	NA	NA	0.82935262964683	NA	NA	NA	NA	NA	NA	0.273718140173013	0.450451768288494	0.524615088086544	NA	NA	1.32087945135467	0.365640257333211	NA	NA	NA	0.587496266123235	NA	NA	NA	NA	NA	1.23457369359941	0.152257713362439
NA	NA	0.804827985859953	NA	0.602379281619946	0.461183562192935	0.40272308709415	0.981849486781818	0.52377884336897	0.788074227621636	0.511714857870143	NA	1.72239453193897	0.452865005646212	0.549347128526484	0.513681708309655	0.508141892206381	NA	0.800307815959499	NA	1.22449402482212	0.71346650844847	0.525635876663699	0.782758850710871	2.00796788227001	1.46625659956135	NA	1.19180585544203	2.09379611087406	1.25967300699767	1.58558015691461	1.28604043360941	1.3859483555029	1.72382203508928	NA	1.4717007784262	NA	0.312136620303039	0.215438498760391	NA
NA	NA	NA	NA	NA	NA	NA	NA	NA	NA	NA	NA	NA	NA	NA	1.58296057345144	NA	NA	NA	1.23359894692965	1.09879606074493	NA	1.14691571563749	NA	1.05875744448543	1.28655403561777	NA	NA	0.826268523073875	0.705279467974146	1.00142438730721	NA	NA	0.421880100801487	NA	NA	NA	0.236865844310168	0.647082108932235	2.09706769032787
NA	1.34059406095983	NA	NA	NA	NA	NA	NA	NA	NA	1.46516603989446	NA	NA	NA	NA	NA	NA	NA	NA	NA	1.86932518105561	NA	1.35586639268535	NA	NA	1.2000045785274	NA	NA	0.67792543055896	1.00666533024452	0.788806478100052	NA	0.464236283597083	0.390011717127458	0.567726321917676	NA	NA	NA	NA	NA
NA	NA	NA	NA	NA	NA	0.871884300973709	0.856512230796622	NA	1.43130830630365	NA	1.29727215541324	1.22569228460151	0.736454965435021	NA	NA	NA	NA	0.807127777353852	NA	NA	NA	NA	1.41183150753937	1.25198901842726	NA	1.53713382514352	NA	NA	NA	NA	NA	NA	NA	NA	0.637764003346161	NA	0.501668304488348	NA	NA
NA	NA	NA	NA	NA	NA	0.765660124771955	1.00373193297002	NA	NA	0.837629084591204	0.676640372182266	0.580249304561001	NA	NA	NA	0.594099826788305	0.410576674085124	0.542980089653042	NA	NA	0.763967168951522	NA	NA	NA	NA	NA	NA	NA	NA	NA	NA	NA	NA	NA	NA	NA	0.294110631691038	0.57586378573269	NA
NA	NA	NA	NA	NA	NA	NA	NA	NA	NA	NA	NA	NA	NA	NA	NA	NA	1.31550819416216	NA	0.687088856530331	NA	NA	NA	NA	NA	NA	NA	1.35952504410011	1.10751095563765	1.55333191540841	NA	NA	NA	NA	NA	NA	NA	NA	0.489542702045396	0.481946242505846
NA	NA	NA	NA	NA	NA	NA	NA	NA	NA	NA	NA	NA	NA	NA	NA	NA	NA	NA	NA	NA	NA	NA	NA	NA	NA	NA	NA	NA	NA	NA	NA	NA	NA	NA	NA	NA	NA	NA	NA
NA	0.461770662977474	0.908019602962195	0.942595726988445	NA	1.02716556759274	NA	1.30204138908624	NA	1.37898533983671	NA	NA	1.2957336899552	1.09911335268361	NA	NA	1.05472469175463	NA	NA	0.530051807838373	0.669361729939978	1.1275825532993	0.345974355487834	2.37405684596983	0.653337068055668	NA	0.595577670468716	NA	NA	0.630640429831794	0.0886481846085181	NA	1.53700677976348	0.721136738746694	2.64757701963473	NA	NA	0.32864765064233	0.560349560688748	0.59960011532134
NA	NA	NA	NA	NA	NA	NA	NA	NA	NA	NA	NA	NA	NA	NA	NA	NA	NA	NA	NA	NA	NA	NA	NA	NA	NA	NA	NA	NA	NA	NA	NA	NA	NA	NA	NA	NA	NA	NA	NA
NA	NA	NA	NA	NA	NA	NA	NA	NA	NA	NA	NA	NA	NA	NA	NA	NA	NA	NA	NA	NA	NA	NA	NA	NA	NA	NA	NA	NA	NA	NA	NA	NA	NA	NA	NA	NA	NA	NA	NA
NA	NA	NA	NA	NA	1.30408212603544	NA	0.490300378890509	NA	NA	NA	0.951989163238744	NA	1.33669333502464	1.77333580228246	NA	NA	NA	NA	0.633089644631521	NA	1.23874402923915	0.755599046042855	NA	NA	NA	NA	NA	1.04521735595135	NA	NA	NA	NA	NA	NA	NA	NA	NA	1.18662406880571	NA
NA	NA	NA	NA	NA	NA	NA	NA	NA	NA	NA	NA	NA	NA	NA	NA	NA	NA	NA	NA	NA	NA	NA	NA	NA	NA	NA	NA	NA	NA	NA	NA	NA	NA	NA	NA	NA	NA	NA	NA
NA	NA	NA	NA	NA	NA	NA	NA	NA	NA	NA	NA	NA	NA	NA	NA	NA	NA	NA	NA	NA	NA	NA	NA	NA	NA	NA	NA	NA	NA	NA	NA	NA	NA	NA	NA	NA	NA	NA	NA
NA	NA	NA	NA	NA	NA	0.590483156643598	1.18352152131748	NA	NA	NA	NA	NA	NA	0.842713703377324	0.902811280105616	0.766101646050429	1.01517032583803	0.860368073354496	0.633490070743625	NA	NA	0.460809411776907	0.647344631688509	0.592437294252422	0.492409094458863	NA	0.270140018477107	NA	0.955374554482023	NA	NA	NA	NA	0.753122750326947	0.939808831848362	NA	0.137797376494107	0.312475449326243	0.181051629131522
NA	NA	NA	NA	NA	NA	NA	NA	NA	NA	NA	0.53022864040044	NA	0.583584461002241	NA	0.353588500389733	NA	0.387252726006367	NA	NA	0.600016695193192	NA	NA	0.307865237385134	0.187428087015802	NA	NA	NA	NA	NA	NA	NA	NA	1.09727877591415	1.02703582070655	NA	NA	NA	NA	NA
NA	NA	NA	NA	NA	NA	NA	NA	NA	NA	NA	NA	NA	NA	NA	NA	NA	NA	NA	NA	NA	NA	NA	NA	NA	NA	NA	NA	NA	NA	NA	NA	NA	NA	NA	NA	NA	NA	NA	NA
NA	NA	NA	NA	NA	NA	NA	NA	NA	NA	NA	NA	NA	NA	NA	NA	NA	NA	NA	NA	NA	0.5972482452106	0.59557887985987	0.770971442409399	1.00403737634767	0.913214977610399	0.723783039316777	0.504093971965647	0.395410078193602	0.810989914970937	0.227171679163303	0.176197535394505	0.0697945764434271	0.529392552185474	0.439146348163864	0.698766914084399	NA	1.06093919014602	NA	1.13310753246831
NA	NA	NA	NA	NA	NA	NA	NA	NA	NA	NA	NA	NA	NA	NA	NA	NA	NA	NA	NA	NA	NA	NA	NA	NA	NA	NA	NA	NA	NA	NA	NA	NA	NA	NA	NA	NA	NA	NA	NA
NA	NA	NA	1.20668071540739	NA	0.83144400613976	0.518742226033582	0.790960347269857	1.03177365787948	1.09872927292785	1.01561015872454	0.597173165399442	0.470458570209172	NA	NA	0.731954089437176	0.408815157669206	0.494238574182526	0.550180899970795	0.773619737957472	1.25822048896579	2.05659276172226	1.04988466725585	1.27605655291467	NA	NA	NA	NA	NA	NA	NA	1.17706103855223	NA	0.694238892513382	NA	NA	NA	NA	NA	NA
NA	NA	NA	NA	0.756282720890856	NA	NA	1.15013565490813	NA	NA	NA	0.577695695618939	0.471915014051624	0.670278274567914	NA	NA	0.468360403884642	NA	NA	0.388957817392064	0.957750735136336	0.78604314002762	NA	NA	NA	NA	NA	NA	0.784368772045684	0.532916377793883	0.885371594950125	NA	0.628287556034224	NA	0.328785275658363	NA	NA	0.382717510581252	0.513836908244588	0.604963394260489
NA	NA	NA	NA	NA	NA	NA	NA	NA	NA	NA	NA	NA	1.39754350855708	NA	NA	NA	1.35993544507658	NA	NA	NA	NA	NA	NA	NA	NA	NA	NA	NA	NA	NA	0.759037826844502	1.1112578057685	0.580019835859393	0.522688177597351	NA	NA	0.335750187795598	0.438299782134547	0.31564888886399
0.810599196668137	0.747386441738563	0.910029310245514	NA	NA	0.597425410204322	NA	NA	0.535017570468075	NA	1.11625825371466	0.698484437551951	0.892963403367616	1.01727770260341	0.792613342438841	1.40508337380389	NA	1.14389163034348	0.405376087405243	0.249611785386792	1.80793861846501	NA	1.15002038622264	NA	0.68033922671042	NA	0.970938925055923	1.23360846403641	0.777005046565068	NA	NA	0.640659078850794	NA	0.727358400714596	0.47237707725006	NA	NA	0.492928227928627	0.7629015831277	1.69545460439456
NA	1.02108928417248	0.861929942005143	1.03020439138058	1.08513442330071	2.10296894543316	1.10843084400208	1.14978935837873	1.54117144798251	1.19005913327683	NA	0.0942958261666947	0.386439148506126	0.976225470874001	0.607820993541016	0.677028296808697	0.379054081669746	1.27222981613048	0.889101019789686	0.852218383649269	1.30422663873361	1.05089204175047	0.79947971732994	0.886223870113333	1.09091966214319	0.70663062348637	1.69699109044122	0.730427185898215	1.02605866307504	0.892590464456054	NA	0.513999755450465	0.573402340726625	0.235869515949187	0.537359603448396	NA	NA	0.685571735370906	0.393027444476543	0.406599208395245
NA	NA	NA	NA	NA	NA	NA	NA	NA	NA	NA	NA	NA	NA	NA	NA	NA	NA	NA	NA	NA	NA	NA	NA	NA	NA	NA	NA	NA	NA	NA	NA	NA	NA	NA	NA	NA	NA	NA	NA
1.7139413911131	1.49420249437803	1.35158893078843	NA	2.01746130797034	2.40476053903785	NA	2.57202805964916	2.1073964613454	NA	1.66780289506494	2.21932210626818	2.22088313744703	2.0986631796863	NA	1.33606320960555	1.66957345859044	1.86585558798644	1.83592329293952	1.98322901828411	NA	1.58224544986854	NA	NA	NA	0.95623234003915	NA	NA	NA	NA	0.530013644848594	0.674246086659737	0.948209478378137	NA	NA	NA	NA	0.549047729351471	NA	NA
0.480637600168739	NA	0.462809285299331	0.788485019388638	NA	NA	0.646676573157181	0.349646136616223	NA	NA	0.844843143425505	NA	0.555279727607229	0.372825898608368	0.310567852397642	NA	NA	0.484299990681655	NA	0.447053602979468	0.177351599684132	0.530575852807024	1.46632905190003	0.546822206036168	NA	NA	NA	0.330389046060804	0.539700990867992	1.04273401297783	NA	NA	NA	0.350941052051315	NA	NA	NA	NA	0.434115840030817	0.75560552673723
NA	NA	NA	NA	NA	NA	NA	NA	NA	NA	NA	NA	NA	NA	NA	NA	NA	NA	NA	NA	NA	NA	NA	NA	NA	NA	NA	NA	NA	NA	NA	NA	NA	NA	NA	NA	NA	NA	NA	NA
NA	NA	NA	NA	NA	NA	NA	0.690707222402248	0.40068884323273	0.494975881657241	NA	0.433442265669636	NA	0.592382261951483	NA	NA	0.630285160145845	NA	0.503119850285815	NA	NA	NA	0.217206047887241	1.16742233479918	NA	NA	NA	NA	NA	NA	NA	NA	NA	NA	NA	NA	NA	NA	0.299715976843718	0.567654958074262
NA	NA	NA	NA	NA	NA	NA	NA	NA	NA	NA	NA	NA	NA	NA	NA	NA	NA	NA	NA	NA	NA	NA	NA	NA	NA	NA	NA	NA	NA	NA	NA	NA	NA	NA	NA	NA	NA	NA	NA
NA	0.724393171662125	NA	0.498898997608157	NA	NA	NA	0.571777807593053	NA	NA	0.54699024278033	0.468540801485876	1.28378767180197	0.648858611964829	1.14706795156477	0.457287493316227	0.939160426162338	NA	0.435815650583813	0.877061240842972	0.713391118996705	0.29837620220194	1.96004638145767	0.426411395541799	1.04150108821291	0.983796692975303	NA	NA	0.509461384783423	0.557202633022234	1.05910704964375	1.00604266431611	0.793545612843986	0.450304715268914	1.82469002996037	NA	NA	NA	0.506818131096865	NA
NA	NA	NA	0.840665998599566	NA	1.07489848539966	NA	0.596767417312207	0.464852326654883	NA	NA	0.668820965346576	NA	0.964549601512475	1.71265535916697	2.30610175015099	2.10493261092085	2.00210955404833	1.50026741706664	NA	1.61201389627901	1.26495275294605	0.9709689436832	0.933727547324204	NA	NA	NA	NA	NA	NA	NA	NA	NA	0.507100658093851	0.586179199159439	0.781766913644006	NA	1.273056508695	0.911527170399878	0.568854999246282
NA	NA	NA	NA	NA	NA	NA	NA	NA	NA	NA	NA	NA	NA	NA	NA	NA	NA	NA	NA	NA	NA	NA	NA	NA	NA	NA	NA	NA	NA	NA	NA	NA	NA	NA	NA	NA	NA	NA	NA
NA	NA	NA	NA	NA	NA	NA	NA	NA	NA	NA	NA	NA	NA	NA	1.92569298050243	1.66744214065717	NA	1.28464867221462	1.35130460312847	NA	1.41348354845696	1.22886118651525	NA	NA	NA	NA	1.20831476655487	1.33767390323327	1.73033423769594	NA	1.06141531221389	NA	0.667145916063073	NA	0.391479589550744	NA	NA	0.214809709429091	0.41480363028031
NA	NA	NA	NA	NA	NA	NA	NA	NA	NA	NA	NA	NA	NA	NA	NA	NA	NA	NA	NA	NA	NA	NA	NA	NA	NA	NA	NA	NA	NA	NA	NA	NA	NA	NA	NA	NA	NA	NA	NA
NA	NA	NA	NA	NA	NA	NA	NA	NA	NA	NA	NA	NA	NA	NA	NA	NA	NA	NA	NA	NA	NA	NA	NA	NA	NA	NA	NA	NA	NA	NA	NA	NA	NA	NA	NA	NA	NA	NA	NA
NA	NA	NA	NA	NA	NA	NA	NA	NA	NA	NA	NA	NA	NA	NA	NA	NA	NA	NA	NA	NA	NA	NA	NA	NA	NA	NA	NA	NA	NA	NA	NA	NA	NA	NA	NA	NA	NA	NA	NA
NA	NA	NA	NA	NA	1.97201343250991	NA	1.11348854818627	NA	1.17239006300195	1.49682718636366	NA	NA	NA	NA	0.665629518785842	0.504416367602631	0.732141822312393	NA	NA	0.27039830600924	NA	NA	0.37862413849829	0.422585586529761	0.227879552957831	NA	0.604709732510551	0.965747387398861	NA	1.42187756046417	0.547523213995051	0.493018038024658	NA	NA	NA	NA	NA	0.55897513672832	0.184191721367803
1.0937842841526	1.51897395850057	0.872750058386758	1.02809627368858	0.363060101049526	0.818054907798542	0.498135939593729	0.654795204660885	0.368952420652305	NA	0.848210410362639	0.571299978644613	0.823656185767892	0.546429189544984	0.797349223427912	1.13064006132846	1.02114940926323	1.00905504933854	0.889597973726279	0.279304666298048	0.964831664840731	NA	NA	0.790511702376879	0.845775743955596	1.03128223572279	0.799182903093195	0.689956993180133	0.705779666733434	0.809355138997713	0.704705854731701	0.732896906729253	NA	NA	NA	NA	NA	NA	1.11655360486825	NA
3.16323790934895	NA	NA	NA	3.28741695340168	3.429080597606	2.85604241338151	NA	NA	NA	3.46574243214539	NA	2.5820126193522	NA	1.29054658183075	NA	NA	NA	2.44406389520764	2.48638181045396	NA	NA	0.267547510384036	NA	2.82094599376746	2.82583850315716	NA	NA	3.09616743738413	NA	2.40517552024026	NA	2.47882872364424	NA	NA	0.981879472339711	NA	0.994053157535408	NA	1.48508744126052
1.23737993290472	1.46427215422879	1.31342507673299	1.69947530371553	1.63493591615753	NA	NA	1.70579195221513	NA	NA	1.8172567763209	2.02691267951603	2.31648923896418	NA	1.80702308846432	NA	NA	NA	1.89566829652315	2.22114467946698	NA	NA	1.08424994766983	1.1436400386403	0.528116806485686	0.783414731698218	NA	0.381761068033545	0.647576157405066	NA	NA	0.498941123430559	0.768880325291227	0.417654147719139	0.655495321400628	NA	NA	0.571208163297257	0.869763214801661	NA
0.798199865207996	NA	NA	1.39632785934743	NA	0.560182908824366	0.519870459818168	NA	1.16176323730207	NA	NA	0.803583931395439	NA	1.04266074830015	0.849192051268252	0.509238077504426	1.9997804601764	0.552912250609436	NA	NA	NA	0.581552983040369	NA	0.427440738579978	0.555842543014001	NA	NA	0.715448577907958	NA	0.484080737239546	NA	NA	NA	0.378185109366894	NA	0.400076818538136	NA	0.216160781241313	0.328137551459915	0.621570159417501
NA	NA	NA	NA	NA	NA	0.816275269161946	NA	NA	0.651713850241678	NA	NA	NA	1.04684330155255	0.618734999980793	0.614264336393672	NA	NA	NA	NA	1.30320968523792	1.06759069150161	NA	0.81174503580053	0.350984301193221	NA	NA	NA	NA	NA	NA	0.815195584721472	NA	0.343591502257264	NA	NA	NA	NA	NA	NA
NA	NA	NA	NA	NA	NA	NA	1.91787679562168	NA	NA	NA	NA	NA	NA	NA	NA	NA	NA	NA	NA	NA	2.12975898552993	1.79954130534108	1.88152407679214	NA	NA	2.18409161865863	NA	0.607294909581623	0.616075799945964	NA	0.42266425172733	NA	0.552042053824386	0.329455268605127	NA	NA	0.17339659866858	0.713113681315033	0.577970841519584
NA	NA	NA	NA	NA	NA	NA	NA	NA	NA	NA	NA	NA	NA	NA	NA	NA	NA	NA	NA	NA	NA	NA	NA	NA	NA	NA	NA	NA	NA	NA	NA	NA	NA	NA	NA	NA	NA	NA	NA
NA	NA	NA	NA	0.919137423922893	0.655128289339613	0.832230129109157	0.217052875544956	NA	NA	0.696637196269121	NA	NA	NA	NA	NA	0.566445825228385	0.342480469137248	NA	0.500132597599424	NA	0.41491931448783	0.665030184942637	NA	NA	NA	NA	0.358630373251593	NA	NA	NA	NA	NA	1.02527875907897	NA	1.33681435465014	NA	NA	NA	NA
1.33799490539697	1.39325528668172	0.801671541747322	NA	NA	NA	0.83254699601855	1.17372212572267	1.65013649881796	1.01306100045619	NA	1.172666962295	1.0459916405573	0.98494194211337	0.964319230455734	1.16705586331026	1.14814287087337	NA	0.891962793508626	0.770324762977103	1.65045374834945	1.22802547246074	0.514826907344318	0.376647029122117	0.459250873062659	1.55382602246135	1.32060182851044	0.992847671093876	0.853218037852192	NA	NA	1.65327177944255	NA	NA	NA	NA	NA	NA	NA	1.91390718848246
0.756630013249579	NA	0.947718445992623	NA	NA	0.791217180603026	0.748915638459359	0.947780803748497	0.346666795763535	NA	NA	NA	0.378728288329581	0.411196291947778	NA	NA	NA	NA	NA	0.216467019184319	0.519718613923984	NA	0.148577522181778	1.14364568097635	0.700580899414077	1.19114402070783	0.771739410464324	1.07847251533706	0.779535072565994	0.916531854334614	NA	1.34106506235366	0.612483073289902	NA	1.2972601563566	NA	NA	1.29964405681438	0.562432069549111	0.586357312164504
1.13021080725825	NA	NA	NA	1.36023686218975	1.47894660082954	NA	NA	1.30170608756672	NA	NA	1.15567612638869	NA	1.31293064342319	NA	1.21715980553669	1.22914720708267	1.1841507140553	NA	1.14982055423028	1.39267927071846	0.949652917520152	0.870877348237851	0.605332325429583	0.949297008175651	0.393360559337584	NA	1.27183066521735	NA	NA	NA	NA	1.19630337568641	NA	NA	NA	NA	0.848573335414414	0.638906593433826	NA
1.17714736476498	1.07837826985316	NA	NA	NA	0.612382935281545	0.707129133801369	1.1496077603238	0.479796482853247	0.93218431069458	0.594933772460883	1.21422768177079	1.18297557880507	1.18583742097452	1.12178840368952	1.49412655162507	NA	0.929420426060553	0.913943206282162	1.17105080770011	0.97232174734257	1.12218358463762	NA	1.24274296555362	NA	1.05319848977043	NA	NA	NA	0.410702230491805	0.69562844061174	0.842589544036281	0.271928523864228	0.122625835533921	0.212607645739035	0.689065624096161	NA	0.268234968037388	NA	0.800330952144284
NA	0.405001552000624	NA	0.806297362926845	NA	NA	0.868676716206747	1.15254406775177	0.857109762492907	NA	0.976655681895562	NA	NA	1.02646582870144	0.950087550025115	NA	1.3242405985189	1.35296605000044	0.495205527929714	NA	NA	1.25807909490509	0.983227891645369	NA	0.94665953274176	0.51059358915673	NA	0.545277600940214	NA	NA	NA	0.49437448470375	0.469219217021311	NA	NA	NA	NA	0.644777933628056	NA	0.321487401738387
NA	NA	NA	NA	NA	1.53973897265959	1.96717902017105	1.62740317450279	1.75024479614005	NA	1.73572068518787	1.75289870079384	NA	1.70318779156217	1.14334131222557	NA	NA	NA	NA	NA	NA	0.849249181537468	NA	NA	0.677259440900439	NA	1.23153988021259	0.486935362164987	0.348003459132903	0.395278204995091	NA	0.509966617746157	NA	NA	0.454736433984887	NA	NA	NA	0.299166903106447	0.657375035294568
1.71197945388809	1.720508008596	NA	NA	NA	2.06879303434966	NA	1.87534358715384	1.45933294041709	1.47431187324541	1.61730654439524	1.25457753205187	0.992424829753117	0.650582266108618	0.759243518277409	NA	0.493458979551136	0.578731327369871	0.509844268294686	NA	NA	NA	NA	NA	NA	NA	NA	NA	NA	0.847689282754845	NA	0.303819421316044	NA	NA	NA	NA	NA	NA	0.332358380286549	NA
2.04251764474462	NA	1.3974999597999	NA	NA	NA	1.06131568812214	NA	1.80398548868304	NA	1.19346465235552	1.47214128664798	NA	1.24774080491879	1.66370017239104	2.20813409966765	NA	NA	NA	NA	NA	0.810555220565332	0.761543718435692	0.751156529754785	0.360458830991338	1.20213216808375	1.04455188869515	NA	NA	NA	NA	0.488197559609859	0.981093539099733	0.786446719939128	0.296909753630321	NA	NA	NA	0.362809617010913	0.627307674778001
NA	NA	1.33797773633616	NA	NA	1.38041942253988	0.372837000126078	NA	NA	NA	NA	NA	NA	NA	0.823077913659615	0.856811777643621	0.678450140921309	1.26758002736482	NA	NA	NA	1.09010387992379	0.685171503358555	NA	0.249255412303728	0.4035631678478	NA	NA	NA	0.418585441968667	NA	NA	NA	1.72514814982378	NA	0.605285740664646	NA	0.387641059675911	NA	0.374039929122758
NA	NA	0.795931564481661	NA	0.441133033833873	NA	NA	0.892743443725244	0.577981303714266	0.578767671188223	NA	0.789317222364023	0.906746204775739	NA	NA	0.445781926276912	0.624053314055644	NA	NA	NA	0.32743649046572	0.741535956756107	0.728996947399753	1.05929932845039	0.63548533563122	1.28922166355486	NA	NA	NA	1.25596838919334	NA	NA	NA	NA	NA	NA	NA	NA	0.571632912523754	0.873306543845858
NA	NA	NA	NA	NA	NA	NA	NA	NA	NA	NA	NA	NA	1.61820820102319	NA	NA	1.37011508166247	1.48542649120745	NA	1.27801281939134	1.53036535662154	NA	NA	1.46434908646452	NA	NA	NA	0.929133265462982	NA	NA	NA	0.547496629153451	0.85307635517211	NA	0.626445380353872	0.486541102523477	NA	0.601832210498123	0.409659576189691	0.123686992054983
NA	NA	NA	NA	NA	NA	NA	NA	NA	NA	NA	NA	NA	NA	NA	NA	NA	NA	NA	NA	NA	NA	NA	NA	NA	NA	NA	NA	NA	NA	NA	NA	NA	NA	NA	NA	NA	NA	NA	NA
NA	0.601466926277657	NA	NA	0.158509009982742	0.425225367035253	0.633240026405175	0.405431714384513	0.765936810361833	NA	0.471325786994755	NA	NA	0.165684134710753	NA	NA	NA	NA	0.668795147416521	0.318096185845822	NA	NA	0.347570943167616	0.668935166914281	0.553367511343072	NA	0.658314932472419	NA	NA	1.0449569476816	0.879436442606214	0.722474592280577	0.945967250913959	NA	0.559696921182138	0.871469653587431	NA	0.90328231617223	0.507170257300661	0.669416592416916
0.498421087326143	NA	NA	0.517742725233724	NA	0.364862441049537	0.313819670375589	0.643320080986294	NA	0.369703432332595	NA	0.566971673325438	NA	NA	0.643856861017631	NA	0.869578033691822	0.818091088649518	0.648310493549523	0.277173873142762	0.397065104357212	NA	0.217585805767975	NA	0.279672061328409	NA	NA	0.861703235812375	NA	NA	NA	NA	NA	NA	NA	NA	NA	0.676794361520138	NA	1.64535015299103
NA	2.21038180344569	1.79104816867646	2.32271917678102	NA	2.64951883671288	2.88298250408651	2.77798777775651	2.71945843305829	NA	2.85639369776115	NA	NA	NA	3.35533854989466	NA	3.24755854615351	3.11989903458135	2.33266212053212	NA	2.33599436199972	2.48537272217096	2.29299254167208	NA	NA	1.94444495730545	NA	1.38788443603366	NA	NA	NA	NA	NA	NA	1.71949073268037	NA	NA	NA	NA	0.938392058516649
NA	NA	NA	NA	NA	NA	NA	NA	NA	NA	NA	NA	NA	NA	NA	NA	NA	NA	NA	NA	NA	NA	NA	NA	NA	NA	NA	NA	NA	NA	NA	NA	NA	NA	NA	NA	NA	NA	NA	NA
NA	1.00059586372263	NA	NA	1.39379037187735	1.045076798548	0.123343560207448	1.33016803332872	1.08023122046166	1.00526787090767	NA	NA	0.917764663853942	NA	NA	1.33163838258505	0.566778261091433	1.30945719886207	0.377026928639823	NA	2.21266009407849	0.284082807166853	0.340379506506691	0.349562392560847	NA	0.262021884142812	NA	NA	NA	0.185523408112511	NA	0.396266653994703	0.436585980583352	NA	0.93302749607572	0.593832375742076	NA	NA	0.590261723924974	0.693149787460651
NA	1.21131620873454	0.830127871880584	0.735267070518984	2.37277795557413	1.02000764323916	0.99096535066502	1.02449843876008	0.934220308852239	0.986630640460888	NA	1.82514010982347	NA	1.509154502928	1.27670207396877	2.15730708303017	1.70561914144025	1.43316050496013	1.27916344276828	0.817955956202089	1.35290339735201	1.49595230336739	NA	1.23837777800144	0.854145078018881	0.760251709948305	NA	0.784015564765642	0.575015300311489	NA	NA	0.613155100517892	NA	NA	0.918560640924172	NA	NA	0.499074582083444	0.794613352085345	0.194760592471946
NA	NA	NA	NA	NA	NA	NA	NA	1.11347888758282	NA	NA	1.08167319250013	NA	NA	NA	NA	1.09818022750419	NA	0.901522422455255	NA	NA	NA	NA	NA	NA	NA	NA	0.766311856936884	NA	0.966105770155213	NA	NA	NA	NA	NA	NA	NA	NA	NA	NA
1.48117869230197	NA	NA	1.45880954441618	NA	NA	0.792022719352182	0.613069841485254	NA	0.811660379270626	NA	0.509256352578278	NA	NA	0.657042197696237	1.08004936182212	0.727634970044389	0.754516876399246	0.568151805643089	1.449531659345	0.570419701650053	0.715251604316512	NA	1.16397083075531	1.32674967840772	1.34513230393594	1.40377644620181	1.33516870974621	1.39511540132057	NA	0.778095166042791	NA	NA	NA	1.66859627875168	0.488556552980182	NA	NA	0.46735298931879	NA
0.677187465904229	0.613458129735052	NA	1.53826041957184	0.482931188861609	0.783008035828395	0.8845755071682	0.737574602975642	NA	0.994264594263659	NA	1.04199656337843	NA	1.29553010369079	1.47824257568568	NA	0.867365088419142	1.03143488678729	0.960640304713446	0.525209777989963	NA	NA	0.514686874378273	NA	NA	NA	1.06090598321166	1.06912507327223	NA	NA	1.19117275671165	NA	0.602817160650141	NA	NA	NA	NA	0.559897591596342	NA	NA
NA	0.404025570556169	NA	NA	NA	0.523723731895255	1.3039631708186	NA	1.32389931676313	NA	0.946057132075853	1.33879070748549	2.44873292634831	0.823099171885455	0.638269955352296	NA	NA	0.764734677906836	NA	0.557700028900657	0.623150873885632	NA	0.387746548907922	NA	NA	NA	NA	NA	NA	NA	NA	NA	NA	NA	NA	NA	NA	0.603070227427735	0.84580150697403	0.817671048616828
NA	0.607009369153484	NA	NA	NA	1.4335023752489	NA	NA	1.71884040301577	1.42128718555979	NA	1.20502323690134	NA	0.9615293609973	1.91331329297481	NA	NA	NA	1.47708892317466	1.60584660509178	NA	NA	1.57559483425507	NA	1.81893887804569	NA	NA	NA	NA	NA	NA	1.19870585390702	NA	NA	1.30322475893147	1.59769088087159	NA	NA	NA	1.59902911250037
NA	NA	NA	NA	NA	NA	NA	NA	NA	NA	NA	NA	NA	NA	NA	NA	NA	NA	NA	NA	NA	NA	NA	NA	NA	NA	NA	NA	NA	NA	NA	NA	NA	NA	NA	NA	NA	NA	NA	NA
NA	NA	NA	NA	NA	NA	NA	NA	NA	NA	NA	NA	NA	2.46634390777047	NA	NA	2.19081257156348	2.15442055975876	2.19538794901615	1.14648391604717	NA	NA	NA	NA	NA	NA	NA	2.41470721332705	2.14791431834692	1.94293433668635	NA	2.03523505940893	1.74960346292193	1.25574277372774	1.5728605341466	1.31742501576184	NA	0.745179545380971	1.09507856286395	1.07360886718757
2.11307178203188	0.817700347215061	0.915692496440331	0.994372465882521	0.718678621567594	0.721558167905571	NA	0.67019737125676	1.20341236235608	0.869721078253081	1.52596943808811	0.704563860593772	NA	NA	NA	0.489924170041435	0.786814331993722	1.45400795287142	NA	1.27368659118665	0.972916286505742	1.61285088788134	0.743554370065367	NA	NA	NA	NA	NA	0.879655869565046	NA	NA	1.20742068085251	NA	0.702731003359659	NA	NA	NA	0.769205279089257	0.84328282445771	0.911896418432575
2.0440846292483	NA	2.64479857423039	2.43327232784826	2.77808660830927	2.29772824553989	NA	NA	NA	NA	NA	1.33032318126608	NA	NA	NA	NA	2.95310273931756	3.03127893525952	2.23155045102908	2.27330109761416	2.40181911451315	1.52085066884869	1.39320479442607	1.56927528679846	1.90950408556528	NA	NA	1.53531472155781	0.91191714808728	NA	NA	NA	NA	NA	0.56256201242547	0.290828148499155	NA	0.327687994886813	0.496879164117863	NA
2.12907752750278	2.45542309537685	2.06681240224457	1.56046493725655	1.61448062909175	0.786153909142784	1.08503453599496	NA	1.78925930855625	1.93304919884615	1.74217567430225	1.79468244906791	1.55933616350704	1.45564895409568	1.76479938553339	1.69580555826724	NA	1.94624914249555	NA	1.18408830737106	0.622316821434797	0.867468103937931	1.28686100029458	1.27504704094712	1.02438175029257	1.12961208405245	1.11750831634132	1.16284451832375	0.904617231401177	NA	NA	NA	NA	NA	NA	2.48549314433916	NA	NA	0.522392870138027	NA
NA	NA	NA	NA	NA	NA	NA	NA	NA	NA	NA	NA	NA	NA	NA	NA	NA	NA	NA	NA	NA	NA	NA	NA	NA	NA	NA	NA	NA	NA	NA	NA	NA	NA	NA	NA	NA	NA	NA	NA
NA	NA	NA	NA	NA	NA	NA	NA	NA	NA	NA	NA	NA	NA	NA	NA	NA	NA	NA	NA	NA	NA	NA	NA	NA	NA	NA	NA	NA	NA	NA	NA	NA	NA	NA	NA	NA	NA	NA	NA
NA	NA	NA	NA	NA	NA	NA	NA	NA	NA	NA	NA	NA	NA	NA	NA	NA	NA	NA	NA	NA	NA	NA	NA	NA	NA	NA	NA	NA	NA	NA	NA	NA	NA	NA	NA	NA	NA	NA	NA
0.472355855798518	0.89075104787257	0.827495248150229	NA	0.262081201088393	0.292984430366166	NA	NA	0.565127470253708	NA	2.02501560170039	NA	NA	0.607110064833443	1.04031280645768	0.879425365098066	0.751360295385637	0.846237191991532	1.92318163976667	1.54578307298982	NA	NA	2.01660942318127	2.12432694219658	NA	NA	0.667698619926218	NA	NA	1.39295138173784	NA	NA	0.244316788222682	NA	0.353755711341493	0.863417929927378	NA	0.40157928623107	0.184405845518468	0.641727566438762
NA	NA	NA	NA	NA	NA	NA	NA	NA	NA	NA	NA	NA	1.34365939291408	NA	NA	1.35747315690141	1.350449372899	NA	1.17492418580193	NA	NA	NA	NA	NA	NA	NA	NA	NA	NA	NA	1.18241682630852	NA	NA	0.820986356614925	NA	NA	NA	0.434795114280253	NA
NA	NA	NA	NA	NA	NA	NA	NA	NA	NA	NA	NA	NA	NA	NA	NA	NA	NA	NA	NA	NA	NA	NA	NA	NA	NA	NA	NA	NA	NA	NA	NA	NA	NA	NA	NA	NA	NA	NA	NA
NA	NA	NA	NA	NA	NA	NA	NA	1.4903628796344	NA	1.21407633435013	NA	NA	1.00996600731598	NA	NA	1.24313799445922	1.59176783128441	NA	1.21869558637275	NA	NA	NA	NA	1.86620565026268	1.9392757302005	1.48515516751743	NA	1.65013040566013	1.05774864575382	1.09084072422895	0.597974066810847	0.780131819878337	1.99340373139542	NA	NA	NA	0.21124603914332	0.337891313806337	0.134622529876553
NA	NA	NA	NA	NA	NA	NA	NA	NA	NA	NA	NA	NA	NA	NA	NA	NA	NA	NA	NA	NA	NA	NA	NA	NA	NA	NA	NA	NA	NA	NA	NA	NA	NA	NA	NA	NA	NA	NA	NA
NA	1.22187118464618	1.32576448667616	NA	NA	0.541886826320025	1.73588443859526	0.695613140934522	NA	NA	0.7866828139352	NA	0.98740492350474	0.530888689181971	0.555009612046548	1.02184998308552	0.781356584755969	NA	0.955647253785544	0.543662217556128	NA	0.648000580357153	NA	NA	NA	NA	NA	1.4842451778006	0.397760248499215	0.710546066350806	NA	NA	0.416229419061165	NA	0.332633163551662	NA	NA	0.704443529532948	0.518967080670953	0.715660252588801
NA	NA	NA	NA	NA	1.17058596386817	1.10669257278042	1.19056307177384	1.11507482774754	1.35443679820682	1.02847197741539	1.56781401264597	1.74186256834726	1.518358294461	1.34640365997487	1.54878743299742	NA	1.41976684813377	1.69899943055645	1.24872746981893	1.23071479398147	2.04429415162576	1.85964043168093	1.41917624605773	1.49468773504013	1.73273056213641	1.40467049001549	NA	0.93502786934195	1.92074509256183	1.32600157738992	1.74124721217461	1.02256989690987	1.44812367614358	1.50443184660689	1.75685804090958	NA	1.23692568673765	0.710873608876938	0.718792684405005
NA	0.812377461672189	NA	NA	NA	0.580928959420473	NA	NA	NA	NA	NA	NA	NA	NA	NA	NA	NA	NA	NA	NA	NA	NA	NA	1.02243660400962	NA	NA	NA	0.223027315237235	0.836438673605129	0.762452664921424	NA	1.06045318734099	0.6194439390178	0.500584224178798	0.714169878419578	NA	NA	NA	0.319296038722512	0.674223948325158
NA	NA	NA	NA	NA	NA	NA	NA	NA	NA	NA	NA	NA	NA	NA	NA	NA	NA	NA	NA	NA	NA	NA	NA	NA	NA	NA	NA	NA	NA	NA	NA	NA	NA	NA	NA	NA	NA	NA	NA
1.12917018222895	1.24391785892937	1.31254355902887	0.992396424459117	1.35021519266342	0.912184553192824	0.490924023930626	0.595633531370319	NA	NA	1.57104045808023	NA	0.998181795951453	1.01664861428135	0.936339145491407	0.645886138135619	0.901324519645002	0.769475305319161	NA	0.71709354765218	1.07702575311504	0.940975184786685	1.17078642842611	0.582182409575379	0.512654578165682	1.18593324228316	0.566377364723586	0.341655729215749	1.11101053655931	0.390845567183373	0.8528715666507	0.369705309644201	0.751173734161618	NA	0.303791578455396	NA	NA	0.727898045525381	0.538861517764572	0.670424419959733
NA	NA	NA	NA	NA	NA	NA	NA	NA	NA	NA	NA	NA	NA	NA	NA	NA	NA	NA	NA	NA	NA	NA	NA	NA	NA	NA	NA	NA	NA	NA	NA	NA	NA	NA	NA	NA	NA	NA	NA
NA	NA	NA	NA	NA	NA	NA	NA	NA	NA	NA	NA	NA	NA	NA	NA	NA	NA	NA	NA	NA	NA	NA	NA	NA	NA	NA	NA	NA	NA	NA	NA	NA	NA	NA	NA	NA	NA	NA	NA
NA	NA	NA	NA	2.01403141892195	NA	NA	NA	NA	3.05561100746843	NA	NA	NA	1.67244913715853	NA	NA	NA	2.65735992110201	NA	NA	NA	NA	2.30563295187582	NA	NA	2.48871567028757	NA	NA	NA	NA	3.19244240909896	NA	NA	3.05534160129372	NA	NA	NA	NA	NA	2.54983962402418
NA	0.578194228299851	1.04266044059952	NA	NA	1.52410272772362	NA	NA	NA	NA	NA	0.928049972869573	NA	NA	0.92571500605974	NA	0.569628184687019	0.611392419587409	NA	NA	NA	NA	NA	0.644502542297427	NA	NA	NA	NA	0.315386867014154	NA	NA	0.501257989143199	0.84978338206614	0.664623172888194	0.457313221180083	1.02581379845519	NA	NA	NA	NA
NA	NA	NA	NA	NA	NA	NA	NA	NA	1.62795727835332	NA	1.66008964720723	NA	1.24803111244655	NA	NA	NA	NA	NA	1.59941583245225	1.97797095186862	NA	NA	0.821775616434699	1.80323669851813	1.07986437637804	1.43991947128041	NA	1.78120363199862	NA	NA	NA	1.97379522788411	0.66239709246152	0.782141081993028	2.12155786871259	NA	1.06653360122871	1.20626152876444	0.71407240682201
NA	NA	NA	NA	NA	NA	NA	NA	NA	NA	NA	NA	NA	NA	NA	NA	NA	NA	NA	NA	NA	NA	NA	NA	NA	NA	NA	NA	NA	NA	NA	NA	NA	NA	NA	NA	NA	NA	NA	NA
NA	NA	NA	NA	NA	NA	NA	NA	NA	NA	NA	NA	NA	NA	NA	NA	NA	NA	NA	NA	NA	NA	NA	NA	NA	NA	NA	NA	NA	NA	NA	NA	NA	NA	NA	NA	NA	NA	NA	NA
1.2082135935578	NA	0.882597015054582	0.691824782625948	0.667017922958673	0.761320128719492	NA	NA	0.317603267386466	0.446233142740436	0.874080532454954	0.750134156793242	NA	NA	0.369763357687586	0.136679291477347	NA	NA	0.427754149545298	NA	NA	0.492425415151352	0.742535601388006	NA	NA	NA	NA	0.963743531292877	0.738791957289069	NA	NA	0.85306716620399	NA	0.876227979963385	NA	NA	NA	NA	NA	1.06352099104417
NA	NA	NA	NA	NA	NA	NA	NA	NA	NA	NA	NA	NA	NA	NA	NA	NA	NA	NA	NA	NA	NA	NA	NA	NA	NA	NA	NA	NA	NA	NA	NA	NA	NA	NA	NA	NA	NA	NA	NA
0.901771809752041	1.62585771001676	1.29376897808714	NA	NA	1.16310377519735	NA	1.15570519209511	NA	NA	NA	1.26989242365535	1.21047236990229	1.39155831655621	NA	NA	1.09234862932958	NA	NA	NA	0.481368218661193	0.623669429300139	NA	NA	NA	0.647412741218578	NA	NA	1.70754420325014	NA	NA	1.16906415606533	NA	NA	1.09173948493794	NA	NA	1.46257355347276	NA	1.06824178400427
NA	NA	NA	NA	NA	NA	NA	NA	NA	NA	NA	NA	NA	NA	NA	NA	NA	NA	NA	NA	NA	NA	NA	NA	NA	NA	NA	NA	NA	NA	NA	NA	NA	NA	NA	NA	NA	NA	NA	NA
NA	NA	NA	NA	NA	NA	NA	NA	NA	NA	NA	NA	NA	NA	NA	NA	NA	NA	NA	NA	NA	NA	NA	NA	NA	NA	NA	NA	NA	NA	NA	NA	NA	NA	NA	NA	NA	NA	NA	NA
1.27832974069918	0.251559480838521	0.985920405429154	1.69528635852734	NA	0.536015905788767	NA	1.21756225818686	1.11813898452696	NA	NA	1.61271986821019	NA	0.52335421876332	NA	NA	NA	NA	1.46629062073141	0.53616201134249	0.540797383303462	1.03049950365868	NA	NA	0.51706697407392	1.48499311916337	0.454947386979757	NA	0.497325058601948	0.75525348651819	NA	1.02751819980859	NA	NA	1.19998603423428	NA	NA	NA	0.756873856634398	0.900667591695086
NA	NA	NA	NA	NA	NA	NA	NA	NA	NA	NA	NA	NA	NA	NA	NA	NA	NA	NA	NA	NA	NA	NA	NA	NA	NA	NA	NA	NA	NA	NA	NA	NA	NA	NA	NA	NA	NA	NA	NA
NA	NA	NA	NA	NA	NA	NA	NA	NA	NA	NA	NA	NA	NA	NA	NA	NA	NA	NA	NA	NA	NA	NA	NA	NA	NA	NA	NA	NA	NA	NA	NA	NA	NA	NA	NA	NA	NA	NA	NA
NA	NA	NA	NA	NA	NA	NA	NA	NA	NA	NA	NA	NA	NA	NA	NA	NA	NA	NA	NA	NA	NA	NA	NA	NA	NA	NA	NA	NA	NA	NA	NA	NA	NA	NA	NA	NA	NA	NA	NA
NA	1.10537765989113	NA	NA	NA	1.06768267208145	1.32259348720118	NA	0.917279205423044	NA	0.705767309615941	NA	NA	NA	NA	NA	1.48247162794264	NA	0.770807722861024	0.7876320669046	0.870634077574631	NA	0.436857332910247	0.451779466423618	NA	NA	NA	0.744054866254266	NA	NA	NA	0.236745632282883	NA	0.221440436302598	0.453201593250835	NA	NA	1.06673516910337	0.710468819350749	NA
NA	NA	NA	NA	NA	NA	NA	NA	NA	NA	NA	NA	NA	NA	NA	NA	NA	NA	NA	NA	NA	NA	NA	NA	NA	NA	NA	NA	NA	NA	NA	NA	NA	NA	NA	NA	NA	NA	NA	NA
NA	NA	NA	NA	NA	NA	NA	NA	NA	NA	NA	NA	NA	NA	NA	NA	NA	NA	NA	NA	NA	NA	NA	NA	NA	NA	NA	NA	NA	NA	NA	NA	NA	NA	NA	NA	NA	NA	NA	NA
1.09514423981699	0.936209332636351	NA	NA	NA	1.00512596381934	0.751020531113676	NA	0.529912812660212	0.878565268735312	0.525555073996335	0.692327010142272	1.00300514756428	0.780713619077864	0.48202147886812	1.23968562714143	1.14493526195182	0.752016440019405	0.984149368622456	0.601425025898197	NA	0.562077461974232	0.120755334366981	0.592870517669225	0.258093112111101	0.112785346907579	0.306556577355758	0.300568641336065	0.420839071614455	0.393258787951664	0.672203732822525	0.883549722776969	NA	NA	NA	NA	NA	0.517204611208446	NA	NA
NA	NA	NA	NA	NA	NA	NA	NA	NA	NA	NA	NA	NA	NA	NA	NA	NA	NA	NA	NA	NA	NA	NA	NA	NA	NA	NA	NA	NA	NA	NA	NA	NA	NA	NA	NA	NA	NA	NA	NA
NA	NA	NA	NA	NA	NA	NA	NA	NA	NA	NA	NA	NA	NA	NA	NA	NA	NA	NA	NA	NA	NA	NA	NA	NA	NA	NA	NA	NA	NA	NA	NA	NA	NA	NA	NA	NA	NA	NA	NA
NA	0.672738693460076	NA	0.639691384383365	NA	0.727351663878859	NA	1.13604435339597	0.710838338360022	NA	0.389631769076954	NA	NA	0.588035349650778	0.730626123599256	NA	NA	0.333648693193943	0.182555654293366	0.395037392244126	0.134088421511282	NA	0.174114463314738	NA	NA	NA	0.882236049116662	1.60565052989164	1.15639104765938	1.73188829778547	1.79235610320766	NA	1.25279938412788	0.279012945796861	0.41984258763687	NA	NA	1.59482998775226	0.760833072170371	NA
NA	NA	NA	NA	NA	NA	NA	NA	NA	NA	NA	NA	NA	NA	NA	NA	NA	NA	NA	NA	NA	NA	NA	NA	NA	NA	NA	NA	NA	NA	NA	NA	NA	NA	NA	NA	NA	NA	NA	NA
NA	0.877880838894704	0.78087016580334	0.601656882007978	0.807235283085334	1.16761118184328	NA	1.45918254837467	1.1990469020648	1.24562037740951	0.775907863496413	0.905323219007533	NA	1.26756851837135	0.886199761217267	NA	1.19181718580059	1.32575923633777	1.49735961382465	1.05758469724075	1.1515540333979	1.26607938984862	1.37360350887639	1.22095428774564	1.01312238440435	0.812714629073027	0.706602762727608	0.664570923040557	0.519449711390423	NA	NA	NA	0.720018363850024	0.455316252036195	1.04110632194627	NA	NA	0.339453021004359	0.368803981049031	0.456931333201084
NA	NA	NA	NA	NA	NA	NA	NA	NA	NA	NA	NA	NA	NA	NA	NA	NA	NA	NA	NA	NA	NA	NA	NA	NA	NA	NA	NA	NA	NA	NA	NA	NA	NA	NA	NA	NA	NA	NA	NA
1.07607276298078	NA	NA	1.58843399188351	1.91990054347067	0.990201226553903	NA	NA	1.08993489435375	1.57563464051341	NA	1.62454167396952	0.384157343749381	NA	0.262654917216664	NA	0.522668731515119	NA	NA	0.720108436858029	NA	NA	0.159291416382373	NA	NA	NA	NA	NA	NA	NA	0.876785240980589	1.72776070136533	0.603299338814548	NA	1.240310821147	1.71465742114619	NA	0.645813412654477	0.422111778842562	0.205747554588648
NA	NA	NA	NA	NA	NA	NA	NA	NA	NA	NA	NA	NA	NA	NA	NA	NA	NA	NA	NA	NA	NA	NA	NA	NA	NA	NA	NA	NA	NA	NA	NA	NA	NA	NA	NA	NA	NA	NA	NA
NA	NA	NA	1.17837232884207	0.618887903897938	0.943356613125547	0.807372511034367	0.671472579291316	0.467295139642865	NA	NA	NA	NA	NA	0.452815077276333	0.559386706374	0.466517608427516	0.240775027211961	NA	NA	NA	NA	NA	NA	1.21355842121344	0.98182909732584	NA	NA	NA	NA	0.976970776910897	NA	NA	0.588485330138299	NA	NA	NA	NA	0.630379867160493	0.733004564833353
NA	NA	NA	NA	NA	NA	NA	NA	NA	NA	NA	NA	NA	NA	NA	NA	NA	NA	NA	NA	NA	NA	NA	NA	NA	NA	NA	NA	NA	NA	NA	NA	NA	NA	NA	NA	NA	NA	NA	NA
NA	NA	NA	NA	NA	NA	NA	NA	NA	NA	NA	NA	NA	NA	NA	NA	NA	NA	NA	NA	NA	NA	NA	NA	NA	NA	NA	NA	NA	NA	NA	NA	NA	NA	NA	NA	NA	NA	NA	NA
NA	NA	NA	NA	NA	NA	NA	NA	NA	NA	NA	NA	NA	NA	NA	NA	NA	NA	NA	NA	NA	NA	NA	NA	NA	NA	NA	NA	NA	NA	NA	NA	NA	NA	NA	NA	NA	NA	NA	NA
NA	NA	0.806894668788088	1.91499393914873	NA	NA	NA	0.439087827427897	NA	NA	NA	NA	NA	0.492510168858768	0.362070288893163	NA	NA	NA	NA	NA	0.406846771214971	0.812048392957255	NA	NA	0.808262445612946	NA	NA	NA	NA	NA	NA	NA	NA	0.461164528858326	NA	0.386463343495679	NA	NA	0.560990554485801	NA
NA	NA	NA	NA	NA	NA	NA	NA	NA	NA	NA	NA	NA	NA	NA	NA	NA	NA	NA	NA	NA	NA	NA	NA	NA	NA	NA	NA	NA	NA	NA	NA	NA	NA	NA	NA	NA	NA	NA	NA
1.27666183067505	NA	NA	NA	NA	1.71849950365422	NA	2.05073906112228	NA	NA	1.98830593560803	NA	1.67682465992832	1.37443826528768	1.34242028662711	1.33235305487146	NA	NA	1.88842242568796	NA	0.79180135046202	1.7438679754077	1.66457642904118	NA	NA	NA	NA	NA	NA	NA	NA	NA	0.676742635843363	0.275453725267173	NA	0.461121793064857	NA	NA	NA	NA
1.19799861268808	1.702719704395	1.32268143366884	1.2555301687181	NA	NA	0.997647112149433	0.984285761807834	0.652847892382052	1.0830821235381	1.19942934617116	NA	1.08489479550078	0.310562106839284	NA	0.477778543432396	NA	0.567936325972738	0.598320526979024	NA	NA	0.397670259424897	0.259975857261638	0.724413175895016	0.504341334632905	0.600492314891288	NA	NA	NA	0.843440666751147	1.23620772053283	1.37493256689642	0.884142905713822	0.745603478083101	0.693171318452638	0.571313662489979	NA	0.648589304240693	0.642593882329954	0.680483489060127
NA	NA	NA	NA	NA	NA	NA	NA	NA	NA	NA	NA	NA	NA	NA	NA	NA	NA	NA	NA	NA	NA	NA	NA	NA	NA	NA	NA	NA	NA	NA	NA	NA	NA	NA	NA	NA	NA	NA	NA
NA	NA	NA	NA	NA	NA	NA	NA	NA	NA	NA	NA	NA	NA	NA	NA	NA	NA	NA	NA	NA	NA	NA	NA	NA	NA	NA	NA	NA	NA	NA	NA	NA	NA	NA	NA	NA	NA	NA	NA
NA	NA	NA	NA	NA	NA	NA	NA	NA	NA	NA	NA	NA	NA	NA	NA	NA	NA	NA	NA	NA	NA	NA	NA	NA	NA	NA	NA	NA	NA	NA	NA	NA	NA	NA	NA	NA	NA	NA	NA
NA	NA	2.7734700240116	2.48871726024281	2.57148557538505	2.66085166500648	1.09622433606852	1.37587522930058	1.88085073805863	2.38971980343191	NA	NA	1.33082590207776	1.49443342864548	1.23324455656038	NA	1.21445182616096	0.588311172589742	0.759485080641681	NA	2.89698742963265	2.94919365363284	0.923891409187568	NA	NA	NA	0.650591904658109	1.10067710243436	NA	NA	NA	0.565806943000326	0.434769867544763	NA	0.664306063320045	0.276857993869946	NA	NA	0.497739071435159	1.34737505046603
NA	NA	NA	NA	1.85055060740012	2.12271351491117	1.81708250969439	2.27320628932581	NA	NA	1.94116991972295	2.19351183566235	NA	NA	NA	NA	NA	2.18938566565636	NA	2.1016940197102	NA	NA	NA	NA	1.53548723949742	NA	1.2072495703971	1.86760911363697	1.78954896644539	NA	NA	NA	NA	NA	NA	NA	NA	0.423834632300327	0.455058744796477	0.745720269101538
1.2301888602849	NA	NA	0.591262434426258	0.454597521210421	0.416639065651816	0.936853942552147	NA	NA	NA	0.560937210407286	0.483614808031115	NA	0.731165760866	NA	NA	0.457911748680187	0.351847783843849	NA	0.833224319596207	0.621821082056972	NA	NA	NA	NA	NA	1.29767416740573	NA	NA	0.195883208311833	NA	0.72491722895759	NA	0.259224573576124	0.107785545601882	NA	NA	NA	NA	NA
NA	NA	1.63833338817925	NA	0.998335958058145	1.06751239329808	1.24698142699192	0.615865849640686	NA	0.825373553593302	0.41850405032275	NA	NA	NA	0.709672358706525	NA	0.306545797188183	0.464112856927782	0.649497751386169	NA	1.08323232563993	NA	NA	0.750613917995695	1.4257128578166	NA	NA	NA	NA	1.60161937833504	0.181987082328145	NA	NA	NA	NA	NA	NA	NA	NA	2.43628404517019
NA	0.426401152782215	NA	NA	0.750869308071209	0.498703178375081	0.36363473504993	0.480764644446065	0.85801737026382	NA	0.352825410283949	NA	NA	0.966298547266224	0.475600379810145	NA	NA	NA	NA	NA	0.955454456113337	NA	0.846028824517847	0.794946454435867	0.679298778625581	NA	NA	NA	NA	NA	0.805838570569332	1.03219564980825	0.89299860903453	0.842061710925459	NA	NA	NA	0.94500762894641	1.41256044449982	NA
NA	NA	NA	NA	NA	NA	NA	NA	NA	NA	NA	NA	NA	NA	NA	NA	NA	NA	NA	NA	NA	NA	NA	NA	NA	NA	NA	NA	NA	NA	NA	NA	NA	NA	NA	NA	NA	NA	NA	NA
NA	1.65334188511255	NA	NA	NA	NA	0.710098660177607	0.530297320766238	NA	NA	1.77417587907202	1.59805877195596	NA	NA	1.21207499599481	NA	1.2340281966892	0.899672217618516	NA	1.37289594262187	NA	NA	NA	NA	0.714356234541663	0.626634273559967	NA	NA	0.360500499354362	0.443024555110529	0.566297915156039	0.36099603892164	NA	0.829228846000758	0.298274122196503	NA	NA	NA	NA	0.356699007209495
NA	NA	NA	NA	NA	NA	NA	NA	NA	NA	NA	NA	NA	NA	NA	NA	NA	NA	NA	NA	NA	NA	NA	NA	NA	NA	NA	NA	NA	NA	NA	NA	NA	NA	NA	NA	NA	NA	NA	NA
NA	2.3587465215144	NA	0.325845212318744	0.434609799062362	NA	2.154416493134	1.72927623531037	NA	NA	NA	1.87519479032326	NA	1.50883046433177	1.99226890746276	NA	0.468180814168594	1.03394201685385	1.75362022484747	1.04527369304507	0.618799171089675	NA	1.13057429717874	NA	0.368577613265992	1.85296296872372	NA	0.904329811826652	0.657420367562401	0.894781650876753	NA	0.823880167012926	0.884669293120421	0.644711449728709	0.793552551955413	1.16189855482462	NA	0.494789581641052	0.431104419618832	0.1708636432886
0.714590663732488	NA	0.719767471228115	NA	0.408501050379267	1.12431597722973	1.61791491297292	NA	NA	NA	NA	NA	2.0083099627323	1.89083848138304	NA	NA	NA	0.991598158834286	1.17407369392111	0.704766645483854	NA	NA	1.45597284509982	1.37044239335032	1.34349791625805	NA	NA	NA	NA	NA	NA	NA	0.673338669990593	NA	NA	NA	NA	NA	1.12175863928559	NA
1.46921483068201	0.855707592225497	0.809271854163117	NA	0.563397889922765	0.716149264697488	1.03488326408167	0.380157395807969	1.81909186291633	1.17058511870059	0.869473778668994	1.79921641503459	0.751467624759691	1.15354264591234	NA	0.796718570164272	NA	1.5720392156913	1.40996658646764	1.09031083018739	0.887953369834659	0.873304693957869	0.202423351410557	0.223094930703675	0.616978684877291	0.370284360825177	0.314911255727413	0.433898832436536	0.305187059015724	0.241847821536449	0.270423283233312	0.460612563715449	0.4423426447162	0.525818950656497	0.446303210471437	0.427644499162676	NA	0.263791155109048	0.236297592059116	0.46500892439243
NA	NA	NA	NA	NA	NA	NA	NA	NA	NA	NA	NA	NA	NA	NA	NA	NA	NA	NA	NA	NA	NA	NA	NA	NA	NA	NA	NA	NA	NA	NA	NA	NA	NA	NA	NA	NA	NA	NA	NA
NA	NA	NA	1.47585017163438	1.22693167074945	1.15451483251615	NA	0.509448047597939	0.398209141099829	0.615771782567306	0.508879372432687	NA	NA	NA	0.0758887352463809	NA	0.36793004424122	NA	1.09470095077535	NA	0.747339803963787	0.426645360909049	0.653339353867639	NA	0.437117906289954	NA	1.0796562838683	0.629104129092376	0.778767415771568	NA	NA	NA	0.936885505245837	1.07444790366455	0.2540591421167	NA	NA	NA	1.5230574159499	NA
1.00424781915189	0.678565878143287	NA	NA	NA	0.305353068447579	0.620522530913204	0.460515873799218	0.418614533829113	0.467218257491905	NA	0.395883228993931	0.554889318786741	0.318645645831997	0.191253118609421	0.313257635349139	0.384425124038251	NA	NA	NA	NA	0.20852335517884	0.586538415031179	0.328886792548123	0.223768862659906	NA	NA	0.564595018895605	0.434736878200464	0.436620994892124	0.458322200603893	0.485531259118455	NA	NA	NA	0.541327611227365	NA	0.444324088253556	0.109974915552222	0.307768071965638
NA	1.22176041608553	1.28326294880151	NA	0.804437128238789	0.844637767602943	NA	0.908721632824946	0.448966088594882	0.893039115204683	1.08852706131613	1.06966159867766	NA	0.559000990276424	0.983659298426355	NA	NA	NA	1.11429619931355	0.65416605023665	NA	1.26106332132111	0.795181283458024	1.02558173754765	NA	0.841984296265623	NA	NA	1.00723867652437	NA	0.510675751963664	NA	0.66514027156378	NA	NA	0.532710914035569	NA	NA	0.651797092365215	NA
NA	NA	NA	NA	NA	NA	NA	NA	NA	NA	NA	NA	NA	NA	NA	NA	NA	NA	NA	NA	NA	NA	NA	NA	NA	NA	NA	NA	NA	NA	NA	NA	NA	NA	NA	NA	NA	NA	NA	NA
NA	NA	NA	NA	NA	NA	0.716503780557709	0.716274213950555	0.33215396249905	0.725089369878574	NA	0.317197541221467	NA	2.13030837854268	0.518904660615724	0.846293604118149	0.859133751161521	0.696933896466463	NA	0.626528957758987	0.420318674608243	NA	0.629722748714145	0.8289084339262	0.675626913321702	NA	0.769163282743993	1.28180276692391	NA	NA	0.559128018554849	0.167694190552263	0.239778432753281	0.266404547716665	0.263181303458757	NA	NA	0.171700846001516	0.0700274020242142	0.209492361055743
NA	NA	NA	NA	NA	0.701928865079936	0.705320396408547	0.731810099285178	NA	0.696151222415288	NA	NA	NA	1.05641717748973	NA	NA	0.799611323641028	0.668395260262741	0.690835330569398	NA	NA	0.320151480582054	0.474962757978477	NA	NA	NA	1.09442531664736	NA	NA	NA	1.69027553438433	NA	NA	NA	NA	NA	NA	NA	NA	NA
NA	NA	NA	0.803624608358765	NA	NA	NA	0.212007031516103	NA	1.47345460654299	NA	NA	NA	NA	NA	0.717196213641419	NA	1.50593464884533	1.55493862472783	NA	0.453625228342451	NA	NA	0.560602820104913	0.60278306793376	0.50587618355842	0.75387994655609	0.827478955308976	0.833152360416498	NA	NA	NA	NA	NA	0.753778625614739	NA	NA	NA	0.552004019008237	NA
NA	0.821958336081947	0.957418318974906	NA	2.09929502425487	0.363395016340523	0.964661527044149	0.851834742961226	0.260685350358648	1.17932602430795	0.336169932814036	1.38394707218346	1.41259931805887	1.52617881918552	1.92517436954296	1.69382127744755	NA	1.66000174979231	1.60201208996496	1.74350545613839	0.468725884603589	1.70339514634236	0.771102311215357	0.454751856407993	0.294733493503125	NA	1.84375040088583	0.171655108132396	NA	NA	0.961704380205188	0.532183108342391	0.757867559381187	NA	NA	0.44759852698921	NA	0.816287678452444	1.32295296313872	0.717795350750118
1.33037673922334	NA	NA	NA	NA	NA	1.23502707844126	NA	NA	1.15429234060132	NA	1.46534274699334	NA	NA	NA	NA	1.65401030330221	1.32736441298548	1.1284343951034	NA	0.818453829891716	0.607312007233845	0.393248398813348	NA	NA	NA	1.37020278008559	0.79077588630081	NA	0.350241384116889	NA	NA	0.508030432955243	NA	NA	0.60717323696807	NA	NA	NA	0.307900254042337
NA	1.75676743780993	1.3339917273477	1.35559718746638	1.85215841948256	1.99524469604234	2.13734357866694	1.9889484907787	1.67856710551957	0.696192889303098	NA	1.06907273457122	0.983851510268706	0.978851535211662	0.345523867132427	1.35533840023352	1.16475306799406	1.49642205373217	1.83756911247909	1.58584501279526	0.439217667633572	NA	0.29155353345409	0.744383455091506	0.765097093944112	0.857452341038691	1.29332422329996	0.702375023172803	1.36862258649655	1.01981531649618	NA	0.404438385524365	0.818190051521774	0.9888858574189	1.15563640750205	0.521881535794811	NA	0.686102623535988	0.617427673835134	1.05073429822699
NA	NA	NA	NA	NA	NA	NA	NA	NA	NA	NA	NA	NA	NA	NA	NA	NA	NA	NA	NA	NA	NA	NA	NA	NA	NA	NA	NA	NA	NA	NA	NA	NA	NA	NA	NA	NA	NA	NA	NA
NA	NA	NA	NA	NA	NA	NA	NA	NA	NA	NA	NA	NA	NA	NA	NA	NA	NA	NA	NA	NA	NA	NA	NA	NA	NA	NA	NA	NA	NA	NA	NA	NA	NA	NA	NA	NA	NA	NA	NA
NA	NA	NA	NA	NA	NA	NA	NA	NA	NA	NA	NA	NA	NA	NA	NA	NA	NA	NA	NA	NA	NA	NA	NA	NA	NA	NA	NA	NA	NA	NA	NA	NA	NA	NA	NA	NA	NA	NA	NA
NA	NA	2.40505539574749	NA	NA	NA	NA	1.85308228672364	2.14867433676251	NA	2.27521460286103	NA	NA	NA	NA	1.80860100195699	1.89309059933832	1.68567045317341	NA	NA	NA	1.69666293514498	NA	1.67659642552838	NA	0.917209874120551	0.880152987401847	1.04943873638369	NA	NA	1.19850643018722	0.653504934686748	NA	0.696878601590944	NA	NA	NA	0.740490587717149	0.267001886239566	NA
1.13845286248447	NA	NA	NA	NA	1.2529254132124	NA	1.46863023151265	NA	1.12377763473388	NA	1.65282776815275	1.66832999353257	NA	NA	1.50627054879455	1.6780485494132	1.92239981753188	1.62249020218969	1.39041061362067	1.67406174486839	NA	NA	1.37055519237117	NA	NA	0.871959905261259	NA	NA	NA	0.794627974515741	NA	0.834648184676455	0.41441506115548	0.382893208367281	0.266042042443548	NA	NA	0.396372975352738	0.402366162771047
NA	NA	NA	NA	NA	NA	NA	NA	NA	NA	NA	NA	NA	NA	NA	NA	NA	NA	NA	NA	NA	NA	NA	NA	NA	NA	NA	NA	NA	NA	NA	NA	NA	NA	NA	NA	NA	NA	NA	NA
NA	1.12315068902547	NA	NA	NA	1.52464253313276	NA	1.77894808775421	1.44418279318094	NA	NA	0.219181393576629	NA	NA	0.446964568736732	NA	NA	0.647767670460784	NA	1.43451013176704	0.818779847637105	1.06638761123533	0.681190093987584	0.617958210541218	0.558774148567245	1.10540127716874	NA	0.616835400447098	0.872523041280741	0.551198883028214	0.501202274631759	NA	1.11938969393253	NA	NA	0.320910360817295	NA	0.25345608633931	0.191980462450012	NA
NA	NA	NA	NA	NA	NA	NA	NA	NA	NA	NA	NA	NA	NA	NA	NA	NA	NA	NA	NA	NA	NA	NA	NA	NA	NA	NA	NA	NA	NA	NA	NA	NA	NA	NA	NA	NA	NA	NA	NA
NA	NA	NA	NA	NA	NA	NA	NA	NA	NA	NA	NA	NA	NA	NA	NA	NA	NA	NA	NA	NA	NA	NA	NA	NA	NA	NA	NA	NA	NA	NA	NA	NA	NA	NA	NA	NA	NA	NA	NA
NA	NA	NA	NA	NA	NA	NA	NA	NA	NA	NA	NA	NA	NA	NA	NA	NA	NA	NA	NA	NA	NA	NA	NA	NA	NA	NA	NA	NA	NA	NA	NA	NA	NA	NA	NA	NA	NA	NA	NA
NA	NA	NA	NA	NA	NA	NA	1.19011002270323	1.2660036618818	1.18737538058849	NA	0.799234121684842	NA	0.945263069814405	1.11096924724062	NA	1.28596612827763	NA	1.42672466786828	NA	0.607283735434642	NA	0.683001059736756	0.524662085006301	NA	0.701603851496795	0.815538297469082	0.534846357015459	NA	0.754104003193051	NA	NA	NA	0.498475195760215	NA	0.282876318836797	NA	NA	0.633746029949277	NA
NA	NA	NA	NA	NA	NA	NA	NA	NA	NA	NA	NA	NA	NA	NA	NA	NA	NA	NA	NA	NA	NA	NA	NA	NA	NA	NA	NA	NA	NA	NA	NA	NA	NA	NA	NA	NA	NA	NA	NA
NA	NA	NA	NA	NA	NA	NA	NA	NA	NA	NA	NA	NA	NA	NA	NA	NA	NA	NA	NA	NA	NA	NA	NA	NA	NA	NA	NA	NA	NA	NA	NA	NA	NA	NA	NA	NA	NA	NA	NA
NA	NA	NA	NA	NA	NA	NA	NA	NA	NA	NA	NA	NA	NA	NA	NA	NA	NA	NA	NA	NA	NA	NA	NA	NA	NA	NA	NA	NA	NA	NA	NA	NA	NA	NA	NA	NA	NA	NA	NA
NA	2.46141159016218	NA	NA	NA	NA	NA	NA	NA	NA	3.34563633320696	NA	NA	NA	NA	3.05311569099636	2.85296246136541	NA	NA	1.25859195546731	2.63984656429648	NA	NA	NA	1.67117735889644	1.19950854664986	NA	NA	0.525352414351153	1.10064310951116	0.701668552685335	1.04523631443782	NA	0.910897979731022	NA	1.16519027133768	NA	1.16669183046597	NA	NA
NA	NA	1.9369834450621	NA	NA	0.608579269507923	NA	0.886082792550993	NA	NA	0.699688905357406	1.69484415476926	1.49744738390465	NA	NA	NA	NA	1.16956528748838	1.91223172371267	NA	1.09754190858099	NA	NA	NA	NA	NA	NA	NA	NA	0.580339348342614	1.80699959627024	NA	NA	NA	NA	NA	NA	1.65333034017941	NA	NA
NA	NA	NA	NA	NA	NA	NA	NA	NA	NA	NA	NA	NA	NA	NA	NA	NA	NA	NA	NA	NA	NA	NA	NA	NA	NA	NA	NA	NA	NA	NA	NA	NA	NA	NA	NA	NA	NA	NA	NA
NA	NA	NA	NA	NA	NA	NA	NA	NA	NA	NA	NA	NA	NA	NA	NA	NA	NA	NA	NA	NA	NA	NA	NA	NA	NA	NA	NA	NA	NA	NA	NA	NA	NA	NA	NA	NA	NA	NA	NA
NA	NA	NA	NA	NA	NA	1.18234962309925	NA	NA	1.88800708598029	1.33939776645543	1.78112098797302	NA	NA	NA	NA	1.77070913381704	NA	NA	0.797755052860613	1.03196464075894	NA	NA	NA	NA	0.185799414128596	NA	0.770328738094301	0.313900787994936	0.703714352534242	NA	NA	0.102317973858534	NA	0.544631818345863	NA	NA	NA	NA	0.348086257022431
NA	NA	NA	NA	NA	NA	NA	NA	NA	NA	NA	NA	NA	NA	NA	NA	1.52540102208287	NA	1.19606233578355	1.09268364804667	NA	0.759637996158977	0.806978196291943	0.524055603866528	0.520391935964744	NA	NA	NA	0.969438597548125	NA	NA	0.520988111086219	0.842093595696034	0.236747180244733	NA	NA	NA	NA	0.495858255949604	NA
2.07447818143924	NA	NA	NA	2.23980743211825	NA	1.65140733595639	NA	1.34343054051178	1.41729344962338	1.34207874859351	NA	1.32621351282489	1.38743841631774	1.31185860991478	1.29983177947933	0.90833083870535	1.16487004570789	1.16869615875602	1.20291468474695	NA	1.30173796815813	0.7965131372325	0.417443552269575	0.796929268180124	NA	NA	NA	0.593299717891173	NA	NA	0.285850590815695	0.430742896800518	2.4107190381493	0.958769275604216	NA	NA	0.751834501787435	NA	0.602861619961491
NA	NA	NA	1.65816157110677	1.26075744279262	0.749177093603063	NA	NA	0.800193630444174	NA	NA	0.802989090450513	0.654219073605606	1.30002340849925	0.982256294478186	1.15511889586285	1.11531967034976	1.04384819129725	1.62282243500157	0.907181267424434	NA	NA	0.211598732914528	0.580378766926232	0.492580104718518	0.17145117587818	NA	0.701200435225035	1.15649991570978	1.32588899641951	NA	NA	0.738958982692079	NA	0.265030160034987	NA	NA	NA	0.528478239487162	0.558187639763149
NA	1.19908396338912	NA	0.841242041231048	NA	NA	NA	1.15188962738053	NA	1.02181777437245	0.56874083398445	1.89198247716735	NA	NA	NA	NA	1.71827173358736	1.6580276361773	NA	NA	1.00848177779259	1.4127822967545	NA	1.71008720720314	1.56323481512311	1.63185706410622	1.37556822730782	1.23191261471291	NA	NA	1.15201218387103	NA	1.38547320213511	1.22232110089839	0.976398118284073	1.17662994896303	NA	NA	1.3251485288685	0.263616673970078
2.03737018927009	NA	NA	NA	NA	NA	NA	1.31189677455239	1.4732639138656	1.83656656213008	NA	NA	NA	1.43528778704791	1.59868023686688	1.64718830891368	NA	1.64249384988693	1.50179379538688	NA	NA	1.75018623172254	1.56939862026204	0.536511529886666	NA	2.44044065322489	NA	NA	NA	0.539220655083313	0.194067710308161	1.5309488829934	1.83138014534465	NA	NA	NA	NA	1.07359270212381	NA	NA
NA	NA	0.425840577998725	NA	NA	NA	1.36970051681892	0.56031415501046	0.452343538226493	0.368791748296247	0.428997588698507	0.569525513515616	NA	0.88303490907374	0.993811717630762	NA	0.71006327636158	0.514003338464101	NA	NA	NA	0.605847662714234	0.425422918086365	NA	1.0602648124803	NA	NA	0.748630274916919	0.674108540046904	NA	0.355575251397455	NA	NA	0.777469535594133	NA	NA	NA	0.56774037025386	1.35008751619655	1.72515250604069
1.0084225087184	1.82058700949814	NA	1.30214577907144	NA	NA	1.49327911445698	1.19488893008585	1.55916776071551	NA	NA	NA	NA	0.949197530276993	NA	1.38574691172102	1.49692614451968	1.39209014840297	2.07058030803621	NA	NA	1.20308541817814	0.788573769574168	2.0805874401599	1.53582459522772	1.47894618743152	1.37371278569179	0.635454919714272	NA	NA	NA	1.89725096625087	NA	1.92646611302164	1.61228804438301	NA	NA	NA	0.392801387576375	0.615644497983295
NA	NA	NA	NA	NA	NA	NA	NA	NA	NA	NA	NA	NA	NA	NA	NA	NA	NA	NA	NA	NA	NA	NA	NA	NA	NA	NA	NA	NA	NA	NA	NA	NA	NA	NA	NA	NA	NA	NA	NA
NA	0.613946389498813	NA	0.651090224845137	0.695915892679006	1.41921163412645	NA	1.50827423009042	1.33519795038956	NA	1.12746961218848	NA	1.40719782114137	1.19517511514728	NA	NA	NA	1.30278812312674	NA	0.987619117641642	NA	1.29101350751937	0.686055411930189	0.731139493356516	0.802519286303565	NA	0.961380920646458	NA	1.27523573225601	2.07269802832349	2.17780762497839	1.99796520635069	0.82355463964249	0.605905073635663	0.47478846118149	0.393953990108087	NA	NA	0.951582072704355	0.430777877138505
1.4949504994885	1.90449215133965	1.65015256569128	NA	1.74042093110593	1.16268646049284	NA	1.2120871878605	1.18668547107851	NA	1.36326268503483	1.46043900759044	1.95503238616356	NA	NA	1.8391997340995	1.58036915861111	1.63579054127928	NA	1.40827119961293	NA	1.02764683106302	NA	0.797169286397185	0.663656418858077	0.713963249571981	NA	0.584914087489797	0.642647566382685	0.483441482830699	0.353021226152924	NA	NA	NA	NA	0.490964880050253	NA	0.943666032186944	0.727056635556628	0.850344227594968
NA	NA	NA	NA	NA	NA	NA	NA	NA	NA	NA	NA	NA	NA	NA	NA	NA	NA	NA	NA	NA	NA	NA	NA	NA	NA	NA	NA	NA	NA	NA	NA	NA	NA	NA	NA	NA	NA	NA	NA
0.913635097231541	NA	NA	NA	NA	0.801499442111174	0.661161723688169	NA	0.302228679570195	0.451779877801301	0.663055637466024	NA	NA	0.871175394075263	0.608166460675313	NA	0.165428580710666	0.967690625369969	NA	NA	0.595141814158455	0.260756073456664	0.915144511135443	NA	0.742157762807362	NA	NA	NA	1.35953327134935	NA	NA	0.871400386973561	0.474318269752944	NA	NA	0.696147227737963	NA	0.306576946497353	0.957040865684795	NA
NA	NA	NA	NA	NA	NA	NA	NA	NA	NA	NA	NA	NA	NA	NA	NA	NA	NA	NA	NA	NA	NA	NA	NA	NA	NA	NA	NA	NA	NA	NA	NA	NA	NA	NA	NA	NA	NA	NA	NA
NA	NA	NA	NA	NA	NA	NA	NA	NA	NA	NA	NA	NA	NA	NA	NA	NA	NA	NA	NA	NA	NA	NA	NA	NA	NA	NA	NA	NA	NA	NA	NA	NA	NA	NA	NA	NA	NA	NA	NA
NA	1.02385244617626	1.30273231238672	NA	1.49564901614207	NA	NA	NA	NA	NA	NA	NA	NA	0.536296961068315	0.449212540448581	NA	NA	NA	NA	NA	NA	NA	NA	NA	NA	NA	NA	NA	NA	0.532762366092521	NA	NA	0.642618807621685	NA	NA	NA	NA	0.293846044248072	NA	0.445539567334047
1.25747005378633	1.40218927654046	1.28158865959995	NA	0.780036769853242	1.34270851678092	0.596816111607325	NA	0.51318039677665	NA	NA	NA	NA	NA	1.25236345974613	1.07313144694612	NA	NA	NA	NA	NA	0.904466926340356	NA	NA	0.256215160778561	1.86151511943392	0.695346643649459	NA	NA	0.349206151679858	NA	NA	NA	NA	NA	0.294457462519285	NA	NA	NA	1.41262860703917
NA	NA	NA	NA	NA	NA	NA	NA	NA	NA	NA	NA	NA	NA	NA	NA	NA	NA	NA	NA	NA	NA	NA	NA	NA	NA	NA	NA	NA	NA	NA	NA	NA	NA	NA	NA	NA	NA	NA	NA
NA	NA	NA	NA	NA	NA	NA	NA	NA	NA	NA	NA	NA	NA	NA	NA	NA	NA	NA	NA	NA	NA	NA	NA	NA	NA	NA	NA	NA	NA	NA	NA	NA	NA	NA	NA	NA	NA	NA	NA
NA	NA	NA	NA	NA	NA	NA	NA	NA	NA	NA	NA	NA	NA	NA	NA	NA	NA	NA	NA	NA	NA	NA	NA	NA	NA	NA	NA	NA	NA	NA	NA	NA	NA	NA	NA	NA	NA	NA	NA
NA	2.6432080527437	NA	NA	NA	NA	2.6304827151554	NA	2.48506044702351	NA	2.17186524585633	NA	2.55372833969602	NA	1.79871195798282	NA	NA	2.42221607966545	NA	NA	NA	NA	NA	1.42991209073008	NA	NA	NA	0.748011050674755	0.983307839152813	0.725787336290779	0.563010826891796	2.1546271765802	0.316239872935362	0.387745551299896	1.183336946379	NA	NA	0.389514104009541	NA	0.266473999167469
0.896363670406836	NA	NA	NA	NA	NA	NA	1.37018736429634	1.62238301148352	NA	NA	NA	1.80938116059497	1.57519645841607	NA	NA	NA	NA	1.89323020619408	1.49129990117506	0.842305567186401	0.51773090091247	0.893380461796026	NA	0.718590953341735	0.671890153855337	NA	NA	0.602764292692047	0.157116971786798	NA	NA	NA	NA	NA	NA	NA	0.519686014115413	1.19525966646767	0.534356623088336
NA	NA	1.97942260378122	NA	NA	1.12418325363222	1.0365729356916	0.976127476217969	NA	0.919706735535863	NA	1.10011069849802	NA	0.621670632677831	0.616680085181267	NA	NA	NA	0.717822769492915	0.492579279896864	NA	0.759700162487979	0.72382870424749	0.617843034344638	0.893664782543084	NA	NA	NA	1.54303564613721	0.952252130225599	1.24469922941049	NA	NA	NA	NA	NA	NA	0.5964518111918	0.568714050121271	NA
2.83269818742896	NA	NA	NA	NA	NA	NA	2.59675668640786	2.6960872810182	2.72558145784087	2.86896684804585	NA	NA	NA	2.2850815791816	NA	2.65121914067365	NA	NA	1.83449864465269	NA	NA	NA	NA	2.46450064447287	NA	NA	0.58781621481432	NA	1.60696178759594	1.18698637880067	0.93471875993721	0.389034169077891	NA	0.459544568065596	NA	NA	NA	0.50558290575783	0.552040282847211
1.83944943201236	1.54464160138051	NA	NA	1.55301543689831	NA	NA	1.62429627537538	1.20323060938831	NA	1.25150301825005	0.84506116775891	1.76106344922377	1.13431469117641	NA	NA	0.876588015852687	0.955248390564175	NA	1.025547394347	0.958530111681584	1.06534775085678	NA	1.15303722736039	NA	NA	1.40423592814675	1.41949545259226	0.584684589367072	NA	0.563334457403264	0.744796806037095	1.10484157431583	NA	0.506384981345698	NA	NA	0.597790320788456	0.599786189664603	NA
0.991664311708224	NA	1.34649463769116	NA	NA	NA	NA	1.82037510494629	NA	NA	NA	NA	NA	NA	1.39646367312261	NA	1.50388583171083	NA	NA	NA	0.916930408606994	0.97103657440186	NA	NA	NA	NA	NA	NA	1.65168590646872	1.39619097433784	NA	NA	NA	1.01117158198456	NA	NA	NA	0.821743640034592	0.618948102164377	0.569741184196661
NA	1.28052754311922	NA	NA	NA	NA	1.59125376175282	NA	NA	1.65760749002682	NA	1.41077255788689	1.49563173374723	1.58882259237797	1.01474776209702	NA	NA	1.16723428950522	NA	0.865604524467095	1.58728183581691	1.24371848381791	1.5527757467728	NA	0.94920013591097	NA	NA	1.16449213498973	0.893816168547997	NA	NA	NA	0.616842804095836	0.489361534844961	NA	NA	NA	0.28311233524991	0.485203748770647	NA
NA	1.21178299731845	1.1573585161424	1.93621072158864	1.94519773332199	2.06480073001073	0.982260501497023	0.578317542312284	0.734452640760866	0.403651311563277	NA	0.732647977969053	1.04505308042303	1.73135487472229	0.919428504778873	NA	1.41437641266445	0.456118680730805	0.435604274067152	0.62952180067999	NA	0.700683526766289	1.41130987840401	1.56747023616823	1.68825866877155	NA	NA	0.879727647908468	NA	NA	NA	0.867484039287474	0.782442702189718	0.263839563837557	0.348555503461385	1.81668532435373	NA	1.03009413155017	0.162780783628856	NA
1.14487724215203	1.10181625938705	0.922003324349549	0.873761015747673	0.232986189833481	NA	NA	NA	0.668474665403231	0.39091476452739	0.411616264402679	0.871432128913591	0.518468782673156	0.758644875831287	0.502750718169181	NA	0.49023880463628	NA	0.351597929184459	0.690351898163128	0.824868094737396	0.302840317557289	0.251554545391858	1.06046955688237	NA	0.747647157892823	0.836983143831911	1.34576771712053	1.2415895673572	0.942838490534721	NA	NA	NA	1.55284346479711	1.67306346274735	NA	NA	1.32923024346992	0.865150357834988	0.356256486912141
NA	NA	0.944675076580112	NA	1.31114741086203	1.62827807953156	1.65200733018563	0.726667795943319	1.91149213918501	NA	2.5279350009327	2.05693675469511	NA	NA	2.13389784919455	NA	1.88367567823671	2.33507915506256	2.35861766320367	NA	NA	2.35224801804833	1.46923645114154	0.926413758098894	0.728531826559821	1.1428228425334	NA	0.268632814640667	1.1413341101798	NA	NA	0.438969993273384	0.600358811802222	0.755628193610767	0.453923377160985	NA	NA	0.0935737938382676	0.279749918308932	NA
0.280968545861062	0.557214348367395	0.270838290469675	0.428749557304937	0.230527975316999	NA	NA	NA	2.09379241799028	NA	1.00875475890083	0.95917894507592	NA	0.989192262713081	1.63547642858937	2.20013974151445	1.26377771595931	1.56749514892008	1.15525150389659	1.10380642064001	NA	1.11331123867723	1.56164195584604	1.63277935258462	1.432583500642	NA	NA	NA	NA	NA	0.365921232968034	NA	0.994736931274621	0.767325971915824	0.772822640153225	0.516001308662067	NA	1.11877283896996	0.77748692235306	NA
NA	NA	0.74926214859288	NA	NA	2.17774236036664	NA	NA	NA	0.799505407104566	1.21778798011683	NA	NA	1.42663198025601	1.22211896758918	0.726310370066286	1.3096078624621	NA	0.852266033220554	0.645350463325294	NA	NA	NA	0.439715369886511	NA	0.390377643166405	NA	0.801761298241985	NA	1.66787730586715	1.74819375467188	NA	NA	NA	NA	NA	NA	NA	NA	1.13090249420001
NA	NA	NA	NA	NA	NA	NA	NA	NA	NA	NA	NA	NA	NA	NA	NA	NA	NA	NA	NA	NA	NA	NA	NA	NA	NA	NA	NA	NA	NA	NA	NA	NA	NA	NA	NA	NA	NA	NA	NA
NA	NA	NA	NA	NA	NA	NA	NA	NA	NA	NA	NA	NA	NA	NA	NA	NA	NA	NA	NA	NA	NA	NA	NA	NA	NA	NA	NA	NA	NA	NA	NA	NA	NA	NA	NA	NA	NA	NA	NA
NA	NA	NA	NA	1.41572865595892	NA	NA	NA	NA	NA	NA	1.41467520382183	NA	NA	1.08181763285765	NA	1.31415737679514	NA	NA	NA	NA	NA	NA	NA	NA	NA	0.849757010709913	NA	NA	0.955195985699394	0.771426987777255	0.776287187974125	0.604337393761245	0.285495172920116	0.280863280736225	0.397285194732118	NA	NA	1.02005943714232	0.952949848768075
1.41750258821128	1.24726521125438	NA	1.1762707387873	NA	NA	NA	NA	1.0794757447402	NA	NA	NA	NA	0.452951607066132	NA	NA	0.688071122151592	NA	NA	NA	NA	0.348313764611368	NA	0.432833849549726	0.315628575275814	NA	NA	0.759223314253487	0.211758547244885	0.790702802547081	0.593002803480944	0.509542116934319	0.562642419953037	NA	NA	0.541104957984323	NA	NA	0.548294982484371	NA
NA	NA	NA	NA	NA	NA	NA	NA	NA	NA	NA	NA	NA	NA	NA	NA	NA	NA	NA	NA	NA	NA	NA	NA	NA	NA	NA	NA	NA	NA	NA	NA	NA	NA	NA	NA	NA	NA	NA	NA
NA	NA	NA	NA	NA	NA	NA	NA	NA	NA	NA	NA	NA	NA	NA	NA	NA	NA	NA	NA	NA	NA	NA	NA	NA	NA	NA	NA	NA	NA	NA	NA	NA	NA	NA	NA	NA	NA	NA	NA
NA	NA	1.50794191314801	NA	NA	1.61801650427651	NA	NA	NA	NA	NA	NA	NA	NA	NA	NA	0.81858693495332	NA	0.836674593497986	NA	NA	NA	NA	NA	NA	NA	NA	NA	NA	0.575222911201514	1.15535708918689	0.606564869362155	NA	0.720159228951363	0.39532363890793	0.265695988232254	NA	NA	0.632774498247711	NA
NA	NA	1.34529273668538	NA	NA	NA	NA	NA	0.511721809966151	NA	0.340399757912822	0.753453687486095	NA	NA	NA	1.07181311765102	NA	0.705898386453959	0.741248029449683	NA	NA	NA	1.57568320897799	NA	NA	0.650944162787336	NA	NA	0.137907301596254	NA	NA	0.888980146043555	NA	NA	NA	0.393173222988719	NA	0.275788138130078	0.302035271237197	NA
NA	NA	0.613440537572443	0.751447484862958	NA	0.848553281531587	1.05485568336538	NA	NA	NA	0.635407685740866	0.72037624617242	NA	0.191418821770571	0.372734596370973	NA	0.446309375892805	0.320696991423143	NA	0.934091180224771	0.551107152468234	0.967998325568649	0.334842121540513	0.796122480374329	1.30648813420876	NA	NA	0.258374127629696	NA	0.330116802564927	NA	0.476451036267402	0.651573852907533	0.461170205857421	0.622652648236211	0.415175691195578	NA	0.57049189827111	NA	0.221708910212598
NA	NA	NA	NA	NA	NA	NA	NA	NA	NA	NA	NA	NA	NA	NA	NA	NA	NA	NA	NA	NA	NA	NA	NA	NA	NA	NA	NA	NA	NA	NA	NA	NA	NA	NA	NA	NA	NA	NA	NA
1.36584997365718	NA	NA	0.738934221053182	NA	NA	0.764525266512279	1.17676464454574	NA	NA	0.885094140875514	NA	1.48469216353844	NA	NA	NA	NA	1.22609059904507	NA	0.826367005602431	0.802703099250718	1.47649585972798	NA	NA	0.668980333148018	0.540755482098962	0.487261544973644	0.461232462584407	0.571857804691575	0.491413186081713	0.828616459036412	NA	NA	0.597555155805343	0.422496197811832	NA	NA	1.38945382059176	0.331561939370254	1.61997882280886
NA	0.324352489921829	NA	NA	NA	NA	NA	NA	NA	NA	0.72724684790705	NA	NA	NA	NA	NA	NA	1.24639543408213	NA	NA	1.02315227261431	NA	NA	NA	NA	NA	NA	NA	0.658237273893714	0.483098177328804	NA	0.0651882814472499	NA	0.873800856605299	NA	0.650372999540845	NA	0.40177589934633	0.306332757625506	0.415685981819782
NA	NA	NA	NA	NA	NA	NA	NA	2.9666806132465	NA	3.09273755507525	3.22433700174619	2.82035682592754	3.08016710823236	NA	NA	NA	NA	3.11754506918803	NA	2.06737378676414	NA	NA	NA	1.80953892317219	NA	1.09907958043092	NA	0.849228412817121	NA	NA	NA	NA	0.762080691582096	NA	0.638193920677315	NA	NA	0.552350090993714	0.506430253157181
NA	NA	NA	1.33381227392052	NA	NA	NA	1.45763735541291	1.39258036044386	NA	1.32899902281948	1.41592765661833	NA	NA	1.71164183856778	1.78835689155732	1.61442165419596	1.41369642843049	NA	NA	0.75392001746076	0.817519346248274	0.705566799827897	0.796577505948521	0.917019716378549	0.706180621404467	NA	NA	0.772975157747056	1.00788577853652	NA	NA	0.838035987271486	0.745788497722998	NA	0.222349723911475	NA	0.230407603561637	0.839441162333893	0.39158220489414
NA	NA	NA	NA	NA	NA	NA	NA	NA	NA	NA	NA	NA	NA	NA	NA	NA	NA	NA	NA	NA	NA	NA	NA	NA	NA	NA	NA	NA	NA	NA	NA	NA	NA	NA	NA	NA	NA	NA	NA
1.07751858313948	0.904121006103294	0.803498689640335	NA	NA	NA	NA	NA	1.04947910666785	NA	1.48635235996689	0.916657879104166	1.17753611663667	1.03897468072432	0.944811725796987	0.90352785037929	1.0449292735861	1.19759545400616	NA	0.620487053264587	NA	0.799795720762289	1.16568117217431	NA	1.02762093308489	NA	0.985828083036529	1.08633051508117	0.922476758458851	NA	NA	0.808492807544906	0.697769530967679	0.535612415557305	0.500844569900207	NA	NA	NA	0.489107833196661	0.257352652346141
NA	NA	2.09043260814188	NA	NA	NA	1.96401477803438	NA	1.60738197501726	1.84934329552321	NA	2.28341726338531	NA	2.07870056597491	2.52675907738608	2.74772136684127	2.90143350291455	2.82594044710849	NA	2.2997877921472	NA	NA	1.80726410861917	1.50996824467048	NA	NA	NA	NA	1.15937160629072	0.815055960724353	1.03233301547215	0.94546464091958	2.71048268965594	NA	NA	NA	NA	NA	NA	0.674745097919993
NA	NA	NA	NA	NA	NA	NA	NA	NA	NA	NA	NA	NA	NA	NA	NA	NA	NA	NA	NA	NA	NA	NA	NA	NA	NA	NA	NA	NA	NA	NA	NA	NA	NA	NA	NA	NA	NA	NA	NA
NA	NA	NA	NA	NA	NA	NA	NA	NA	NA	NA	NA	NA	NA	NA	NA	NA	NA	NA	NA	NA	NA	NA	NA	NA	NA	NA	NA	NA	NA	NA	NA	NA	NA	NA	NA	NA	NA	NA	NA
NA	1.61546700213323	NA	NA	NA	1.18671876821535	1.56046824231404	1.42198418941875	NA	NA	1.73858102844659	1.55959385571433	NA	1.5011488549244	1.02710572679804	NA	1.15685649005535	1.14798731249605	0.951311414440009	0.903649526764878	1.0313281339274	NA	0.868643902139499	0.346117834932318	0.479342443217815	NA	0.732023390197876	0.545795700460136	1.22193036224574	0.424574562217826	0.340213399798716	NA	1.11024987692477	0.224152113250098	NA	NA	NA	NA	0.613903653161893	0.479115606628959
NA	1.32784490270792	NA	NA	NA	NA	2.07952852238156	1.70036231691063	NA	2.09883352848246	NA	NA	NA	NA	0.383697646960728	NA	0.669527379736038	NA	1.37879251138798	NA	1.65152372117388	0.566271087874645	NA	1.18049201832184	NA	NA	NA	1.31616612773802	0.878814048818622	1.47846096781809	NA	NA	0.489749218737146	1.53356456125622	1.62019839308977	NA	NA	1.99868551399407	1.95430960376676	0.98952182639019
2.29052600911949	0.241747817527603	NA	0.715426243486879	NA	0.742455805701584	1.21622213111317	NA	NA	1.52254273682337	1.19791463684039	2.04486211546265	1.83346811207494	1.69721208353891	0.584760212974225	1.24060218620387	1.77244542825594	NA	1.24295934921372	0.740075777400536	0.841656111598833	0.454993517937044	1.19540057390175	0.429838412564758	0.646865734302285	0.504246056509958	0.849384388665968	0.486234449993742	0.492481558461054	NA	1.10347981157952	1.42188486428428	NA	1.14110714218574	1.1085978181282	0.944712466388177	NA	NA	1.49107426390081	1.43602043259389
NA	NA	1.72909790495979	2.61956357574374	NA	1.79729680646099	1.71720747649889	1.731660179673	1.66633627235728	0.966680103246894	NA	1.3550554527943	1.41361409170571	1.41253751023378	1.24942330419688	NA	NA	0.777814580544	NA	NA	NA	1.09703260209374	0.752366637885384	1.10918018010344	NA	0.960022554776905	NA	NA	NA	1.06734987025299	NA	NA	NA	NA	NA	NA	NA	1.07225999287515	0.972098525971516	0.181220579664568
1.2183309708142	1.69068797399065	NA	2.18537379432413	1.77705656311759	NA	1.14332314883293	1.37847219684715	1.81820706671141	NA	1.61515815074697	1.31393855812934	NA	1.83505198895939	NA	1.4617133410001	1.50262761125097	1.5141982871974	2.59543937879598	1.93909016916895	NA	2.49016096769463	2.01605619472929	1.97831617024641	2.23659521708286	NA	NA	NA	1.89576580801889	2.0845600009681	1.71576718036834	1.59564835593865	1.61340572063753	1.33939672957564	1.33864002299841	1.22279804664757	NA	1.74343368235491	1.70517285753075	1.90403004328379
NA	1.40003371177862	NA	NA	NA	1.20707425148268	0.661061329244275	0.721039420437522	0.695061378345536	NA	0.835712814239823	0.852300276139023	0.546014991460091	1.58547293387299	0.940931856787867	NA	1.17040924913321	NA	NA	0.47767305809642	0.545598811602366	NA	0.358064474294096	0.316149465057802	1.08061943351299	1.04777209489696	NA	NA	0.495046459867259	0.302412537620707	NA	0.616391222760311	0.452819294002131	NA	NA	NA	NA	0.32374228347234	0.385936490608336	0.542691089881509
NA	0.736084591803678	NA	NA	NA	NA	NA	NA	1.0325481455463	NA	NA	1.08695100784152	NA	0.431727656259479	1.39786009522	NA	0.545140468181958	0.629121153501137	0.68444069395382	NA	NA	NA	NA	0.644762251238833	NA	NA	NA	NA	NA	NA	NA	1.32243600398407	0.497055487133792	1.28944494888544	0.780300701514093	NA	NA	0.714195485199594	0.666417295876576	NA
2.16346895634462	NA	NA	2.10770276928883	2.07953759108922	2.03121035527329	2.04863126044807	1.78928882649484	NA	1.69420499587743	NA	1.72572763636665	1.99935061460524	2.32302818544693	2.51488390058947	2.22601233647018	1.08736103221117	2.01834744238868	1.86761430783141	NA	0.592707399770898	1.29694539789491	NA	0.596567948912755	1.64188868645161	1.97344453142291	0.236289424715479	NA	0.46514287641977	1.74556512566924	0.313228697757892	0.710878020673973	0.714011626499651	1.69417153766254	1.52571772737314	0.689090140246355	NA	0.533370430163416	1.27402257570394	1.18620352195739
1.47464323090114	NA	NA	NA	1.35562190331021	NA	NA	NA	0.942284568089918	NA	NA	1.28505057396239	1.07665124469231	NA	NA	NA	0.933405411707262	0.958108192497278	NA	1.92098639227529	1.04458351275927	1.43823999606174	NA	1.09307833111837	NA	1.06192591923999	1.19551943779748	1.34212797497452	NA	0.69560355532102	NA	NA	NA	NA	NA	NA	NA	NA	0.255279860935478	NA
NA	NA	NA	NA	NA	NA	NA	NA	NA	NA	NA	NA	NA	NA	NA	NA	NA	NA	NA	NA	NA	NA	NA	NA	NA	NA	NA	NA	NA	NA	NA	NA	NA	NA	NA	NA	NA	NA	NA	NA
NA	NA	NA	NA	NA	NA	NA	NA	NA	NA	NA	NA	NA	NA	NA	NA	NA	NA	NA	NA	NA	NA	NA	NA	NA	NA	NA	NA	NA	NA	NA	NA	NA	NA	NA	NA	NA	NA	NA	NA
NA	NA	NA	NA	NA	NA	NA	NA	NA	NA	NA	NA	NA	NA	NA	NA	NA	NA	NA	NA	NA	NA	NA	NA	NA	NA	NA	NA	NA	NA	NA	NA	NA	NA	NA	NA	NA	NA	NA	NA
NA	NA	NA	NA	NA	NA	NA	NA	NA	NA	NA	NA	NA	NA	NA	NA	NA	NA	NA	NA	NA	NA	NA	NA	NA	NA	NA	NA	NA	NA	NA	NA	NA	NA	NA	NA	NA	NA	NA	NA
NA	NA	NA	NA	NA	NA	NA	NA	NA	NA	NA	NA	NA	NA	NA	NA	NA	NA	NA	NA	NA	NA	NA	NA	NA	NA	NA	NA	NA	NA	NA	NA	NA	NA	NA	NA	NA	NA	NA	NA
0.62949094165814	1.04754710100541	0.599391880744067	1.05852745236182	0.225701087971416	0.458486770403118	0.765264024945986	0.48939719105142	NA	0.630069875465916	0.554711928181455	0.335071573295426	0.71693616789517	NA	NA	0.537634258969721	0.558143740690068	NA	0.192846004074708	0.242823895700774	0.570039006455862	0.639773498462125	0.84534229424509	NA	NA	NA	NA	NA	0.874849036081694	0.739670363281331	NA	NA	NA	1.03973189270968	0.998992708102378	NA	NA	0.722910254884193	0.475392695084481	0.522622292582753
NA	2.05492938330001	NA	1.58799933019352	NA	2.44712216897946	2.55488080979424	2.47263531254759	2.38034756315213	2.550937643848	2.50832683836642	NA	2.00422115396379	1.49457486343745	1.52411782915248	1.53781689051934	NA	NA	NA	1.71206835659337	NA	NA	NA	1.68340955102444	1.74710601949014	NA	NA	1.33023419742686	1.62353171756607	1.2352521589765	1.62584396320432	1.43741970417902	0.904261059482865	NA	NA	NA	NA	1.18263410085091	NA	NA
NA	NA	NA	NA	NA	NA	NA	NA	NA	NA	NA	NA	NA	NA	NA	NA	NA	NA	NA	NA	NA	NA	NA	NA	NA	NA	NA	NA	NA	NA	NA	NA	NA	NA	NA	NA	NA	NA	NA	NA
NA	NA	NA	NA	NA	NA	NA	NA	NA	NA	NA	NA	NA	NA	NA	NA	NA	NA	NA	NA	NA	NA	NA	NA	NA	NA	NA	NA	NA	NA	NA	NA	NA	NA	NA	NA	NA	NA	NA	NA
0.854020582161684	1.15100149334063	1.05873586752577	NA	1.07350744327015	1.53386144960574	1.3037839507348	2.51328459315869	NA	1.45169405941864	1.46265456698477	1.35440105293627	1.32515663909227	NA	0.995944368239942	2.36383602928688	NA	2.19347198467352	NA	1.05569121724531	NA	0.670953877961288	0.836561172710589	1.02102010679431	0.45382043321497	0.787237718142097	NA	0.377911643102718	NA	NA	1.31124360197926	1.36490197921837	NA	1.11852064103069	NA	0.458957206679532	NA	1.54334796182426	NA	0.551129685145482
2.23292616267929	NA	1.74633856106486	2.31684613108684	NA	1.73932809683896	NA	NA	2.23075212047265	2.50309132094036	NA	0.601470455413915	2.97884694874606	1.2171349773574	NA	NA	NA	0.743574384114093	1.01223802538372	1.91451327448	2.32062208596033	1.89298505121248	NA	1.24899579609678	NA	1.11578295820648	NA	NA	1.28332498602193	NA	0.970972430904113	1.24560914675589	0.513284000224285	2.26451316254612	0.76749108435187	0.423699436440377	NA	1.54508970337931	1.85084404941135	1.30169348795902
NA	NA	NA	0.928896090241126	0.909840462404506	1.24838947985931	1.7866981274474	0.984358397485762	0.990263561911076	NA	1.43190322338797	1.27068230785371	NA	1.69107765296706	1.61994599896652	1.6957807875671	1.85851342827613	1.38107926963672	2.04026593244154	1.29212920387554	0.516224520162526	NA	NA	0.339721650518189	NA	0.444019063225879	0.411584553968012	NA	0.532962370525277	NA	0.180916748809804	0.352752192414212	0.246183350318725	0.773076597802084	0.948824714501004	0.271742908036775	NA	NA	0.469687516322602	0.562200065120183
NA	NA	NA	NA	NA	NA	NA	NA	NA	NA	NA	NA	NA	NA	NA	NA	NA	NA	NA	NA	NA	NA	NA	NA	NA	NA	NA	NA	NA	NA	NA	NA	NA	NA	NA	NA	NA	NA	NA	NA
NA	2.14274213868831	NA	0.904664152635693	1.73576990735102	2.25325263880493	2.37790938145015	2.39930731868941	2.32313443625276	1.79751284970151	1.66198711327536	2.37766782001979	0.531166238340206	0.694514253741891	NA	1.73896428486117	1.44595024910374	0.553904000839816	1.48721259685242	2.21528581689139	NA	0.449973638183727	0.458277444158412	0.59181402848338	0.692132799503018	1.37116875432959	NA	0.715882006892752	1.46765310605128	1.65655254870155	1.20436819273035	0.545026936716091	1.18770953539149	0.789578213434833	0.540188837597004	0.581768168899026	NA	0.193778261933192	0.30854217088195	2.14139077557144
NA	0.736281095609522	NA	1.26363606834384	NA	0.538746382560513	0.249181443941789	0.424223715555917	NA	0.519777742685558	0.254095449575694	NA	NA	0.870173919447027	NA	0.896029382932839	1.03342975634624	0.644569208770713	0.934113330108164	NA	0.853077854962927	0.683036830685843	NA	0.874961716544239	NA	1.09906673855816	0.912973733224608	2.22293416875762	NA	NA	NA	1.18544944165017	1.2451831134996	1.31136029073222	1.23016014878346	0.889876261290547	NA	0.734567405560323	1.14929564199353	1.10239623937472
NA	NA	NA	NA	NA	NA	NA	NA	NA	NA	NA	NA	NA	NA	NA	NA	NA	NA	NA	NA	NA	NA	NA	NA	NA	NA	NA	NA	NA	NA	NA	NA	NA	NA	NA	NA	NA	NA	NA	NA
NA	NA	NA	NA	NA	NA	NA	NA	NA	NA	NA	NA	NA	NA	NA	NA	NA	NA	NA	NA	NA	NA	NA	NA	NA	NA	NA	NA	NA	NA	NA	NA	NA	NA	NA	NA	NA	NA	NA	NA
NA	NA	NA	NA	NA	NA	NA	NA	NA	NA	NA	NA	NA	NA	NA	NA	NA	NA	NA	NA	NA	NA	NA	NA	NA	NA	NA	NA	NA	NA	NA	NA	NA	NA	NA	NA	NA	NA	NA	NA
1.98078972317292	2.49774547907228	2.65055563516108	NA	2.41615916593278	2.09470720944134	1.78050521579444	2.25348323782065	2.65653043742327	2.58398674268171	NA	2.88633463669367	NA	2.97623024347763	3.42173395629144	NA	3.19011365645355	NA	NA	2.52963252349745	2.1783175052696	1.62336775505859	1.24313823490166	1.22790520273165	1.73780572846504	1.90785182524835	0.947733661252459	0.871552727468126	0.853642679097161	0.918582765755596	NA	0.947091784295484	0.982204773994747	NA	0.628627241352729	NA	NA	NA	0.717756269138806	0.990171438270735
1.30597825049066	1.5926319650187	NA	NA	NA	1.09925192996612	0.898738273028259	0.933639080590062	NA	NA	NA	1.2484061016227	1.26742656455294	1.15205422558789	0.898744753829519	0.75191333618055	NA	1.40779723082237	NA	NA	1.83663045700762	0.986202306589833	1.08966425851554	0.987516465959929	NA	NA	NA	0.869901159756386	NA	1.04286388900335	NA	NA	0.383948893129531	0.717333843017061	0.586488335119697	NA	NA	0.42421656135401	0.755935116957188	0.379552482368794
NA	1.8358291714044	NA	NA	NA	1.21063959710258	1.31729655763832	NA	0.828415619503097	NA	0.711236691294593	0.915903289671579	1.19068052349069	1.01630440218494	NA	1.55009628011043	1.02476574667414	NA	NA	0.553280802259034	0.675923726109489	1.20870600561706	0.805941605963734	NA	1.26231744262305	NA	NA	NA	NA	NA	NA	NA	NA	NA	NA	NA	NA	2.25943147362554	1.25659694092388	NA
1.20459987826696	NA	1.23181124364861	NA	NA	NA	NA	0.201123412205369	0.239383351230547	0.31925660213272	0.38622246919426	NA	0.0366470157304365	0.30025176522905	0.491276864338792	NA	0.291996116136364	0.355179185354118	NA	0.596136501767926	0.527350080114284	NA	NA	2.03925711219609	NA	NA	NA	NA	NA	NA	NA	1.84733429484936	NA	NA	NA	NA	NA	NA	NA	NA
0.885636907504219	NA	NA	NA	NA	1.22376892199703	2.04053604662887	1.21008892755088	NA	NA	NA	NA	1.00794351039189	1.02458172536014	NA	1.12512192070422	1.56789203685324	1.10364971352758	1.90396009201203	1.81658723347663	0.949336957093079	0.37706541954963	2.0603593807991	2.22675801058463	0.773420139239058	NA	NA	0.240345862304056	NA	2.13660930095795	2.10596370797341	NA	0.590887249643545	NA	0.679174761278469	0.396971729613521	NA	0.837921632288921	0.121948194308876	0.88239591072278
NA	NA	NA	NA	NA	NA	NA	NA	NA	NA	NA	NA	NA	NA	NA	NA	NA	NA	NA	NA	NA	NA	NA	NA	NA	NA	NA	NA	NA	NA	NA	NA	NA	NA	NA	NA	NA	NA	NA	NA
1.03130640433746	NA	0.781399968655131	1.19862315587913	NA	NA	1.05531521409579	0.607070610840694	0.644168292692959	NA	0.546544475396412	0.429392544285968	NA	0.442833506505813	0.284205644343054	NA	NA	1.03739269487335	1.4391402866545	NA	1.39767599774968	0.896341368553057	NA	0.359620155155626	0.349270809237145	NA	NA	NA	NA	NA	NA	NA	0.791140930326536	NA	0.583686127405654	NA	NA	0.541406702777278	NA	NA
1.50631341019747	1.32408780838337	NA	NA	NA	1.75218697588967	1.96982131970875	1.35469172556511	1.71777194149724	0.984513006890246	NA	0.639950745217806	0.503418887404894	0.392437890109336	0.592463740054286	0.538079448381177	0.553346232446104	0.615659795049835	0.753707539277574	0.995342905311074	0.338774807844802	0.570767808951129	0.628507397073351	1.61254147106623	1.54842424891804	1.29284069162859	1.6653583022132	0.40106508555186	0.0867861725757524	0.189958933556049	NA	0.704905640546472	0.542786516930332	0.608127025777457	0.547661546214505	0.45381672516721	NA	0.358896861977422	0.33136677978064	0.287836319427766
NA	0.93826221012577	1.21838279271753	NA	NA	1.32231310688605	1.17835882822378	1.91618354346024	1.586879026952	NA	1.32893996156461	1.2345932034215	NA	1.20811304711853	NA	1.03083474200153	1.31446931367658	1.06695355585418	NA	1.30940130601128	1.42026569164977	1.18727807886401	0.775982748691329	1.31997477752122	1.12940105825295	1.01559950018599	1.00415889943317	0.775455097518822	0.874445331389643	0.685577438281956	NA	0.490486708975568	NA	NA	NA	NA	NA	0.513302079543963	1.27457219889581	0.251864748795179
NA	0.722003699131055	0.622256096749744	NA	2.27058690527166	0.93434716873917	0.730073049200662	1.75970411003292	1.48285045851065	0.757750565677285	NA	0.735399164144166	1.26057469176036	1.11185070550976	0.664575204522942	0.932236966260697	0.544776330875338	3.4143260900137	0.524756264082137	0.425328574838713	NA	1.68972413487706	1.49093526942211	NA	1.83152984762799	NA	2.33213918430029	NA	1.52732610038451	1.73547370327712	2.07413254986398	1.71190642248451	2.04255593663561	1.95817431345752	0.655987292044022	2.10189164030059	NA	2.01336485534965	1.64904920581301	0.862629024683877
NA	NA	NA	1.09697888139522	0.54027281896854	NA	0.918525822247373	1.28029347518811	1.18246496139259	1.28654732424832	NA	1.88192758633585	NA	2.0104221813671	1.61858557820972	NA	1.5794857450909	1.11402804264118	0.478447398599116	0.41454397974776	NA	1.41325628253013	1.12411102594519	NA	NA	NA	NA	NA	NA	NA	NA	0.473971006944195	0.175949798493109	0.737283208337054	1.38041338907346	0.404018429568301	NA	0.84240175323476	0.912418935585305	1.45124612993044
NA	NA	NA	NA	0.772934900081158	NA	NA	0.363201288437261	0.859666969231903	NA	0.918308399705583	1.15353636102053	NA	NA	NA	NA	0.731123426485887	0.623734149703336	1.10905350585568	NA	1.46188866137749	0.631678772917146	0.593863473595472	0.396041679075071	0.700476444790999	NA	NA	0.382024280980234	NA	NA	1.69870550933365	1.95104369830719	NA	NA	NA	0.781754676110181	NA	NA	0.370070899502724	0.458962745656841
0.968050633720886	NA	NA	NA	NA	0.163478079215834	NA	NA	0.448694879055155	NA	NA	0.767528335368219	0.504422051248521	0.517515919127984	0.408140513237826	NA	0.225682968987109	0.454692956757467	NA	NA	0.391997994313168	NA	0.893631995400747	1.41923687524746	0.649724182927154	0.511637048370154	NA	0.752932439653215	0.712867499612301	NA	NA	0.500258954040508	1.52180192952163	0.599743587076975	0.741631669780178	0.75110772823477	NA	0.395764945189984	0.469864990508414	0.405775284847605
NA	NA	NA	NA	NA	NA	NA	NA	NA	NA	NA	NA	NA	NA	NA	NA	NA	NA	NA	NA	NA	NA	NA	NA	NA	NA	NA	NA	NA	NA	NA	NA	NA	NA	NA	NA	NA	NA	NA	NA
NA	NA	NA	NA	0.48624493749393	1.2734040796165	NA	NA	NA	NA	1.26270664553219	NA	NA	0.980421561829759	1.06531021698131	NA	NA	1.06211365734511	NA	NA	1.23415641938927	NA	NA	0.46261724568121	0.718687186322135	NA	0.40541275742455	NA	0.464605273264038	2.01723983199485	NA	0.799913073997526	NA	0.582158124057385	NA	NA	NA	0.567003293235025	2.16316181613798	NA
1.36571431243537	1.44270554283294	1.15233309887981	1.06432295844458	1.09011079564371	0.935707536033406	2.30348446599409	NA	1.13826063844051	NA	0.730343176429194	1.2142435711453	NA	NA	1.01075131787938	1.08037179308987	1.09943343702724	1.43527686997286	1.0548835500347	0.727276321614165	0.562772934828123	1.06964111476243	0.917717578788989	1.39399218020911	1.15048995656387	0.815781556639183	0.995992096864114	0.493306120653616	0.955468219680031	NA	NA	1.46388694879034	0.550078313107501	0.439777736089379	0.419853320350992	0.391626663506894	NA	0.316314528079437	0.713421915975515	2.12836676079095
NA	NA	NA	NA	NA	NA	NA	NA	NA	NA	NA	NA	NA	NA	NA	NA	NA	NA	NA	NA	NA	NA	NA	NA	NA	NA	NA	NA	NA	NA	NA	NA	NA	NA	NA	NA	NA	NA	NA	NA
NA	NA	NA	NA	NA	NA	NA	NA	NA	NA	NA	NA	NA	NA	NA	1.69043586637988	NA	NA	1.56700511336517	NA	NA	NA	NA	NA	NA	1.33771591489748	NA	NA	NA	NA	1.37153133266475	0.964280426511	1.00465051484238	NA	NA	NA	NA	NA	NA	NA
0.620001110785254	0.76581710362854	NA	0.806356332420439	0.680185064586975	0.827917528635924	0.589149961201927	1.96400483526224	0.741748937811789	0.984268944331053	0.857810613781273	1.24374730346134	1.0659045092021	0.919989285596463	0.656238228456903	NA	0.52359723773855	0.780031420178616	NA	NA	0.799692542490856	NA	1.11266259227674	1.18496987145809	NA	NA	NA	NA	1.30514268531696	0.847323420282948	0.900345772689379	NA	0.92278341459406	NA	NA	NA	NA	NA	1.40498059432951	NA
1.55529933367355	NA	1.21188141289071	NA	1.05234416583795	NA	NA	NA	1.11232802878382	NA	0.663122176635675	0.802011125385299	NA	2.20450209691938	NA	1.20394198857453	NA	NA	0.653357706589044	0.474767056298998	0.428910714547476	NA	NA	NA	0.752519003115139	NA	0.968002761323087	0.843099153359572	0.278820878398454	NA	0.695093207459313	NA	NA	1.07956774374309	0.830460476102243	0.904291986513413	NA	0.405169082383093	1.16920931347262	1.33333518474637
0.94150599586831	1.05645231429852	1.01111699418989	NA	NA	0.531448549616497	0.367982976359494	0.389037981119322	0.273189131729396	0.544424063037813	0.221505108479273	0.495341327376182	0.706317644712221	0.35167087546616	0.461017519557059	0.599733040743823	0.527069681881054	0.993501783862177	0.660073948159846	0.460980793514433	0.673925084740582	0.792450177862114	NA	NA	1.37502150021322	1.52121492434358	NA	1.22090343201052	0.929737274259431	1.12396534938133	NA	0.826517282122267	0.510567237001881	0.458637415735448	NA	0.264283224750644	NA	0.168779013334344	0.197178105125079	NA
NA	0.613681658038438	0.486104473478198	NA	NA	NA	0.83747247075969	1.00710731154899	1.12082504756726	1.41704821918399	1.76364303565628	NA	NA	NA	1.19766413038133	1.08822599971408	0.961995086068045	1.11809951864529	NA	1.60382474496865	0.881378548608611	NA	0.852337846381064	0.76674304003045	NA	0.983359547757398	NA	1.54756883722236	1.53910335846966	1.26522670839553	NA	0.756235945822329	0.519693837877305	0.36649902825122	0.536540916275069	0.39750659967242	NA	0.16396018194785	0.427107647262955	0.428157772276705
NA	NA	NA	NA	NA	NA	NA	NA	NA	NA	NA	NA	NA	NA	NA	NA	NA	NA	NA	NA	NA	NA	NA	NA	NA	NA	NA	NA	NA	NA	NA	NA	NA	NA	NA	NA	NA	NA	NA	NA
0.414386563819144	NA	0.36829678129318	NA	0.362785955425894	NA	NA	0.686241865353081	0.736647727979014	NA	0.675001200565453	0.618704258666863	NA	NA	1.13078763274476	NA	1.10380894176583	0.986378161064907	NA	1.85210645491495	0.665927911037979	NA	NA	NA	0.349370879902178	NA	NA	NA	NA	0.64683366743327	NA	NA	0.600915969637088	1.5558176554113	1.2503374469262	0.558463701255851	NA	0.490011757716381	0.296556978817771	NA
NA	NA	NA	NA	NA	NA	NA	NA	NA	NA	NA	NA	NA	NA	NA	NA	NA	NA	NA	NA	NA	NA	NA	NA	NA	NA	NA	NA	NA	NA	NA	NA	NA	NA	NA	NA	NA	NA	NA	NA
NA	2.08877725424124	1.7781956102977	NA	NA	1.82618875185021	0.808427372606819	1.32219208437603	NA	NA	0.81319028349516	NA	NA	0.796718616211234	0.87528882077204	NA	0.807818771862855	0.8810028342506	0.421922280980853	NA	0.789886889116316	NA	NA	0.902817747737744	NA	NA	NA	NA	NA	NA	NA	0.754073504287561	1.29379927986591	1.28299193431118	1.04612980856832	0.550181493904886	NA	NA	0.160187833437494	0.59086903279175
NA	NA	NA	NA	NA	NA	NA	NA	NA	NA	NA	NA	NA	NA	NA	NA	NA	NA	NA	NA	NA	NA	NA	NA	NA	NA	NA	NA	NA	NA	NA	NA	NA	NA	NA	NA	NA	NA	NA	NA
NA	NA	1.13866122085739	NA	NA	NA	NA	NA	0.931742157248507	NA	NA	NA	1.05614439361656	1.15963713053359	NA	NA	0.654693473067566	0.759782907261174	NA	0.554301421307155	NA	NA	NA	NA	1.33000911630859	NA	NA	NA	NA	NA	0.834572821110984	0.769198497575517	0.76597786064476	NA	NA	0.291794527576268	NA	NA	NA	NA
NA	NA	NA	NA	NA	1.45886334087151	1.22117121821111	NA	1.20095500688265	NA	NA	1.34290809240647	1.60232819117362	NA	1.23339391244788	NA	1.1532744987418	1.28689569020873	1.33431781485988	NA	0.986245248147508	NA	NA	NA	NA	NA	NA	NA	NA	NA	NA	NA	NA	0.663491305294668	NA	NA	NA	0.432466563291532	0.303920146622634	1.31781229309934
1.3313298469744	NA	1.76322922772262	0.475326989085301	NA	NA	NA	NA	NA	NA	NA	0.31870473837986	NA	1.22511095013833	NA	NA	1.07278320018511	NA	NA	0.497355050244892	NA	NA	0.469401701888303	NA	NA	NA	1.24068558489956	1.18466226809508	1.00242726953633	NA	NA	NA	NA	NA	NA	0.433821452477417	NA	1.11216495088739	1.08154907307896	1.96094040820566
NA	1.56529636630975	1.30463264677547	1.36474955742538	NA	0.719225287747331	0.443061284846082	0.790868521080177	0.790004501882437	0.43997120498558	0.587692889474378	0.524532115360243	NA	0.350697163553541	NA	0.32362512192993	0.80448583690641	1.16526526990374	1.54847344496177	1.66792113247606	1.12856804763582	1.02284988703548	0.346809399022056	NA	0.310674572473367	NA	NA	NA	0.474351310296494	NA	NA	NA	NA	0.754529299621905	0.38768412589805	0.534927700547783	NA	NA	0.187970641073613	0.827925481259907
NA	NA	NA	NA	NA	NA	NA	NA	NA	NA	NA	NA	NA	NA	NA	NA	NA	NA	NA	NA	NA	NA	NA	NA	NA	NA	NA	NA	NA	NA	NA	NA	NA	NA	NA	NA	NA	NA	NA	NA
NA	NA	NA	NA	0.844283138424973	0.695976969676988	NA	NA	0.321073044370022	0.624335676633679	1.02791674282174	0.462120074646876	0.575796740224733	NA	0.496945515723148	NA	NA	NA	NA	NA	1.72642861050277	NA	NA	NA	NA	2.08771881887707	NA	NA	NA	NA	NA	NA	0.582137516296692	NA	0.638445231406928	NA	NA	NA	NA	0.942185764189762
NA	NA	NA	NA	NA	NA	NA	NA	NA	NA	NA	NA	NA	NA	NA	NA	NA	NA	NA	NA	NA	NA	NA	NA	NA	NA	NA	NA	NA	NA	NA	NA	NA	NA	NA	NA	NA	NA	NA	NA
NA	NA	NA	NA	NA	NA	NA	NA	NA	NA	NA	NA	NA	NA	NA	NA	NA	NA	NA	NA	NA	NA	NA	NA	NA	NA	NA	NA	NA	NA	NA	NA	NA	NA	NA	NA	NA	NA	NA	NA
NA	NA	NA	NA	NA	NA	NA	NA	NA	NA	NA	NA	NA	NA	NA	NA	NA	NA	NA	NA	NA	NA	NA	NA	NA	NA	NA	NA	NA	NA	NA	NA	NA	NA	NA	NA	NA	NA	NA	NA
NA	NA	NA	NA	NA	NA	NA	NA	NA	NA	NA	NA	NA	NA	NA	NA	NA	NA	NA	NA	NA	NA	NA	NA	NA	NA	NA	NA	NA	NA	NA	NA	NA	NA	NA	NA	NA	NA	NA	NA
NA	NA	NA	NA	NA	0.822605273852104	NA	NA	1.02979643211369	NA	0.61288299191463	NA	NA	0.459751485103175	NA	NA	1.23883856555658	NA	NA	NA	0.526429771126163	NA	1.07540720800129	NA	NA	0.673552003573215	0.936299667935478	NA	NA	NA	NA	NA	0.596780067216234	NA	0.471423489790047	0.158378625725846	NA	NA	0.177717731720515	NA
NA	NA	NA	NA	NA	NA	NA	NA	NA	NA	NA	NA	NA	NA	NA	NA	NA	NA	NA	NA	NA	NA	NA	NA	NA	NA	NA	NA	NA	NA	NA	NA	NA	NA	NA	NA	NA	NA	NA	NA
NA	NA	NA	NA	NA	NA	NA	NA	NA	NA	NA	NA	NA	NA	NA	NA	NA	NA	NA	NA	NA	NA	NA	NA	NA	NA	NA	NA	NA	NA	NA	NA	NA	NA	NA	NA	NA	NA	NA	NA
NA	NA	NA	NA	NA	NA	NA	NA	NA	NA	NA	NA	NA	NA	NA	NA	NA	NA	NA	NA	NA	NA	NA	NA	NA	NA	NA	NA	NA	NA	NA	NA	NA	NA	NA	NA	NA	NA	NA	NA
1.19525526448914	NA	NA	0.666578631033861	1.59003213712365	NA	0.870206955989238	0.381879044419469	NA	0.981899460680057	NA	1.09836461244769	1.01528718179537	0.702023554637789	NA	NA	1.55066953690378	0.901353449333421	NA	NA	1.64867791902956	0.795737295276516	1.30525116759501	NA	NA	NA	NA	NA	NA	1.07892055253617	1.44111170409057	0.859517381172327	1.5487302749833	NA	1.01128599459156	1.17819632829024	NA	NA	NA	NA
NA	NA	NA	NA	NA	NA	2.18054730031743	2.08023767129638	NA	NA	1.73190976846189	NA	NA	0.935833562286413	2.71816281037316	NA	1.64252578420128	1.58351526157635	NA	NA	1.74496125542929	1.36766889714084	1.20027990181857	1.0174992887256	1.01122359035169	NA	0.770803985764171	1.17174179479229	NA	NA	NA	0.558861322166458	NA	1.50052110006718	0.313512252145652	NA	NA	NA	NA	NA
NA	NA	NA	NA	NA	0.560438049977693	1.74556516001164	0.833991118632415	NA	NA	NA	NA	0.72430448639347	0.650289632418241	NA	NA	0.777418193445693	NA	NA	NA	NA	NA	NA	1.31402635902347	NA	1.16175421921278	NA	NA	0.325506595056093	NA	NA	NA	0.804390889392667	NA	NA	NA	NA	NA	NA	NA
0.662848108821655	0.963714521227266	0.912290161203499	NA	0.763537988882577	0.33888901957558	0.350607953077808	1.01872657651766	1.15842029751073	NA	NA	0.459199338744662	NA	0.406774437491103	0.267785298974564	0.477138109018822	0.80721253557142	0.689138984586749	NA	NA	1.2162437869697	0.251405706498399	NA	NA	NA	0.385038375691636	NA	0.71605833279439	0.673935705405645	NA	NA	0.756301716067425	0.672684988082957	NA	0.634480759371978	NA	NA	0.282997024341529	0.126219231878477	0.973341504095472
1.03275565537746	1.0204884044698	NA	NA	1.12059724613492	NA	0.937425023733732	1.50049507772089	NA	0.961564590309727	NA	0.801562782020889	0.941206202541687	1.11322132499498	NA	0.910038441597982	NA	NA	NA	0.739001944157897	1.0387819614125	1.42364598779044	0.729393011720638	0.638741272298884	0.722335576015951	NA	0.528387425744441	0.581704832379585	NA	0.405824385185064	NA	0.482930891390548	NA	1.07322195748796	0.496832051496683	0.355270567100299	NA	0.69055356620645	NA	0.523350919609014
NA	NA	NA	NA	NA	NA	NA	NA	NA	NA	NA	NA	NA	NA	NA	NA	NA	NA	NA	NA	NA	NA	NA	NA	NA	NA	NA	NA	NA	NA	NA	NA	NA	NA	NA	NA	NA	NA	NA	NA
0.873424577316446	0.903036195349916	NA	NA	NA	NA	NA	1.68383125951219	1.47544023920524	NA	2.48214393410198	1.67498568449039	1.53660925916724	1.55305751751152	1.42812838764936	NA	1.37747580699829	1.37249976628883	1.28499742362201	NA	1.56913495835624	0.927311657947099	NA	1.35248854962152	0.680525813842857	0.711103620989124	NA	0.331720060129015	0.555786671242269	0.618218683271656	0.473226235937203	NA	0.0740357052011894	0.329693051081852	0.630522874391279	NA	NA	0.323669982223071	0.239367370951768	NA
NA	NA	NA	NA	NA	NA	NA	NA	NA	NA	NA	NA	NA	NA	NA	NA	NA	NA	NA	NA	NA	NA	NA	NA	NA	NA	NA	NA	NA	NA	NA	NA	NA	NA	NA	NA	NA	NA	NA	NA
NA	NA	NA	NA	0.398523314025739	NA	NA	NA	0.632716965828344	0.658589842711599	0.701606116587244	0.400363045975469	0.444765777408215	NA	NA	NA	0.388502836418489	0.587356199114657	0.570003829244306	NA	1.26884747529246	0.813380360224404	0.534131009535946	0.253480320114595	0.291684472960807	0.518768324660935	0.533037426761109	NA	NA	NA	NA	NA	NA	NA	NA	NA	NA	0.250668712730781	0.464074855410658	NA
0.751131764719048	0.824319834697919	NA	NA	1.51554154375182	1.76752426740408	NA	1.56273484092277	NA	NA	0.938560922460979	0.975194220691397	NA	1.13640226626572	0.83086325782692	NA	NA	0.727189133689517	NA	NA	0.263005052999279	0.193009776775338	0.3365745368396	1.55272360666776	0.45418159416859	NA	0.204169400745296	0.425033338216302	NA	NA	NA	0.314798248967338	NA	NA	NA	NA	NA	NA	0.633331509948965	NA
NA	NA	NA	NA	NA	NA	NA	NA	NA	NA	NA	NA	NA	NA	NA	NA	NA	NA	NA	NA	NA	NA	NA	NA	NA	NA	NA	NA	NA	NA	NA	NA	NA	NA	NA	NA	NA	NA	NA	NA
NA	1.06458675406134	NA	1.00710006215978	NA	1.37201951460757	1.55294216413735	1.34714181986361	1.59924294897582	1.40420264844361	1.89654215408968	2.52779598765268	NA	1.5042846584357	1.6175057708652	NA	1.56963624989571	1.44073635674516	NA	2.77765044727372	1.15714262305102	NA	0.350532756007798	NA	1.1156546119141	NA	NA	NA	NA	1.30275541574636	NA	NA	NA	NA	NA	1.34898380668765	NA	1.41758756525035	0.85087997665789	1.60253323613475
NA	NA	NA	NA	NA	NA	NA	0.528892072396463	0.650815108426542	NA	NA	NA	NA	NA	0.795874081356291	NA	NA	NA	0.491041127424377	0.584656397516175	0.614333532037989	0.679062547680416	NA	0.470722917044951	NA	NA	NA	NA	NA	NA	NA	0.461417815212267	NA	NA	0.631570842164924	0.154535125136026	NA	0.572557543414956	NA	NA
1.24314528297351	NA	NA	NA	0.965662913548329	NA	0.80344905620327	NA	0.732831026953722	0.830410686896467	0.773271036519534	NA	0.697034698696175	0.79039485942072	0.750224529799301	0.955546759158063	1.23040438335119	0.983324116706437	NA	0.738109738999364	0.657214706611559	0.52030962588373	0.546014671240403	0.68880864669357	NA	0.362490900793317	NA	NA	NA	NA	NA	NA	NA	0.301977543697966	NA	NA	NA	NA	NA	NA
NA	NA	NA	NA	NA	NA	2.54127125063712	NA	2.03435358572503	2.1923135198244	1.98609830945556	NA	2.11096699199483	2.27806995950443	NA	1.67002173109498	NA	NA	NA	2.0314114927228	NA	NA	1.32907089833872	1.63532596069461	NA	NA	NA	NA	0.934358064386298	0.787935228965871	NA	NA	0.824121665331353	NA	NA	0.22169285230199	NA	0.334277329304747	0.66981092893411	NA
0.912444436888071	0.561175575628106	NA	0.974901402100007	0.929433921800269	0.587254086157922	0.263012706680024	0.396361047063598	NA	NA	NA	0.343791673284398	0.313572300579963	0.293425470973396	0.471027021134807	0.390275375687544	0.494945405438674	0.338620090509618	0.548252126868009	0.319912544555757	0.721660707371974	0.361868233917435	0.793478823069899	0.666135118026953	0.826112363278094	1.02580560783614	NA	0.911562978048465	0.993789317447348	NA	NA	NA	1.09886968846069	0.721672180051739	0.368062743200678	0.487615776526484	NA	0.896528772225229	0.797552427160351	0.929165653910329
0.558415306917534	0.631131132301202	0.3769369457896	NA	NA	0.388723106232273	0.458464864580306	1.00949370666989	0.753530168209833	0.497440946211512	0.692700589384295	0.717690228062006	NA	0.569469745370482	0.0933610127717996	NA	0.578389662294851	NA	NA	0.586812472886198	NA	NA	NA	NA	0.490524488565467	0.647169189737183	1.32555059276931	0.941102305410931	NA	1.06798429806078	0.84847276483491	1.11124365225023	1.09306740697392	NA	0.796748427449343	NA	NA	0.466733813084961	0.489360063990746	NA
2.14589140916204	NA	1.51837160113444	NA	NA	2.1242943211866	2.098409374885	NA	2.38163223330846	1.95026116395185	1.81379879461203	1.95939695434783	2.17461398668796	2.2588377870174	2.51237321843202	2.55536359140125	2.40651274894618	2.36795570269536	1.89278106519202	1.92558250272527	2.27544715217532	1.32976213431505	NA	1.04776779883553	1.05409887236905	1.12583092133727	NA	0.256379251462183	0.435155060323424	0.263703848155922	NA	0.10847124000039	0.11742160498773	0.308430657291674	NA	0.300259589350143	NA	0.220018786549755	0.444664763279361	0.4432422390525
0.719420601650609	0.771708784300108	0.724052295720231	0.563531539067631	0.856445122387753	0.67200650703364	0.779800883190542	0.802302012554713	0.671489784431128	0.571438134327234	0.746657984373599	0.472620142736052	0.44739061789329	0.433353884742701	NA	NA	0.766032975459179	0.492791529330625	0.619812761205335	NA	0.741261337409504	0.159760852310851	0.498134799573656	0.921211350859343	0.726036931748793	0.405321258485144	NA	NA	NA	NA	NA	NA	0.979120416041938	0.72812083753362	0.410249264963846	NA	NA	0.347333777568517	0.430701503868317	0.337675674950254
0.52946267747705	NA	0.618711082864439	NA	NA	NA	NA	1.1781611071177	NA	1.07312906555589	1.8810743589305	NA	NA	0.268788384557014	NA	NA	0.495461837684798	0.800998445252994	0.472951763352698	NA	1.02171914253039	NA	NA	0.781058098016625	0.395001077110323	0.373457261874856	NA	NA	NA	NA	0.537388175596407	0.694251313432279	NA	0.172447304709162	NA	0.758769378443504	NA	NA	NA	0.420313803071461
NA	NA	NA	NA	NA	0.960580668267881	NA	NA	1.30897726724041	1.38774952719335	1.50028271869085	NA	NA	NA	0.563947146401554	NA	NA	0.364872068954385	NA	NA	NA	0.264546776719666	NA	0.43971569873656	NA	NA	0.54885253658518	NA	NA	NA	NA	NA	NA	NA	NA	NA	NA	0.265094217242982	NA	0.477789150608374
NA	NA	NA	NA	NA	NA	NA	NA	NA	NA	NA	NA	NA	NA	NA	NA	NA	NA	NA	NA	NA	NA	NA	NA	NA	NA	NA	NA	NA	NA	NA	NA	NA	NA	NA	NA	NA	NA	NA	NA
NA	NA	NA	NA	NA	NA	NA	NA	NA	NA	NA	NA	NA	NA	NA	NA	NA	NA	NA	NA	NA	NA	NA	NA	NA	NA	NA	NA	NA	NA	NA	NA	NA	NA	NA	NA	NA	NA	NA	NA
0.130944222571264	0.421397157609842	1.61999001585641	NA	1.0353046889714	0.900149438690897	0.923286882654904	0.78134865345087	0.9387548308538	NA	1.10195070270617	0.884276543728273	1.70872561385222	1.11725166359107	1.17910966896692	1.23150176108973	0.87885798438761	0.585371134085181	0.616414556571821	NA	1.43966208425265	1.62698054469692	1.03869223217917	1.8007319773337	NA	1.22182726462236	2.52629624569207	1.04535953202181	0.86426286795729	1.0886089977973	2.13408615556415	1.01975963084612	1.08083589004469	NA	0.811783517872705	2.07315262323077	NA	0.141149221449232	0.137987916408982	0.733090528766244
NA	NA	NA	NA	NA	NA	NA	NA	NA	NA	NA	NA	NA	NA	NA	NA	NA	NA	NA	NA	NA	NA	NA	NA	NA	NA	NA	NA	NA	NA	NA	NA	NA	NA	NA	NA	NA	NA	NA	NA
NA	NA	NA	NA	NA	NA	NA	NA	NA	NA	NA	NA	NA	NA	NA	NA	NA	NA	NA	NA	NA	NA	NA	NA	NA	NA	NA	NA	NA	NA	NA	NA	NA	NA	NA	NA	NA	NA	NA	NA
NA	NA	NA	NA	NA	NA	NA	NA	NA	NA	NA	NA	NA	NA	NA	NA	NA	NA	NA	NA	NA	NA	NA	NA	NA	NA	NA	NA	NA	NA	NA	NA	NA	NA	NA	NA	NA	NA	NA	NA
NA	NA	NA	NA	1.33921085040001	1.43350740614452	NA	NA	1.65208176294922	NA	NA	1.14992522426693	NA	1.47435476170596	1.47520032034363	NA	1.48364732164287	1.3215324466323	NA	0.974094580173283	NA	NA	1.09011111045112	0.999308961065593	2.12203406355184	NA	NA	NA	1.37360710815464	NA	NA	1.65656993886338	NA	1.80007494910208	NA	1.67763835331698	NA	NA	1.82377035289922	0.961538498829144
NA	NA	NA	NA	NA	NA	NA	NA	NA	NA	NA	NA	NA	NA	NA	NA	NA	NA	NA	NA	NA	NA	NA	NA	NA	NA	NA	NA	NA	NA	NA	NA	NA	NA	NA	NA	NA	NA	NA	NA
NA	NA	NA	NA	1.12021322563523	0.420561278525688	0.796027168614772	NA	0.986321148561957	NA	NA	NA	NA	NA	NA	NA	0.732238594571216	NA	NA	0.72675722293977	0.480035210176494	0.594117316667082	NA	NA	NA	NA	NA	0.53882330964553	NA	NA	NA	NA	1.70414532289585	NA	NA	0.425875257962336	NA	NA	0.18502139406805	NA
NA	NA	0.34037358424814	0.7351768570421	0.527677787796516	1.93665559356081	0.483513992327226	NA	NA	0.402359636056749	0.702835912869119	NA	NA	0.636646861138729	0.202227676143861	NA	0.241068289362429	0.350561638450764	NA	NA	NA	0.612024188202873	0.410071392188624	0.39707645361548	NA	NA	0.530497343171123	0.657818290654718	0.583063878415669	NA	0.59803914034731	NA	0.328242853227534	NA	0.926898682031597	0.612037020783479	NA	NA	0.271204154784649	0.626504587299126
0.65588357017521	0.474868752971626	NA	NA	NA	NA	1.38499743789829	1.12631207783626	1.14338443729842	NA	1.24745697314488	1.18106938927472	NA	NA	NA	NA	0.812634671127518	NA	1.00895722095274	NA	0.743500855044232	NA	NA	0.888494205517453	1.07215193716515	NA	0.839405713265998	0.933241881874669	1.02877999105869	NA	1.0004733771994	NA	NA	0.204749771806604	NA	NA	NA	0.345198432261392	0.227722902640585	NA
NA	NA	NA	NA	NA	NA	NA	NA	NA	NA	NA	NA	NA	NA	NA	NA	NA	NA	NA	NA	NA	NA	NA	NA	NA	NA	NA	NA	NA	NA	NA	NA	NA	NA	NA	NA	NA	NA	NA	NA
NA	NA	NA	NA	NA	NA	NA	NA	NA	NA	NA	NA	NA	NA	NA	NA	NA	NA	NA	NA	NA	NA	NA	NA	NA	NA	NA	NA	NA	NA	NA	NA	NA	NA	NA	NA	NA	NA	NA	NA
NA	NA	NA	NA	NA	NA	0.614533051466928	0.892958656200703	0.757022427392438	NA	0.870774186945338	NA	NA	0.624406515269406	0.911299225758879	NA	0.251554994855749	0.463102580291999	NA	0.456991240032186	0.674520009220132	0.225798573779005	0.555701102530299	NA	0.41670378223332	0.277355381245729	NA	NA	NA	NA	NA	0.736742408207305	NA	0.876887776878385	1.45871589049812	0.848304522386073	NA	0.170402650804159	0.474392500528099	0.336025478288508
NA	NA	NA	NA	NA	NA	NA	NA	NA	NA	NA	NA	NA	NA	NA	NA	NA	NA	NA	NA	NA	NA	NA	NA	NA	NA	NA	NA	NA	NA	NA	NA	NA	NA	NA	NA	NA	NA	NA	NA
NA	1.58783504853372	NA	NA	NA	NA	NA	NA	0.196436688928923	NA	0.352376039164448	0.504870426925029	NA	0.891225529721518	0.853935528733269	NA	0.984209767741214	1.2563563075987	1.3889117752528	1.62354123369345	NA	NA	1.85109761727907	NA	NA	NA	NA	NA	NA	NA	NA	NA	NA	NA	NA	NA	NA	NA	NA	NA
NA	NA	NA	NA	NA	NA	NA	NA	NA	NA	NA	0.738088603868654	NA	NA	NA	NA	NA	0.716995878375028	NA	NA	NA	NA	NA	NA	NA	NA	0.515123158773569	NA	0.215740359123673	NA	0.28236503427633	NA	NA	NA	NA	NA	NA	NA	NA	2.30895683538453
NA	1.46762300484429	NA	2.2488750564394	1.47466756222507	1.43078469952408	1.64089565413687	1.63140751452729	1.35928097734337	1.35318190663018	1.50219497968477	1.8949960539433	1.76750320080634	1.95044517025947	NA	NA	1.62756199900918	NA	1.35414769662254	1.21867136884534	1.51254461356754	1.34470118213765	1.7303711012068	0.576418086424659	0.993681901286859	0.848483517048804	0.855384670146219	1.1461069394359	1.84737854118685	NA	0.713378468248412	0.482304525212404	0.531524130309794	NA	1.92693774728595	NA	NA	1.64925356094206	NA	NA
NA	NA	NA	NA	1.35419384228269	NA	NA	NA	2.00134153109063	1.88767862365152	1.8077173074603	NA	NA	NA	NA	NA	NA	NA	NA	1.77250951656748	1.30779769898626	1.70515033066939	1.41194120699585	1.39154106338744	1.30757019162564	1.20955754029144	1.60126424063765	0.645045744381569	0.730140527119593	NA	NA	0.397901650576822	1.93467098623203	1.67740818510398	0.430764528940025	0.51865025848912	NA	0.456827126599442	0.486111079676711	1.30778769605709
NA	NA	NA	NA	NA	NA	NA	NA	NA	NA	NA	NA	NA	NA	NA	NA	NA	NA	NA	NA	NA	NA	NA	NA	NA	NA	NA	NA	NA	NA	NA	NA	NA	NA	NA	NA	NA	NA	NA	NA
0.359722691238597	0.152643147208176	0.682157632824233	NA	0.465039728760659	NA	NA	0.645236191722208	0.746531976233476	0.542559965125782	0.942670340836425	NA	1.0636117144483	0.905894957790828	1.16908513415041	NA	1.8299922503618	1.59267853162569	NA	1.59212279736567	0.865057094660503	NA	NA	NA	NA	NA	NA	NA	NA	NA	NA	0.993821711438422	NA	0.681125870814745	NA	0.560909033992767	NA	0.354483647487058	0.330193568406655	NA
NA	1.10121493647837	1.46249189192688	0.909037007958182	NA	0.411335479658859	0.239101648204917	0.574044059393847	NA	0.625433033588522	NA	NA	NA	0.264364372235391	0.522476517092299	NA	NA	0.442345029413211	NA	0.346133691229852	0.357598557075285	NA	0.805046591036494	0.743872792241935	NA	NA	NA	0.878122374955318	NA	NA	NA	0.543850189247641	0.653500255504172	NA	0.6689865935086	NA	NA	NA	0.334461306048412	NA
1.22183067141907	1.1669933958001	NA	NA	1.14297272767357	1.68946306056056	1.12206661602442	NA	0.810945842027377	NA	NA	1.20632062223549	NA	1.88007601257575	1.07742841219303	1.7972518881488	1.86947872848019	1.65494755544191	1.63474779839084	0.920469735235349	1.02713502837741	0.735396815801484	0.432742724841317	0.512369266567541	0.663011084618552	NA	NA	NA	NA	1.96804394201754	NA	NA	NA	NA	1.8425783531488	NA	NA	0.606816170231666	NA	0.748175244411905
NA	NA	NA	NA	NA	NA	NA	NA	NA	NA	NA	NA	NA	NA	NA	NA	NA	NA	NA	NA	NA	NA	NA	NA	NA	NA	NA	NA	NA	NA	NA	NA	NA	NA	NA	NA	NA	NA	NA	NA
NA	NA	NA	NA	NA	NA	NA	NA	NA	NA	NA	NA	NA	NA	NA	NA	NA	NA	NA	NA	NA	NA	NA	NA	NA	NA	NA	NA	NA	NA	NA	NA	NA	NA	NA	NA	NA	NA	NA	NA
NA	NA	NA	0.774029170507908	NA	0.709406872412433	0.605744666738771	1.11546131186753	NA	NA	NA	1.48555939626019	1.5234980222949	1.54959168819157	NA	NA	NA	NA	NA	NA	NA	NA	NA	NA	NA	NA	NA	NA	NA	0.540972306034292	NA	NA	NA	NA	0.417625414479245	NA	NA	NA	NA	NA
NA	NA	NA	NA	NA	1.07816946269078	0.948070847415468	0.588113619144437	0.771041599922875	1.00261086754008	0.870394198302403	NA	NA	NA	0.98660675409545	1.0702390629125	0.644066353256979	0.588642672708434	NA	NA	1.06147955412724	0.827035476458531	0.420885990969345	NA	NA	NA	NA	0.739013639563546	0.256742043331802	0.13499484860266	NA	0.526886488664994	0.783686037356432	1.18498856431748	NA	0.258197024694431	NA	0.39803492057852	0.387902050164118	NA
NA	NA	NA	NA	NA	1.65381938230901	NA	1.34853382220219	1.3574601549102	1.43341243146484	1.6183257472335	NA	NA	1.83624780955988	1.74276432521039	2.07128383421454	1.89948537143096	1.50655564024355	1.37668691226081	NA	NA	0.628540290596647	NA	0.284884899196036	NA	NA	NA	0.492490863997643	NA	0.278442165493183	NA	1.38484538637904	NA	0.230465135854421	1.61374764563076	NA	NA	0.947014046006624	0.433126467541367	0.121795761102539
NA	NA	NA	NA	NA	NA	NA	NA	NA	NA	NA	NA	NA	NA	NA	NA	NA	NA	NA	NA	NA	NA	NA	NA	NA	NA	NA	NA	NA	NA	NA	NA	NA	NA	NA	NA	NA	NA	NA	NA
NA	NA	NA	NA	NA	NA	NA	NA	NA	NA	NA	NA	NA	NA	NA	NA	NA	NA	NA	NA	NA	NA	NA	NA	NA	NA	NA	NA	NA	NA	NA	NA	NA	NA	NA	NA	NA	NA	NA	NA
1.04316826691564	0.983110163240462	NA	NA	NA	0.547644338913069	NA	NA	0.40853013559868	NA	0.429039817469323	0.928731103559558	NA	NA	1.44967404144124	NA	0.989029748021211	0.861617400748593	0.939647950212081	0.487099850923599	0.297643171514722	NA	0.382191652069693	0.639706951798506	0.408684286747176	NA	0.606504485059836	NA	0.945809850088899	0.534832698602109	NA	0.453127409581294	NA	0.28144230162197	0.404551533600746	0.455251558255661	NA	0.097920168642124	0.272818105958406	NA
NA	1.80607212668639	NA	NA	NA	1.62315945014472	NA	1.8176875805888	NA	NA	1.50859834894299	NA	NA	NA	NA	NA	NA	1.98701354933533	1.65391852758049	NA	1.49929042628688	0.475476110342019	NA	0.786409104224285	NA	NA	NA	0.74824922728638	0.672333784911034	0.277336861017468	NA	NA	NA	NA	0.581347331991789	NA	NA	0.613320534886215	0.891637820329768	0.826301126217162
1.55866165601689	NA	2.15785094764758	NA	2.27075723400999	2.08728721085851	2.54636472590082	2.46500941063307	2.12053331645837	1.88623825497587	NA	1.93127602297571	1.50964576593113	1.56905934218079	2.19576310838458	1.8135673714294	2.20025900202578	1.52657355329868	1.69061383748562	1.97926028754736	NA	1.40338139887642	1.95433042121439	1.52121385097386	1.27235639200072	NA	1.53700326810011	1.39854105040581	1.55747735002474	1.92626428219787	NA	1.58013165592923	1.95684466822141	NA	1.48500128405198	2.37703993796354	NA	NA	1.4394543925848	1.26913858845573
NA	NA	NA	NA	NA	NA	NA	NA	NA	NA	NA	NA	NA	NA	NA	NA	NA	NA	NA	NA	NA	NA	NA	NA	NA	NA	NA	NA	NA	NA	NA	NA	NA	NA	NA	NA	NA	NA	NA	NA
NA	NA	0.702119926464945	NA	0.742315204873695	0.697069294752787	0.763707324104751	1.12278851171242	0.979673126770012	0.722708949556118	0.605293978533767	0.2975554384373	1.68545517863744	0.393456980148305	0.895005624892689	0.48997173687186	0.92922861418403	0.560983597647298	NA	0.392506859416225	0.605876422890794	0.0655015692264578	NA	NA	NA	NA	0.919125030136381	1.47337260209606	1.57138969482692	1.75965150729671	0.290378481315269	1.58732143035964	NA	0.2748977050557	0.693655173546595	0.334174807965403	NA	0.244480149042605	0.424390108863378	0.597816862323343
NA	NA	NA	0.532094496197107	0.824710015222203	1.03470654942294	0.955807021875758	1.17424979620511	1.3796857059119	NA	NA	1.11047252880008	0.993475842360744	0.824364090865002	0.777641750450734	NA	1.17258582226693	1.03789841491556	0.971970764845542	NA	0.762044367737661	1.07343702439626	0.80551923606106	0.265594649958466	0.306072378848022	NA	0.689056807793523	0.392802299827786	NA	0.362841651257401	NA	0.570684487446831	0.481535735150319	0.599986740438371	NA	NA	NA	NA	0.698310904488181	0.829582327018122
NA	NA	0.738681889969888	NA	NA	NA	NA	NA	NA	NA	NA	NA	NA	1.30448042880101	NA	NA	NA	1.96741285808226	NA	0.615179676470249	NA	NA	NA	NA	0.848266045289642	NA	NA	0.613357964673709	NA	NA	NA	NA	NA	NA	NA	NA	NA	NA	1.42662463285926	0.268288257087105
NA	NA	NA	NA	NA	NA	NA	NA	NA	NA	NA	NA	NA	NA	NA	NA	NA	NA	NA	NA	NA	NA	NA	NA	NA	NA	NA	NA	NA	NA	NA	NA	NA	NA	NA	NA	NA	NA	NA	NA
NA	NA	NA	NA	1.3348655818288	0.6991228869548	1.02841865835288	0.848827332544796	0.807252939349666	1.31443250778707	0.852367399932372	1.04627256384492	0.971722122486935	0.944425524917199	1.24037225603131	1.19465988158613	0.745676456833432	1.40032750942963	1.64078534741089	0.686330350005016	0.95509943956238	0.880700341055656	1.20549457502333	1.41085902642385	NA	1.72369114133032	1.27175299117509	1.50847999397041	1.20206015242634	NA	1.77330963689399	NA	NA	0.639924585716001	NA	0.651859511359297	NA	NA	0.482235603743525	0.385431732227809
NA	NA	0.462625367608397	0.466521993261087	0.287419309899989	0.945564352057516	1.01294542910135	0.954419028645985	1.21383760112526	0.940976897247526	1.07992202345695	0.879845617148823	2.03469038191563	0.751662602948107	0.630964216292372	0.738953298893445	0.575764513629743	0.427737354350509	0.570358637395626	0.566051324657386	1.91011879528897	0.589675039217858	0.594416775671562	1.80520378845379	NA	1.76656372007924	0.972745333152808	0.772810300502137	0.360346313824223	1.61014867868239	2.1317756132991	0.736205563245583	2.18790842142977	1.81330731538722	1.36247021769094	2.08977851558358	NA	0.245483410908263	0.313367425811761	0.635033736319246
NA	NA	NA	NA	1.20498965064771	0.889257749872244	0.969289448551924	0.379518273584205	0.607880110608522	0.530474523028974	NA	0.813477392148538	NA	0.490444992329184	0.16073195575026	0.590306986185459	NA	0.982264281246856	0.7788623063161	NA	0.543190813199121	1.01863422743673	0.60727238501107	NA	0.161136353534511	0.632012434389814	0.205207502325697	0.335257205064509	NA	0.214813118256308	0.361287157476243	0.816546352914448	0.753228305066748	0.216414914762904	NA	0.850457995603683	NA	0.507370380840326	0.460766269468251	0.452391327237651
NA	0.406444957792059	1.11479402304462	NA	0.653491711787312	0.973017875666068	1.35747746595796	1.69492214923779	1.39210712761769	1.08221907568937	1.27921194186843	0.765676166314738	1.23124117340887	1.14462156394158	1.09558536522792	1.11131623887053	1.00564711069895	1.34127723759068	0.921969217884337	0.871737389279562	1.07349743918669	1.29849789917601	0.91093739780927	0.978215442714873	NA	1.01894350997219	0.437410616784104	0.711360666236678	0.605334235779973	0.670476009633439	NA	0.531421705096718	0.450602929690856	1.91492866135735	NA	NA	NA	0.28279243982267	NA	0.653106027341212
NA	NA	NA	NA	NA	NA	NA	NA	NA	NA	NA	NA	NA	NA	NA	NA	NA	NA	NA	NA	NA	NA	NA	NA	NA	NA	NA	NA	NA	NA	NA	NA	NA	NA	NA	NA	NA	NA	NA	NA
1.01553417089808	1.34737473358718	NA	1.42784979925954	0.676315055207004	NA	0.948775656622459	0.802718850329333	0.855679515562966	NA	NA	0.69051603766497	NA	0.837503949978969	0.92996359043024	NA	0.835511792128629	0.361043131315631	0.882010974904323	NA	NA	NA	NA	0.556612620527152	0.647010008114064	0.281267805277534	NA	0.807680945536708	0.641017061448905	0.944648456713713	NA	1.44058534739741	0.910627153353781	0.568126300536632	0.379680057243353	0.906965171182567	NA	0.609509438499978	0.390703894809023	1.12082265360885
1.39254810559482	NA	NA	NA	NA	0.260506895015783	0.562144689123814	NA	0.52497871591378	NA	NA	NA	NA	NA	NA	NA	NA	NA	NA	0.429881083245287	NA	NA	NA	0.224656445144892	0.462419828258711	NA	NA	NA	0.849194366936013	NA	NA	0.109588059614895	NA	NA	NA	NA	NA	NA	NA	NA
NA	1.10851033433032	NA	1.09341480334705	NA	0.857536453182296	0.826056725608534	1.5889459963563	0.803782342468415	0.95906915369836	1.29359978946681	0.792520244355858	NA	1.23996035526977	NA	NA	1.41813385153663	1.23936954924209	1.03164104419384	1.17073239595778	NA	0.399444915581931	0.37833453492828	NA	0.518194019308343	0.788169164951628	NA	0.569346219492597	0.784713632133915	2.09229602441715	NA	NA	NA	0.643103379777704	NA	NA	NA	0.437859585464156	0.429296088580642	0.529026044500466
NA	NA	NA	NA	NA	NA	NA	NA	NA	NA	NA	NA	NA	NA	NA	NA	NA	NA	NA	NA	NA	NA	NA	NA	NA	NA	NA	NA	NA	NA	NA	NA	NA	NA	NA	NA	NA	NA	NA	NA
NA	NA	NA	NA	NA	NA	NA	NA	NA	NA	NA	NA	NA	NA	NA	NA	NA	NA	NA	NA	NA	NA	NA	NA	NA	NA	NA	NA	NA	NA	NA	NA	NA	NA	NA	NA	NA	NA	NA	NA
NA	0.154905794292108	0.769084427804185	1.10266247923845	1.00353082860393	0.698661491740319	1.00992798144071	1.05466095745825	0.39840351235298	0.532126524137585	1.10556836618133	0.970869100238281	1.24804717361368	0.70217097054413	0.794503867241072	NA	0.568096069484603	0.470146147922857	0.496515578176663	0.37106568883266	0.376101939889976	0.640463138036844	0.414278470565901	1.93272160842434	1.39105738697651	0.695986448721316	1.84532605707637	1.47268201305873	1.04302271023012	NA	1.055888382442	0.827136322163782	1.21817090311355	0.351413309344753	0.44839612689509	0.680421650629322	NA	NA	0.321688483057962	1.76217229639306
NA	NA	NA	NA	1.08864199826523	0.958163995069747	NA	NA	0.63566037607986	NA	0.641394478171665	0.144183248722623	NA	NA	NA	NA	NA	1.00851145291915	1.68614932459218	0.633710923946886	0.976184225158518	0.745531026438526	NA	NA	NA	NA	NA	NA	NA	NA	0.752065822288506	0.485448710635028	1.4105113428382	0.740919726275878	0.524421303408359	0.765797824354817	NA	0.296844204311075	NA	NA
NA	NA	NA	NA	1.17713636227285	1.82326993695253	2.17436632267175	2.24248741179136	1.82104866851034	NA	NA	NA	1.59106752545598	NA	1.98479651532813	NA	2.36475392400594	2.04057029137099	NA	1.45610657837431	NA	1.09745714616818	1.13712759725757	NA	NA	NA	0.708408821562292	0.666588548938871	0.743881458312342	NA	NA	0.972422731441225	0.397887981797137	1.00215023045928	0.606425086945096	NA	NA	NA	NA	0.784462639335763
NA	NA	NA	NA	NA	NA	NA	NA	NA	NA	NA	NA	NA	NA	NA	NA	NA	NA	NA	NA	NA	NA	NA	NA	NA	NA	NA	NA	NA	NA	NA	NA	NA	NA	NA	NA	NA	NA	NA	NA
NA	NA	NA	NA	NA	NA	NA	NA	1.71828128737348	1.9513755748486	NA	1.72001844875401	NA	NA	1.75941479572181	1.77321145862521	2.02121851556659	1.52884074398706	2.04129580498571	1.20586676878873	1.13612862078729	0.886645436918565	0.951603929151006	1.2753176852907	1.07202184980785	1.27234227302926	1.00812708848304	0.573433699015455	0.280575387631548	0.228725152345282	1.1372428063541	1.26228955591659	1.40426667786041	0.431914142599957	0.849364669261666	0.33413118929203	NA	0.532301548007197	0.440095920523533	0.450381169948402
NA	NA	NA	NA	NA	NA	NA	NA	NA	NA	NA	NA	NA	NA	NA	NA	NA	NA	NA	NA	NA	NA	NA	NA	NA	NA	NA	NA	NA	NA	NA	NA	NA	NA	NA	NA	NA	NA	NA	NA
NA	NA	NA	1.18858654865942	NA	0.681454636437665	0.733191848441597	0.962348841018534	0.657791809781086	1.19990451990842	0.995697203670362	1.00242989543031	0.934851667588574	NA	NA	0.798666561622991	NA	NA	0.54224944214745	NA	1.05492561703073	0.440495245939201	NA	NA	0.285326144692624	NA	1.82479095060004	NA	0.902115289371237	0.813742195340005	1.12524855001131	1.46354920023679	1.22562796333255	1.2584483398271	1.2727073408457	1.10799704635038	NA	1.01103825837251	NA	1.10929885587995
1.8633497328428	1.79383946711686	NA	NA	NA	1.32229625257452	1.21256835404701	NA	1.30435475990255	1.22258819343203	1.18317901134044	1.44555169218728	0.683838021296601	0.791945481595461	0.887408152024281	1.10144949466811	1.0453179834577	1.58310423224909	1.29844075747981	0.737668801975793	0.476399473757268	1.1756566817137	NA	1.05724615468617	0.786060904760434	1.11611421638671	2.0794877464727	0.896398768194221	NA	0.550720434439157	0.622435674744173	0.890177003393961	1.14489687875262	0.610644207183661	0.790523214363693	0.63219374389677	NA	0.523346129794806	0.377513441946536	0.36404838941381
0.649992034958751	1.09600723161726	1.14489642178056	1.68468958262336	0.762573538703173	0.836889794800113	NA	0.96376241784949	0.714130143056682	NA	0.693198948275934	NA	NA	NA	NA	0.455130302465937	0.215687405605111	0.310669887834905	0.625842367848483	0.84996526997797	0.66798989109902	1.31341549400243	NA	0.674319807709848	0.816457177127291	NA	NA	NA	0.476733884708297	0.49079223315909	0.6850578160547	0.482530697988141	0.4965632292044	NA	NA	0.786618316122753	NA	1.35717099265436	NA	1.54195892919832
NA	NA	NA	1.48132453184844	NA	NA	NA	0.746206435123556	0.96495312104501	NA	NA	1.62272666700306	NA	NA	NA	NA	0.522102801432676	NA	0.81894809206065	NA	0.721597302007602	0.724470326121067	NA	0.562547322665196	NA	0.489533446765527	0.356201548775842	0.533695613945502	0.43833011811036	0.771763619182298	NA	NA	NA	0.209295684330448	NA	0.492609209519001	NA	NA	0.539108274646781	0.795123496940412
NA	NA	NA	NA	NA	NA	NA	NA	NA	NA	NA	NA	NA	NA	NA	NA	NA	NA	NA	NA	NA	NA	NA	NA	NA	NA	NA	NA	NA	NA	NA	NA	NA	NA	NA	NA	NA	NA	NA	NA
NA	1.62844153984433	1.67365523547778	NA	0.701766942896417	0.778105274561278	0.716424182432858	0.998781025630566	0.529792845625391	NA	0.448902655193981	0.769176741677294	NA	0.763115011737762	NA	NA	0.264077585882488	0.950396627019053	0.423968294884039	NA	NA	0.700790556122851	0.697768690825977	0.748502149743235	0.522302407211204	NA	1.08186190013813	0.246876759067143	0.400941362222174	0.463144904718936	0.992073094504577	0.107911762098993	0.741510383038415	0.498142189005793	0.248875964539427	0.848043689812452	NA	0.266512065560166	0.579152779812799	1.3598713125505
NA	NA	NA	1.30731449820089	NA	NA	1.25759871876255	NA	NA	NA	1.42202124857212	NA	1.12144014686175	0.91755733870746	1.34546514708752	NA	0.960037781625932	0.642589711569747	NA	0.87893316908073	1.02924850183229	0.998540156108766	0.900220797779738	0.864942766865346	1.22398587004233	1.12027845993877	NA	0.907936673573405	0.803472147656241	NA	0.586038954832632	0.584225441806372	0.513718120615607	0.606496662702557	0.25069185323114	0.213715982208448	NA	0.34621576834763	0.40712493088429	NA
1.22308349991444	2.12114010609348	1.22005430485197	NA	0.823779409045044	0.975083294406665	0.713940790580966	NA	0.671975629874316	NA	1.05241992200688	1.18206401426967	NA	1.70281454949019	1.6368893287072	NA	1.05661135787258	NA	0.991711555625673	0.602978321155666	NA	NA	0.97243462471015	1.85612095152803	NA	NA	1.00188829519887	NA	0.401958258342886	1.78584651939543	NA	2.04124217104224	1.68412231623616	NA	0.457062475472441	NA	NA	NA	0.32432669196735	0.775682269812544
NA	NA	NA	NA	NA	NA	NA	NA	NA	NA	NA	NA	NA	NA	NA	NA	NA	NA	NA	NA	NA	NA	NA	NA	NA	NA	NA	NA	NA	NA	NA	NA	NA	NA	NA	NA	NA	NA	NA	NA
NA	NA	NA	NA	NA	NA	NA	NA	NA	NA	NA	NA	NA	NA	NA	NA	NA	NA	NA	NA	NA	NA	NA	NA	NA	NA	NA	NA	NA	NA	NA	NA	NA	NA	NA	NA	NA	NA	NA	NA
1.10416985041805	NA	1.50449904343755	NA	NA	NA	1.1182992172817	NA	1.03007293197882	NA	0.936125612650736	NA	0.661931245302439	NA	NA	NA	0.741438590590794	0.888849863557716	NA	0.884024383443637	NA	0.969537300666691	0.624902412691782	0.593689607666097	NA	0.500416921826266	NA	0.579329571240803	0.466636916322886	0.674364393091226	0.821655469584492	NA	NA	NA	0.26965855240348	NA	NA	0.774075246055019	0.831263234171175	0.69995595079354
NA	NA	0.422864322080475	NA	0.421905502262939	1.466181480299	NA	0.562024422785072	NA	NA	0.804060845697289	0.818761142487177	0.343935116378193	0.535686769030118	0.887098891229209	1.09223033773105	NA	1.11432015962432	1.28433197113445	1.20784961964295	NA	0.278020727232679	1.17042366664074	1.46550610196252	1.20299254709521	0.849323169063943	NA	1.13883233964535	0.857471640460702	NA	1.07075667902601	1.16008349633437	NA	NA	0.581128367676273	0.297577375519668	NA	0.763760956800091	0.191264287429452	1.1244228498338
NA	1.03012753601935	0.975271133608241	1.06876990101421	NA	NA	NA	NA	1.46516992036781	1.69517910122715	NA	NA	0.659212840636469	0.970309563163124	0.99545769622994	NA	1.0479758995769	1.15696104427951	NA	NA	1.40179955951865	1.35840842370016	0.486275804927923	NA	0.913613553717795	0.758211619430083	NA	1.01442745410343	NA	NA	NA	1.94143966513722	0.410450480428832	NA	0.249354412602979	0.371447136960092	NA	NA	NA	0.817362136985608
NA	NA	NA	NA	NA	NA	NA	NA	NA	NA	NA	NA	NA	NA	NA	NA	NA	NA	NA	NA	NA	NA	NA	NA	NA	NA	NA	NA	NA	NA	NA	NA	NA	NA	NA	NA	NA	NA	NA	NA
NA	NA	NA	NA	NA	0.540842629004239	NA	0.653678437762698	NA	NA	NA	NA	NA	1.59455240975428	NA	NA	NA	NA	NA	NA	NA	0.452094677873969	NA	NA	NA	NA	NA	NA	NA	NA	NA	NA	0.381139968929891	NA	NA	NA	NA	0.31684322483042	NA	NA
0.534681792658147	0.55910906520389	1.6756410558839	1.02945092960939	NA	NA	1.5231494145301	NA	NA	0.915408946486905	NA	0.881313205294144	0.966778833207342	1.06518485699361	1.22204233875786	1.19231451236802	NA	0.900080716022115	1.09664931160945	0.777466971492212	1.29391169298698	0.886108136700327	NA	NA	1.36714727711507	NA	1.04561591240405	1.12312129610308	0.727667676006947	1.4958665965715	0.298609803584901	0.924346362261318	0.467193592879648	0.49105096165303	0.365733191142717	0.517911575350376	NA	0.692706931323297	0.545458914809763	0.692163960899233
NA	NA	NA	NA	NA	NA	NA	NA	NA	NA	NA	NA	NA	NA	NA	NA	NA	NA	NA	NA	NA	NA	NA	NA	NA	NA	NA	NA	NA	NA	NA	NA	NA	NA	NA	NA	NA	NA	NA	NA
0.772812189546338	0.753166352004848	NA	NA	NA	0.783856345987802	NA	0.731342910609448	0.576197197548308	0.627339111559825	0.27937296483295	0.739231671438442	1.14240160431834	0.935665433899313	1.32300383792421	0.909864957138888	NA	0.870715622293691	0.473792734762795	0.422770976550121	0.277046111513657	0.813004016318751	0.857046844230798	0.836517608365447	0.42844995246214	1.05681945145184	0.924550471653884	NA	0.669333183273098	0.557704973971309	NA	1.34417022343654	NA	NA	NA	NA	NA	NA	NA	1.55671534870403
NA	NA	NA	NA	NA	NA	NA	NA	NA	NA	NA	NA	NA	NA	NA	1.09255634181514	NA	1.02706577750289	NA	1.49197309813764	1.34331161460056	1.30284071379681	NA	NA	NA	1.15009713495888	NA	1.16404324428272	NA	1.03153657057778	NA	0.723645973830857	0.673396812255614	0.264412365482716	0.473971066402681	0.44626847977465	NA	0.3739781782867	0.295442326547291	0.722980231064152
NA	NA	NA	NA	NA	NA	NA	NA	NA	NA	NA	NA	NA	NA	NA	NA	NA	NA	NA	NA	NA	NA	NA	NA	NA	NA	NA	NA	NA	NA	NA	NA	NA	NA	NA	NA	NA	NA	NA	NA
NA	NA	NA	NA	NA	0.630030202506816	NA	NA	0.855253192351355	1.04714145082142	0.934606605009508	1.17478445195457	1.2315466552846	NA	1.51541259364397	1.38799447037487	1.21770519174557	0.737438024810932	NA	NA	0.81863675319619	NA	0.503190807042656	0.338490528958759	NA	NA	0.29921447583954	0.470746080536013	NA	0.175744195650636	0.402128780579654	NA	0.405286176357433	0.485193616317447	0.333922560442402	0.355158529087485	NA	1.77762867885776	0.389151312899672	0.306770455334315
NA	NA	1.090239463988	NA	NA	NA	NA	0.947614128302476	NA	0.632448462123257	NA	0.806643807394029	0.388168015402483	0.350853106651352	0.263141198737024	NA	1.20345722903975	0.531891714475306	NA	NA	NA	NA	NA	NA	NA	NA	NA	0.300026707898473	0.633393360522637	NA	0.0812807763621319	NA	0.267482401284035	0.224643261743032	0.546676709971494	0.323821325568331	NA	0.169450314822754	0.572398163981084	0.456277581816781
2.16828267691766	NA	NA	NA	NA	1.40451144696069	1.43152950773386	NA	1.75895529041856	1.02057790781261	NA	NA	NA	0.931987407788998	NA	1.05953528311481	0.935933598358999	NA	NA	1.14908914005609	NA	NA	0.788851093321857	0.238755177008576	NA	0.755052218501113	NA	NA	NA	NA	NA	0.201701192978026	NA	NA	0.382938222695214	NA	NA	0.544682816017546	0.21369507441947	NA
NA	NA	NA	NA	NA	NA	NA	NA	NA	NA	NA	NA	NA	NA	NA	NA	NA	NA	NA	NA	NA	NA	NA	NA	NA	NA	NA	NA	NA	NA	NA	NA	NA	NA	NA	NA	NA	NA	NA	NA
2.12670061550717	NA	0.814844404662896	NA	0.286737997381191	0.47482150122759	0.39830302097198	NA	2.184158731417	0.181188563502897	0.304729251994246	0.21781379282794	0.424954114192936	0.785836883174878	0.586832356587946	0.732040045672019	0.829271811246027	0.315980214848614	0.657218707814354	0.284215330920371	1.13746435373905	1.67542091230761	0.679529850853788	0.555732210340006	0.25175631231234	0.410550586351092	NA	1.82418492461461	0.69461601125704	0.630710849425163	0.389736380630895	0.994712258142246	1.71057860239872	0.443262290976584	1.70522830181338	NA	NA	0.424975262161098	1.84413227944646	0.884897955672593
NA	NA	NA	1.48236036653553	0.752424466632424	NA	0.296692983372872	0.439286741946211	0.562344573384588	0.665286072354219	0.9464452826437	NA	NA	0.658119881432515	NA	1.06220181633532	0.844795582683156	0.7931993088761	NA	0.457355640470154	0.422970615751631	0.22702161103064	0.283835361285497	0.344739528550076	0.729916762665751	0.486974270442211	NA	0.453123727868984	1.18883315075896	NA	NA	0.679435938450798	0.626269911926305	NA	NA	0.38496073536164	NA	0.451702247628186	NA	0.605062938075983
NA	NA	NA	NA	NA	NA	NA	NA	NA	NA	NA	NA	NA	NA	NA	NA	NA	NA	NA	NA	NA	NA	NA	NA	NA	NA	NA	NA	NA	NA	NA	NA	NA	NA	NA	NA	NA	NA	NA	NA
NA	NA	NA	NA	NA	NA	NA	NA	NA	NA	NA	NA	NA	NA	NA	NA	NA	NA	NA	NA	NA	NA	NA	NA	NA	NA	NA	NA	NA	NA	NA	NA	NA	NA	NA	NA	NA	NA	NA	NA
NA	NA	NA	NA	1.53368241394314	NA	NA	0.950765723892528	1.00166739384434	NA	1.09916541663547	1.42584673288758	1.12182229778596	1.15945746451203	1.36900451700866	NA	NA	NA	NA	NA	0.942443041878679	NA	NA	0.606002695611892	0.475846318156532	0.748087206139742	0.660245619805105	0.683203216764224	1.21748717422823	1.05301949009938	NA	NA	0.981495423432607	0.615349892847104	NA	0.300116986291858	NA	0.241671490437581	0.194407995183302	NA
NA	NA	NA	NA	NA	NA	NA	NA	NA	NA	NA	NA	NA	NA	NA	NA	NA	NA	NA	NA	NA	NA	NA	NA	NA	NA	NA	NA	NA	NA	NA	NA	NA	NA	NA	NA	NA	NA	NA	NA
0.596814703752051	0.539497072287395	0.770650243379508	0.522247939381238	NA	NA	NA	0.818255841651938	1.1123443975888	NA	1.23766060277877	NA	NA	NA	1.12603837353297	NA	1.16575289830215	0.855518142131313	0.642128526136345	0.20241463696413	NA	0.344152064774655	NA	NA	0.43050482217666	NA	NA	NA	0.426136743490206	NA	0.890916954320714	0.787630153203403	0.29567916667003	0.347463243153852	0.387216350607953	NA	NA	0.303045092686331	0.261344188515205	0.561272033031844
NA	NA	NA	NA	NA	NA	1.08642200499926	0.898908706828642	NA	NA	0.889875081510923	0.759677466567641	NA	0.503037236913822	0.732345506597786	1.08446480962684	0.659738516669493	0.527233414454441	0.316286696168379	NA	NA	NA	0.393662782045851	NA	NA	NA	NA	NA	0.216176031110932	NA	0.291327576039301	0.502841700445498	NA	0.307791985602876	0.373936518981299	NA	NA	0.533444119697006	0.325991454645015	1.14383986285632
0.472825407107699	1.19369484438201	0.551806164707726	NA	NA	NA	1.70362093286009	1.33776591961197	1.8394790436663	0.984044551173686	1.33850332975589	1.48677229085739	0.812896994939597	NA	NA	1.18564227213702	NA	1.65320398936737	1.17436866867001	NA	1.13500083264511	1.28914118618472	1.29002957026384	0.543849538634624	0.449695399218075	0.46587256577895	0.406867585159902	1.10487881879041	NA	NA	0.775336175205354	1.04797733790217	1.21050075153134	1.61937000319172	1.09670263736131	1.49794676953443	NA	0.24184614352353	1.2849740509305	0.539035531087073
NA	1.40729103703709	NA	NA	NA	1.54779057694736	1.31176775243268	NA	NA	NA	NA	1.67685606632907	NA	1.60769744213243	1.7611036296084	1.61013812978051	1.54472270662033	NA	1.00747651936076	NA	NA	NA	NA	0.919707228382193	0.556137919180967	0.623263538803904	NA	NA	NA	0.178211214104247	NA	0.539254745402021	0.169497091777002	1.07283781994091	NA	NA	NA	NA	0.402257476959817	NA
1.39754836114578	NA	NA	NA	1.20619039021391	NA	0.789517459684287	NA	1.53596126153278	1.54802109911262	1.64453039990663	NA	0.963420077837891	1.01418716041148	0.814879053824098	NA	0.504922732001737	0.669476430700369	NA	0.39086421847473	0.174146471936607	NA	0.828840764042605	NA	0.478880852661158	NA	0.780355416553027	NA	0.963170538286882	0.807749590531951	NA	0.793112691038683	NA	1.0333426160396	NA	0.422845444551724	NA	NA	0.458468602318714	0.503492028536535
NA	NA	NA	NA	NA	NA	NA	NA	NA	NA	NA	NA	NA	NA	NA	NA	NA	NA	NA	NA	NA	NA	NA	NA	NA	NA	NA	NA	NA	NA	NA	NA	0.433437484294776	0.491803806485422	0.278130773438267	0.357822507155305	NA	0.0993938531665543	0.249644714423702	0.130590016157651
NA	NA	NA	NA	NA	0.83544011778413	0.95045069566323	0.901161558065432	1.15898591904766	1.37052573303501	1.17621392697343	0.556037328645891	0.798039284041676	0.69171150496237	NA	0.701962433305052	0.846301772509503	1.00616379411903	NA	0.844533283048417	0.611491941100086	0.604365125375596	0.524119310382696	0.431440043540504	NA	NA	0.209483637658302	0.517452983393609	0.583892046128049	NA	NA	NA	0.991097543541011	NA	1.54374822517668	NA	NA	0.224118622346665	NA	NA
NA	NA	NA	NA	NA	1.40220509647579	1.36073487727531	NA	NA	1.47729947700826	1.72483824093313	2.19191164363438	NA	NA	1.76256057410214	NA	NA	1.73250307684447	NA	NA	1.89600098929	1.06421407068663	0.758338179736218	0.812347503638191	NA	NA	1.17550920021219	NA	0.904660958732712	NA	NA	1.23041779008226	0.53883566108435	NA	0.65389246504683	0.859855628302575	NA	NA	0.750711546452352	0.592076916466231
NA	NA	NA	NA	NA	NA	NA	NA	NA	NA	NA	NA	NA	NA	NA	NA	NA	NA	NA	NA	NA	NA	NA	NA	NA	NA	NA	NA	NA	NA	NA	NA	NA	NA	NA	NA	NA	NA	NA	NA
NA	NA	NA	NA	NA	NA	NA	NA	NA	NA	NA	NA	NA	NA	NA	NA	NA	NA	NA	NA	NA	NA	NA	NA	NA	NA	NA	NA	NA	NA	NA	NA	NA	NA	NA	NA	NA	NA	NA	NA
NA	NA	NA	NA	NA	NA	NA	NA	NA	NA	NA	NA	NA	NA	NA	NA	NA	NA	NA	NA	NA	NA	NA	NA	NA	NA	NA	NA	NA	NA	NA	NA	NA	NA	NA	NA	NA	NA	NA	NA
NA	NA	NA	NA	NA	1.44239452758811	1.40498554972443	NA	1.04409708774154	NA	NA	NA	NA	1.37133050419894	NA	NA	NA	NA	NA	NA	NA	NA	NA	NA	NA	NA	NA	NA	NA	NA	NA	0.673996307824428	NA	NA	0.735215139382263	0.230556282833719	NA	NA	NA	NA
NA	NA	NA	NA	0.484631809557202	0.785774521207657	NA	1.68327688147825	0.766168282644269	0.333586727972524	0.516437489371304	0.856565214347788	NA	0.360274148345624	NA	NA	0.370802005127049	NA	0.475381832811247	0.332584100300442	NA	0.634149500679894	NA	0.825825971441196	NA	0.771253200069415	NA	NA	NA	NA	0.3725719396469	0.247350715663008	0.359614306547171	NA	NA	NA	NA	0.283356808552074	NA	0.15824064141579
NA	NA	NA	NA	NA	NA	NA	NA	NA	NA	NA	NA	NA	NA	NA	NA	NA	NA	NA	NA	NA	NA	NA	NA	NA	NA	NA	NA	NA	NA	NA	NA	NA	NA	NA	NA	NA	NA	NA	NA
NA	NA	NA	NA	0.345286250205776	1.23425710254276	0.744829959224798	NA	1.25895436772403	NA	NA	0.864016312009716	NA	NA	1.33696420102953	0.678686641642659	1.10217118690291	0.848244298622516	NA	0.557844917665575	NA	0.232544244751033	0.0752509757721252	0.570813896727082	NA	NA	0.893635538748398	0.832980281486068	0.447031042551901	NA	NA	NA	0.786156821496162	0.595909663429077	NA	0.524937126042565	NA	0.556682944844934	NA	NA
NA	NA	NA	NA	NA	NA	NA	NA	NA	NA	NA	NA	NA	NA	NA	NA	NA	NA	NA	NA	NA	NA	NA	NA	NA	NA	NA	NA	NA	NA	NA	NA	NA	NA	NA	NA	NA	NA	NA	NA
0.797329909666928	NA	1.01857372664237	NA	0.748955351902461	NA	NA	1.0587124068337	1.21020979377932	1.16192622926027	NA	1.04761828757329	NA	1.21506144207543	NA	NA	NA	1.44802204325042	0.971837484656034	NA	NA	1.06209187709944	NA	NA	NA	NA	NA	1.41464224147684	NA	0.683119524500609	NA	NA	0.612323118877041	NA	0.464689112364352	NA	NA	NA	NA	NA
NA	NA	NA	NA	NA	NA	NA	NA	NA	NA	NA	NA	NA	NA	NA	NA	NA	NA	NA	NA	NA	NA	NA	NA	NA	NA	NA	NA	NA	NA	NA	NA	NA	NA	NA	NA	NA	NA	NA	NA
NA	NA	NA	NA	NA	1.36089656760364	1.35673787738699	NA	NA	NA	NA	NA	NA	0.740828780706493	NA	NA	1.26063050438004	NA	NA	1.03728904354091	NA	NA	1.31179424042319	NA	NA	1.31524538044281	NA	NA	NA	NA	NA	NA	0.633089571943837	0.0940112366921135	NA	NA	NA	0.597798756017224	NA	0.662287442355889
1.12878037444566	NA	1.36796934405718	1.59346040155621	NA	NA	NA	1.26370163205407	1.37607180569293	1.70007921016047	1.59578669260824	1.73003980589504	1.52176866166997	1.28333312443687	1.36027565460441	NA	NA	1.18370547222642	1.33426215400727	NA	1.26255776013891	1.10333742887335	1.0633069198658	NA	0.895500155131511	NA	NA	0.644311341426722	0.227889101564021	NA	0.350115011971623	NA	0.356122805240234	NA	0.667172609290384	0.411745847226213	NA	0.726267906180305	0.70990352197419	0.898313100511982
NA	NA	NA	NA	NA	NA	NA	NA	NA	NA	NA	NA	NA	NA	NA	NA	NA	NA	NA	NA	NA	NA	NA	NA	NA	NA	NA	NA	NA	NA	NA	NA	NA	NA	NA	NA	NA	NA	NA	NA
NA	NA	NA	NA	NA	NA	NA	NA	NA	NA	NA	NA	NA	NA	NA	NA	NA	NA	NA	NA	NA	NA	NA	NA	NA	NA	NA	NA	NA	NA	NA	NA	NA	NA	NA	NA	NA	NA	NA	NA
NA	NA	NA	0.747074162817586	NA	NA	NA	NA	0.244167298750517	NA	NA	0.862774324301521	0.554196216389277	0.748421241335951	0.280735072854173	0.527441423471292	0.714430957862572	NA	0.677870964496704	0.733443035139549	0.589103839075973	0.869876464234208	0.646472011655694	0.585970487017058	0.635072130014281	0.849306092739106	0.146871384706989	0.284630385305994	0.930102492318562	0.634015311978144	0.378438672275582	0.341364109531016	NA	0.535318869619758	NA	NA	NA	0.240321427204719	0.334439536228183	0.10872861980815
NA	NA	NA	NA	NA	0.774933494126726	NA	1.16422468194869	1.04054415283176	0.853798184682972	1.38466145644345	1.15370485786794	1.23665463919333	NA	0.433219109905321	1.05848909301261	0.766857667078545	0.834825684949564	2.06032179661241	0.798848700097485	NA	0.8347820112046	NA	NA	0.292648211380302	NA	NA	0.813235416227791	NA	0.223817570349462	0.563084552584312	NA	0.316254156106634	NA	0.659010191006674	NA	NA	0.463912295136507	0.0675413812232388	0.173008501741203
0.956116928146564	NA	0.303177942030208	NA	0.619745365271382	0.519334969833275	0.913455298784547	1.02160325817825	1.08693652824141	1.32884673433762	1.11252904351029	1.49839349141018	1.90652183993095	NA	NA	1.87932033553637	2.04438816798422	1.96010029709747	1.76225895480253	0.794828611071989	0.776672357217083	1.56182361267138	NA	NA	NA	NA	NA	0.889879902716595	NA	0.862081086632728	NA	NA	NA	1.04046957647783	0.518555678369199	1.05743468231574	NA	0.20737887620101	0.523777227791654	0.211504192956697
1.16685943900646	1.65880957075833	NA	1.68110629298887	NA	NA	1.84823230161408	1.34738042082604	1.75713570222362	1.73083357491767	NA	1.87748003642296	NA	1.40758880955742	NA	NA	1.84095847227617	1.65232918367998	1.52688051779402	1.58126791254924	2.09601624410708	NA	NA	NA	1.45207941694301	NA	NA	NA	1.2015132303632	NA	NA	0.999349522450193	0.717636464977512	1.1524112760637	NA	0.878688910841493	NA	0.552514918064673	0.837116074636151	1.34137847183139
NA	NA	NA	NA	NA	NA	NA	NA	NA	NA	NA	NA	NA	NA	NA	NA	NA	NA	NA	NA	NA	NA	NA	NA	NA	NA	NA	NA	NA	NA	NA	NA	NA	NA	NA	NA	NA	NA	NA	NA
NA	NA	NA	NA	NA	NA	NA	NA	NA	NA	NA	NA	NA	NA	NA	NA	NA	NA	NA	NA	NA	NA	NA	NA	NA	NA	NA	NA	NA	NA	NA	NA	NA	NA	NA	NA	NA	NA	NA	NA
NA	NA	NA	NA	NA	NA	NA	NA	NA	NA	NA	NA	NA	NA	NA	NA	NA	NA	NA	NA	NA	NA	NA	NA	NA	NA	NA	NA	NA	NA	NA	NA	NA	NA	NA	NA	NA	NA	NA	NA
NA	NA	NA	NA	NA	NA	NA	NA	NA	NA	NA	NA	NA	NA	NA	NA	NA	NA	NA	NA	NA	NA	NA	NA	NA	NA	NA	NA	NA	NA	NA	NA	NA	NA	NA	NA	NA	NA	NA	NA
NA	NA	NA	1.34348530057856	NA	1.47173275376683	0.64708610240823	1.86369910989456	1.57624037258704	0.531934885898223	0.353453641558631	0.867436596873522	1.78545995909233	NA	1.03326665970478	NA	0.432321021627706	0.80839928965441	NA	0.650699913682593	NA	NA	1.60286085770461	NA	1.33928013293306	2.33577772947305	0.41090371340286	2.39877064202564	0.81003680058015	2.22363283342909	2.09513561581421	NA	1.20324020111609	2.35379425833252	NA	0.828750134760403	NA	0.374749276625827	0.401561632979477	0.26658765032671
NA	NA	NA	NA	NA	NA	NA	NA	NA	NA	NA	NA	NA	NA	NA	NA	NA	NA	NA	NA	NA	NA	NA	NA	NA	NA	NA	NA	NA	NA	NA	NA	NA	NA	NA	NA	NA	NA	NA	NA
NA	NA	NA	NA	NA	NA	NA	NA	NA	NA	NA	NA	NA	NA	NA	NA	NA	NA	NA	NA	NA	NA	NA	NA	NA	NA	NA	NA	NA	NA	NA	NA	NA	NA	NA	NA	NA	NA	NA	NA
NA	NA	NA	NA	2.11351242280765	NA	NA	1.88651477804555	1.81738104306855	NA	1.40238849641598	1.90020105506769	1.51670187144566	1.31384692487206	1.34158673560918	1.23045054196992	NA	1.03726493708719	NA	NA	NA	0.828444463564696	0.676747399281792	NA	NA	NA	NA	1.07795047096043	NA	NA	NA	NA	0.880485597834304	NA	0.525770036465293	0.415566248650438	NA	0.410134168498889	NA	0.609626142741204
NA	NA	NA	0.702377491577592	0.866292803926638	NA	1.4441430594375	NA	0.881765937934111	NA	NA	1.86744538104361	NA	1.08902164957144	1.51839458043669	NA	2.06233867577537	1.70571118934915	1.14436095723604	NA	NA	NA	NA	NA	NA	NA	NA	NA	NA	0.202946385227427	NA	NA	0.989779605409206	NA	NA	NA	NA	0.474592166711615	0.451859870983275	0.683975888257527
1.32308678953023	1.47881189944195	1.34093034065101	NA	NA	0.721317510845204	NA	0.466415556501291	NA	NA	NA	NA	NA	0.15964633966227	0.230913655470999	NA	0.346248231295897	NA	NA	0.307050583992891	1.23115761764617	0.729168528512235	NA	0.347701160582974	NA	0.510535313253632	NA	0.375310795508119	0.4019332533657	0.741564304925851	NA	1.2806585719517	NA	0.415937241523936	NA	0.413855941678679	NA	0.565033401780506	NA	0.780630872733398
NA	NA	NA	NA	NA	NA	NA	NA	NA	NA	NA	NA	NA	NA	NA	NA	NA	NA	NA	NA	NA	NA	NA	NA	NA	NA	NA	NA	NA	NA	NA	NA	NA	NA	NA	NA	NA	NA	NA	NA
NA	NA	NA	0.605162983994242	0.539138347951362	NA	0.938347687436841	0.855906785039341	NA	0.938562845879979	1.07976552282044	0.747308101925889	NA	NA	0.807863670633574	NA	NA	0.859180501004173	NA	0.739752561624382	NA	NA	NA	0.868330718904095	1.57842042943832	NA	0.511341862554973	NA	NA	1.04235099637888	NA	1.04753733502117	0.625004036018624	NA	NA	0.274722537208991	NA	1.75415914125581	1.85115647366707	NA
NA	NA	NA	NA	NA	NA	NA	NA	NA	NA	NA	NA	NA	NA	NA	NA	0.45634311994547	0.579666001398551	NA	NA	NA	NA	1.11060831358095	1.42877363483743	NA	NA	1.46863975481713	NA	1.19660186059979	NA	NA	0.873723152092674	1.63126821517111	NA	0.797669681185687	1.12564198708899	NA	1.42964822557746	1.78993622124552	0.607629472479065
NA	NA	NA	NA	NA	NA	NA	NA	NA	NA	NA	NA	NA	NA	NA	NA	NA	NA	NA	NA	NA	NA	NA	NA	NA	NA	NA	NA	NA	NA	NA	NA	NA	NA	NA	NA	NA	NA	NA	NA
1.16808938195755	NA	1.04499666734916	NA	1.41385820330186	0.79709777319121	0.18309617867004	0.543796358661699	1.34159570077161	0.899307518367414	0.451594490499504	2.19068663026047	NA	2.12033518626122	2.20096056444035	NA	NA	2.99837296323397	NA	1.12636201513914	1.69374068792894	1.54700432296237	0.579238876977749	0.658982183446283	NA	NA	0.587898902196878	NA	1.15016936315807	NA	1.11614891496191	1.45172353186132	NA	0.731150721263303	0.163557825653351	0.454812507239185	NA	0.985462033202542	0.347834207415031	0.538513592957129
NA	NA	1.18287420969132	NA	0.891420815711258	NA	NA	NA	NA	NA	NA	0.397726249571983	NA	NA	0.128818828062782	NA	0.792419804966157	0.689883414699678	NA	NA	NA	1.03808750321552	NA	NA	0.886646585546217	NA	0.951349764906242	1.03000504950377	0.36446405841794	0.336538262448741	0.270077425991958	NA	0.219799027627884	NA	NA	0.485455270510427	NA	0.258858912256849	0.428579387328141	NA
0.385699672266059	0.544111542789763	NA	NA	NA	0.501158260112224	0.436959378577281	1.09558790276951	NA	NA	1.21790406559811	1.32389656603173	NA	1.37548234002339	0.777479504144539	0.767448190433386	0.668007184334394	1.09794182098017	0.692383920512737	0.723761850164603	0.833293936733238	NA	0.661640536330453	NA	0.799444735429489	0.521452229127727	0.778954407045628	NA	NA	NA	0.298944349232785	0.336062041920194	0.425968724681669	0.458323725141411	0.186260978606071	0.297385312451759	NA	0.701904246551233	0.892266668608804	0.31874670211627
NA	NA	NA	1.08806685511764	NA	1.1757161064475	0.624068291823278	1.03844987204424	0.515483831037336	NA	NA	1.12793260127239	NA	1.08150746495327	0.964419183843627	NA	1.09148589890288	NA	NA	NA	0.90011595905624	NA	0.590104368562296	NA	NA	NA	NA	NA	NA	NA	NA	0.809998524508174	NA	NA	NA	NA	NA	NA	NA	NA
NA	NA	NA	NA	NA	NA	NA	NA	NA	NA	NA	NA	NA	NA	NA	NA	NA	NA	NA	NA	NA	NA	NA	NA	NA	NA	NA	NA	1.02460416157759	1.06557076822631	NA	1.06156902435112	0.658590835830103	0.899866822806756	0.25117619140053	0.486855239447808	NA	0.113730381890043	0.165824064532035	0.372723768748479
NA	NA	NA	NA	0.821937144759509	0.801041380928469	0.666098323201481	0.327242348580702	NA	1.29443514896609	NA	NA	0.416647975386042	0.817062747936917	0.287841658214185	NA	0.582917972450306	0.535324494010867	0.285712929318787	0.718514160612987	0.834745460015295	0.697497386171713	0.795414158049997	0.324106507125319	0.680108579729614	0.969720616986787	NA	0.720017630620398	0.187903670927979	NA	0.522114090242635	0.508004784814148	0.707684618244906	1.03524771234474	0.496138761285334	0.550749417077734	NA	0.40001687630697	0.609239009158718	0.569146308660864
NA	NA	0.809610403843961	NA	0.620778594202821	0.505304414224832	NA	0.470782292790881	NA	NA	NA	0.589801948916405	NA	0.899230495291324	NA	NA	0.455340463105524	NA	NA	0.280959560930406	0.537047605250731	0.400030633915072	0.815733580073992	0.219147241345493	0.204629133724422	1.21716224921936	NA	0.498833997235785	0.248572677153685	0.503442815437867	NA	0.287826406142342	1.49974085456467	0.481725060826836	NA	NA	NA	0.672269618641203	0.451272466289734	NA
1.59732815505745	1.99754904187279	2.07465637598872	NA	2.05403518858299	1.33177041698233	0.86201870189983	0.697441021886776	0.54177376533835	NA	NA	1.09776497209894	0.658995328348271	0.974770565051206	NA	0.806444077447614	1.07029043571216	NA	NA	0.844637380377614	0.43020309697498	0.427397404519254	NA	NA	NA	0.40010505984958	NA	NA	0.880311431548825	NA	0.624021201562265	0.61621079343704	NA	NA	0.550093269366639	NA	NA	NA	0.367491200056604	0.311482829770586
NA	0.913413942563733	NA	NA	NA	1.21646182729584	0.829542872455007	0.976641156710829	0.907326510615879	0.906738566165574	0.585637704669031	0.940422779791964	1.07241725039716	1.17236964091279	NA	2.16957334244987	1.47978819935032	NA	1.26728919704489	0.730333013107822	0.54854210902526	0.6074415373477	0.342736337964574	0.550512197705108	0.379841740688064	0.323837985336465	0.403460132730672	0.723899651983726	0.343193283582231	0.548289001127218	NA	0.652469474264686	NA	NA	NA	NA	NA	NA	NA	NA
NA	NA	NA	NA	NA	NA	NA	NA	NA	NA	NA	NA	NA	NA	NA	NA	NA	NA	NA	NA	NA	NA	NA	NA	NA	NA	NA	NA	NA	NA	NA	NA	NA	NA	NA	NA	NA	NA	NA	NA
NA	NA	NA	NA	NA	NA	NA	NA	NA	NA	NA	NA	NA	NA	NA	NA	NA	NA	NA	NA	NA	NA	NA	NA	NA	NA	NA	NA	NA	NA	NA	NA	NA	NA	NA	NA	NA	NA	NA	NA
1.68523078174396	1.83843250977582	NA	NA	NA	2.47796506969458	2.39043809557661	2.22934234595631	1.96088137160664	2.20901514601313	2.43542870250433	2.54952029823713	2.37744603080678	NA	2.21441335720745	NA	NA	1.96306629442469	NA	NA	1.59685607471294	NA	NA	NA	NA	1.16978587554612	NA	0.912237893361434	NA	0.585818557289045	0.610856650017674	NA	0.777252467205259	0.0834338674098026	NA	NA	NA	2.68619980432903	2.50472019324299	2.75029315038236
1.62405572760988	0.58390920517008	0.361752232222603	NA	NA	0.503790522972947	NA	0.330070409052841	0.454963131700181	NA	NA	NA	NA	NA	1.03447862336166	NA	0.375137609433803	NA	0.356939623003922	NA	0.595650756771759	NA	0.556257585498864	0.538892712696139	NA	NA	NA	0.565228460353079	NA	NA	NA	0.664153717787914	NA	NA	0.695544963829164	NA	NA	0.739111971181017	NA	1.07876012209708
1.95343155862309	1.17115113410237	1.02864447336586	NA	0.725401118700917	1.07531158368825	NA	1.08997978589976	1.2438713833431	0.815551167006713	0.853413940511499	1.34605769142273	NA	1.38972440416182	1.45103967589742	1.18253127125204	NA	1.46629013053865	1.15410282229946	0.821037139912834	0.675118395046821	1.41673487713434	0.688518009457301	0.907063501778007	0.286396572824695	0.297420696436899	NA	0.906695222927361	0.766665402123583	NA	NA	NA	NA	0.561012641086441	0.358685596923212	0.882397860492762	NA	0.464251744899767	0.83418968730416	0.60655965320744
0.260063871798782	NA	NA	NA	NA	NA	1.11549580698831	NA	0.746938740970414	1.20613371548259	1.31791263984699	1.56698749047533	1.21607495441883	1.47024795631031	1.55492789013277	NA	NA	1.9000567483698	1.39889076143303	NA	1.12440452480456	0.680068411710356	1.49798427875416	0.893866743881201	0.563311554362577	1.68536051079752	0.991643299693971	1.09988771637702	0.784110348291012	1.56442354794325	0.497837499346603	1.53301959967451	0.720324807320097	1.05431582696616	NA	1.75974657220244	NA	NA	NA	0.720304473915855
NA	1.50307188923936	1.4846750380866	1.4586464496808	0.990431621909245	1.34025384036441	0.561402823325167	NA	0.640139000105088	0.555613146348244	0.621436322947133	0.906661641527233	0.889475441859778	0.864395377753057	0.977155774511426	1.07262060903535	0.86687283896322	0.588925476692935	NA	0.565520783181671	0.674493639202948	0.485504019066154	NA	0.705217215226022	0.984309290965789	NA	1.49544343081346	1.41912667863305	NA	NA	NA	0.756040294257366	0.540133967630422	NA	0.211957940842491	0.918681914119109	NA	0.431347817694373	0.543691112834738	0.552174095516863
NA	NA	1.48910276005119	1.64545382787991	0.852335876949826	0.522740401306386	0.793060553082023	NA	0.563884758471631	0.646956375110327	1.05504357735003	1.07481300194922	0.80756627005528	NA	0.393740269546619	1.32089030627608	NA	1.21794765636834	NA	0.38043174353155	NA	0.974565958847157	1.2043428533481	NA	1.0333758746151	NA	0.899909666357088	0.90715087406745	1.02766037358169	NA	1.59416835259445	1.25998366293417	1.252244387287	0.75464889553231	0.821934746258519	1.19661289979182	NA	0.418074630450759	0.0817128266590642	0.198727604275585
NA	1.38546504848549	2.02361248671128	NA	NA	NA	NA	0.482153733106394	0.520371843435639	NA	NA	0.284980689567717	1.22623460158904	0.928290191234085	1.61840423312841	NA	1.18782558396544	1.52123280444359	NA	0.342213235977615	0.685306748268986	1.41724598547949	1.36245841597959	1.05796585376138	1.25004421734245	0.255271257900222	0.749781481682971	2.13308903373408	1.24172777023613	0.393478515252823	NA	NA	NA	NA	NA	NA	NA	0.592691954489624	NA	1.1740003799149
NA	NA	NA	NA	NA	NA	NA	NA	NA	NA	NA	NA	NA	NA	NA	NA	NA	NA	NA	NA	NA	NA	NA	NA	NA	NA	NA	NA	NA	NA	NA	NA	NA	NA	NA	NA	NA	NA	NA	NA
NA	NA	NA	NA	NA	NA	NA	NA	NA	NA	NA	NA	NA	NA	NA	NA	NA	NA	NA	NA	NA	NA	NA	NA	NA	NA	NA	NA	NA	NA	NA	NA	NA	NA	NA	NA	NA	NA	NA	NA
NA	NA	NA	NA	NA	NA	NA	NA	NA	NA	NA	NA	NA	NA	NA	NA	NA	NA	NA	NA	NA	NA	NA	NA	NA	NA	NA	NA	NA	NA	NA	NA	NA	NA	NA	NA	NA	NA	NA	NA
1.22165579807017	0.349428001306245	0.663740693268482	NA	0.607237581929785	NA	0.548743382123792	0.480526954468266	NA	0.796091942654038	1.07965558711984	0.589734010215666	0.616098548468398	0.995872934472558	0.955060984855797	0.802218435219576	1.09235854263198	1.15468395854113	0.645417391214938	0.519182755109742	0.68682813421504	0.361414723359729	1.81696518012956	0.355462085123396	NA	NA	0.421746579619706	0.404632686931164	0.616067769266683	0.587030851685663	NA	NA	0.888227413468659	0.557549544788612	0.424280334953689	0.330322503917002	NA	0.121988660583046	0.477464341680303	0.401313300840463
NA	NA	NA	NA	NA	NA	NA	NA	NA	NA	NA	NA	NA	NA	NA	NA	NA	NA	NA	NA	NA	NA	NA	NA	NA	NA	NA	NA	NA	NA	NA	NA	NA	NA	NA	NA	NA	NA	NA	NA
NA	NA	NA	NA	NA	NA	NA	NA	NA	NA	NA	NA	NA	NA	NA	NA	NA	NA	NA	NA	NA	NA	NA	NA	NA	NA	NA	NA	NA	NA	NA	NA	NA	NA	NA	NA	NA	NA	NA	NA
1.97367915466621	3.03110641560594	2.10608109316219	NA	1.77867534545308	2.38477913429091	NA	NA	1.7735421932729	2.23695195079512	2.35856055851704	NA	NA	1.54344034056096	1.93987809285445	1.96987973643964	1.94940877561311	1.34198980868675	1.24757557830149	1.15073345683741	1.70274362559664	1.93086716217237	1.76793835717805	0.667375688410276	1.05450579642547	1.07792438640884	2.01579322771816	1.39376752307136	0.924904726156195	1.58833657861141	1.54785625981162	1.10892802433542	1.02888634724143	0.5514915262403	1.76323932164044	0.321205470117535	NA	1.3518485862167	1.88462321769089	1.55456138452721
1.52260030499191	1.25109450860308	1.70681328585412	1.39135871573366	NA	0.450467882431656	NA	0.609316124167292	0.325759613683336	1.5485485554588	0.659493261796642	1.24105594436941	1.21516132772055	0.286544718573619	0.584144116555167	1.09697050030675	0.922444124519601	0.864503914950852	NA	1.425197244499	1.69135302870861	NA	0.790337858831727	NA	0.710038407528681	NA	NA	NA	NA	NA	1.31964686367125	1.42579949728487	0.577516056020278	0.71099691397202	1.54820822375894	1.35712907743975	NA	1.27559068183755	1.3397536387624	1.34412028078414
NA	NA	NA	NA	NA	NA	NA	NA	NA	NA	NA	NA	NA	NA	NA	NA	NA	NA	NA	NA	NA	NA	NA	NA	NA	NA	NA	NA	NA	NA	NA	NA	NA	NA	NA	NA	NA	NA	NA	NA
NA	NA	2.3898551605542	NA	NA	NA	NA	1.41968110474539	1.9003378060732	1.76115739057405	0.788916644404927	NA	0.735588435255446	1.64393329672811	0.920577778606959	0.750811248702299	0.839720800713551	0.878233595087719	0.747238195230664	NA	1.3205179599939	1.55718682903247	1.6249026176645	1.66235028755957	1.83288995061566	1.12943452165726	1.76844272450787	1.3694257367298	NA	NA	2.09033343106975	1.10823532621615	0.971412953312828	1.04015816585621	1.2605702650664	1.17858632197548	NA	0.660258372553375	0.542850485411729	0.981280453586015
NA	NA	1.50993981839315	NA	1.79880479813971	2.2650424795918	NA	1.93385386129414	2.04302962549546	1.84442050539821	1.78258058224476	1.65488173664802	NA	1.65619953712604	1.79276212792282	NA	1.74112960673286	NA	1.08756283792152	NA	NA	0.867169496495297	1.38942986025738	0.773112668348257	NA	1.0487398926465	NA	NA	0.878952362148213	0.589686778847486	NA	0.29657696648598	NA	NA	0.689940098899117	NA	NA	0.280084000641528	0.396345743587808	NA
NA	NA	NA	NA	NA	NA	NA	NA	NA	NA	NA	NA	NA	NA	NA	NA	NA	NA	NA	NA	NA	NA	NA	NA	NA	NA	NA	NA	NA	NA	NA	NA	NA	NA	NA	NA	NA	NA	NA	NA
1.51933307440293	1.65585005399553	NA	1.28500424835919	1.15080866522002	NA	NA	NA	NA	NA	0.614985698092401	0.510625267720135	1.06646615537152	1.18910719678463	0.998400316717202	1.62557597522921	1.11636609403375	0.908726418067767	1.07267126465003	0.76801942654835	0.785625554875863	0.613112513353985	2.06422810509548	NA	0.349946113940667	NA	0.33464267588564	NA	0.425709398616224	NA	NA	NA	NA	0.617725346346679	0.570494038913638	NA	NA	0.528276650372817	0.581617773379863	NA
NA	NA	NA	NA	NA	NA	NA	NA	NA	NA	NA	NA	NA	NA	NA	NA	NA	NA	NA	NA	NA	NA	NA	NA	NA	NA	NA	NA	NA	NA	NA	NA	NA	NA	NA	NA	NA	NA	NA	NA
0.838113420883686	NA	NA	NA	NA	NA	NA	NA	NA	NA	NA	NA	NA	NA	NA	NA	0.700060696758547	0.56003317396764	NA	0.980674435644934	NA	0.452846307860122	0.626117940099494	NA	NA	0.747966344592988	0.375301269291859	NA	NA	0.506969900009943	NA	0.731822787100463	1.36606459889452	0.418613888059438	0.332846161758074	0.6633271664092	NA	0.265586131188051	0.861435560586918	NA
1.37978868542989	NA	1.51289216171634	NA	NA	0.795665469773202	NA	NA	0.765047163735862	NA	0.84043846132733	0.569451899281792	NA	NA	NA	1.00570070436628	NA	1.72184729960659	NA	0.56316285560772	0.703938534096645	0.9599243269428	1.39249443985816	0.738356596514504	NA	NA	NA	NA	NA	NA	NA	1.6435995209404	NA	NA	0.587847419230692	NA	NA	0.674864618949824	2.24612991292649	NA
1.26755628179548	1.31830758466965	1.35836851109368	NA	1.70221148137569	1.15842070716749	1.44476478640841	1.45581518250641	1.40636999323333	1.38595755004457	1.78654431817543	1.55675868540197	1.76262200904806	2.05770384778285	1.73765709794627	1.92400969641159	2.15196804433006	NA	1.14794665860739	1.28155221414016	1.00393089892448	0.409558561890842	0.472759158671516	0.36034699077915	NA	1.93346172400231	0.47989615112787	0.549057211039925	0.63798128130947	0.472174876568973	1.71225811260586	0.734194545811019	NA	2.16614673441635	0.111391785255119	0.253056711169362	NA	NA	NA	0.714239873415703
NA	0.737242179873513	NA	NA	NA	1.15890246238229	1.4458993822005	NA	NA	1.19134304226113	NA	NA	1.40760088992152	NA	1.0992191714435	1.02334576496495	1.27786674667291	1.39267737701688	NA	NA	0.745256087824554	0.639450369446168	0.15217623512516	0.449567341574106	NA	0.341803283613122	NA	NA	NA	NA	0.275578726666958	0.36569336008891	0.805244100392358	NA	0.476087527608211	0.121226644916557	NA	0.148767609848423	0.629720432070326	0.933043114383345
1.7490114418469	1.54824032409185	1.45540222565602	NA	0.905489724280396	NA	0.853171445776744	NA	0.752693953849395	0.815507613796605	0.731509429599422	NA	NA	1.26223893535737	0.675065393545162	NA	0.720860977566278	0.507592432117195	0.837562243757586	NA	0.57443833353565	0.699641067831406	NA	0.938230667406341	1.20851889993348	0.465504817100423	0.389939633253034	0.562006653349806	1.27043206683501	0.502919328609653	0.697525488421341	0.357751083491262	0.790785286492203	1.02651295810938	0.680468747172824	0.429423387925857	NA	0.177528382793373	0.875678446614032	0.829779198466862
0.473103397540866	0.696159474679716	1.02264984743505	NA	0.784333278743935	1.10022318705737	1.58690353897786	1.53150193069355	1.58834125820157	1.11004705389073	2.13679590408726	1.77892563649927	1.4243591226914	1.5326783670485	NA	1.16526568058025	1.18954330180059	1.23078118226933	0.758919428967221	0.828868875527471	0.559192183770816	0.809991395826817	0.773367172762465	1.30000688119159	0.788598084955414	NA	0.638988746256903	NA	1.44582560083695	1.16301230934078	0.989750490450648	1.2431033195074	0.985330625805498	0.803602019471445	1.23556984777306	1.09422735354528	NA	1.03442225252438	1.04141514151582	1.06106995189382
1.08482871151076	NA	NA	NA	NA	0.68939177519046	0.775801802420835	0.500148718733166	0.941525828654064	NA	0.858199399369148	0.64810219858741	NA	1.00550561000521	0.912558836183063	1.07680095959054	0.877459641619936	0.613137143726491	NA	0.60422599534241	1.31223109692701	NA	0.510028919526576	0.254789405267307	0.440180684947761	NA	0.439634975830532	NA	0.649507814822429	NA	0.808263454788969	0.680444291808149	0.160528254769663	0.617167557848433	0.343117401175984	0.577614305619255	NA	0.285685429789765	0.439729579248549	NA
NA	1.82627704156096	NA	NA	0.772534803585386	0.725080752240297	NA	1.41517671179341	NA	1.18978938252654	1.38215873327807	0.916963521846673	NA	NA	0.780748749059647	NA	0.597820246189693	0.934786702897985	0.89677686814136	NA	0.536306802802151	0.865446837121648	1.10478822469138	NA	NA	NA	0.943989198531395	0.879534751941191	NA	0.657891855088996	0.277496253498307	0.725278593337777	0.581783934661202	NA	0.672391453278419	NA	NA	0.476023640418116	0.784255206000536	0.796604924587865
0.883219252478506	1.77861468837439	NA	NA	NA	1.30384087902712	NA	NA	NA	NA	1.52865493489248	NA	NA	NA	1.49845996662029	2.03538380605842	2.33355718898258	NA	2.01663820676567	2.13408197352845	2.24314818403851	1.17184643739634	0.971747261796433	0.603885931817531	2.14835808325846	NA	NA	NA	0.774526083325196	1.15029080055576	0.367857946275963	NA	0.529435781686554	0.475721078920149	0.550941188153308	0.33951978839373	NA	0.288154042195222	NA	0.72043271275354
NA	NA	NA	NA	NA	NA	NA	NA	NA	NA	NA	NA	NA	NA	NA	NA	NA	NA	NA	NA	NA	NA	NA	NA	NA	NA	NA	NA	NA	NA	NA	NA	NA	NA	NA	NA	NA	NA	NA	NA
NA	NA	NA	NA	NA	NA	NA	NA	NA	NA	NA	NA	NA	NA	NA	NA	NA	NA	NA	NA	NA	NA	NA	NA	NA	NA	NA	NA	NA	NA	NA	NA	NA	NA	NA	NA	NA	NA	NA	NA
NA	NA	1.59012329907901	1.69906994993452	1.47709492362677	1.53634364751355	1.2810945335013	1.37658031328625	NA	1.41488131606985	1.06625178630539	1.33910485180066	1.23517045402404	1.07834345079702	1.35025227044473	1.18895765120537	1.60908513995753	1.0866608877248	NA	NA	NA	0.528541789383007	NA	0.650964839876428	0.520942659225518	1.25356734621131	NA	1.19300686595498	1.29705314007954	NA	NA	NA	1.21271524490807	0.741971139257191	NA	0.470200995974017	NA	0.299387431578133	1.05744753874395	0.332345788970417
NA	NA	NA	NA	NA	NA	NA	NA	NA	NA	NA	NA	NA	NA	NA	NA	NA	NA	NA	NA	NA	NA	NA	NA	NA	NA	NA	NA	NA	NA	NA	NA	NA	NA	NA	NA	NA	NA	NA	NA
1.73126821455674	1.96504926057123	NA	NA	1.73639746649889	1.76254007739965	0.984058592527939	0.706767584338653	0.572461170313222	NA	1.21774148394955	1.83638281006392	NA	NA	NA	NA	1.49567343779027	1.73300825526913	1.78151945904121	0.896075654522635	1.44270269392903	1.74002130900624	1.28846545704363	1.6705078986207	NA	NA	NA	NA	0.446115626714725	0.516349386529718	NA	0.666500723306112	NA	NA	NA	NA	NA	0.676232222387654	NA	0.730436908307194
NA	NA	NA	NA	2.01443990297762	NA	NA	NA	1.74645081982684	NA	NA	0.703787732981334	NA	1.69023506619984	0.992072295481298	NA	1.93264115485193	0.99733129903203	1.65250024386814	NA	NA	NA	NA	NA	NA	0.532617680855447	NA	NA	NA	1.50342407856711	NA	NA	NA	NA	NA	NA	NA	NA	NA	NA
1.62358356746229	NA	NA	NA	1.51445429679621	NA	1.58994749657455	1.06743692084608	1.38695264549077	1.19765762424889	1.08076025835871	NA	1.23243100462495	NA	0.977522851305228	0.618401245039086	NA	NA	NA	NA	1.89616557487565	1.72412380558569	2.27662793240586	NA	NA	NA	2.00028220165872	2.40412207315454	2.15538782307043	0.687304465141081	NA	2.61396683233032	2.31968438057671	2.3672191891132	NA	2.75958110334313	NA	NA	0.351756018171778	0.427052519145566
NA	NA	NA	NA	NA	NA	NA	NA	NA	NA	NA	NA	NA	NA	NA	NA	NA	NA	NA	NA	NA	NA	NA	NA	NA	NA	NA	NA	NA	NA	NA	NA	NA	NA	NA	NA	NA	NA	NA	NA
NA	1.03397925662692	NA	NA	1.0731028320916	0.613207522417207	NA	1.00856806056666	0.882788807967394	1.30093249974524	1.68342447651597	0.23867743409027	1.76641676545081	0.688258802079526	1.05041825063292	1.55357000387438	1.17005463062423	NA	0.522167542703448	0.491376836969103	NA	NA	NA	0.738755415461795	1.28754720856133	NA	NA	NA	NA	1.42022336865815	NA	1.46161912426376	NA	1.12635543910663	0.505066544995374	NA	NA	0.226315766377692	0.390524051476623	NA
NA	NA	NA	NA	NA	0.297026665650526	NA	NA	NA	0.941000271344764	NA	NA	NA	NA	0.887309354687676	NA	NA	NA	NA	NA	NA	NA	0.648479570913563	NA	NA	NA	NA	NA	0.430823320776719	NA	0.477344931194159	NA	NA	NA	NA	NA	NA	NA	NA	NA
NA	NA	NA	NA	NA	NA	NA	NA	NA	NA	NA	NA	NA	NA	NA	NA	NA	NA	NA	NA	NA	NA	NA	NA	NA	NA	NA	NA	NA	NA	NA	NA	NA	NA	NA	NA	NA	NA	NA	NA
2.62128651692248	NA	2.40107215525689	NA	2.43026938858222	0.885025337449115	2.27156926350663	1.83142981524821	1.6869452651903	NA	2.17043034074186	NA	NA	1.95837493148846	1.66913786150438	1.80292267357441	NA	1.7050342026478	0.342210413514285	1.57510533769736	1.97266584193432	2.02893495122194	NA	0.343330374606129	NA	2.52613519345462	1.72684898085563	NA	1.80700429881034	2.2712027963861	NA	0.437341439154304	1.63908564209155	2.0657469210381	1.79382981434875	2.5117169333809	NA	1.69002841002866	1.40551240337373	2.04532253461009
NA	NA	NA	NA	1.16805120709756	1.25315449585908	1.0924370380288	1.61576632494679	0.819283886704161	NA	1.10013087727977	1.20319994695481	NA	0.776302689239444	0.49884560141356	1.51053552085913	0.562492903670033	0.571716638969744	0.340324448603258	0.409482666871759	0.434753505196705	0.328432724597525	0.329005552058807	0.18895935442258	0.263213342386487	0.196917741221244	1.1528460771432	NA	1.92699923436964	1.08695524458853	1.08863311593219	1.04664579298488	0.945949021052922	NA	0.787173429473498	NA	NA	NA	NA	1.17667776763259
1.09413723976118	0.752567052282734	NA	NA	0.798996984536538	1.1613996071557	1.43730005318841	1.50077543963388	1.21991903834623	2.01608938066056	1.49685644490842	1.07323133519681	NA	NA	1.62212758232183	1.42633243337494	1.36185582386803	NA	1.13639415874393	0.72988137271034	NA	NA	NA	2.08328861860341	2.21828321412114	0.630654768256101	2.23065581288083	1.6838087697685	1.009723722752	2.33333671247458	1.89239467829325	0.734576822472352	0.602794799251831	NA	NA	0.718904951568655	NA	2.15324815663794	0.274409445921337	1.74945388472433
NA	1.12043814971187	NA	1.91467256712315	NA	0.907877472621401	0.973952988254631	NA	2.07448080684079	NA	NA	NA	NA	0.593051000963616	NA	2.0623327515996	1.93094282473385	NA	NA	NA	NA	0.73628600919832	0.970341559661201	1.1783950086075	1.06910597330047	1.15295308129452	1.32035715094086	0.937606378900698	1.48899313791138	1.40278297326209	0.55593449424011	1.2509991348848	NA	0.742330294565741	0.57392507653774	0.327962999664842	NA	NA	0.83066840892176	0.977673641036789
0.549937328589311	1.61910547324671	0.501884623492105	0.61795487184864	0.528735358571492	0.921403637753758	0.77721186816196	0.919622085851923	NA	0.559340613669938	0.602415987785245	NA	NA	NA	NA	0.655550811450388	NA	0.657921333404341	0.648996649934083	0.286108435308506	0.425833065185557	0.622394080913594	0.322316972676187	0.648746499030996	0.281137504923947	NA	NA	0.816732341507958	NA	NA	0.739375164733142	0.908090274279023	NA	0.688833849116013	0.399377550778329	NA	NA	NA	0.613203147372643	NA
NA	NA	NA	NA	NA	NA	NA	NA	NA	NA	NA	NA	NA	NA	NA	NA	NA	NA	NA	NA	NA	NA	NA	NA	NA	NA	NA	NA	NA	NA	NA	NA	NA	NA	NA	NA	NA	NA	NA	NA
NA	NA	NA	NA	NA	NA	NA	NA	NA	NA	NA	NA	NA	NA	NA	NA	NA	NA	NA	NA	NA	NA	NA	NA	NA	NA	NA	NA	NA	NA	NA	NA	NA	NA	NA	NA	NA	NA	NA	NA
NA	NA	NA	NA	NA	NA	NA	NA	NA	NA	NA	NA	NA	NA	NA	NA	NA	NA	NA	NA	NA	NA	NA	NA	NA	NA	NA	NA	NA	NA	NA	NA	NA	NA	NA	NA	NA	NA	NA	NA
NA	NA	NA	NA	NA	NA	NA	NA	NA	NA	NA	NA	NA	NA	NA	NA	NA	NA	NA	NA	NA	NA	NA	NA	NA	NA	NA	NA	NA	NA	NA	NA	NA	NA	NA	NA	NA	NA	NA	NA
2.0116418774411	2.22052402910714	1.543199020383	NA	1.50928689271699	1.43137008725113	1.09362839275843	1.01464463683227	0.813295465256383	1.49857317822469	1.60287055801001	NA	NA	1.04900607651009	1.16607391380235	NA	1.42921371729579	1.75645697193372	NA	NA	1.8093161710962	2.36127606119722	2.26513511223403	2.11986300997746	2.93670713263322	2.62806488355792	NA	NA	NA	NA	NA	NA	NA	2.31596324328513	NA	2.96563497094669	NA	2.55313699097263	2.58189448629935	2.38647724843812
0.587511961889497	NA	NA	NA	NA	NA	NA	0.858011829236417	0.498664876443102	NA	0.404908790490546	NA	NA	1.08681726909872	0.842042030529716	0.794719788592823	1.08983635879823	NA	1.00451764731984	NA	NA	NA	1.81613534111945	0.962638365515761	NA	0.540367507614144	NA	0.434804131850725	NA	0.388347937365352	NA	0.840718968958029	0.488918940192113	NA	0.504350333769391	0.534221539240455	NA	0.306340289951758	0.728160446910412	0.52398691646068
NA	NA	NA	NA	NA	NA	NA	NA	NA	NA	NA	NA	NA	NA	NA	NA	NA	NA	NA	NA	NA	NA	NA	NA	NA	NA	NA	NA	NA	NA	NA	NA	NA	NA	NA	NA	NA	NA	NA	NA
NA	NA	0.206920773798036	NA	NA	1.08370981064909	NA	NA	0.540601968756696	0.528897238929646	NA	0.843819888194719	NA	1.34884424716954	NA	0.610941188784992	NA	0.592439411938791	0.430368280635452	NA	1.25725767993566	1.38011412028304	0.577614897809964	0.462539108879305	0.413346777493157	NA	0.670763958534264	0.63254825341174	0.656103189064046	NA	NA	0.618719388149341	NA	NA	NA	0.995500343000258	NA	NA	0.484503835012839	0.37614937998538
NA	NA	NA	NA	NA	NA	NA	NA	NA	NA	NA	NA	NA	NA	NA	NA	NA	NA	NA	NA	NA	NA	NA	NA	NA	NA	NA	NA	NA	NA	NA	NA	NA	NA	NA	NA	NA	NA	NA	NA
NA	NA	NA	NA	NA	NA	NA	NA	NA	NA	NA	NA	NA	NA	NA	NA	NA	NA	NA	NA	NA	NA	NA	NA	NA	NA	NA	NA	NA	NA	NA	NA	NA	NA	NA	NA	NA	NA	NA	NA
NA	NA	2.26888247619059	2.16882515941086	NA	1.49662975616757	NA	1.31958508226593	1.35708682117735	1.33645288993749	NA	1.4764079419588	NA	NA	NA	NA	NA	NA	NA	NA	1.03463823728481	1.46497046754214	1.02486403100787	NA	0.362017985206716	NA	0.264022404939616	NA	NA	NA	0.373597677591335	NA	NA	1.03478375029444	0.52687716981533	NA	NA	0.20230906425302	0.869885131808672	0.790251160401345
NA	NA	NA	NA	NA	NA	NA	NA	1.25112015041514	1.0051999788996	NA	1.09398057676689	NA	0.794155692445622	NA	0.753461241505497	0.700108147022588	0.791968293909079	NA	NA	0.722735963707466	0.854249252888762	0.810168748394398	0.876386016769445	1.26952684621094	NA	1.1685693761223	1.36560365481108	0.904579973247978	NA	1.48421839346881	0.401075642867737	1.27395858837922	0.924286598407593	NA	0.792134900955228	NA	0.355132011375523	0.896821401271507	0.530013594870425
NA	NA	NA	NA	NA	1.13866149988304	0.635729134561608	NA	0.834021800079175	NA	0.819390295832668	1.18407112032119	1.10032533073871	0.793750407455472	0.57899195867016	NA	0.368813535911795	NA	NA	0.282072533497956	0.959123745991795	0.783576577249947	0.718618097521961	0.945103897440613	1.12717433667636	NA	NA	NA	NA	0.946854655915512	NA	1.54112772606106	NA	NA	1.4921244228489	NA	NA	1.35267375483411	1.2988708268505	0.780147282636708
NA	NA	NA	NA	NA	NA	NA	NA	NA	NA	NA	NA	NA	NA	NA	NA	NA	NA	NA	NA	NA	NA	NA	NA	NA	NA	NA	NA	NA	NA	NA	NA	NA	NA	NA	NA	NA	NA	NA	NA
NA	NA	NA	NA	1.27197349240576	NA	1.11117955082808	1.37950328369934	NA	NA	NA	1.3653024142472	NA	1.30700000924427	NA	NA	1.46797515027741	NA	1.08134388381878	NA	0.674597380244739	NA	NA	0.720709912326855	NA	NA	1.08704134119903	0.972416100086637	NA	1.04313273157887	NA	NA	NA	0.363668413245864	NA	0.377757642685616	NA	0.396628429273873	NA	0.494063140547909
NA	NA	NA	NA	NA	NA	NA	NA	NA	NA	NA	NA	NA	NA	NA	NA	NA	NA	NA	NA	NA	NA	NA	NA	NA	NA	NA	NA	NA	NA	NA	NA	NA	NA	NA	NA	NA	NA	NA	NA
NA	NA	NA	NA	1.19022273884004	1.01564424954459	NA	1.1051987022709	1.40181836527604	NA	NA	NA	NA	2.09772108348777	2.30283271262463	NA	NA	NA	1.95063831410477	1.96623385395319	0.86115807954151	2.33662205598514	0.559767805198268	1.01482016619936	0.679000145862694	0.724855739574289	0.539222836987709	0.278616383845522	0.9054564111412	NA	0.662947434619749	0.693414140832338	2.41636608704979	0.520166588092519	0.650435520900158	0.277922719526382	NA	1.10263669245055	0.536351600921025	0.511037291785466
NA	NA	NA	NA	NA	NA	NA	NA	NA	NA	NA	NA	NA	NA	NA	NA	NA	NA	NA	NA	NA	NA	NA	NA	NA	NA	NA	NA	NA	NA	NA	NA	NA	NA	NA	NA	NA	NA	NA	NA
0.33004446567748	NA	0.519850522512372	0.749564479158752	NA	0.773658387891572	1.22491004988185	1.50819556545027	0.732328452543169	1.33345844419914	0.934422858731384	NA	0.834417774639636	0.66010249698392	1.00029738500859	NA	NA	1.38305348021005	0.700104816888395	0.989839447979685	0.888996648447112	0.981556852835508	0.418694699680153	NA	0.857208258851899	0.930421618282989	1.0190762784858	0.856484026425797	0.757765528948386	0.64789822720075	0.493994591422653	0.187628821905272	0.526304060093782	0.460790407444252	0.434495327711385	0.464326541459906	NA	0.0958814571142699	0.328320859370695	0.367810938498791
NA	NA	NA	1.74396834904732	NA	NA	0.932300881129607	NA	NA	NA	NA	0.346974172120287	NA	NA	NA	NA	0.935763861963403	NA	1.80829172935673	NA	0.47707347249766	NA	0.844683815409068	NA	0.507689139765114	NA	NA	NA	0.799535719840172	NA	NA	NA	0.723922398100935	0.660047160709304	0.442950206339617	NA	NA	NA	0.120802994974829	0.845908922407538
1.26576292101943	0.814840209413767	0.598042926257496	1.43868795310238	1.3973167264577	1.7748122183685	1.82088792750459	2.19674273762904	NA	0.545040942270222	0.457136166618646	NA	0.593462109717581	0.807923946439579	1.7748800335014	1.9388009292279	0.943754977229792	0.906239012290714	0.166267925775442	0.466063665575281	NA	1.03093357474199	NA	0.468514509996477	NA	0.524264695219139	NA	0.289436524360477	0.783530993961281	0.796056210289053	NA	NA	0.599640169159633	0.561470256597033	0.895203205500036	0.950109160823325	NA	0.258238816954718	1.01710036560865	0.692205104209426
0.579347627444076	0.534329868901919	NA	NA	NA	0.859038305117953	0.518645191047514	NA	NA	NA	NA	0.25016686789847	NA	NA	0.498446185141126	NA	0.279799358322515	NA	NA	NA	NA	NA	NA	NA	NA	0.823741464779079	NA	NA	NA	NA	NA	NA	NA	NA	0.459263756657303	NA	NA	0.974068602029831	0.893759947286725	NA
NA	NA	NA	NA	NA	NA	NA	NA	NA	NA	NA	NA	NA	NA	NA	NA	NA	NA	NA	NA	NA	NA	NA	NA	NA	NA	NA	NA	NA	NA	NA	NA	NA	NA	NA	NA	NA	NA	NA	NA
NA	NA	NA	NA	NA	NA	NA	NA	NA	NA	NA	NA	NA	NA	NA	NA	NA	NA	NA	NA	NA	NA	NA	NA	NA	NA	NA	NA	NA	NA	NA	NA	NA	NA	NA	NA	NA	NA	NA	NA
NA	NA	NA	NA	NA	NA	NA	NA	NA	NA	NA	NA	NA	NA	NA	NA	NA	NA	NA	NA	NA	NA	NA	NA	NA	NA	NA	NA	NA	NA	NA	NA	NA	NA	NA	NA	NA	NA	NA	NA
0.833865055196738	0.600065426181529	NA	NA	NA	NA	0.500934041722648	NA	1.03408839173376	NA	NA	NA	NA	0.432186109985276	NA	NA	0.476792248905427	NA	NA	0.209149005045553	0.524248560309831	2.20993356258552	NA	0.579251848720817	0.555316272511114	0.560703105510502	NA	NA	0.625197988327317	NA	NA	NA	NA	NA	NA	NA	NA	0.200693058658942	0.44735175839555	NA
NA	NA	NA	NA	NA	NA	NA	NA	NA	NA	NA	NA	NA	NA	NA	NA	NA	NA	NA	NA	NA	NA	NA	NA	NA	NA	NA	NA	NA	NA	NA	NA	NA	NA	NA	NA	NA	NA	NA	NA
0.170815290494246	NA	NA	NA	NA	1.2123205065835	1.66981518352155	1.42315158034568	1.46499662119311	1.3809585440576	NA	NA	NA	0.827485050737492	NA	NA	NA	0.9899328555973	NA	NA	NA	0.892367115783076	0.792042477390959	NA	NA	NA	NA	NA	NA	NA	NA	NA	0.402719061521509	NA	NA	0.245705008064149	NA	1.94253575969846	NA	NA
NA	NA	NA	NA	NA	NA	0.661954302665894	0.834734137583627	0.923743872098006	NA	0.436072984120058	NA	NA	0.511511832109205	NA	NA	NA	NA	0.574291011893185	NA	0.957060133883381	NA	NA	0.780496285707888	NA	NA	NA	NA	NA	NA	NA	NA	NA	NA	NA	NA	NA	0.612742623761478	0.711315340449529	NA
NA	NA	NA	NA	NA	NA	NA	NA	NA	NA	NA	NA	NA	NA	NA	NA	NA	NA	NA	NA	NA	NA	NA	NA	NA	NA	NA	NA	NA	NA	NA	NA	NA	NA	NA	NA	NA	NA	NA	NA
NA	NA	NA	NA	NA	NA	NA	NA	NA	NA	NA	NA	NA	NA	NA	NA	NA	NA	NA	NA	NA	NA	NA	NA	NA	NA	NA	NA	NA	NA	NA	NA	NA	NA	NA	NA	NA	NA	NA	NA
NA	NA	NA	NA	NA	NA	NA	NA	NA	NA	NA	NA	NA	NA	NA	NA	NA	NA	NA	0.909400947595537	NA	NA	NA	NA	NA	NA	NA	NA	NA	NA	NA	NA	0.602022318573679	NA	NA	0.238125547741206	NA	0.442210663740797	0.383499323855117	0.356663209797773
NA	NA	NA	NA	NA	NA	NA	NA	NA	NA	NA	NA	NA	NA	NA	NA	NA	NA	NA	NA	NA	NA	NA	NA	NA	NA	NA	NA	NA	NA	NA	NA	NA	NA	NA	NA	NA	NA	NA	NA
0.500118389542812	0.627555680539374	0.550794400549843	1.14612950061966	0.643960776929336	0.624546791305466	0.626228882071353	0.682530120615541	0.56799874737875	0.711137387357532	0.808708982505134	0.801718444144914	1.17961072488458	0.888481738088857	0.531261426063209	0.771843755129444	NA	1.03276506353318	0.766035545929292	0.892093919943601	0.40869387459289	1.33787865844047	1.3193565654543	1.4469364081701	1.17847827093505	0.425368375455928	0.811895817471996	0.47060917168146	0.51035983401504	0.514744321771734	1.32858415052881	0.197089341594046	0.590324421674583	0.984298304218274	NA	0.791432957709596	NA	1.34576217966206	0.489874057065047	NA
1.60732221008543	1.55092982305125	1.47221742921011	NA	1.52296678071139	1.24361708797171	NA	0.971920095487218	NA	0.753461852173392	0.871735806315903	NA	NA	1.63748475985332	1.60489792868808	1.96038916568844	1.7470888535481	1.82964550010291	1.69901900418253	1.45494400749175	1.89067034449224	1.40707468176286	NA	1.67174388715664	1.09936288660918	NA	NA	0.833916354509894	NA	0.517856581700432	NA	0.286816236347531	0.702424445107443	0.746177181521709	NA	NA	NA	0.464441172899738	0.89439782092647	0.666583650839895
NA	NA	NA	NA	NA	NA	NA	NA	NA	NA	NA	NA	NA	NA	NA	NA	NA	NA	NA	NA	NA	NA	NA	NA	NA	NA	NA	NA	NA	NA	NA	NA	NA	NA	NA	NA	NA	NA	NA	NA
NA	0.703419534208239	0.693090840299495	NA	0.770191093003428	0.560736570371501	0.41188573038542	0.527683511957668	0.692519160333959	0.44740787485731	NA	0.872319635006848	0.745970918046483	0.786223393990676	0.84891662354703	NA	0.850265878978889	0.778404058959958	NA	0.441123116329147	0.403606171182566	0.744141616843593	NA	0.777830231107443	NA	NA	NA	0.537849963539324	0.357780515227926	0.458404318014943	NA	NA	0.890656288726169	0.785106028377211	NA	0.55147054780135	NA	NA	0.631456318930329	0.34828064954821
0.708259846060797	1.07971866182681	NA	NA	0.79288408360274	0.738367933324789	1.88731838332842	1.76702863087247	NA	NA	NA	0.71031801603122	0.446932758654534	0.417703737968539	1.18980912654344	NA	0.47838186396022	1.36697553534215	NA	0.385746602650278	0.275477242746406	0.290811739088556	0.182062583872246	NA	0.728072069193602	NA	NA	NA	0.898967704428479	0.674151705882738	0.945185744435738	0.659214700960119	NA	0.768106000070574	1.10262014214874	1.33031955190979	NA	0.395100941270293	NA	NA
NA	NA	NA	NA	NA	NA	NA	NA	NA	NA	NA	NA	NA	NA	NA	NA	NA	NA	NA	NA	NA	NA	NA	NA	NA	NA	NA	NA	NA	NA	NA	NA	NA	NA	NA	NA	NA	NA	NA	NA
NA	NA	NA	NA	1.0456355828243	0.267218309116694	0.401017416888577	0.562624489408225	0.421800315766646	NA	0.707571613363674	0.574987207606557	0.722692225116809	0.449800019600309	0.542519447233952	NA	NA	0.493765236144255	NA	NA	0.470564993783569	NA	0.0571484651296937	NA	NA	NA	NA	NA	NA	NA	0.183994018674432	NA	NA	0.294069704350019	NA	NA	NA	0.274140211423003	0.37844036918077	NA
NA	NA	0.519280602290216	NA	0.310865625376366	NA	0.675877095320666	NA	NA	NA	NA	NA	NA	1.48527468122724	NA	NA	1.46942685651983	1.62139321311998	1.0805261215922	1.35627347066066	1.28521415124564	NA	NA	NA	NA	NA	NA	NA	NA	NA	0.600189069752146	NA	NA	NA	NA	1.10948210006165	NA	0.344715555298976	NA	0.64071563637652
NA	NA	NA	NA	NA	NA	NA	NA	NA	NA	NA	NA	NA	NA	NA	NA	NA	NA	NA	NA	NA	NA	NA	NA	NA	NA	NA	NA	NA	NA	NA	NA	NA	NA	NA	NA	NA	NA	NA	NA
NA	NA	NA	NA	0.270346289883753	NA	NA	NA	0.10397063715886	NA	NA	NA	NA	0.912136158995238	0.843353492762459	NA	NA	0.486734025675673	NA	NA	NA	1.12205905927855	0.422251577587245	NA	0.682517291097151	NA	NA	NA	NA	NA	1.44479292296482	0.425929676461331	0.357563387215764	0.482000084503863	NA	0.414925383502851	NA	NA	1.75566760123704	1.92345444813068
NA	NA	NA	NA	NA	NA	NA	NA	NA	NA	NA	NA	NA	NA	NA	NA	NA	NA	NA	NA	NA	NA	NA	NA	NA	NA	NA	NA	NA	NA	NA	NA	NA	NA	NA	NA	NA	NA	NA	NA
1.28230706949395	1.23499543354449	NA	1.6673550341453	0.939053271407079	NA	0.639890469065808	0.753044608438042	0.867304162892113	0.886592194361773	1.11917014595662	0.972539720397539	NA	1.02541646637347	0.931022456381311	NA	0.619654122516434	0.875664211877751	NA	0.544124635692487	0.673851034293816	NA	NA	NA	NA	NA	0.667961139667303	NA	0.510002505757168	1.0581063716506	0.632704432044066	0.654362927533222	0.565448037990052	0.454775394627331	NA	0.551177807266712	NA	0.304600098266194	0.276812605610447	0.716837025407198
NA	NA	NA	NA	NA	NA	NA	NA	NA	NA	NA	NA	NA	NA	NA	NA	NA	NA	NA	NA	NA	NA	NA	NA	NA	NA	NA	NA	NA	NA	NA	NA	NA	NA	NA	NA	NA	NA	NA	NA
NA	NA	NA	NA	NA	NA	NA	NA	NA	NA	NA	NA	NA	NA	NA	NA	NA	NA	NA	NA	NA	NA	NA	NA	NA	NA	NA	NA	NA	NA	NA	NA	NA	NA	NA	NA	NA	NA	NA	NA
NA	NA	NA	NA	NA	NA	NA	NA	NA	NA	NA	NA	NA	NA	NA	NA	NA	NA	NA	NA	NA	NA	NA	NA	NA	NA	NA	NA	NA	NA	NA	NA	NA	NA	NA	NA	NA	NA	NA	NA
1.35601287749638	NA	NA	NA	NA	1.17463144058821	1.57478579603764	1.22675526731028	1.51926884691772	NA	NA	0.980201838808257	0.946190431970642	1.20180202594137	1.1071802248117	NA	NA	1.28971325235016	0.945718892285054	0.492978694533739	NA	NA	0.875871920920662	0.637798144657898	0.745635560780134	NA	NA	NA	NA	0.838697056530665	0.850740822941039	1.09925909744574	0.95355573814039	0.425863967175711	NA	0.530791369252519	NA	0.480768498402687	NA	0.621736881998141
0.844933140674214	0.958255151874892	NA	NA	1.14064196040113	NA	0.699434279836687	0.73402763809248	NA	NA	1.01493882055599	NA	NA	0.660312689127103	NA	1.7307517552238	0.993809112407115	0.787048343020138	0.744429769445987	0.813014098878442	0.591507402758087	0.555447246499457	NA	0.567032105175355	NA	0.493822712938642	NA	0.35932489203855	NA	NA	NA	1.75872828088819	NA	1.13047080863915	NA	NA	NA	0.931910206179765	NA	0.826146351244676
NA	NA	NA	NA	NA	NA	NA	NA	NA	NA	NA	NA	NA	NA	NA	NA	NA	NA	NA	NA	NA	NA	NA	NA	NA	NA	NA	NA	NA	NA	NA	NA	NA	NA	NA	NA	NA	NA	NA	NA
1.33548947676221	1.28227152990915	NA	NA	NA	NA	0.578226781578984	0.808047956946818	1.07755702863062	0.844258012451093	NA	0.602054701375069	NA	NA	0.916619626841962	NA	0.686384753675525	0.861727426757488	0.415778488627855	0.520715967281986	NA	0.333215947923976	0.462673078791764	0.253624878269862	1.64989717022384	0.565114746707971	0.706084607003929	1.27428350407552	0.440824036699897	NA	NA	0.70023810836675	NA	NA	0.994956904654347	0.355037158813762	NA	0.534954408820035	0.838742401383945	NA
NA	NA	NA	NA	NA	NA	NA	NA	NA	NA	NA	NA	NA	NA	NA	NA	NA	NA	NA	NA	NA	NA	NA	NA	NA	NA	NA	NA	NA	NA	NA	0.671228430923942	0.668653366320653	0.165200111030297	NA	NA	NA	0.971079301326423	0.847216094135745	0.823087507765821
1.16448224675922	0.827081320746987	NA	1.30279148223117	NA	NA	NA	NA	0.875528015376562	NA	NA	1.21758145339355	NA	1.04940386052042	0.760469956732144	NA	2.03882248249283	1.64371439936419	1.49251662545028	NA	1.46867429195322	0.793302914628287	1.09747781190426	0.828399651102056	1.1923897371851	1.31996383854374	NA	1.14274853560757	1.01854189463524	0.976576762590604	0.985327141099732	0.675510470496765	1.00921164371879	0.513848418832381	0.371416132042531	1.18724260024492	NA	0.491846619802047	0.389477171208328	0.321143817422716
NA	NA	NA	NA	NA	NA	NA	NA	NA	NA	NA	NA	NA	NA	NA	NA	NA	NA	NA	NA	NA	NA	NA	NA	NA	NA	NA	NA	NA	NA	NA	NA	NA	NA	NA	NA	NA	NA	NA	NA
NA	NA	NA	NA	NA	NA	NA	NA	NA	NA	NA	NA	NA	NA	NA	NA	NA	NA	NA	NA	NA	NA	NA	NA	NA	NA	NA	NA	NA	NA	NA	NA	NA	NA	NA	NA	NA	NA	NA	NA
0.680282162551174	NA	0.56628793452257	NA	NA	0.309503456561738	NA	0.625018211204323	0.5927974487432	NA	NA	0.946490745002897	NA	NA	NA	NA	1.19045189725559	1.00791315892794	NA	0.596100508731842	0.318261344521953	0.226915500513339	NA	0.325649217635048	0.488330505607972	NA	NA	NA	NA	NA	NA	0.291055037585097	0.31820228917307	0.653085577551485	NA	NA	NA	NA	0.523279195357578	NA
NA	NA	NA	NA	NA	NA	NA	NA	NA	NA	NA	NA	NA	NA	NA	NA	NA	NA	NA	NA	NA	NA	NA	NA	NA	NA	NA	NA	NA	NA	NA	NA	NA	NA	NA	NA	NA	NA	NA	NA
NA	NA	NA	NA	NA	NA	NA	NA	NA	NA	NA	NA	NA	NA	NA	NA	NA	NA	NA	NA	NA	NA	NA	NA	NA	NA	NA	NA	NA	NA	NA	NA	NA	NA	NA	NA	NA	NA	NA	NA
NA	NA	1.31228170848056	1.1568925104466	NA	NA	1.20783017829342	NA	0.668342942561728	NA	NA	1.32909184029079	NA	NA	NA	0.893374777375485	0.833239861684511	NA	0.564534366242732	0.604029258278462	NA	NA	NA	NA	0.227401020983087	0.35030996509359	0.496168476301319	NA	NA	NA	NA	0.685849745969713	NA	0.251358468210107	1.49475524990712	0.758959466567528	NA	1.18394466455373	0.386384882450206	0.148694469994574
NA	NA	NA	NA	NA	NA	NA	NA	NA	NA	NA	NA	NA	NA	NA	NA	NA	NA	NA	NA	NA	NA	NA	NA	NA	NA	NA	NA	NA	NA	NA	NA	NA	NA	NA	NA	NA	NA	NA	NA
NA	NA	2.26284620000383	NA	0.518286912290719	0.473149263217824	0.53079107078103	0.73198897484079	NA	0.351280811973953	0.547747021412541	NA	NA	NA	0.894951597549082	NA	NA	0.623732925407098	NA	0.434371052063982	0.93741226349533	0.822445963591083	0.796415673979787	0.338175591187663	0.973274415163179	NA	NA	NA	0.714335459935892	0.5119616517992	NA	1.11825288729935	NA	2.14726904246311	2.33206700975705	1.3143600311333	NA	1.68948068922123	NA	0.836726359079209
NA	NA	NA	NA	NA	NA	NA	NA	NA	NA	NA	NA	NA	NA	NA	NA	NA	NA	NA	NA	NA	NA	NA	NA	NA	NA	NA	NA	NA	NA	NA	NA	NA	NA	NA	NA	NA	NA	NA	NA
NA	1.57431881441745	1.26215512917669	1.06473144328818	1.26464288868934	NA	0.877751372956119	0.949168545930602	NA	0.690704940217448	1.01222613680999	NA	NA	NA	0.785106123738693	NA	NA	NA	0.964922900372336	0.707770488211349	0.751671163298305	1.06646409433803	NA	1.10155328054171	NA	NA	NA	NA	0.555965511299599	0.660417209203612	0.710178049066636	0.912963748276293	0.746949603563431	NA	NA	NA	NA	1.20126404169992	NA	NA
NA	NA	NA	NA	NA	1.24930487095838	NA	1.08715555818721	NA	1.3435449459965	1.47700133320895	NA	1.21351970755338	1.31129542600326	1.07926479453757	1.24498377754851	1.44773277587423	1.16475440567419	NA	1.15933170402207	NA	1.03821870824267	NA	NA	0.81896329253568	NA	0.558776471120981	NA	0.710456211822291	NA	0.905560858342969	0.69906899797117	0.576851733380491	NA	0.346976455382384	NA	NA	0.504421761659411	NA	0.421351623109326
NA	NA	NA	NA	NA	NA	NA	NA	NA	NA	NA	NA	NA	NA	NA	NA	NA	NA	NA	NA	NA	NA	NA	NA	NA	NA	NA	NA	NA	NA	NA	NA	NA	NA	NA	NA	NA	NA	NA	NA
NA	NA	NA	NA	NA	NA	NA	NA	NA	NA	NA	NA	NA	NA	NA	NA	NA	NA	NA	NA	NA	NA	NA	NA	NA	NA	NA	NA	NA	NA	NA	NA	NA	NA	NA	NA	NA	NA	NA	NA
NA	NA	NA	NA	NA	NA	NA	NA	NA	NA	NA	NA	NA	NA	NA	NA	NA	NA	NA	NA	NA	NA	NA	NA	NA	NA	NA	NA	NA	NA	NA	NA	NA	NA	NA	NA	NA	NA	NA	NA
NA	NA	NA	NA	NA	NA	NA	NA	NA	NA	NA	NA	NA	NA	NA	NA	NA	NA	NA	NA	NA	NA	NA	NA	NA	NA	NA	NA	NA	NA	NA	NA	NA	NA	NA	NA	NA	NA	NA	NA
NA	NA	NA	NA	NA	NA	NA	NA	NA	NA	NA	NA	NA	NA	NA	NA	NA	NA	NA	NA	NA	NA	NA	NA	NA	NA	NA	NA	NA	NA	NA	NA	NA	NA	NA	NA	NA	NA	NA	NA
0.444990871064857	NA	NA	NA	NA	1.14289205546556	0.987377876293113	NA	NA	NA	NA	1.00973086395388	NA	0.771851511364336	NA	0.560941862878534	0.440901986548318	0.398826539699559	NA	0.611028763887772	NA	0.513257945775715	0.419536945646075	0.329682907795483	NA	NA	NA	1.30018723898306	0.449770878261706	0.605909136341112	NA	0.71424177363442	0.641655650940861	0.616730375408539	0.619629878760018	0.283488007078009	NA	0.207027277940049	0.278190542714429	0.135022458231338
0.371468005833954	NA	0.339533748955238	NA	NA	NA	NA	0.312173637352622	0.180499722084269	0.773436970708441	0.372875280094051	NA	0.530854841658652	1.08934903852172	0.969309487909587	NA	0.979884072427549	0.749131147337521	0.853328902393111	0.282383084594316	0.3764394739338	0.601407162210562	1.01816689207563	0.641428091225828	0.984438344419046	NA	NA	0.97560923396939	0.451661588951975	NA	NA	NA	NA	0.56841156028861	NA	NA	NA	NA	1.05390888676016	0.646235205773164
NA	NA	NA	NA	NA	NA	NA	NA	NA	NA	NA	NA	NA	NA	NA	NA	NA	NA	NA	NA	NA	NA	NA	NA	NA	NA	NA	NA	NA	NA	NA	NA	NA	NA	NA	NA	NA	NA	NA	NA
NA	NA	NA	NA	NA	NA	NA	NA	NA	NA	NA	NA	NA	NA	NA	NA	NA	NA	NA	NA	NA	NA	NA	NA	NA	NA	NA	NA	NA	NA	NA	NA	NA	NA	NA	NA	NA	NA	NA	NA
1.30806157618003	1.3614416508698	1.15437440338847	NA	NA	0.675391198365564	NA	NA	0.564858451274871	0.879340287075509	0.428506027360106	0.766800297946306	0.917742013070122	0.921602475050145	0.830218940217623	1.03180462227575	0.49177119972601	0.87199567445573	0.756736936701416	1.0181486560811	0.777692961060745	NA	0.455825020649646	0.598483959616619	0.523260917001305	0.640191262905871	NA	0.418126018347294	0.547074017239962	0.655606949511336	0.455505655681017	0.493196816696308	0.525699204973043	0.597073385257236	0.582599160149999	0.428958015846302	NA	0.612495050687472	0.899525867812124	0.990306408227012
NA	2.02686972566283	1.99112254971142	1.87107525302647	NA	1.69370271100811	NA	NA	1.83907461909937	NA	NA	1.50864153507241	NA	1.72318047666103	NA	NA	1.14645946760878	NA	NA	0.774546221544445	1.55004252018804	1.65198463393275	1.51568961688182	0.361144645253405	1.55148596358921	NA	NA	NA	1.6946425958032	NA	2.08009089939597	1.73524006119834	2.15888876167815	1.57616836516871	NA	NA	NA	1.30658670555757	0.714827440627906	2.00126854204499
NA	NA	NA	NA	0.742339087741732	1.54877054877133	NA	NA	0.868486625816062	NA	NA	NA	1.18672639052378	1.20344504164808	0.991154201897784	NA	1.1991861399506	1.2857429029683	0.569855760138567	NA	0.467170563728171	NA	NA	NA	0.360099518700919	NA	NA	0.528223802795119	NA	1.3343588717749	NA	NA	NA	NA	NA	NA	NA	NA	0.512849943414329	0.577175347209513
NA	NA	NA	NA	NA	NA	NA	NA	NA	NA	NA	NA	NA	NA	NA	NA	NA	NA	NA	NA	NA	NA	NA	NA	NA	NA	NA	NA	NA	NA	NA	NA	NA	NA	NA	NA	NA	NA	NA	NA
0.948000181851041	NA	NA	NA	0.827455696549893	0.944634680038812	NA	1.17689913318167	NA	NA	0.772461642875276	0.821617806943319	NA	0.999989327194865	NA	0.843945807903153	NA	NA	NA	NA	1.2640551223844	NA	NA	NA	0.392426282290002	0.632141044584273	NA	0.396925575988915	NA	2.13928110061158	NA	NA	0.371783711655209	0.501925885543972	0.185568854917277	NA	NA	0.458692048984315	NA	0.288732672577413
NA	NA	NA	NA	NA	NA	NA	NA	NA	NA	NA	NA	NA	NA	NA	NA	NA	NA	NA	NA	NA	NA	NA	NA	NA	NA	NA	NA	NA	NA	NA	NA	NA	NA	NA	NA	NA	NA	NA	NA
0.457957387712767	NA	NA	NA	0.901401556063855	1.59775273389494	1.67800079568481	0.878836230856449	NA	NA	1.85884636374843	0.659936921985188	0.564090137122397	0.641669612421786	0.596394444793325	NA	1.03294641890646	1.13536636708305	0.985184437154364	1.59859212404062	1.18095813389255	0.921679037359232	1.5521101727183	NA	0.805285811355851	0.696921701426778	0.713864716430514	0.786083875498554	0.356624854515674	0.648359563889052	NA	0.594501461708453	NA	0.636333927513726	0.548921798257271	0.942816455337267	NA	0.329096761212735	0.4461475865021	1.18414819345265
NA	NA	NA	NA	NA	NA	NA	NA	NA	NA	NA	NA	NA	NA	NA	NA	NA	NA	NA	NA	NA	NA	NA	NA	NA	NA	NA	NA	NA	NA	NA	NA	NA	NA	NA	NA	NA	NA	NA	NA
NA	NA	NA	NA	NA	NA	NA	NA	NA	NA	NA	NA	NA	NA	NA	NA	NA	NA	NA	NA	NA	NA	NA	NA	NA	NA	NA	NA	NA	NA	NA	NA	NA	NA	NA	NA	NA	NA	NA	NA
1.35678066561447	1.23673743927781	NA	NA	NA	0.926669168499181	1.08218094902008	NA	NA	NA	1.35820068015083	1.53002340281067	NA	1.78905293894875	1.43912915470698	NA	1.96865823837274	1.42414363603667	1.36225567252067	NA	0.813650607358014	NA	NA	0.371180572977818	0.345106767214406	NA	NA	NA	0.23122965288747	NA	NA	0.316789319104692	0.614880992864123	NA	0.429069232908204	NA	NA	NA	0.395182821058601	0.464318371064879
NA	NA	NA	NA	NA	NA	NA	NA	NA	NA	NA	NA	NA	NA	NA	NA	NA	NA	NA	NA	NA	NA	NA	NA	NA	NA	NA	NA	NA	NA	NA	NA	NA	NA	NA	NA	NA	NA	NA	NA
0.946398037291978	NA	NA	NA	NA	NA	1.27373918154996	NA	1.13945006206555	NA	1.1447883062438	0.882235498085421	0.666660951296334	0.525968316452916	0.720949319256702	NA	0.867013467122143	1.10738335212876	1.7036508975379	NA	0.690489341555146	NA	0.877644020995216	0.549525679525833	1.05355491200157	0.635009193298268	NA	0.419766931418777	0.331801447675456	0.626489351745709	1.23841376959556	0.461592966167579	0.294305949305454	0.524898226336334	NA	0.221613456530156	NA	0.686427268420323	0.598317918237475	0.348899955436712
NA	NA	NA	NA	NA	NA	NA	NA	NA	NA	NA	NA	NA	NA	NA	NA	NA	NA	NA	NA	NA	NA	NA	NA	NA	NA	NA	NA	NA	NA	NA	NA	NA	NA	NA	NA	NA	NA	NA	NA
NA	0.887168949810513	NA	NA	0.750676423108981	NA	NA	NA	NA	NA	1.22993023063205	1.3793337654696	NA	0.670740467914434	1.2022790507503	NA	1.73633721996819	NA	NA	NA	NA	NA	1.73126934059728	NA	NA	NA	NA	NA	NA	0.777959027820566	NA	1.01191329345507	NA	NA	0.420286609708608	NA	NA	0.312534557735041	0.338699103878602	1.54256897352014
0.833297865601914	NA	0.520456236586289	NA	0.314801697667682	0.335659320245098	0.634677382690497	NA	0.698357637299621	NA	NA	NA	NA	0.735936078601923	NA	1.21677412888447	NA	0.869670050987873	NA	NA	0.615301719339117	1.12922101140946	NA	NA	1.7928797087619	0.821894416266349	NA	NA	NA	NA	NA	NA	NA	NA	NA	0.701809451452983	NA	2.33549313203442	NA	1.06338522844016
NA	NA	NA	NA	NA	0.878656270994629	NA	0.964434021078157	NA	1.54735623680818	NA	NA	1.2957800538274	NA	NA	NA	NA	NA	NA	NA	2.27691222758204	0.710892361215959	NA	NA	NA	NA	1.13822848829254	NA	NA	NA	NA	1.0945296401362	NA	NA	NA	NA	NA	NA	NA	NA
1.22615317626187	NA	0.954412660784138	NA	0.886364937772691	0.791053618325614	0.816988051662453	0.653568895277326	0.666088231592368	0.258754329932156	NA	0.640482326105911	NA	0.796332211056401	0.474228537359846	0.83672194340947	NA	0.659574658401343	0.171892685485869	0.370855676414996	0.999240223934177	0.367702960044021	0.400214403231194	0.511936490570787	1.05697971362774	NA	0.380425272959801	0.447253555602814	0.175526407367964	NA	0.475196684774533	0.509408324323705	0.811845520687499	NA	0.49962709767217	0.436239447475161	NA	0.136726068391058	0.300495229787698	0.18025716250549
NA	NA	1.68155617200937	NA	1.22978669336715	NA	1.11842146171742	1.28450121429334	NA	1.10762628679877	0.763241625839295	NA	NA	0.739278817617677	NA	1.22350264638926	NA	NA	1.45498656585657	0.997722834382768	1.83028501088878	0.972984324614052	0.200591031091594	0.156524279235812	NA	0.485146658942637	0.459041681907679	0.746917909772728	NA	0.618622919002702	0.72625620632894	0.511144749675822	0.303370282239404	NA	0.444693360683972	NA	NA	0.368826994031568	0.187545841619021	0.419444690387936
NA	NA	NA	NA	NA	NA	NA	NA	NA	NA	NA	NA	NA	NA	NA	NA	NA	NA	NA	NA	NA	NA	NA	NA	NA	NA	NA	NA	NA	NA	NA	NA	NA	NA	NA	NA	NA	NA	NA	NA
1.20239381289434	1.60455456110033	1.38746898288875	1.75717067956767	1.143012114928	NA	1.12116094230055	0.942959083160347	NA	0.871171086527883	0.294379594327166	0.169956094950749	0.741706600863137	NA	1.10951404883748	0.674683082217986	1.30565290662971	1.4371427163131	1.52421737708706	0.531646487575952	NA	0.789644979164725	NA	0.709343504617218	NA	0.279972638500931	1.40418865559153	1.34543908427106	0.788225446618854	0.0743384883569677	0.465207945546898	1.53830490121747	0.595357704078842	NA	0.888863386591173	NA	NA	0.2728767823427	0.720430937503081	0.994902076656069
1.34145104720024	NA	0.657048127612411	0.972525899566281	0.836882898824992	1.29754668437138	1.45577741462103	1.75883839442805	1.58134433791027	NA	1.33884347901865	NA	1.13368084663586	0.654724844006088	NA	1.11680510045027	1.13995115892848	NA	1.12498649466913	NA	0.775327750474684	NA	NA	NA	0.50361209482893	NA	NA	NA	NA	NA	NA	0.563289374924065	0.536474935197169	NA	NA	0.490592532888049	NA	NA	NA	0.432951863409146
1.3274831091795	NA	0.872576763821272	NA	NA	NA	NA	NA	NA	NA	NA	NA	1.55095002408364	1.0517698836756	0.907504746855533	NA	NA	NA	NA	NA	NA	0.955565250752638	1.20505845161487	0.0808259379928643	NA	1.14421663405805	0.548517301223352	NA	1.09005481767609	NA	1.17119657334143	1.766093866622	NA	NA	0.773988716891943	NA	NA	NA	NA	1.19087572284424
0.60818547922753	0.761334056487103	NA	NA	NA	1.10850074479382	1.24028504133328	1.30390811624467	NA	1.29910286101212	1.1240030197882	0.534315096065391	NA	0.904752205196413	NA	NA	0.291823346601432	0.342349402334908	0.643428124359995	NA	0.458654703018794	0.29317993861877	0.539500363054043	0.527592390947022	0.445651296117367	0.876556350030988	0.986934863482439	1.14923709980577	1.29938259625117	NA	1.05208080347532	0.740435010420989	0.64304300830371	0.898543429495048	0.446141665653112	0.305151453465522	NA	NA	0.850482351824718	NA
NA	NA	NA	NA	NA	NA	NA	NA	NA	NA	NA	NA	NA	NA	NA	NA	NA	NA	NA	NA	NA	NA	NA	NA	NA	NA	NA	NA	NA	NA	NA	NA	NA	NA	NA	NA	NA	NA	NA	NA
NA	NA	NA	NA	NA	NA	NA	NA	NA	NA	NA	NA	NA	NA	NA	NA	NA	NA	NA	NA	NA	NA	NA	NA	NA	NA	NA	NA	NA	NA	NA	NA	NA	NA	NA	NA	NA	NA	NA	NA
0.702772302799773	NA	0.813622121944191	NA	NA	NA	1.27432157595964	1.83289850556377	0.624674052931407	2.0834884121547	0.428492693194907	0.987900798828851	1.97764221279384	1.35054703682378	0.989783095836975	2.20692893343723	0.813502799577499	1.52501801606793	0.533038876378493	0.237619902672516	0.418674941567037	0.731108827905455	1.79590944611772	1.08550740690338	NA	NA	NA	NA	0.526082609242412	NA	2.04317582776357	0.576583398437513	1.79309203360094	NA	0.703174802928025	0.930587876477296	NA	NA	NA	0.860064079837316
NA	NA	NA	NA	NA	NA	NA	NA	NA	NA	NA	NA	NA	NA	NA	1.35774843098954	1.21562313537657	NA	NA	0.421399106821031	NA	NA	NA	NA	1.81972179072152	0.205444768309077	NA	1.78445714525951	1.77822703552782	NA	NA	0.501492941666525	0.19688088243928	0.175472135128033	NA	0.0947045785009143	NA	0.208999347749147	1.43937737876668	0.256968190518835
1.09879277414207	NA	0.985445134814337	1.23937176355455	1.44179222695445	0.595628417948616	NA	NA	NA	NA	0.668582163671712	NA	NA	NA	0.379323749770854	NA	NA	NA	NA	NA	0.347741601464969	NA	NA	NA	NA	1.32210145096015	1.81080148182452	NA	NA	NA	NA	NA	NA	1.40845618648788	0.140323673649835	0.647960040656656	NA	0.323178700008622	NA	NA
NA	NA	NA	NA	NA	NA	NA	NA	NA	NA	NA	NA	NA	NA	NA	NA	NA	NA	NA	NA	NA	NA	NA	NA	NA	NA	NA	NA	NA	NA	NA	NA	NA	NA	NA	NA	NA	NA	NA	NA
NA	NA	1.56756061872817	0.72655566176543	1.10695239538109	NA	1.74738437239269	1.48621513657194	1.30555396731472	NA	1.35598570428005	NA	NA	NA	NA	1.6358802097238	1.75069632682538	1.32656934783965	1.22543051432169	0.951466464061352	NA	0.530927317325694	0.084165673193328	0.606618671537554	0.0767425095066146	NA	NA	0.500006594009862	0.499067763718265	0.273070781026675	NA	0.295544031240585	NA	NA	0.696953145160461	0.621175429222639	NA	0.52353507816551	0.464990118936673	NA
0.410918280505621	NA	0.671462235367324	NA	0.362121620940703	0.437972537486637	NA	NA	0.733614199397468	NA	NA	NA	0.63922089608421	0.527239425482568	0.5474776270443	NA	0.90085077901381	NA	0.445115103742527	0.537661887651288	NA	0.444490113920423	0.267449996263849	0.51702384401812	0.616750259523283	0.70492324535734	0.562121801629972	0.542932669759071	NA	NA	NA	NA	NA	NA	0.515813131186459	0.260032564122178	NA	NA	NA	NA
0.678030820383601	NA	NA	2.00776424459967	NA	0.520221997432288	0.827777703893602	1.05202715945532	1.23270959371059	1.05235173774311	0.965559621819794	0.633469369367394	1.10236322960117	0.669951505463219	0.176021119135245	NA	0.574513528501485	0.666033785032924	0.548895730801867	NA	1.04960355240102	1.0242058626497	1.30917101932168	1.31351510325495	NA	1.30449816820568	NA	1.42642569880302	1.25145090227643	NA	1.2097094746231	1.08460931499573	NA	NA	0.655538365584472	0.91345295912697	NA	0.563593038665621	0.851013003868678	1.04151533805687
2.27175204453274	NA	NA	NA	1.54699656223701	2.10418604673854	NA	2.29840536778933	NA	2.25704287918201	2.42110465898771	0.824884788407747	NA	NA	NA	2.33848757468592	1.9996997565418	NA	NA	1.52475520503407	NA	1.90296421044433	NA	1.97781744533116	NA	1.22734059462302	1.09008289471465	NA	2.52307755560228	NA	2.81510894554106	0.416016890501493	1.3609653057677	1.60583712166025	NA	NA	NA	0.601015749170416	NA	NA
NA	NA	NA	NA	NA	NA	1.77722891484314	0.730696689957631	2.10227892238583	NA	NA	1.35055691785957	1.2047760879928	0.776452256787681	0.2148488465403	NA	0.653864958847886	0.814400285829932	NA	NA	0.807305636108967	NA	0.677551785893369	0.607593052313526	NA	NA	NA	0.979327063686336	NA	1.34210893200563	0.884104777952458	0.751164196909274	0.817392529354756	0.467146910052311	1.17420451090363	0.331905607310992	NA	1.17569889853732	NA	0.805987423834307
NA	NA	1.35087452116137	NA	1.3088062245841	NA	1.48363040050913	NA	1.00592224415239	NA	NA	NA	NA	1.16329839202057	NA	0.652696270305928	0.604583600348868	0.828353533418696	0.596311815175506	0.797309659555403	NA	0.558398244177851	0.352573102682407	0.912234250719528	NA	NA	NA	NA	1.02134693952288	NA	NA	0.625518143415909	NA	NA	NA	NA	NA	NA	1.53878446983165	NA
0.649874504037787	NA	NA	1.01838865801369	NA	NA	0.736445152423192	0.963777903274491	1.07148235490702	NA	0.836943185164388	0.978591640073852	NA	NA	NA	0.874233919629071	0.684124598427051	NA	0.874360911012545	NA	NA	NA	NA	NA	0.907545159656127	NA	NA	NA	NA	NA	NA	NA	NA	NA	0.409641778011498	NA	NA	0.502721413901815	NA	0.69899367712366
1.12813715083119	NA	NA	NA	NA	NA	0.715054127092864	0.586201908681544	0.926382356087043	NA	NA	NA	NA	1.157431808032	0.862952394918115	1.45669518644274	0.52396452138583	0.186823138654774	0.301863311973613	NA	NA	0.299504323352373	0.8925230479723	0.408981041637736	0.468859714868844	0.975811214235295	NA	0.302062376146693	0.366213571454052	0.483797957772565	0.496147822866078	0.463291367892911	NA	0.627148167197567	0.953932408481501	1.3263017015527	NA	1.30294065629461	0.501255080406471	0.576631626235872
NA	NA	NA	NA	NA	NA	NA	NA	NA	NA	NA	NA	NA	NA	NA	NA	NA	NA	NA	NA	NA	NA	NA	NA	NA	NA	NA	NA	NA	NA	NA	NA	NA	NA	NA	NA	NA	NA	NA	NA
NA	NA	NA	NA	NA	NA	NA	NA	NA	NA	NA	NA	NA	NA	NA	NA	NA	NA	NA	NA	NA	NA	NA	NA	NA	NA	NA	NA	NA	NA	NA	NA	NA	NA	NA	NA	NA	NA	NA	NA
1.31467121570419	1.20961490939129	1.41905645985394	0.993077838244613	0.787340537557922	1.54979065822199	1.7424279288202	2.11812702450133	NA	1.51211507784529	1.93594015606592	2.01764628544432	1.84630201946084	1.76105165322851	1.48706795985007	1.7722804729574	NA	1.50847063478994	1.38498906614517	1.00280254381889	1.17146194693452	0.972972550030142	1.33639518603638	0.97237950927534	NA	0.836021198912259	0.696580865836598	0.882245693226032	NA	NA	NA	NA	NA	NA	NA	NA	NA	2.03598308788071	2.25547585879609	1.03527777396208
NA	NA	NA	NA	NA	NA	NA	NA	NA	NA	NA	NA	NA	NA	NA	NA	NA	NA	NA	NA	NA	NA	NA	NA	NA	NA	NA	NA	NA	NA	NA	NA	NA	NA	NA	NA	NA	NA	NA	NA
NA	1.35989391686121	1.2401171939931	NA	NA	0.711235477162867	0.562812074694515	NA	0.744375926289251	NA	0.843260173192045	0.655838960461459	NA	0.76686969175488	0.684087890373279	NA	0.697057781257923	0.858570451930173	0.866906241027452	0.506073497927892	0.797115015626376	0.4244487521899	0.76182679754225	1.13125320089045	1.08641315331963	NA	0.909585863037389	NA	0.965437786717273	0.883419045833533	0.667063231941261	NA	NA	NA	1.72064344053655	NA	NA	1.07590454042347	1.23367193630786	0.754491321481551
NA	1.74982229581	NA	NA	1.64765476406378	1.65584168038367	NA	1.64654912610693	1.78665911221398	1.76244750089728	1.77178345005983	NA	1.90607107762066	2.40934997376397	NA	1.71751010080919	NA	NA	1.56286937826192	NA	1.16610549392037	0.955827107532994	1.08129560588211	NA	0.64208230719946	NA	NA	0.451606858368209	NA	0.299586861168003	NA	0.355054363944015	NA	NA	NA	NA	NA	0.637607924162661	0.332876148056735	0.51793768093532
NA	NA	NA	NA	NA	NA	NA	NA	NA	NA	NA	NA	NA	NA	NA	NA	NA	NA	NA	NA	NA	NA	NA	NA	NA	NA	NA	NA	NA	NA	NA	NA	NA	NA	NA	NA	NA	NA	NA	NA
NA	NA	0.997040508090443	NA	NA	NA	NA	NA	0.305073031342959	0.388811695012529	NA	NA	NA	1.00473007312491	NA	0.785782929740789	0.534722837056844	NA	NA	NA	0.799673173414394	NA	NA	NA	NA	NA	1.59765761151469	0.780798644565895	NA	NA	NA	0.689164548393986	0.624261992397775	0.541820252874801	0.985255506176575	0.865323524293635	NA	0.421307654836905	NA	0.632174749517058
NA	NA	NA	NA	NA	NA	NA	NA	NA	NA	NA	NA	NA	NA	NA	NA	NA	NA	NA	NA	NA	NA	NA	NA	NA	NA	NA	NA	NA	NA	NA	NA	NA	NA	NA	NA	NA	NA	NA	NA
NA	NA	NA	NA	2.09617333470671	2.25183144914531	NA	NA	NA	NA	NA	1.4441418351812	NA	NA	NA	1.46525988829088	1.69457133171117	2.28135778255507	NA	NA	NA	2.03389256205293	2.0639371959091	2.14849491676597	1.5384978615177	NA	NA	NA	NA	1.00762111782985	NA	0.812691624301036	0.608338487335779	1.28907178378281	0.214693624863314	NA	NA	NA	NA	0.499916423592827
NA	NA	NA	NA	NA	1.34543116650432	1.27341878332544	NA	0.382099298877014	NA	NA	NA	NA	1.18728195088865	NA	NA	NA	NA	NA	NA	NA	0.792974856799118	NA	NA	NA	NA	NA	1.67116644323178	NA	NA	NA	NA	NA	NA	NA	NA	NA	NA	NA	NA
NA	NA	1.49753847871099	0.391652429287544	NA	NA	2.04897074949688	1.95810192636828	1.6515086775318	1.74071613368084	1.63446636553131	NA	NA	NA	1.78824668338217	NA	2.12130628593338	2.38098982387153	NA	1.58082899699684	1.23304012364138	1.68147447052814	1.51188593737774	1.24778933154305	0.868006664669421	NA	1.43348612905667	NA	1.36706543062199	NA	NA	0.528086356926642	NA	0.708779789716692	0.290517523944202	NA	NA	2.12705331959025	0.788198010680349	0.720311606716345
NA	NA	NA	NA	NA	NA	NA	NA	NA	NA	NA	NA	NA	NA	NA	NA	NA	NA	NA	NA	NA	NA	NA	NA	NA	NA	NA	NA	NA	NA	NA	NA	NA	NA	NA	NA	NA	NA	NA	NA
NA	1.76210719331604	NA	NA	1.55871770529824	NA	1.50381785573817	1.43363509730416	1.28297369535945	NA	1.39798671290536	NA	NA	2.11173652540212	0.99373858225476	1.0692661430419	0.847962601131691	NA	1.80343438286698	1.45144282010958	NA	NA	0.733401573310008	NA	1.85530157667724	NA	0.676581194134333	0.979641551302781	NA	NA	NA	0.789165310038004	NA	NA	NA	0.289425121643564	NA	0.279528710174327	0.317977041081478	NA
NA	NA	NA	NA	NA	NA	NA	NA	NA	NA	NA	NA	NA	NA	NA	NA	NA	NA	NA	NA	NA	NA	NA	NA	NA	NA	NA	NA	NA	NA	NA	NA	NA	NA	NA	NA	NA	NA	NA	NA
NA	NA	NA	NA	NA	NA	NA	NA	NA	NA	NA	NA	NA	NA	NA	NA	NA	NA	NA	NA	NA	NA	NA	NA	NA	NA	NA	NA	NA	NA	NA	NA	NA	NA	NA	NA	NA	NA	NA	NA
NA	NA	NA	NA	NA	NA	NA	NA	NA	NA	NA	NA	NA	NA	NA	NA	NA	NA	NA	NA	NA	NA	NA	NA	NA	NA	NA	NA	NA	NA	NA	NA	NA	NA	NA	NA	NA	NA	NA	NA
NA	NA	NA	NA	NA	NA	NA	NA	NA	NA	NA	NA	NA	NA	NA	NA	NA	NA	NA	NA	NA	NA	NA	NA	NA	NA	NA	NA	NA	NA	NA	NA	NA	NA	NA	NA	NA	NA	NA	NA
1.46793564794188	NA	NA	NA	1.31628354066986	0.918123718371125	1.06884100374274	1.20990717215009	1.17775227232556	NA	NA	NA	NA	1.5385519548061	1.33178289468132	NA	0.882452282351325	0.923919721251419	0.817601991244981	0.619052426899197	1.27343427306308	NA	0.118577709456453	NA	NA	0.681328380628367	0.405013335760051	0.544895223597882	0.783560172589109	0.339743251850579	NA	0.938691362601489	NA	NA	NA	0.731014939998046	NA	0.825873380329012	0.681472284583961	NA
0.165225907737595	NA	NA	NA	0.796412606319121	0.774037218848704	NA	0.60349914406602	NA	NA	NA	NA	0.896611137593674	0.681969810580923	0.787620658754014	0.839666873399146	1.15963145262007	NA	NA	0.555464203187895	NA	NA	NA	NA	NA	NA	NA	NA	NA	NA	NA	0.926157743770251	NA	0.766627404359472	NA	0.899940935105981	NA	NA	NA	NA
NA	NA	NA	NA	NA	NA	NA	NA	NA	NA	NA	NA	NA	NA	NA	NA	NA	NA	NA	NA	NA	NA	NA	NA	NA	NA	NA	NA	NA	NA	NA	NA	NA	NA	NA	NA	NA	NA	NA	NA
NA	NA	0.856889710740897	0.620509560108784	NA	0.55592755678239	NA	0.457041768019979	1.79226767334709	1.63095546783078	0.743425879629527	0.380756685531435	NA	0.522077461936451	NA	NA	0.822874975671883	NA	0.843649855036835	0.299380931829185	NA	NA	0.272789806735634	NA	0.406607382483866	NA	NA	NA	NA	NA	NA	NA	NA	0.675638933197569	NA	0.485205172318274	NA	NA	0.609893488244959	0.692197876810652
NA	NA	NA	NA	NA	NA	NA	NA	NA	NA	NA	NA	NA	NA	NA	NA	NA	NA	NA	NA	NA	NA	NA	NA	NA	NA	NA	NA	NA	NA	NA	NA	NA	NA	NA	NA	NA	NA	NA	NA
NA	NA	NA	NA	NA	NA	NA	NA	NA	NA	NA	1.52623074599549	NA	1.55557566278752	NA	NA	1.11671132913577	0.962926805933233	1.11543711459156	NA	NA	NA	NA	NA	NA	NA	NA	NA	NA	NA	NA	NA	NA	NA	0.221120235102367	NA	NA	0.384527354507852	0.654926265488765	0.800611508091855
1.34445069167002	NA	NA	1.21680893828213	1.23663626726116	NA	NA	0.376789293948378	NA	0.556347881068018	0.963029078971463	NA	NA	0.563461560897888	NA	0.535845523824953	NA	0.598448785629157	0.554012931378583	NA	0.332602562433131	0.470361975285123	NA	0.682532595732901	0.539984292008749	NA	NA	NA	NA	NA	NA	NA	1.01253035847098	0.884002457259878	0.751211091323066	0.585919031923844	NA	0.228544838842	NA	0.35975470567788
NA	1.50640290488508	1.53648614693525	1.25365947995387	1.25744851010186	1.30024183834172	NA	1.53104798308152	1.1750488243444	1.22808103017279	1.25305964089858	NA	NA	1.35667166968566	0.973591756668089	NA	1.20576487556218	1.23400767452048	NA	1.00634281048494	0.947035351940958	0.684843772156135	0.638564224381901	0.743306047455011	0.52323107499108	0.642507325418619	0.653583720760103	0.720382633174451	0.647918944930192	0.682777388154108	0.46818899605532	NA	0.244984477533076	0.222734521355142	NA	NA	NA	NA	NA	1.28286501906141
NA	NA	1.16672561291875	NA	0.898042658039828	NA	2.49196254824705	2.21808925682989	NA	0.710875310550362	2.26389051554043	0.637883357990304	2.34660915545632	2.22324558705325	1.82502321426736	NA	1.63483977806517	0.440562686757397	2.17881962908393	NA	1.65153408157776	0.404446928045119	1.36151607132743	1.67539346133513	1.756759545829	0.499734175032993	1.51167127297353	1.01308820995213	0.482326205913563	1.20123681236878	0.559314859463752	1.02915821076497	1.34570220870063	NA	NA	1.10557258669504	NA	0.453650750282841	1.74407361316366	1.29566798493159
NA	0.682077185718412	NA	2.24812973553591	NA	NA	1.66813950624362	1.82405813372438	NA	1.62702318169124	NA	0.733148270216566	1.01279879793302	NA	0.827407486554197	NA	0.324795975594214	1.2897757191778	0.174474430912992	0.367871965240266	0.461515936901655	1.72779004646144	1.35781409593601	0.555777573904677	0.278864702897079	0.356308773195399	0.833164731383094	0.823957313790239	0.268106564394289	0.138257546630915	0.495735757398966	0.0861671270867242	0.502766111077274	0.553051860129029	0.969685885967956	0.457839285203011	NA	NA	0.960063704648049	0.240490682059701
NA	NA	1.60295371385318	1.23600139302374	1.55200105036693	0.636609794234293	0.657563806255348	NA	0.494810148911313	NA	NA	NA	0.305681222138626	0.432338229030425	0.208680278524608	0.314913900409066	0.250343462053365	0.542420418098044	NA	0.480241507314403	0.790199505567013	0.459861352830895	0.398182674820129	0.440883970899905	NA	0.94533852927269	NA	NA	0.663664668663511	NA	NA	NA	NA	NA	NA	NA	NA	0.469635733498259	NA	0.261419886667714
NA	1.02786021555526	1.18460509143839	1.08746431929413	1.00958101062795	0.726200709896032	1.14167212819252	0.787076595383331	0.667655419680623	0.677360016395836	1.04839426381183	0.827082467448237	1.1679039095491	1.0277588467937	0.849222685597365	NA	1.12783607870928	1.11772837193295	0.79160200669596	0.668854962272042	0.831033174442852	NA	1.17872239067371	1.76296012352566	1.65841374251566	1.66285232584791	1.7448229432563	1.68291760668672	1.0810179564382	0.67361578376917	0.374150603553739	0.126299561567054	0.26197837011374	0.337840255238364	NA	NA	NA	0.875223405606024	0.608150123859087	0.207566526947895
0.556439422051252	NA	0.559868024343178	NA	0.626858843475826	1.0725637170267	1.1550181522225	0.942024958887241	NA	0.858328948327166	NA	0.939514421992046	0.97570381071851	1.31628569080896	1.08239799743641	0.867166644046372	1.27780573772476	1.18162180089701	NA	0.771346774667479	0.318673732607483	0.589686777345064	0.962650102575193	NA	0.994815223290719	NA	0.814529685215363	NA	0.822975887003864	1.00365978684925	NA	0.709192687876867	0.504642785893657	0.282680290103664	NA	NA	NA	NA	0.484362618335444	NA
NA	NA	1.59939158215327	0.652630503898594	0.931104690062505	1.76287656917273	1.21978879002456	1.20564543262797	1.25685512647178	NA	NA	1.68785309048276	1.93790880310495	1.67557601686688	0.835715541451116	NA	1.18480983801793	NA	NA	0.942478888318218	0.732255270796095	1.12165762449805	0.654106383909778	0.508546679043748	1.14251368510177	NA	NA	NA	2.15511592801377	NA	NA	NA	2.23892146484794	2.35079498513574	NA	1.69095401062019	NA	2.36204904669747	2.04607335276427	1.39386134438364
NA	0.871619154959489	NA	NA	NA	NA	1.31436751993483	0.75103869830636	0.78666046488515	0.804838643350491	1.09403765233008	1.16173060750147	NA	0.736130561170194	1.00024404883818	NA	0.744124240149626	NA	NA	0.591208874895962	0.33237036650488	1.27591852725661	NA	NA	0.860425741306298	0.30511845074164	NA	NA	1.02568025315568	0.682928007129759	0.862880912655129	1.88642286614116	0.575825067462134	0.47548537540253	0.489723162550054	NA	NA	0.601927782424742	NA	0.770654347455362
NA	NA	NA	NA	NA	1.65126963029716	NA	1.40041270730879	NA	1.43791156804518	1.26626297564248	1.0163941791718	1.36003663736321	1.01856094235274	0.716790068703034	0.887081549634329	0.495667204471225	NA	NA	1.66202108764192	NA	1.58439306748183	NA	0.356372498588814	NA	NA	NA	0.50125160835204	NA	0.218456973472448	NA	NA	NA	NA	NA	NA	NA	0.271882817766096	NA	NA
NA	0.799056720761317	0.94955434990197	NA	0.5507733114273	0.912804108553872	0.555618891629429	0.50876847811762	0.794367074630448	0.813444535551049	0.317431389878578	0.577401838094557	NA	0.519388138489632	0.567804422876144	0.416106217745829	0.294913205390077	0.874829768534368	0.338296220621948	0.515729083825922	0.309866084971314	0.415228293522277	0.0853477135909792	0.264792907984205	0.495423501459936	NA	0.764596694145299	0.39159487070917	0.35765676343275	0.359906065681944	0.634169711967485	0.537055228256758	0.528054667832107	0.348888476718687	0.507996220254663	NA	NA	0.382925743230783	0.492081770466487	0.485851917145283
NA	NA	NA	NA	NA	NA	NA	NA	NA	NA	NA	NA	NA	NA	NA	NA	NA	NA	NA	NA	NA	NA	NA	NA	NA	NA	NA	NA	NA	NA	NA	NA	NA	NA	NA	NA	NA	NA	NA	NA
NA	NA	NA	NA	NA	2.06381342055145	NA	NA	NA	NA	NA	NA	NA	NA	0.718731418865373	NA	NA	1.52891933292603	NA	NA	1.39870434047567	NA	NA	NA	NA	NA	NA	NA	0.750523257817918	0.601895987596033	0.65172847983128	0.405156963162555	NA	NA	NA	NA	NA	0.526299637566017	0.182364185464931	1.02719735562811
NA	NA	NA	NA	0.852278476269953	NA	1.34238494096573	NA	1.00060480828474	NA	1.26999766260782	NA	NA	1.44359892100705	1.4713477486313	NA	NA	NA	NA	NA	NA	NA	NA	0.57210285565176	0.460148176818584	0.524138051092719	NA	NA	NA	0.702279288726321	NA	0.319707930728549	0.549518481955422	0.443436032614124	NA	NA	NA	0.138032760803187	0.332441143366311	NA
NA	0.400978702360634	NA	0.540375109292756	NA	1.29493449993046	1.59729675402067	1.68530479499793	1.15050677295838	0.947337378494256	NA	NA	NA	NA	0.820683488099782	NA	0.815027218954379	0.987511523018393	0.519912486870482	0.828633647989874	NA	0.441234781750733	0.407145546363468	0.540531094930104	0.947185423112628	NA	0.642074844478662	0.847805757225092	NA	0.279356701246541	0.853975973737695	NA	NA	1.59030608169132	0.816353142875569	NA	NA	0.480907024984009	NA	0.470297883083178
0.682908241639385	0.728689445659354	0.440229872115194	0.318449825228693	0.196337370198946	0.727393843313299	0.58043121154027	0.527452725468767	0.821346403722428	0.797874111980693	0.668100447121736	1.2506400359209	NA	1.3025375454572	1.18277985589655	1.14192401251396	1.57440448097016	1.66883871605089	1.25269946664247	1.15588036832866	NA	NA	NA	NA	NA	0.47752940983104	NA	NA	NA	NA	NA	NA	1.0249053351842	NA	NA	0.387874551232577	NA	NA	NA	NA
NA	NA	NA	1.22466507578685	1.37474973009361	1.14886345616296	1.43252267130006	1.81604256142642	1.83581906729532	NA	NA	NA	NA	1.03554718484847	NA	1.6821422150442	NA	0.710058344040346	NA	NA	NA	NA	NA	NA	NA	NA	NA	1.11199181923675	NA	NA	NA	0.383558158040153	0.342005429341289	NA	0.326734393563357	0.17991919968346	NA	0.308211665442709	0.339149572716189	0.441280079278395
NA	1.14544874975529	0.931380789038522	NA	1.01549100022051	1.00411044448248	1.27165696257254	1.21670698865484	1.58224328046436	1.20148619578456	1.30190848460817	1.75335012477533	1.54553542377758	1.36951962394799	1.55404925332334	1.11831224827102	1.13829266801053	1.0671355289845	1.2684262625077	0.986158661637669	0.941316401097482	0.824168317528828	0.680294472529068	0.739292778905109	0.594338158413183	0.78130525002187	0.616272733426187	NA	0.328184722335809	0.442614701585674	NA	0.687886795462085	0.737073271547274	0.594806829096367	0.738321499197814	0.691974138638287	NA	0.646948744568743	0.319906916439606	0.450314593880524
0.998333156501404	0.877612661922182	NA	0.894247410673389	NA	1.050910040273	1.05520445514069	NA	NA	NA	1.57480918580364	1.43748415133038	NA	1.36255511000212	1.34636747746073	0.859069911652427	1.19092166163948	1.2568962815294	1.08378253096486	0.868614834823099	1.02371568277924	0.580125452268212	NA	0.677417875890627	NA	1.25642417563781	0.760837174086093	0.638567275471967	0.423531646522725	0.430121496879288	NA	NA	NA	NA	NA	0.303423121195322	NA	0.209191124488516	NA	NA
NA	0.690913207119199	1.14336799888958	NA	NA	1.90987064827299	1.80564951889604	2.38260965077408	2.12680901721669	1.54307395849854	2.01706975881733	2.57437727390382	NA	2.31297317429713	1.83824895789368	2.03566358544471	NA	1.99804171224365	0.890403034431133	0.960543071570312	1.44623319219029	NA	NA	NA	NA	NA	NA	1.78816415478244	NA	NA	NA	NA	NA	NA	NA	NA	NA	NA	2.77471810304164	NA
NA	NA	1.07451662808926	NA	NA	0.435390256681681	0.753944021925325	NA	NA	0.377841117018213	0.466456582683618	NA	NA	NA	0.490054095903152	0.555763145066763	NA	NA	0.41250276300759	NA	NA	2.05175373909338	NA	0.408100964826471	0.29942954275668	0.608643775763945	0.425493755614618	NA	0.629736277259691	NA	1.92856093904377	0.36505501231471	NA	NA	0.497421882318512	NA	NA	0.685704993194612	NA	0.463394363667689
1.18083363521742	NA	0.445230417918549	NA	NA	0.158645764491949	0.504476188673992	0.68129878420193	0.748572507900094	1.46152643669406	NA	0.76265624439568	NA	NA	0.965680173284465	NA	0.994019709365931	0.57090871698721	NA	NA	0.806950280161517	0.72921284535011	NA	0.625246517037628	NA	NA	0.559012696809428	NA	NA	NA	0.233108049927095	NA	0.743160040637101	NA	NA	0.0815351836888368	NA	NA	NA	0.587716547718831
0.975998639793114	1.23911847248153	NA	NA	0.977841944674782	1.16167081813022	0.976715021181679	1.67031861332921	1.13276513206635	0.915405316899984	NA	1.15060750895367	NA	1.5558664074824	NA	1.32410880508282	1.65670688740072	NA	1.13778818800168	1.15594903140933	1.21248398955877	NA	1.80092638785987	NA	1.54964185801075	NA	NA	1.44590936322037	0.951882100839775	2.0823671164066	NA	NA	NA	NA	1.22271735045716	NA	NA	2.10625125937079	1.52565863519722	1.71644475969764
1.86950883441136	NA	NA	NA	NA	0.733534194168326	1.44047258761441	1.1751689926711	NA	1.41414862943704	1.22178235207027	1.69404682342364	NA	1.07650307981341	1.03404434771544	NA	1.91496424175251	1.01378396859419	1.41418292344802	1.3251285565567	0.998503628175391	NA	0.932121108810361	1.1874000796083	NA	NA	NA	NA	0.608409510481745	0.550491302104751	NA	NA	1.10290820657212	0.883365369501916	0.948045349869296	NA	NA	NA	0.890901006202576	1.02550941561715
NA	NA	NA	NA	NA	NA	NA	NA	NA	NA	NA	NA	NA	NA	NA	NA	NA	NA	NA	NA	NA	NA	NA	NA	NA	NA	NA	NA	NA	NA	NA	NA	NA	0.273966475594025	0.139529020222586	0.56936720343965	NA	0.311880873380955	0.456121110634157	0.582310747459872
NA	NA	NA	NA	NA	NA	NA	NA	NA	NA	NA	NA	NA	NA	NA	NA	NA	NA	NA	NA	NA	NA	NA	NA	NA	NA	NA	NA	NA	NA	NA	NA	NA	NA	NA	NA	NA	NA	NA	NA
1.53390521967387	0.753531499147368	NA	NA	NA	0.548006347210946	0.716811408254117	1.78616759155132	1.54094503985129	0.4935907166127	0.713298095067818	0.637019011037895	NA	0.693205838520677	NA	NA	1.157897183401	NA	1.14599574818748	1.64288809348438	2.01766414096332	1.71809378080109	NA	0.54291541723881	0.613926543034648	0.119689265886	NA	0.290105868546397	0.503521660402334	0.393837849764576	NA	NA	NA	NA	NA	NA	NA	0.782219661496018	1.17570545662699	1.47611431108282
NA	NA	NA	0.753326062700126	0.451063919669646	1.11404964899634	1.5915090586593	0.804183759484556	1.34861608515987	NA	1.61534873853431	NA	NA	NA	NA	NA	NA	1.4890410082847	NA	1.44823938118778	1.56195923810619	0.993777945746724	NA	0.554763442436714	0.794013451603167	NA	0.620986629158742	0.689867907152455	0.804722595402683	1.01922216101364	NA	0.593277861863899	NA	0.358867670534839	0.312267026201653	NA	NA	0.401362846025762	0.294382438855183	NA
NA	1.0470401258254	0.466172299646587	NA	NA	0.993861114094331	0.562150860008078	0.6069328585084	0.531765255109587	2.62069343193245	0.624476463846642	1.4891535036682	1.90667778004926	1.77439745457997	1.5287185332988	1.35118907017256	1.68163814916994	1.39754079697549	NA	1.57502545915676	NA	1.54988236973338	0.663868427720297	NA	0.571888249685256	0.759187238188179	1.01882935488632	1.2382640387174	0.270913402912932	1.61385306971906	NA	1.74877352705651	0.39255823432633	1.78113854568053	NA	1.36501417012652	NA	1.86733787490931	1.87610485210661	NA
NA	NA	NA	NA	NA	NA	NA	NA	NA	NA	NA	NA	NA	NA	NA	NA	NA	NA	NA	NA	NA	NA	NA	NA	NA	NA	NA	NA	NA	NA	NA	NA	NA	NA	NA	NA	NA	NA	NA	NA
NA	NA	NA	NA	NA	NA	NA	NA	NA	NA	NA	NA	NA	NA	NA	NA	NA	NA	NA	NA	NA	NA	NA	NA	NA	NA	NA	NA	NA	NA	NA	NA	NA	NA	NA	NA	NA	NA	NA	NA
NA	NA	NA	NA	NA	NA	NA	NA	NA	NA	NA	NA	NA	NA	NA	NA	NA	NA	NA	NA	NA	NA	NA	NA	NA	NA	NA	NA	NA	NA	NA	NA	NA	NA	NA	NA	NA	NA	NA	NA
NA	NA	NA	NA	NA	NA	NA	NA	NA	NA	NA	NA	NA	NA	NA	NA	NA	NA	NA	NA	NA	NA	NA	NA	NA	NA	NA	NA	NA	NA	NA	NA	NA	NA	NA	NA	NA	NA	NA	NA
NA	NA	NA	NA	NA	NA	NA	NA	NA	NA	NA	NA	NA	NA	NA	NA	NA	NA	NA	NA	NA	NA	NA	NA	NA	NA	NA	NA	NA	NA	NA	NA	NA	NA	NA	NA	NA	NA	NA	NA
NA	NA	0.991204238879095	NA	NA	NA	0.76604029975911	NA	0.8318661869336	0.456459012141382	NA	NA	2.33674704756408	2.0583690860327	1.34686361705373	2.31896439404054	1.23260386723294	0.616654651628252	0.445675759468625	0.243105423588641	2.42834301789138	0.609075090413111	1.9032789136124	NA	NA	NA	NA	NA	NA	NA	2.05462564683241	NA	1.97774473624283	1.75486293790672	1.39584201275347	1.6410732971343	NA	NA	1.66581333328491	0.998270951504911
NA	NA	0.908251612407368	NA	NA	NA	0.775791649641939	NA	NA	0.308278866512028	0.615433788150377	NA	NA	0.625742904729987	0.77482252657465	NA	NA	0.258633717590965	NA	0.306376734095548	0.691242447244875	0.573841833986193	NA	0.482476954958967	0.51210463037912	NA	NA	0.671551725259631	0.42672908286567	NA	NA	1.87210668448481	0.597204847031413	0.594557651059667	NA	NA	NA	0.609975591867478	0.860753797540217	0.935595600630166
NA	NA	NA	NA	NA	0.391771567167177	0.369902855493985	NA	0.348626525187011	NA	0.582526127038091	0.206636900866917	0.35613986856417	0.445851455808901	0.279402587860897	NA	0.535391206990406	0.474981888144492	0.630414908957675	0.508376884279581	0.607306120618136	NA	0.55114496385705	0.622193344061574	0.699375590498843	0.315753614144476	NA	0.559279866270029	NA	0.249078548530776	NA	NA	0.455986279098396	0.442760015511959	0.340486859233742	0.535213314047927	NA	NA	0.225838228858137	NA
0.343540789765945	NA	0.601041037242646	NA	1.32692035666826	1.71467656339523	1.05656881980151	NA	NA	1.5858550545132	1.0161740430906	1.69627467553273	NA	1.32249748919292	0.840214793274651	NA	1.572826867667	1.59574993695603	0.373692560581767	0.822083702263171	0.643673123455668	NA	0.323050589906954	0.406819246018083	0.155733303823602	0.226925007610025	NA	NA	NA	NA	NA	0.795674011089092	NA	NA	NA	0.60728979288132	NA	NA	0.267998796329122	NA
NA	NA	NA	NA	1.56080279402891	NA	NA	1.11348334818495	1.1198165659594	NA	NA	1.70087426047079	NA	NA	NA	NA	1.69215404174492	NA	1.27312624516532	NA	NA	NA	NA	NA	0.752390450413868	0.338289733222941	0.188928874196587	0.323436755290526	NA	NA	0.690413135705182	NA	NA	NA	NA	NA	NA	0.452358204534772	0.496000676081863	0.968193719989697
NA	0.652863702111402	NA	NA	NA	NA	0.472365837968442	NA	0.469005211743032	0.836502067886405	0.767902142090615	NA	0.47255648209029	NA	NA	NA	0.784698677763488	NA	0.536674381146707	0.443499788177645	NA	NA	NA	NA	NA	NA	1.74538909316917	NA	1.3629281695625	NA	1.78500239111229	NA	NA	1.52320718643781	NA	NA	NA	NA	0.495160270944553	NA
NA	1.33494120577965	NA	1.55072917893071	1.48328772924135	NA	1.27436877601882	1.26782808146393	1.06013043950448	0.405768147786857	0.612599981138904	1.12515555960141	1.18439809720883	1.06646229264231	1.0074357095946	NA	0.639047980908212	0.689214826954617	0.768177036562237	0.628505902993725	0.688977056066686	1.01593639860092	NA	1.65449673177692	1.59393475060147	NA	1.28457475020048	1.41308622517494	1.12769966673247	1.0807239681966	1.06405307698882	1.17080640791536	1.43179093594707	NA	NA	1.33260191609493	NA	NA	1.33130671781459	1.03679691733265
NA	NA	NA	NA	NA	NA	NA	NA	NA	NA	NA	NA	NA	NA	NA	0.879326859701505	1.11647426721235	1.22383816114632	0.88512919199097	NA	NA	NA	NA	NA	NA	NA	NA	1.07622159650514	0.869075077275385	0.840578454032385	NA	0.908253285217434	NA	NA	1.21567475798496	1.16844206616372	NA	0.342739182575259	0.352604214876206	1.30597206959822
0.959936151689753	NA	NA	NA	NA	NA	NA	NA	1.57608566714765	NA	NA	NA	NA	NA	NA	NA	1.39113065214775	NA	NA	NA	0.796779605442511	NA	0.378792506021765	NA	0.267950589522797	NA	0.352961114236469	NA	0.313571912422608	NA	NA	0.567833686056596	NA	NA	0.53021978861304	NA	NA	NA	NA	NA
NA	NA	1.17459321690216	NA	0.907820042691659	0.575992209567454	1.05940724582669	0.842925126588763	0.519371924566565	2.34526188132327	NA	1.24475128206764	0.986174688663199	1.03643282485141	0.627684418014235	1.10089433545501	0.966921959878338	0.683635272571962	1.88778552511342	NA	NA	0.955933312238508	0.385868621054701	0.64152034047482	1.49723430427979	NA	1.69593710575064	0.803734815499887	1.09975826899098	NA	0.653377566935167	0.53493926195837	NA	NA	NA	NA	NA	0.819541840984164	NA	NA
1.71969583345813	NA	NA	NA	NA	NA	0.630421423408102	NA	NA	0.557848734117763	0.911947305104243	0.92244013799232	NA	1.167313699517	0.564060970922911	NA	NA	0.598415273955015	NA	0.563965898968833	NA	0.646098050484493	0.870504493550913	NA	0.59943635016954	NA	0.844646765365188	NA	NA	0.667288222314925	NA	0.413623829455892	0.337344096698111	0.119018789156881	NA	0.201291013944943	NA	0.487859589326344	0.235812795659795	0.609782298607366
NA	0.831435081083369	NA	NA	NA	1.23698853286393	1.24874039680135	0.73742368095015	0.80132459818185	NA	0.83658954503553	NA	NA	NA	0.476120650578248	0.424220948674994	0.491236433210278	NA	NA	0.361491243581972	0.040305716186544	0.18835353813934	1.1591901537942	NA	NA	NA	1.29840636381588	NA	NA	NA	0.26098045423523	NA	0.143208793479964	NA	0.376961208481762	0.441246662337643	NA	0.409138928250623	NA	0.731521737016294
NA	NA	NA	NA	NA	NA	NA	NA	NA	NA	NA	NA	NA	NA	NA	NA	NA	NA	NA	NA	NA	NA	NA	NA	NA	NA	NA	NA	NA	NA	NA	NA	NA	NA	NA	NA	NA	NA	NA	NA
NA	NA	NA	NA	NA	NA	NA	NA	NA	NA	NA	NA	NA	NA	NA	NA	NA	NA	NA	NA	NA	NA	NA	NA	NA	NA	NA	NA	NA	NA	NA	NA	NA	NA	NA	NA	NA	NA	NA	NA
NA	NA	NA	NA	NA	NA	NA	NA	NA	NA	NA	NA	NA	NA	NA	NA	NA	NA	NA	NA	NA	NA	NA	NA	NA	NA	NA	NA	NA	NA	NA	NA	NA	NA	NA	NA	NA	NA	NA	NA
0.467263053979487	NA	NA	0.541033883286441	0.275476681581978	0.608685873564067	NA	0.458067060866278	0.363423550718837	0.452088552307018	NA	NA	NA	NA	NA	0.910225947588343	0.5759729190192	NA	NA	0.351541775913955	0.301215521454953	0.24856012115388	0.284886941861412	0.846202531274328	2.0218548450965	0.795604377408849	0.860588518246502	0.697142885726428	0.608466001275578	NA	NA	0.170755383965482	0.322151343469409	0.270506748039511	0.466228631477517	1.25824740217983	NA	0.205851861130348	0.471607572724021	0.505989061205837
NA	NA	NA	NA	NA	NA	NA	NA	NA	NA	NA	NA	NA	NA	NA	NA	NA	NA	NA	NA	NA	NA	NA	NA	NA	NA	NA	NA	NA	NA	NA	NA	NA	NA	NA	NA	NA	NA	NA	NA
NA	0.352265882547688	1.89343430676374	NA	NA	0.431051499798786	0.613322576598828	0.604329669396034	NA	0.967068132467647	0.914065814153672	NA	1.84908615797826	0.497458860155138	0.396398960589967	NA	0.517365252275372	0.462942972375338	0.592903855834326	NA	0.353907752845962	NA	1.32197190327352	1.80206704584172	NA	NA	NA	NA	1.20106494036757	1.5966880253872	0.762854284227675	1.62008916088849	2.02686956098147	0.677734806652542	NA	NA	NA	NA	NA	2.10609605645167
NA	NA	NA	NA	NA	NA	NA	NA	NA	NA	NA	NA	NA	NA	NA	NA	NA	NA	NA	NA	NA	NA	NA	NA	NA	NA	NA	NA	NA	NA	NA	NA	NA	NA	NA	NA	NA	NA	NA	NA
NA	NA	NA	NA	NA	NA	NA	NA	NA	NA	NA	NA	NA	NA	NA	NA	NA	NA	NA	NA	NA	NA	NA	NA	NA	NA	NA	NA	NA	NA	NA	NA	NA	NA	NA	NA	NA	NA	NA	NA
NA	NA	NA	NA	NA	NA	NA	1.92289452137777	NA	NA	1.95650073068498	NA	NA	NA	1.64419833987848	NA	1.65793293302665	NA	1.85034484919628	1.81585315587206	NA	NA	1.29135817993173	NA	NA	NA	NA	NA	NA	NA	NA	0.917192016648798	NA	0.354894471290826	NA	0.30068938415202	NA	NA	NA	0.294390700158768
NA	NA	0.653486387803523	1.0273588119775	NA	0.261378929713714	0.331589584400108	0.337260718917002	0.294773041100898	0.660326858080312	0.495811445435861	0.850662791017543	0.84673489196352	0.429085912804899	1.05794727551166	1.09691341364558	0.711375283554911	0.767802134855019	0.548886071104218	0.269757211119928	0.342472768753748	0.380643373904871	0.578589053343099	0.759361045879243	NA	NA	NA	1.9702476131855	0.771830356146078	0.403997468235583	NA	0.290931996298716	1.10275162312808	0.244057050539009	0.511471638952861	0.316400956558188	NA	0.348498941370292	0.167538456923547	0.239245914422962
0.458734129622424	0.800565748240805	NA	0.389037579532957	NA	NA	NA	1.14888335722137	NA	0.885563569193499	0.918753911309121	NA	NA	NA	1.52681699993858	NA	NA	1.37997045163868	0.231891037500258	NA	NA	NA	0.606721278533707	0.480092509777376	0.329244345848154	NA	NA	NA	0.939649621434964	NA	0.492726762341006	1.22572616862787	NA	0.551176258713862	0.4679349772097	1.10198915676028	NA	0.204342647963632	0.0926462319267897	0.735810907765363
1.4546831710543	0.953575533250284	NA	NA	NA	NA	1.28602600289023	1.10677445989769	0.720231340776854	NA	NA	NA	0.565819612466966	NA	0.813269157526181	0.374370605645673	1.06915896109243	NA	NA	0.60529774530721	NA	0.540094233972268	0.298469419991696	0.308837418166855	0.343835079196962	0.173933501236389	0.282787244627436	0.282164830953518	0.756419614738237	NA	0.602792600199263	0.655424361493314	0.254352719498665	0.509960593746826	0.48336051437525	0.37976382314405	NA	NA	NA	0.249390581520771
NA	0.42547847272521	0.536931381682197	NA	0.643041100154182	0.708412776585588	1.28646288144505	1.44532699769439	1.08161939930929	0.779425638990942	0.678427101063769	1.32671118972209	0.852604756042711	1.16855739555383	1.01733440471114	1.71240422862288	1.41913916270764	NA	1.65985349410329	1.23893004771073	0.805507849163832	NA	1.69780940757598	0.623213098866145	0.858335016195867	0.978897000128182	1.0354740482202	NA	1.1751727751668	1.38966259988067	1.49834297637013	0.482716960235141	0.860769968943002	0.725084727266695	0.747570953599476	0.878087280941437	NA	0.451062622381277	0.407260956645171	0.349611891221888
1.10180073732161	1.09553534750369	1.27216264356339	NA	NA	NA	0.555230920384689	0.824838358673735	0.788113796245581	NA	0.844146767695707	NA	NA	NA	0.663668103896054	NA	NA	0.659541971436539	NA	0.986698374915738	0.90673104488452	0.724409356356115	0.884560120323754	NA	0.574968897021808	0.669117844775255	0.509627680187362	0.651103608236974	0.801435453137299	1.1133081729511	NA	NA	NA	1.04715655265626	NA	0.919689993497124	NA	NA	0.91502141982989	1.15281700140829
NA	NA	NA	0.749327922030653	NA	NA	0.390903458450421	0.692244364989711	0.825731953325052	1.36364021411405	NA	1.10369253683098	NA	1.26329356541119	1.18205298776047	NA	NA	0.925119205197552	0.633138674292268	NA	NA	NA	1.24775830476149	NA	NA	NA	1.30832131237876	1.09331810653045	0.69487215664776	0.872225795000653	NA	NA	NA	0.590268906555202	NA	NA	NA	NA	0.562904960302336	1.08069565476458
0.99332432750181	NA	NA	NA	1.16285903242207	0.669749812353632	NA	NA	NA	NA	0.55364728888906	0.508235985290824	0.637595757488091	0.439960206308752	0.47160888727104	NA	1.1028119930136	0.75096917110174	0.575454665289041	0.539146804571128	1.00370355584017	NA	1.06027475829939	1.19247378814551	NA	NA	NA	0.625840121017891	NA	NA	NA	NA	NA	NA	NA	NA	NA	NA	NA	NA
NA	NA	NA	NA	NA	NA	NA	NA	NA	NA	NA	NA	NA	NA	NA	NA	NA	NA	NA	NA	NA	NA	NA	NA	NA	NA	NA	NA	NA	NA	NA	NA	NA	NA	NA	NA	NA	NA	NA	NA
NA	2.43730646530821	2.35448448748934	1.35126070406492	NA	NA	NA	2.09590092034502	NA	NA	NA	NA	NA	NA	NA	NA	2.04796319346386	NA	NA	NA	1.05969670364344	0.868311166171977	NA	1.74616923625224	1.8238466537195	2.12993047140675	NA	0.547537031468916	NA	NA	NA	2.45616512536347	NA	NA	NA	NA	NA	NA	NA	NA
NA	NA	1.78939347295068	NA	1.50460148624887	1.28521921443204	1.13217543051153	NA	NA	NA	NA	NA	NA	NA	1.14099412863894	1.15924442069254	1.04446960730457	NA	0.81362321740814	NA	NA	NA	0.51953986229488	0.581514252830447	0.634900622947055	0.187735372494782	NA	0.562950836736925	0.29545075460279	NA	NA	0.724719513151278	0.672504779319155	0.848517870743388	0.351347260474628	0.642033090708408	NA	0.097477446181998	0.367232045517969	0.753348020519155
NA	NA	NA	NA	NA	NA	NA	NA	NA	NA	NA	NA	NA	NA	NA	NA	NA	NA	NA	NA	NA	NA	NA	NA	NA	NA	NA	NA	NA	NA	NA	NA	NA	NA	NA	NA	NA	NA	NA	NA
NA	1.32342223128882	NA	1.41854638516458	1.23232387657696	1.29755675152188	NA	1.08033218963833	1.19467427230868	1.20083836460078	NA	NA	NA	0.869089990399447	0.826611052903232	1.14548023352307	NA	NA	1.1203041110049	0.649402038415857	1.42244656800334	NA	1.41569953227829	NA	1.03428948853222	NA	NA	0.843551941380901	0.809458058019244	NA	1.36688307078935	0.929997876463703	NA	0.63839901968436	0.532415957690989	NA	NA	NA	0.270061607318487	0.617791720879626
NA	1.68426916147584	NA	NA	NA	1.71989615362734	NA	NA	NA	NA	NA	1.18927398933088	NA	NA	0.967071466951905	0.774705701840146	0.798137606324094	1.02411608069581	NA	NA	NA	1.44231287708791	1.19947478112506	0.983945518871478	0.806896685931148	0.923974422519321	0.831047876212648	0.635938872206362	0.595474378304298	0.279838980298205	0.33242866105282	0.290887663051742	0.222628445582426	0.4235382456806	0.679562267482921	NA	NA	0.359812453473297	0.369855147514812	0.882553340041318
NA	NA	1.38426255052173	NA	0.908117379563876	0.565381711356122	1.26710116193962	NA	0.920195358756315	0.752358621972421	0.831183257561073	0.744666780946351	0.81863012062894	0.739311541390869	NA	0.928835193698527	0.769822725053138	NA	NA	0.662465830437197	0.675352724973409	0.596211024906352	NA	0.606456274108776	NA	1.03973997676614	0.642170482604304	NA	NA	NA	NA	NA	0.894605286583641	NA	NA	NA	NA	1.5756958785384	0.346160560089084	NA
NA	NA	1.24570118393345	NA	1.63073986798272	2.15868364237079	NA	NA	2.08257052034999	NA	NA	1.1603878804005	1.55028768091286	1.28434949349402	1.56827493574779	NA	1.51393924134581	1.62994571287867	NA	1.46019892702608	NA	0.890225329997466	NA	1.03495517253609	0.256474085276553	NA	NA	NA	NA	NA	NA	1.40678285435103	1.07676120406985	0.678486770871021	NA	2.40453358686421	NA	NA	NA	NA
NA	NA	NA	NA	NA	NA	NA	NA	NA	NA	NA	NA	NA	NA	NA	NA	NA	NA	NA	NA	NA	NA	NA	NA	NA	NA	NA	NA	NA	NA	NA	NA	NA	NA	NA	NA	NA	NA	NA	NA
NA	NA	NA	NA	1.17798321351361	1.03715725403945	0.986861201639249	NA	0.81010255432405	0.513713843137053	NA	0.434298941442785	1.25364454251342	0.444272269959501	0.604980549326598	1.52023195616271	0.811364806964624	NA	0.504198739713758	0.437010954471837	1.82556021223042	NA	NA	NA	1.29603146185128	1.06577067252167	1.43861189321846	NA	1.28305696516217	1.6308530910819	NA	NA	1.95034257421706	NA	1.96298757682868	NA	NA	NA	NA	1.58487265150915
1.2014031282575	0.960949279906931	NA	NA	1.3627780732624	1.22439457512374	1.48857648304581	1.22173930107744	NA	1.37688133407771	NA	NA	NA	NA	1.2584921989562	1.0706683660974	0.997947878131802	0.948292424858486	1.03124864317997	0.912753761332419	1.45713081860575	1.03430911696609	0.258090480336356	1.11918207343643	1.11048778064393	0.509731787110812	NA	NA	0.938218867738785	NA	NA	NA	NA	1.19572373483651	NA	0.782284835956019	NA	0.489799196016672	NA	0.825068240209891
NA	NA	NA	NA	1.24958396133679	1.02247102305706	1.24665643273131	1.23778945271604	1.32367796689041	1.12020431698634	1.47448571551657	0.986840865697938	1.36865143690961	1.13563253375566	1.13535188978659	1.12545100872561	1.29005148856443	1.33573845570337	0.737396186135386	0.978917275393204	0.882262886354348	0.870520499815826	0.763906938241692	NA	0.630251682611881	0.297319133076263	0.243963978678697	0.322132667058266	0.344859308315386	NA	1.417850159486	NA	0.407573719226642	0.661415399525771	0.909287719295463	0.475379234378012	NA	0.565161489564947	NA	NA
NA	NA	NA	NA	1.57914681056008	NA	NA	NA	NA	NA	NA	1.6980216446392	1.64425107521745	1.40595535583883	NA	1.22338428849909	1.66647188846313	1.63833565465714	1.32103494221156	NA	NA	NA	NA	NA	NA	1.32303511238144	1.48582277766899	1.24453880971849	1.15813408409012	0.869977040202839	0.749059751043887	0.685755422981118	0.472994419661052	NA	0.45688033351919	0.162907867759269	NA	0.0935098129558182	0.401248865127527	0.801645549657635
NA	NA	NA	NA	1.38547268104391	0.532216975010665	0.893123967262284	0.480440308739388	NA	NA	NA	0.34700202027223	1.04111687737867	NA	NA	0.865714281123931	0.455641464708126	0.397960044385857	0.203878034324547	0.651926748712181	0.446760732296188	NA	0.958539051232519	0.380750838369643	0.682056602404754	0.487830206719359	0.256291667331622	NA	NA	0.612272022413745	1.6889631925119	0.48571884337114	NA	0.474664078108888	NA	0.793916244723071	NA	NA	NA	1.87323522598863
NA	NA	NA	NA	NA	NA	NA	NA	NA	NA	NA	NA	NA	NA	NA	NA	NA	NA	NA	NA	NA	NA	NA	NA	NA	NA	NA	NA	NA	NA	NA	NA	NA	NA	NA	NA	NA	NA	NA	NA
NA	NA	NA	NA	NA	0.769771389659114	NA	0.695140445693776	0.620995121549556	0.614426953649436	NA	0.830797099680737	1.21204973462998	1.06658745792162	1.25762824530187	NA	1.21808375100801	NA	NA	0.94340685510706	0.998463716019286	1.00664372218568	NA	0.43148998852651	0.523038383579023	NA	0.443745317810835	1.28206403075793	NA	NA	NA	1.95414908170906	0.227376362812504	NA	NA	0.35051500023947	NA	0.433560391387525	0.593160348039776	0.139606694135089
NA	NA	NA	NA	NA	NA	NA	NA	NA	NA	NA	NA	NA	NA	NA	NA	NA	NA	NA	NA	NA	NA	NA	NA	NA	NA	NA	NA	NA	NA	NA	NA	NA	NA	NA	NA	NA	NA	NA	NA
1.48565600714455	1.39506222223884	1.46470187858963	1.2820752432431	NA	NA	NA	1.30244993933746	1.25223283421312	1.17970750466693	NA	NA	NA	NA	1.72616732067201	NA	1.54163839970029	0.664390542487052	NA	NA	0.93289700007388	0.648424376376101	0.568088884525277	NA	1.43986693404156	0.942349058163434	NA	0.475676986464569	0.161055601968604	1.68855646477422	0.277760165682158	0.649624301687138	0.715409157896187	0.721650776331833	NA	0.663105541688448	NA	0.406939101350161	0.679675787271207	0.819108555934368
NA	0.362167665619715	0.356578738698761	NA	0.798320234267142	NA	1.08148581953813	1.50906971812966	0.484268567408052	0.791857497996368	1.24618454587431	0.83747756647377	NA	NA	0.854917978694416	1.15082696676725	1.20849296744665	NA	0.757818191861981	0.320299566795963	0.190372217852413	0.27975626414732	0.512572030061649	1.07169519506222	0.611651929970807	NA	NA	NA	NA	NA	NA	NA	NA	NA	NA	NA	NA	NA	NA	0.572828685906781
NA	NA	NA	NA	NA	NA	NA	NA	NA	NA	NA	NA	NA	NA	NA	NA	NA	NA	NA	NA	NA	NA	NA	NA	NA	NA	NA	NA	NA	NA	NA	NA	NA	NA	NA	NA	NA	NA	NA	NA
NA	NA	NA	NA	NA	NA	NA	NA	NA	NA	NA	NA	NA	NA	NA	NA	NA	NA	NA	NA	NA	NA	NA	NA	NA	NA	NA	NA	NA	NA	NA	NA	NA	NA	NA	NA	NA	NA	NA	NA
NA	0.854334464773244	NA	0.540443089844143	1.82602696366708	0.915894663122531	1.18833797378648	1.64383881689263	1.21931082415661	1.04044150673246	NA	0.220898211356551	NA	0.501503916571306	0.510825110387194	1.56462565316899	0.801057691903046	1.13789504209637	1.09648164924307	0.354037588548662	NA	NA	0.391233166458581	0.296292201875973	0.348193568482295	0.523943053770565	0.568234583831607	0.729511018676302	0.510024265755443	0.198997602859484	0.361850925611584	0.621409527646916	1.14363817018293	0.560058519754131	0.245605685372847	0.126040525198199	NA	NA	0.172964220043846	NA
1.0567528518975	0.939302994617363	1.04343585259385	0.974955724132004	NA	0.858285514807305	NA	NA	0.893632078333142	NA	NA	NA	1.79196210937724	NA	1.62339349826415	1.61044084841477	1.92631174536746	2.07137191905575	1.94325079186071	1.93996840177528	1.21962396775989	0.940619623526	0.639049260204263	1.69710611378536	0.736887513433251	2.14900881187338	NA	NA	NA	0.540596750645484	2.00503813785767	1.66397554019466	0.700312255538889	0.651790064392953	0.609791249757681	2.17327900284873	NA	0.300006276674955	NA	0.335519831967398
NA	NA	NA	NA	NA	NA	NA	NA	NA	NA	NA	NA	NA	NA	NA	NA	NA	NA	NA	NA	NA	NA	NA	NA	NA	NA	NA	NA	NA	NA	NA	NA	NA	NA	NA	NA	NA	NA	NA	NA
0.717953696212011	0.428896581969764	1.19393898180035	0.376083080807579	0.43114864833261	0.886766405326872	1.08864939313619	1.02785878998963	1.19447229501926	0.575732738917206	0.739024264875401	0.871470766899395	NA	0.933282534769447	1.3733086179266	0.453647997187224	0.934676429716311	0.849051149353922	NA	0.686450921706596	0.625405018570071	0.691970580957145	1.01848583553333	0.92052971061722	0.784628737830442	0.939010610650885	NA	0.68539318220863	0.370014562382424	0.313042156188252	0.246823381719153	0.808477227530006	1.03241690225853	0.927784043612884	NA	NA	NA	NA	NA	0.766323110684049
NA	NA	NA	NA	NA	NA	NA	NA	NA	NA	NA	1.31303913145876	1.16874742932425	1.11439968714887	0.919240961458512	NA	NA	1.30423545308427	NA	1.0534049711077	NA	1.24193042060369	1.46645490690197	NA	NA	NA	NA	0.830596686888917	2.44116509997226	0.800190669777361	0.379152636687998	NA	NA	0.689981982915552	NA	0.614492132141048	NA	0.0538934607984699	1.14113140488439	0.968948904715677
NA	NA	0.837079586872287	NA	1.02240790230276	1.42293154709067	1.58765374279646	1.38548351213785	1.48020380812306	1.86172335885041	1.81234011940461	1.4970574362616	NA	1.42394724806778	1.22345764984777	1.51631625446991	1.31502049054104	1.39482370968919	1.45496748521729	1.36116179457921	1.33646966718911	1.31122155459526	0.739878085019636	1.00156203515699	0.851286767014741	0.320653068700212	NA	0.5734145520897	NA	0.610499668543338	0.398616402123329	1.19251226903885	1.29914386488453	1.29436865998954	NA	NA	NA	0.527310245861608	0.59620819400042	0.86481132013902
0.46241495813899	NA	NA	0.758932418756178	NA	NA	0.696106128350861	0.717158085378043	NA	0.409903061689574	NA	NA	NA	0.787082438604257	NA	NA	NA	2.03399942651704	NA	NA	0.544166818649849	NA	NA	NA	NA	0.819990306258007	0.85080939849834	0.791356257301391	0.516273267751454	0.680368272853907	NA	0.87924780748683	0.819953678748795	0.487346357142389	NA	0.464075764590213	NA	0.672264748651504	0.311804093711574	0.402107946578891
1.71088755413748	NA	NA	NA	1.315502864279	1.09861048401728	0.724941289034707	1.12806951072009	0.850296785827746	1.02522555000241	NA	1.38096212163743	NA	1.04647816766406	1.16217515339396	0.862945788840937	1.17133833663663	0.958542251787509	1.4229087183322	1.24350133929511	0.959302265456928	1.09581133029943	1.40704218954146	0.932613046977787	1.1032627654321	1.28405523544863	0.82775233761179	1.23871544543279	1.32800460124255	1.43304545417141	1.13061456402552	1.13602047600585	1.41416571813386	1.225712017886	0.609646214504828	0.492763605318364	NA	0.283504899711688	1.22014496611047	0.398274257197122
NA	NA	0.746790052532363	0.745521473769878	NA	0.989820589768975	1.18771948892371	0.884622822750824	1.01460182400787	NA	0.832003103281987	NA	NA	1.27564562525935	0.929333774460818	1.04078132835877	NA	NA	1.08112288102975	0.779427987925452	0.888812787798474	0.909687633285744	1.07226324935325	1.06350095844935	0.753775595477097	0.715174694710948	1.34989339230685	NA	NA	1.16248533557247	0.98231711524332	NA	1.31308445684652	0.657237852726761	0.81996805719525	0.300274024944349	NA	0.354452401121382	0.657233506786125	1.1629634018542
NA	0.127754293398591	0.595355711554289	NA	0.643591439491664	1.55584011280293	0.758252663810753	0.479837382244279	0.798960144944144	0.731041634864065	1.23276396014911	1.21374272820914	0.487908773973013	1.35542943329668	0.582011272038681	1.0217469575333	1.04275556460207	0.923511692122727	0.949664833257607	0.627407050769914	0.522770886106658	0.842737270299237	0.633836856228763	1.42602501703922	0.680162073814726	0.785618839379204	NA	0.863994326344784	1.03209859379753	0.396429836607919	0.941600119291573	0.881681697988407	1.01820585230486	0.698675093778689	NA	0.631065483417089	NA	0.215957568627646	NA	0.360438434661675
1.1631434442966	NA	NA	NA	2.67550279865877	2.69074231396162	NA	NA	1.59136588138743	1.8880142888527	NA	0.995883838418005	NA	1.06911691012895	1.64944056309094	NA	2.53749300727113	1.2829282609932	2.46904146790599	NA	1.3483504271103	2.44235115715041	0.551380566114458	0.790173795168856	0.964328062563213	2.59147169126998	1.90638439346113	0.589531095555335	0.565575283574036	0.436513012932851	0.393523183732869	0.333040459327725	0.59451259290175	0.56381661246998	2.39689189632084	2.22391790622694	NA	0.745066263523003	1.43519736610718	0.544514742357891
1.42150541497021	NA	1.30508349636812	NA	NA	NA	NA	0.511087401540266	NA	NA	NA	NA	NA	0.414533407698322	NA	NA	NA	NA	NA	NA	0.953138270859671	0.642298574396205	0.650599984665973	0.746890334458585	NA	1.3198927660043	NA	0.555376843068973	0.757782802696336	NA	NA	1.08316837227743	0.40881304434307	0.126223662309871	0.556899075273495	0.880821939068783	NA	0.252463934369866	0.194618894243502	0.406710266820265
NA	NA	NA	NA	NA	1.73952165635521	NA	1.91975524364233	NA	NA	NA	1.69158633384127	NA	NA	2.12672584341549	NA	NA	NA	NA	NA	NA	NA	1.90475567069791	NA	NA	NA	NA	1.54718271892421	1.2325100205234	NA	NA	NA	0.572473672412411	NA	NA	NA	NA	0.341660615122886	0.508259895525071	0.44083719298377
NA	NA	NA	NA	NA	NA	NA	NA	NA	NA	NA	NA	NA	NA	NA	NA	NA	NA	NA	NA	NA	NA	NA	NA	NA	NA	NA	NA	NA	NA	NA	NA	NA	NA	NA	NA	NA	NA	NA	NA
1.64748025431164	NA	1.12173576739271	0.949572354372945	0.955051999368911	1.51030286749696	1.18472884140517	1.21041419001046	1.22993182658134	1.38804549786335	1.67440149239628	NA	2.43283870785801	1.57967211696218	1.27141182189406	1.56050872795001	1.36703702184352	1.75767757657078	NA	1.73685104811079	1.31750583787448	0.9087114586363	1.29926341099565	0.542375087761859	1.12463824728335	1.77784331635729	0.4261974654138	NA	NA	NA	1.18697227240393	1.31061733946604	1.4567458933319	0.602071959210754	NA	1.60432798901165	NA	0.957986930389803	1.01442708085558	0.896913439037091
NA	NA	NA	NA	NA	NA	NA	NA	NA	NA	NA	NA	NA	NA	NA	NA	NA	NA	NA	NA	NA	NA	NA	NA	NA	NA	NA	NA	NA	NA	NA	NA	NA	NA	NA	NA	NA	NA	NA	NA
1.31983292190885	NA	NA	NA	0.946274411123687	1.08781411244973	NA	1.41991390658849	1.56908967676303	NA	NA	1.19199675216473	0.437157079980307	1.38250398154925	1.09435601675599	1.10836178463656	1.3018953956868	1.20385395039901	1.08198610203984	NA	0.768829205055197	NA	0.609104805772121	NA	NA	0.211622724210036	0.732288623459276	0.591668820494676	0.222361334993056	0.268146453249479	NA	0.578028997675698	0.688278092419708	NA	0.930193008468102	NA	NA	0.678992828612297	0.427952335633353	NA
NA	NA	NA	NA	NA	NA	NA	NA	NA	NA	NA	NA	NA	NA	NA	NA	NA	NA	NA	NA	NA	NA	NA	NA	NA	NA	NA	NA	NA	NA	NA	NA	NA	NA	NA	NA	NA	NA	NA	NA
0.843299729893658	0.881430988290203	1.64941741442291	NA	0.720769044542983	0.683523777389335	0.50002138398223	0.608791064287474	0.85177334620577	1.02511165085441	0.915537236913219	1.01398113269573	1.41571582126176	1.29709619008835	NA	0.346541241007016	0.562982916022223	0.512030361961099	0.451125659213539	0.630102232857745	0.409108892968436	0.586052550303538	0.92937229425263	0.121514863050941	0.645569371400212	0.482606172285905	0.48980431634591	0.745789932603325	NA	NA	0.579177788343237	0.817967278088872	0.234514829013841	0.375815864743319	0.816202883812248	NA	NA	0.546153301304384	0.334125281398155	NA
NA	NA	NA	NA	NA	NA	NA	NA	NA	NA	NA	NA	NA	NA	NA	NA	NA	NA	NA	NA	NA	NA	NA	NA	NA	NA	NA	NA	NA	NA	NA	NA	NA	NA	NA	NA	NA	NA	NA	NA
NA	2.08403065161305	1.94555811336241	NA	2.20177641020171	0.958016609371861	1.23713078759779	1.43323137482817	1.22626891084089	1.22988558348995	1.21069254173565	2.13365899703537	NA	2.18819056772432	2.20838711154864	2.10471083523008	1.65134286427122	1.44442361596601	1.44745588277676	1.10474437229613	0.638369124113797	0.872479621722143	0.938297715249514	1.12522342869432	0.883720211846673	0.854898738327437	1.44438426565435	NA	0.980679881338895	0.512665459290932	NA	0.432938337478943	0.426847908195803	NA	NA	0.6742765253656	NA	0.198765721886973	0.350182359928298	0.573041094365524
1.17518499646743	0.836772870015322	0.722676919104517	0.79767623302042	0.682514807141016	NA	NA	NA	NA	NA	NA	NA	NA	NA	NA	NA	NA	NA	NA	NA	NA	NA	NA	NA	NA	NA	NA	NA	NA	NA	1.32373623912996	1.21117985682097	NA	0.210247046831556	0.437204689810873	0.474566536349295	NA	0.337531089310299	NA	0.558361760649377
NA	NA	0.779598010531918	0.712323240684283	1.21685387755131	0.923907779766401	1.0955008756749	0.708272261954481	NA	0.867245676051443	1.36034317930901	0.970208191619026	0.901791275495962	1.60607461118785	NA	1.26777990213482	1.32980834399216	NA	NA	0.39916143833272	0.331880377519226	0.812291746309036	NA	0.307844808013562	0.538413180615704	0.656609334135802	0.357096936411614	2.36298118017396	0.712007226369047	0.674094068581241	0.130283194537028	NA	NA	0.225452719463788	1.05528278556053	0.420461174173606	NA	0.970040017949696	0.93306842239559	0.959831793703569
NA	1.39475164022792	1.41407094358567	1.52545983566759	NA	0.955250911788856	1.29325396436611	0.819681379050481	0.723061513111422	0.903850821243594	0.928111902725208	1.52542797880187	NA	1.31501877230968	1.14793198089087	1.8048098620893	NA	1.25886324950847	NA	0.68813532159904	1.40359420208876	0.852225021238326	0.710166930626192	NA	NA	NA	NA	0.995174653923264	NA	NA	NA	0.738780679206022	1.03212586061368	NA	NA	NA	NA	0.593015976213988	0.870448664146823	NA
1.33122122734243	NA	1.49461798580626	NA	1.44002267048591	1.41096527560883	1.30416657963837	NA	NA	1.63083721030312	1.75100427101232	1.6072288793532	1.60502920998077	1.58391865820927	1.86754092706389	1.45765671625381	1.72307100195241	1.60820729316002	1.47954337356061	1.31398852577391	1.10094605004051	NA	1.02555232018523	1.17243573659653	NA	NA	2.03837739333064	0.709397944688357	0.67249940924924	NA	NA	0.756738252836272	0.705535258345232	NA	0.528493344973022	0.554130536173552	NA	0.491575477095162	0.502929824172803	0.668326808302877
NA	1.83052718915506	1.73497162510477	NA	NA	1.72762752351826	1.70060043123569	1.48288685922691	NA	1.88054001628415	NA	1.39196749662889	1.85523005277154	1.96536879392658	1.81228904437887	1.04481878655953	NA	1.63382447324247	1.60032961959631	1.51366260903919	0.770827113234189	0.587266116934204	1.70361122878521	1.52654972107935	1.8080601876512	1.38871450172839	1.91423846233138	NA	1.16681413309933	NA	1.30277275160752	1.07747625787191	1.03442745402167	0.363166173127133	NA	0.624455134995666	NA	0.26117765023632	0.58465768589678	1.51842013971648
NA	NA	NA	NA	NA	NA	NA	NA	NA	NA	NA	NA	NA	NA	NA	NA	NA	NA	NA	NA	NA	NA	NA	NA	NA	NA	NA	NA	NA	NA	NA	NA	NA	NA	NA	NA	NA	NA	NA	NA
NA	NA	1.39669203507119	0.714605336291814	1.34487808431593	NA	0.610559892137875	0.405923000739041	0.489644093281483	0.876898563793759	0.603104047793729	1.08187453788726	NA	1.6612649538058	NA	NA	0.781436432496287	2.01689087282205	1.44730358046457	1.99155261262508	1.07033164783453	1.228830267899	1.04988611284669	NA	1.1211474886467	1.39361057993887	0.794192666567489	1.11022974801803	1.18620807332914	1.68302665179841	0.28871897958207	0.707688074734917	0.340524785123504	NA	0.351828384843404	0.328673668305932	NA	0.292376996372382	0.122051053192677	0.323923066344578
2.44269082636405	NA	NA	NA	2.26898074892001	2.39986197464385	NA	NA	1.8763497660921	2.41575748339769	NA	NA	NA	NA	NA	NA	NA	NA	NA	NA	NA	NA	NA	NA	NA	1.10574386777551	NA	1.2077547598043	1.97567022451319	NA	NA	NA	NA	NA	NA	NA	NA	1.1407220623573	1.65635426837609	1.78989128445892
0.613552106753809	0.56503552387642	0.549125883956857	0.45293744346893	0.794129791386643	NA	NA	0.860135781821734	NA	1.1208822177368	NA	NA	NA	NA	0.510250319266177	0.625214268107247	0.593526544861914	0.469252115711036	0.44453746708272	0.551889292676027	0.792186164731445	0.987797224935548	0.782242490765037	NA	1.03301027375025	1.16644588032665	0.953793793828776	0.715474549992863	NA	1.59430355454988	NA	0.693910169136123	0.818376689443846	1.56163674206947	0.528349624750829	1.40326405964978	NA	0.415728194236566	0.53566316575265	1.11635514667193
NA	NA	NA	NA	NA	NA	NA	NA	NA	NA	NA	NA	NA	NA	NA	NA	NA	NA	NA	NA	NA	NA	NA	NA	NA	NA	NA	NA	NA	NA	NA	NA	NA	NA	NA	NA	NA	NA	NA	NA
NA	1.01022885272188	0.977031446273892	0.93250855857956	NA	1.13115178084648	1.13330514780925	NA	0.579439548987451	1.32200020628998	0.251518519532382	0.889360326819108	0.324109498433084	0.97283239264212	1.22227233513147	0.910447907105141	0.256146877350311	1.18049539305271	NA	0.454797487027933	0.782764724841034	1.03479572970601	0.999848660024091	1.04856835983624	1.46973414286945	0.491268355215053	1.21686606573718	0.216838224534056	0.539030309441429	0.563318135399606	0.393133929131779	0.704345187011101	0.445020648951417	0.532700173794698	0.497959884281076	0.573265436041711	NA	0.253293223090573	0.42615092180743	0.519480314984276
NA	NA	NA	NA	NA	NA	NA	NA	NA	NA	NA	NA	NA	NA	NA	NA	NA	NA	NA	NA	NA	NA	NA	NA	NA	NA	NA	NA	NA	NA	NA	NA	NA	NA	NA	NA	NA	NA	NA	NA
NA	NA	NA	NA	NA	NA	NA	NA	NA	NA	NA	NA	NA	NA	NA	NA	NA	NA	NA	2.04028115300429	NA	NA	NA	2.5870656670881	NA	1.71103257668438	NA	1.89829805780718	2.12833147716311	1.54013226686941	1.98905652470027	NA	NA	1.57518629888701	1.08457267550521	NA	NA	0.592025487775284	NA	NA
NA	1.37798925886914	NA	NA	NA	2.10003923794154	2.37951143687147	NA	2.31436677798567	2.39949194458929	NA	1.86383590371583	1.7544042882462	2.17811234026788	1.85717108765412	NA	1.79069075866239	1.95964161598651	1.57780286966913	1.62314911624673	NA	1.00431367880977	NA	NA	NA	NA	NA	NA	NA	NA	NA	NA	1.72380606326027	NA	1.6199886090004	NA	NA	0.267844457028054	NA	0.936780556595441
NA	NA	NA	NA	NA	NA	NA	NA	NA	NA	NA	NA	NA	NA	NA	NA	NA	NA	NA	NA	NA	NA	NA	NA	NA	NA	NA	NA	NA	NA	NA	NA	NA	NA	NA	NA	NA	NA	NA	NA
1.23914062714374	1.72102906871809	1.46755305561006	NA	0.741073839809229	0.791801436983867	NA	0.532284384146616	0.680094089142895	0.227431791882005	0.266775761553573	0.674012808628915	1.18819321412752	1.61092537452934	1.13234758647743	0.791272889325419	0.54819727122292	0.576879379532382	0.838346200540203	0.328882014134827	0.385504269410327	0.406839214708505	0.31153201071171	0.797554615367059	0.884173261271822	0.187711660828263	0.61506340221124	1.22086599937624	0.606640384866692	1.19552389768796	1.09272128972712	0.764202901956726	0.617320217237096	0.547918720788248	1.70211495040179	0.611012700571617	NA	0.304271485611181	0.838062371643397	1.02169307434802
NA	0.673416232954471	NA	NA	1.69413265545164	0.555184705282094	1.09405397443857	NA	0.995512102881991	1.25775085420342	NA	NA	1.12439200587619	1.16136796642189	NA	NA	NA	1.23374326939751	NA	0.955840066609209	NA	NA	0.347513947280337	NA	NA	NA	NA	NA	NA	1.66521146224762	NA	0.42038204939417	NA	NA	0.702527805494626	0.838138190747838	NA	NA	NA	0.591552837998785
NA	NA	NA	NA	NA	NA	NA	NA	NA	NA	NA	NA	NA	NA	NA	NA	NA	NA	NA	NA	NA	NA	NA	NA	NA	NA	NA	NA	NA	NA	NA	NA	NA	NA	NA	NA	NA	NA	NA	NA
NA	NA	NA	NA	NA	NA	1.69413944684159	1.0028857948754	NA	0.735185036824724	0.744118197519768	0.978736376641311	1.13216078751243	1.11122320363457	NA	NA	0.396266084359262	0.513300578865072	0.526818594037524	0.239093009121522	0.147061929946572	NA	NA	NA	NA	NA	NA	NA	0.337913992995457	NA	NA	0.378358979813228	0.216779856718049	0.555470774381361	0.935991397903875	0.671466223381406	NA	NA	0.259372511321664	NA
NA	NA	NA	NA	NA	NA	NA	NA	NA	NA	NA	NA	NA	NA	NA	NA	NA	NA	NA	NA	NA	NA	NA	NA	NA	NA	NA	NA	NA	NA	NA	NA	NA	NA	NA	NA	NA	NA	NA	NA
0.966836456096441	1.06858480852079	1.44261555427306	NA	NA	0.936925672227717	1.48620743958947	1.39332254244331	1.2596718017164	NA	1.44465286975266	1.15860199847923	1.40827894599668	1.48131652357832	NA	NA	1.5645626946983	NA	1.04300236049512	1.04885355370755	0.607182159593346	0.697274928500942	0.433297832428742	0.599253835280139	NA	NA	0.515247831191773	0.542566047971067	NA	0.408767280652163	0.190331751223	0.373889742543963	0.36759646565596	0.620164029051439	0.507676248092922	0.449679030348133	NA	0.480859539399148	0.180138087283587	0.719055753658359
NA	1.71430545498398	NA	NA	1.99599774311854	1.67868741279591	NA	NA	NA	NA	1.81204528095664	NA	NA	NA	NA	NA	NA	NA	NA	NA	1.98725760822292	NA	1.67234650202554	NA	NA	1.42820660566843	NA	1.57577540310788	1.9214209205073	1.3835505091561	NA	NA	NA	NA	NA	NA	NA	NA	NA	NA
NA	NA	1.10103684395866	NA	1.20430940083214	1.33301691410865	0.656204168557281	1.6698703557699	NA	NA	NA	NA	NA	2.6604182585618	1.52226592092767	NA	NA	0.87497984143804	NA	1.59468448874681	1.54992129520483	2.8742684327128	1.17403043465915	0.50865018275071	1.59548136138853	1.52732008976927	0.878408983907652	2.0932709345406	0.255859377839116	0.950419297128184	NA	0.640289477145718	NA	2.526489378846	NA	1.62879787226893	NA	0.256392222697261	2.82184955119831	1.30416706944662
NA	NA	NA	NA	NA	NA	NA	NA	NA	NA	NA	NA	NA	NA	NA	NA	NA	NA	NA	NA	NA	NA	NA	NA	NA	NA	NA	NA	NA	NA	NA	NA	NA	NA	NA	NA	NA	NA	NA	NA
NA	1.06831859200312	NA	NA	NA	NA	NA	NA	NA	NA	0.695860816676046	NA	NA	0.823163168317718	NA	NA	NA	NA	NA	NA	NA	0.428888104190973	NA	NA	0.271172179763217	NA	NA	NA	NA	0.322136509345431	NA	NA	NA	NA	0.302103244674433	0.546984668200315	NA	NA	NA	NA
1.55161127090326	NA	NA	NA	NA	NA	NA	NA	0.949723482477066	NA	NA	NA	NA	0.980812968578175	NA	0.272641318460793	NA	0.691442195735001	0.599609924783814	NA	0.966053826679979	NA	0.580444196272251	NA	0.655566957751873	NA	NA	0.468681887768397	NA	NA	0.497291541326339	NA	0.364232438701774	NA	NA	0.392833641806054	NA	NA	0.775450828408852	0.435098862471574
NA	NA	NA	NA	NA	NA	NA	NA	NA	NA	NA	NA	NA	NA	NA	NA	NA	NA	NA	NA	NA	NA	NA	NA	NA	NA	NA	NA	NA	NA	NA	NA	NA	NA	NA	NA	NA	NA	NA	NA
1.98593278311967	2.16414362081443	2.0587467389576	1.98683203068249	NA	1.29098773371873	1.47413421508845	1.44912495795904	1.15520067992947	NA	1.93893614079553	NA	0.622917707119006	0.833072699698598	0.510414850135015	1.01142898549151	0.919806920636635	0.476668392545819	0.360398415906457	0.659828325643578	0.757158387790309	1.67639802469037	NA	NA	1.4066101965226	0.5426929728591	1.61907493807458	1.19092372382839	0.60310423381684	0.609560160999906	1.5729604895482	0.691874912198175	1.1289753920326	0.763029038052363	0.778827496133825	0.933971188594965	NA	1.13424319318942	1.33387506710298	0.888931741663287
NA	1.2432321339596	NA	NA	NA	0.986076855961661	NA	0.94808090080899	1.0416260431293	1.54329419028889	1.37667170603653	NA	1.78816947931231	NA	1.72408711123635	1.19467843944083	1.07603873971716	0.376076684759821	NA	0.568484242503876	0.388137153258543	0.899130352501053	0.627964562214388	1.07463743000796	NA	NA	0.490984369014255	0.862938150156181	0.728202618237506	1.45590755672214	NA	0.326290560883275	1.50280568608458	1.62948412267002	0.785591087505324	NA	NA	NA	0.583142678973057	0.382672475214154
NA	NA	1.76630674640852	NA	NA	1.25524617344148	1.37937521473247	NA	1.40580414297892	1.22098896991926	NA	0.57332380656028	1.18567133831225	0.808512775388283	NA	NA	1.38540440723574	1.31167125380828	1.28927941073005	0.575854926794017	0.533789355857632	0.953254220087349	0.68783535473981	NA	NA	NA	NA	NA	NA	0.832056433073252	NA	0.303735180554212	0.494384882473577	0.305953741379641	NA	0.113169815646573	NA	0.295860828201832	NA	0.498858775966197
NA	NA	NA	NA	NA	NA	NA	NA	NA	NA	NA	NA	NA	NA	NA	NA	NA	NA	NA	NA	NA	NA	NA	NA	NA	NA	NA	NA	NA	NA	NA	NA	NA	NA	NA	NA	NA	NA	NA	NA
NA	NA	1.12247438842454	NA	NA	NA	0.741920067214394	NA	0.634259080297035	NA	NA	1.11673077311019	NA	NA	0.775004099137946	NA	NA	NA	NA	NA	NA	NA	NA	1.10710459906693	NA	NA	NA	0.609355039514164	NA	0.712070357980524	NA	NA	0.581401761676602	NA	NA	0.285521058896642	NA	0.112102790114444	0.242434405433335	0.174981830557241
NA	NA	NA	NA	NA	1.02941065099536	NA	NA	0.713277830213016	0.371256591514415	0.231627352242017	NA	NA	NA	NA	NA	NA	1.1510471318793	NA	NA	0.644385976722569	0.614287758070204	NA	NA	1.06020874478948	NA	0.36497325792557	NA	NA	0.865284174268909	NA	0.359702101546859	0.221697855057563	0.35903366282598	0.376058337895449	0.552301735180934	NA	0.343990751109841	0.46840520093325	0.420779197675001
NA	NA	NA	NA	NA	NA	NA	NA	NA	NA	0.877350332168679	NA	NA	0.707391694930011	1.8313987563568	NA	0.171580465154055	NA	NA	1.753690276037	0.582872773660844	0.499344955023315	0.0856002595709243	0.193205108388342	0.263704260388742	NA	NA	0.342111429477867	NA	1.31137129730731	0.493521210241722	NA	NA	0.643441628999614	NA	0.564825673015111	NA	NA	NA	NA
NA	0.880838460614415	0.519661821524576	1.32789395545634	1.26789378506503	1.80554552989671	1.72183539881385	2.20969339995928	NA	1.93812666708034	0.963477820524499	NA	NA	NA	2.13593306802021	1.80703512344528	1.4228602888577	NA	0.966099362069236	0.886023336833703	NA	0.996467462137772	1.07904082042606	0.736619143651063	1.42177012863598	0.699690786096963	NA	1.86588086275651	2.04258943910144	0.241897191125622	NA	NA	0.302661863952287	2.48591519272859	0.388715345833962	0.671925463857151	NA	0.352479356432961	0.346557997856915	1.7747945595663
0.751716340838699	0.59617653770248	NA	NA	0.79962087407219	0.53419334158025	0.623732124079867	0.707154353494762	0.542283563166088	NA	0.488685579271227	0.445076554139408	NA	NA	NA	NA	0.403144097755507	NA	NA	NA	NA	0.433469291630617	0.11227826878513	NA	NA	NA	0.882701273996588	NA	NA	NA	NA	0.743371471873523	1.78942257174657	NA	0.391478277181421	0.68701179342345	NA	NA	0.463098196353436	1.73365807151276
NA	NA	NA	NA	NA	NA	NA	0.918920657260757	NA	NA	NA	NA	0.690400920388823	NA	NA	NA	NA	NA	NA	NA	0.626996077109227	NA	0.467665438076231	0.411340749251674	0.506033582655143	NA	NA	NA	NA	NA	NA	0.646841378519685	0.250490626892813	0.425285213178227	NA	0.573936600296686	NA	0.567187559547109	NA	NA
NA	NA	NA	NA	NA	NA	NA	NA	NA	NA	NA	NA	NA	NA	NA	NA	NA	NA	NA	NA	NA	NA	NA	NA	NA	NA	NA	NA	NA	NA	NA	NA	NA	NA	NA	NA	NA	NA	NA	NA
NA	NA	NA	NA	NA	NA	NA	NA	NA	NA	NA	NA	NA	NA	NA	NA	NA	NA	NA	NA	NA	NA	NA	NA	NA	NA	NA	NA	NA	NA	NA	NA	NA	NA	NA	NA	NA	NA	NA	NA
NA	NA	NA	NA	NA	NA	NA	NA	NA	NA	NA	NA	NA	NA	NA	NA	NA	NA	NA	NA	NA	NA	NA	NA	NA	NA	NA	NA	NA	NA	NA	NA	NA	NA	NA	NA	NA	NA	NA	NA
1.71175344790857	1.35365562402013	1.35428280667116	1.29299264175723	2.19256697495346	1.19392807501651	1.29007594830421	1.51540207596499	1.91776081842928	NA	NA	NA	NA	0.971796773693082	NA	NA	NA	NA	NA	NA	NA	0.9073025708077	0.983601952745211	NA	NA	NA	NA	NA	0.419651275363938	1.22049434485978	NA	1.44932369946903	NA	NA	NA	0.988175374372422	NA	0.19747168983995	0.565390055314847	NA
1.55777264761733	1.65651319725279	NA	NA	2.32902612978974	2.13050678721616	2.56291040387921	2.49181967786725	2.11554538101096	2.30442379526048	NA	2.23010245406696	2.28266086852501	1.83784321459653	2.12531707625779	NA	1.8475339027187	2.3158240967945	1.98787035708192	1.97417724557179	NA	0.420241166347143	0.446220389063946	0.316688097711759	NA	0.59647495216822	0.905188079716053	NA	0.14357602823314	0.216980447943398	NA	0.395171764353713	0.649206292499227	NA	NA	0.406660222618568	NA	0.31432315198071	0.809503713011816	0.860947403573121
NA	NA	NA	NA	NA	NA	NA	NA	NA	NA	NA	NA	NA	NA	NA	NA	NA	NA	NA	NA	NA	NA	NA	NA	NA	NA	NA	NA	NA	NA	NA	NA	NA	NA	NA	NA	NA	NA	NA	NA
NA	NA	NA	NA	NA	NA	NA	NA	NA	NA	NA	NA	NA	NA	NA	NA	NA	NA	NA	NA	NA	NA	NA	NA	NA	NA	NA	NA	NA	NA	NA	NA	NA	NA	NA	NA	NA	NA	NA	NA
NA	NA	NA	NA	NA	NA	NA	NA	NA	NA	NA	NA	NA	NA	NA	NA	NA	NA	NA	NA	NA	NA	NA	NA	NA	NA	NA	NA	NA	NA	NA	NA	NA	NA	NA	NA	NA	NA	NA	NA
NA	NA	NA	NA	NA	NA	NA	NA	NA	NA	NA	NA	NA	NA	NA	NA	NA	NA	NA	NA	NA	NA	NA	NA	NA	NA	NA	NA	NA	NA	NA	NA	NA	NA	NA	NA	NA	NA	NA	NA
NA	NA	NA	NA	NA	NA	1.38504570303349	NA	NA	NA	1.64667059964473	2.03720027152183	NA	NA	NA	NA	NA	NA	NA	NA	1.18304629840111	NA	NA	NA	NA	NA	NA	0.234743575146094	NA	NA	NA	0.859705370983164	NA	NA	0.333784539947298	NA	NA	0.264623118992716	NA	0.542846026986024
0.977318659008379	0.853981688817671	NA	0.860757527644372	NA	NA	NA	2.09269308095514	NA	NA	1.24222806362817	1.11255262173136	NA	NA	NA	NA	NA	NA	NA	1.18663315817003	NA	NA	1.00072421132731	0.923693850653235	NA	NA	NA	NA	0.777005319840949	NA	NA	NA	NA	1.18409557905183	0.652545053106233	0.935924092501841	NA	NA	0.15343773598808	NA
NA	1.37254942803877	NA	NA	NA	NA	0.612545284673445	1.03911261138481	1.34344355241527	1.098931415069	NA	0.60617788283077	0.764224918066666	0.984181069077918	NA	1.27333961305964	NA	1.09348652559763	1.30523585308968	1.36597170704342	NA	0.588745514915196	0.486888224163959	0.461969343215542	0.572923865340241	NA	NA	NA	0.154460447733297	0.465838746108525	0.487086861908424	NA	0.17036610251244	0.220779619236432	0.316126943662581	0.39913250235868	NA	NA	0.74245184884154	1.16395994947514
NA	NA	NA	NA	NA	NA	NA	NA	NA	NA	NA	NA	NA	NA	NA	NA	NA	NA	NA	NA	NA	NA	NA	NA	NA	NA	NA	NA	NA	NA	NA	NA	NA	NA	NA	NA	NA	NA	NA	NA
0.675660371293502	0.65261017534355	0.505230159505962	0.77254053549792	NA	0.707611950281049	1.11867928089704	NA	0.717862249789583	NA	0.984460671589106	NA	NA	1.32573255947389	1.10057885842534	NA	0.974756363177256	0.531980869431747	0.570605582558528	0.688191282370303	0.827628594200204	0.797910002754191	0.696186266392643	1.54029161647754	NA	NA	NA	0.138675158695493	NA	NA	0.446513694203738	0.338396529082977	NA	NA	NA	NA	NA	NA	0.0999436702838988	0.598780785333725
NA	NA	NA	1.21313811540448	NA	NA	NA	1.48189672235137	1.18500259382994	NA	NA	NA	NA	1.39571133978157	1.39463156013263	1.55209895131048	1.93197715444872	1.81047949217079	2.01676642931925	1.60913781098032	NA	0.749810638383233	1.00364859972561	1.40167909397383	0.837343639782489	1.46512259454088	NA	NA	0.776332973995088	NA	NA	NA	NA	NA	NA	NA	NA	NA	0.484132055141791	NA
NA	NA	NA	NA	NA	NA	NA	NA	NA	NA	NA	NA	NA	NA	NA	NA	NA	NA	NA	NA	NA	NA	NA	NA	NA	NA	NA	NA	NA	NA	NA	NA	NA	NA	NA	NA	NA	NA	NA	NA
NA	NA	NA	NA	NA	NA	NA	NA	NA	NA	NA	NA	NA	NA	NA	NA	NA	NA	NA	NA	NA	NA	NA	NA	NA	NA	NA	NA	NA	NA	NA	NA	NA	NA	NA	NA	NA	NA	NA	NA
1.70147420732073	NA	NA	1.21388472703849	NA	NA	1.78799251067307	1.78898384617327	1.10927005320114	1.78703630489781	NA	1.52450689234033	0.906750331768996	NA	1.64548838625599	NA	NA	1.40895396754593	NA	1.3080485220373	1.16741422851676	1.00629416670072	NA	1.02616085440411	0.958057526971431	1.01090357740639	NA	NA	NA	0.350697928508569	0.753222943626729	0.495373108880022	0.361434471409683	0.435806451432257	0.475538841081387	0.220475899929539	NA	0.14583630367811	NA	0.309715176770915
NA	NA	NA	NA	NA	NA	NA	NA	NA	NA	NA	NA	NA	NA	NA	NA	NA	NA	NA	NA	NA	NA	NA	NA	NA	NA	NA	NA	NA	NA	NA	NA	NA	NA	NA	NA	NA	NA	NA	NA
NA	NA	NA	NA	NA	NA	NA	NA	NA	NA	NA	NA	NA	NA	NA	NA	NA	NA	NA	NA	NA	NA	NA	NA	NA	NA	NA	NA	NA	NA	NA	NA	NA	NA	NA	NA	NA	NA	NA	NA
2.33561070291744	NA	1.9764303320538	1.65453797413817	NA	1.37015298880653	1.68332602220034	1.60551520642012	1.5585808697728	NA	1.41277432013787	1.32296786868349	NA	1.77407940201426	NA	1.08024037291613	1.47581345109196	NA	1.26469950977933	NA	NA	NA	1.07094050006614	0.810046606954003	NA	NA	NA	NA	0.943717365522852	0.890425887792546	NA	NA	NA	NA	0.737913342488583	NA	NA	0.734217348802119	NA	0.145353511772089
NA	NA	NA	NA	NA	NA	NA	NA	NA	NA	NA	NA	NA	NA	NA	NA	NA	NA	NA	NA	NA	NA	NA	NA	NA	NA	NA	NA	NA	NA	NA	NA	NA	NA	NA	NA	NA	NA	NA	NA
NA	NA	NA	NA	2.05490476730884	2.09232937171954	NA	1.84157392259424	1.89916002668831	NA	NA	1.75942810125433	1.54002646688679	1.65676951931507	NA	1.01637917247666	1.49504422615392	NA	1.30643167889554	1.48483400453483	1.35629941204066	1.05993808772613	NA	1.07968187895225	0.570336598272899	0.713518638015177	NA	0.888023040923481	NA	0.630660844656253	NA	0.344951123668272	0.199462321122599	NA	NA	0.288927782300841	NA	0.762053848410785	NA	NA
NA	NA	NA	NA	NA	NA	NA	NA	NA	NA	NA	NA	NA	NA	NA	NA	NA	NA	NA	NA	NA	NA	NA	NA	NA	NA	NA	NA	NA	NA	NA	NA	NA	NA	NA	NA	NA	NA	NA	NA
NA	NA	NA	NA	2.12433908793829	NA	NA	NA	1.29020713906471	1.42626227766518	1.35112350464628	1.87775493975666	2.07674915172554	2.17507940477711	1.80860009839743	NA	1.7899080472041	1.680569375747	1.69765863120877	1.53723708303453	NA	0.609657776085089	1.89893230281211	0.939278058966892	0.385633325103845	NA	0.347609202574326	0.554664813965528	NA	NA	0.553802313724194	NA	0.531341405779005	NA	0.452080509334861	0.493898206940017	NA	0.33124906890038	0.11554043924246	0.494768854759561
NA	0.965908698480774	0.867514786216102	NA	1.7623448101295	0.992550666497552	0.413329189886359	NA	1.06858103042874	0.502725618026896	1.82447211813444	1.81237365483952	NA	1.74668688368421	NA	1.71083872633109	0.525291267514761	0.83360238668912	1.73568816812289	0.656406672534193	0.839485059293004	0.748207729319251	0.967683907677251	NA	1.03972500015899	NA	0.539986602982886	0.862853778413422	NA	0.907258004157647	NA	0.57772558722041	NA	0.721240083218591	0.292957993032436	0.158815333338718	NA	NA	0.569014785638169	0.568764046142827
NA	NA	NA	2.93634993504818	1.54739827719648	NA	3.27236134750939	2.5746493153102	2.72052525075739	1.7338568078748	2.63715627391604	2.08663878073979	1.57500448169964	1.9789856481298	1.46588367978987	2.00491574369524	1.92583064037767	2.04814528983328	2.86946295024722	2.5086524088888	NA	1.24997668587307	3.20080190656339	NA	1.12093721306356	NA	NA	3.25704008903751	NA	3.1087690641833	NA	2.82420071282057	2.69854392170581	NA	2.85364934030455	2.54589226031149	NA	2.16621846257452	2.34912460345722	2.00405386426438
NA	NA	NA	NA	NA	NA	NA	NA	NA	NA	NA	NA	NA	NA	NA	NA	NA	NA	NA	NA	NA	NA	NA	NA	NA	NA	NA	NA	NA	NA	NA	NA	NA	NA	NA	NA	NA	NA	NA	NA
NA	0.707380807516122	0.922563648412514	NA	NA	NA	NA	NA	NA	NA	0.813099645131546	NA	NA	0.964415872172187	NA	NA	NA	NA	NA	NA	NA	NA	NA	NA	NA	NA	NA	NA	NA	NA	NA	NA	0.744396293278553	0.473596805884297	NA	0.454747664645977	NA	0.446059439324904	0.169078429794006	NA
NA	NA	0.718917060697669	NA	NA	NA	NA	NA	NA	NA	1.0053061663953	NA	NA	NA	NA	NA	NA	1.16243759439175	NA	NA	NA	2.02367975768018	0.902949743381264	NA	1.82106636100363	0.370285747100894	1.64915376306435	0.604952707456358	NA	1.62171814694721	0.50639234736062	0.834705259272409	1.7218224534878	0.440043095914141	0.527375944896342	0.459425842990947	NA	NA	0.454125543295873	0.696904697842267
NA	NA	NA	NA	NA	NA	0.986619388258753	NA	0.379022525776572	NA	NA	0.834353649464032	1.1136022362851	NA	NA	1.52299373440537	NA	1.25294048714867	0.883479456259636	0.779338553222543	0.932509560038568	1.04624266865707	0.554678130508601	NA	NA	NA	NA	NA	0.769066373068834	NA	NA	1.2780003395242	NA	NA	NA	NA	NA	0.255286623429014	0.471002087419062	NA
1.01236526587857	NA	1.84402400843489	NA	1.6686787549878	1.68041847560453	1.66988234294051	1.48065766422731	1.04051573076692	1.44098565033174	1.24886699716173	0.6814810390415	0.688614630601512	NA	0.952318342372118	1.02991679208969	NA	NA	1.09591240510588	1.00679433825368	1.23879222086238	NA	1.49282727075365	1.56184413927043	1.58284244135464	1.44388874543148	1.334009019445	1.28045801329772	1.61240662382266	NA	NA	1.59876473675767	0.964509343675045	NA	1.13201058029261	1.01513239054268	NA	0.382301216540893	0.813456556317582	1.42429796957536
NA	NA	NA	NA	NA	NA	NA	NA	NA	NA	NA	NA	NA	NA	NA	NA	NA	NA	NA	NA	NA	NA	NA	NA	NA	NA	NA	NA	NA	NA	NA	NA	NA	NA	NA	NA	NA	NA	NA	NA
2.48408908883712	2.45533725943685	1.11973522368023	1.1739726264329	1.18857637397536	1.18409113559843	NA	0.849150245293179	0.94205224340007	NA	2.5991144476582	1.08335444462677	0.851789897727549	1.19518500610049	1.05564676419873	NA	1.11765404887059	0.968624166984765	NA	1.02389186098524	2.15923787780165	0.952655515882363	NA	0.747445262279593	1.02597260139639	0.821658010769666	NA	NA	NA	NA	NA	0.750432592126118	NA	NA	NA	NA	NA	0.50253141274599	0.609593954170228	0.567861335165542
0.86157401182708	NA	NA	0.424397425453735	0.375906198791978	NA	NA	NA	0.476580413072172	NA	0.480263392469811	NA	1.08886866454921	0.700180978405575	1.0007120244961	1.18917237407481	1.07143411128859	1.23806003028008	0.939658543551896	0.99784867028187	NA	1.22006011592321	NA	NA	0.570889259484989	0.822202311430001	NA	NA	0.880754679258096	1.14414860332564	1.1395740329109	0.843246295837574	0.481912097982699	NA	0.755362773871666	0.709644822373342	NA	NA	0.760623549936485	0.743971400317508
2.15187946183126	1.79097775524491	1.71825902653545	NA	NA	1.810657063878	1.9295965191334	2.06319546865394	2.1278985096986	NA	1.89964580599839	2.05129960755932	2.10235929421488	1.98007078485464	0.956214707166799	1.31683567186953	1.85537228822704	NA	1.40927529587071	1.61196450222361	0.844589145887009	0.680485407489656	0.553879059496552	NA	1.18492952319813	1.11010750130917	NA	1.26229618819848	1.29243662655659	1.02173396636866	0.870811652782797	0.554957085870659	NA	NA	0.423752147338531	NA	NA	1.92078795962265	0.330365608749327	0.315303932666164
NA	NA	NA	NA	NA	NA	NA	NA	NA	NA	NA	NA	NA	NA	NA	NA	NA	NA	NA	NA	NA	NA	NA	1.61029663744701	NA	NA	1.49165767429869	0.983784390615493	1.07785430569229	1.28736479216855	0.861479467294525	0.957890050946005	NA	0.579591371936887	0.722717576916323	NA	NA	NA	NA	0.663621612875575
NA	0.64730744588814	0.662873039176986	0.601263822154482	NA	1.81847665374814	NA	1.0105104209087	1.12660714554645	NA	0.651055495195303	0.742219542900935	NA	0.974534634523882	1.17492384875346	1.51014730754334	1.24843241537175	1.43690932673241	1.25576108832525	1.44478346415203	0.267542689736319	0.0879681826372342	NA	NA	NA	NA	NA	NA	0.858139384224784	NA	NA	1.35317727992189	1.58403915844561	NA	NA	0.403135544836741	NA	NA	0.579461451980751	NA
0.815481902510268	NA	NA	NA	0.62415988424829	NA	0.488381902822384	0.27119083474128	0.427740890463819	NA	NA	0.586547337744807	1.00817428785183	1.2125798771725	NA	1.53075949864251	1.54848089552904	NA	0.773619027845013	NA	0.217726064270159	NA	NA	NA	NA	0.548780214480097	NA	0.81503741833581	0.336291923626688	NA	NA	NA	NA	1.00331241149945	NA	NA	NA	NA	NA	0.563666453960734
NA	1.08216675957365	1.00127073720753	NA	NA	NA	1.01732557064468	NA	NA	0.623802250138505	0.724237751564147	0.522846484618995	0.653951957238677	0.7692189345426	0.806238271210699	NA	NA	NA	NA	1.26137041599686	0.80499493318289	1.08599294147002	1.02010961007325	0.765598670124505	NA	NA	NA	NA	0.72863774158774	NA	0.174648982158657	NA	NA	NA	0.406630417097173	NA	NA	0.296067254539796	NA	NA
NA	NA	NA	NA	NA	NA	NA	NA	NA	NA	NA	NA	NA	NA	NA	NA	NA	NA	NA	NA	NA	NA	NA	NA	NA	NA	NA	NA	NA	NA	NA	NA	NA	NA	NA	NA	NA	NA	NA	NA
1.62002042191893	0.685937146590782	2.10481388895814	1.12368519923015	NA	0.576742095832096	1.34744172912055	0.393067887796476	1.87613274893179	0.433313935994733	1.94067876510043	0.603518010832443	0.533753111177481	2.36444535366236	1.95103911167834	2.64024849408869	NA	1.48200423364552	2.2049036748864	0.272926878148512	1.84286489318925	1.08291391585077	1.6439255429848	1.7794423512048	1.00666096710721	NA	0.479061641473563	0.728660736647148	0.162979048036531	1.37000383452109	2.56696617145488	1.26595938716356	2.14739691711105	1.86289619167322	NA	1.29849709156618	NA	0.572939373421652	1.85398222500512	1.39755171137699
NA	NA	NA	NA	NA	0.770404243062075	NA	0.646814870419354	0.639233612381987	0.951575694751499	0.591199367491138	0.750520733408522	NA	0.935493852767853	0.934902357654168	0.658134181018319	NA	0.552414123252126	NA	0.397472199859737	0.415288831966745	NA	NA	NA	0.590655866703967	0.968178463261619	NA	NA	0.352829050275398	1.42988478826261	NA	NA	NA	NA	NA	NA	NA	NA	NA	NA
NA	NA	0.548251147009816	NA	NA	0.775329638229149	0.973995233767304	NA	NA	NA	NA	NA	NA	0.436085016446177	0.202369736538993	NA	0.541607098657144	NA	NA	1.03015600329197	0.589982834926635	NA	NA	0.707385090142302	0.773502018553714	NA	NA	0.618410575614243	0.832173765925684	NA	NA	0.444742755024517	NA	NA	NA	NA	NA	NA	NA	NA
NA	NA	NA	2.26052297489022	NA	NA	NA	NA	NA	NA	NA	NA	NA	1.46503651372425	NA	NA	NA	1.7714688770276	NA	NA	NA	NA	0.614879027899951	1.47822960252749	0.763165483159701	NA	1.04676347709832	1.12923289452779	NA	NA	1.44061387602048	NA	0.979638536237842	1.11750227515477	NA	0.919740369704794	NA	0.89565343442509	1.10937876883148	0.761676404295792
NA	NA	NA	NA	NA	NA	NA	NA	NA	NA	NA	NA	NA	NA	NA	NA	NA	NA	NA	NA	NA	NA	NA	NA	NA	NA	NA	NA	NA	NA	NA	NA	NA	NA	NA	NA	NA	NA	NA	NA
2.10904889276104	1.26410271114243	1.13330352800504	NA	NA	NA	0.906190981600443	NA	1.22661769255791	NA	NA	NA	NA	NA	1.04223989126285	NA	NA	1.38085702730098	1.43095913406578	1.03236153719202	1.02996509596791	0.74351548003015	0.698256593131027	0.428356576721062	NA	NA	NA	0.236783132153255	NA	NA	0.752042657278644	1.02290855498637	NA	0.601333898198753	NA	0.902282891541699	NA	1.01520559641154	NA	NA
0.498480250861958	0.566467424262825	NA	0.702411977116891	NA	NA	NA	1.67493061484526	1.69180966833714	NA	NA	NA	NA	NA	NA	NA	NA	1.64560462130471	1.47334451837945	1.34440585640158	1.31288559757744	1.40084779370779	1.02672837081043	NA	1.10016213237825	0.968344384922999	1.24663834852799	1.14214008737406	0.996646110052368	0.538325001496438	0.700203497516679	0.879932092205082	0.627621156884845	0.6512842584005	0.666451410931251	0.427373110359668	NA	0.373311335632543	0.451098279562021	0.774744840777739
NA	NA	0.857352224184708	NA	1.65095943904516	0.430617684641019	NA	0.389728409813086	0.514347415866288	0.779915513145921	NA	NA	NA	NA	1.01146763550498	NA	NA	NA	NA	NA	NA	NA	0.754428348887251	0.540345452378805	NA	0.439564388582216	NA	1.63060537529392	0.706223735008635	2.0407746947037	0.325666201276485	0.584505647799832	NA	0.580788883372063	0.673703070203406	0.556843465468997	NA	NA	1.30123491552796	1.36144846234497
0.420273857036517	0.333889012737516	0.495979707204814	0.262699669252903	0.44826109409698	0.769376338238427	NA	0.727850840093275	1.67637181485311	0.978960281428051	NA	1.25824207009745	1.30800127235975	1.45056924201634	1.20313431066105	NA	NA	1.28412278433184	1.40012011628761	0.910943200575277	0.703866549054208	0.348049535521495	0.384967877476833	0.587340841497568	0.480553638109381	NA	0.618613350460141	0.3796457109201	NA	0.240259319285333	0.664137523069881	0.302989218932508	0.690975904644778	0.629042415089361	NA	NA	NA	NA	0.558022471378592	0.659116482261577
1.33139953302601	1.43809299302206	NA	1.87418674112013	NA	1.37494418708067	1.37495138406812	1.07345078638265	0.86753814862951	1.21201203945557	1.1445786488554	1.57656812137478	1.28236149875684	NA	1.43405667204716	NA	NA	0.869655085502219	NA	0.35447563158481	NA	0.747320223042677	0.71344995261805	0.831323673401566	0.929240038715121	0.940532886831806	0.954023618609367	NA	NA	1.18018022658358	1.10534523668644	0.89771179982078	0.844725637232915	NA	0.952741053518594	0.651324089312058	NA	0.592484974395219	0.926398659677159	0.276926422720563
NA	NA	NA	NA	NA	NA	NA	NA	NA	NA	NA	NA	NA	NA	NA	NA	NA	NA	NA	NA	NA	NA	NA	NA	NA	NA	NA	NA	NA	NA	NA	NA	NA	NA	NA	NA	NA	NA	NA	NA
NA	NA	NA	NA	NA	NA	NA	NA	NA	NA	NA	NA	NA	NA	NA	NA	NA	NA	NA	NA	NA	NA	NA	NA	NA	NA	NA	NA	NA	NA	NA	NA	NA	NA	NA	NA	NA	NA	NA	NA
0.288398485823411	0.80015086392106	NA	0.536745584564804	0.376915068210632	0.528596407038502	NA	0.657927040887898	NA	0.314683181871862	NA	0.832711030609335	NA	0.60991097160442	NA	NA	0.877641843442184	NA	NA	0.865786614352406	0.190510844254757	NA	NA	0.412963625522729	1.90387102952668	NA	NA	NA	NA	NA	NA	NA	NA	0.583992146869834	1.02763927231613	NA	NA	NA	0.525769029924193	NA
NA	NA	NA	NA	NA	NA	NA	NA	NA	NA	NA	NA	NA	1.58363044665875	NA	1.4483783608177	1.50524947007747	1.28279580898848	NA	1.34844646613289	1.95495607331304	NA	NA	NA	1.35047336683971	NA	NA	NA	1.13167386860239	1.14883526109593	NA	NA	0.549557101175776	NA	NA	NA	NA	0.776358108003847	NA	1.22353898839498
1.06598288403233	0.822096791170494	0.688563566131371	NA	0.72824394797491	0.973309679454145	1.01770656475092	1.23639619472229	0.471538425721803	0.656232141182713	1.12448933414576	1.56316732290805	0.791457920557053	NA	1.94753049811269	1.48411469213911	1.98793911765544	NA	NA	NA	1.20597678988859	0.874112921434628	0.781184977940557	0.883335468991055	0.623697925532168	0.58694434052371	1.3555764696007	1.1564535541104	1.23227735147412	0.565560245040196	0.808669069923904	2.19676432452866	2.10142251569742	2.36130118801068	2.33171991602468	2.12174436042104	NA	1.7085097553204	1.46603080870703	1.91571573375473
NA	1.89541682839993	NA	NA	NA	NA	1.29419489649201	0.978653404187675	0.69568744279148	NA	NA	NA	0.655584499307304	0.611749065653812	0.145462876963111	NA	0.310544528876904	0.386990148051257	1.26558186179391	NA	1.26438961764881	0.971436835647339	1.17966820384512	NA	0.893950274949779	0.65374265195652	1.74283524713603	1.73751450316709	1.58419056807306	1.0160393984304	1.06729648921957	0.563990867447226	NA	NA	0.775428574925332	NA	NA	0.677685065240682	NA	0.547408304485806
0.155278480344873	0.63504716658508	NA	1.1090531288863	NA	0.366359249698137	0.346805949633137	0.156992842426119	0.435545888182068	NA	0.700366330762588	0.511549845760487	0.896485180365832	0.398047277650928	1.02516554507567	0.891188956410321	NA	1.04379404838238	NA	0.688835287707754	0.983643623867692	0.315452007418221	NA	0.342080625384197	NA	NA	NA	0.85223764692672	0.964660529746137	NA	0.848685024820643	NA	1.04882294006093	NA	0.520389268377467	NA	NA	NA	NA	NA
0.856398212160958	NA	NA	NA	1.06601691394653	NA	1.43605126911027	0.859837514129267	1.83112810934011	1.78427983631141	1.4851622048256	NA	1.85777627036074	NA	1.92181649622261	1.97896640667679	1.98980191912188	1.76151071049904	1.68030684557136	1.12507231472055	1.25377091669982	1.95620382981099	1.38783872794964	NA	NA	NA	0.7940865562898	NA	0.684679494011411	1.0405127544031	0.481769878689731	0.638653747674206	NA	NA	NA	NA	NA	NA	0.647820016766309	NA
NA	2.29890790615808	NA	2.00743506366392	1.11530020187197	1.31738544260852	2.03931388733443	1.59103618387196	2.02269711430094	2.00151373761545	1.42067235910462	1.40989043325691	1.62156041775166	1.22987966105433	1.53517963693015	NA	NA	1.37365026751059	1.06114745503759	0.796737881203942	NA	0.506954845558211	NA	0.40884414125013	0.29525793140022	2.13472853669985	0.577154344860148	0.527485301181376	0.484209316746452	0.492032432304411	NA	0.319796909249577	0.0981967427882717	NA	NA	0.0999391936145309	NA	0.518809335169992	NA	0.575086822960814
1.36411043365705	0.916451948147257	0.944405030508331	0.891307264135041	NA	1.13752073144011	NA	NA	NA	0.838994300083591	0.640048439434325	1.22403417891599	NA	NA	1.10543164752935	NA	NA	0.961862012309499	NA	NA	0.64554688445913	NA	NA	0.617981115661346	0.361676886780381	NA	0.587781220742151	NA	NA	0.309935105938687	0.924863674489945	NA	NA	NA	0.457048890985601	NA	NA	NA	0.463017239501404	NA
NA	1.77776889416144	NA	NA	NA	NA	0.549780542256367	NA	0.694001852685587	0.707757146208114	NA	NA	0.605214377618329	NA	0.877684443106986	1.21430017812167	0.458485718708759	0.653640474385797	NA	0.438084518648509	NA	0.711755800597493	0.43336226863774	0.155834680081416	0.402071106093299	0.514618735715745	0.164505864938412	0.79881170308699	NA	0.502621306123562	0.854661286688071	0.38537993421696	0.431123727918553	NA	0.236810770516693	0.176876293890732	NA	0.108411380119824	0.393075088393998	0.467031714259594
NA	2.14259393634295	NA	1.88734409318194	NA	NA	1.87973356858821	NA	NA	NA	1.39977428866422	1.4641878288165	NA	1.67496018355046	1.73845910716243	1.70986159634076	NA	1.89335572356742	1.74782077310418	NA	NA	NA	0.675220015808611	0.65814927808945	0.495847489483153	NA	NA	0.50003927546601	NA	0.404234839880209	0.832945255227674	NA	0.632252005073848	NA	NA	0.24996966246399	NA	0.494279714583199	0.504200127420407	0.754576885075719
NA	1.83413873419154	NA	1.99312307082424	1.64361482149071	NA	1.63658068180738	NA	NA	NA	NA	NA	NA	NA	2.05131801612159	NA	1.68852787184042	1.69875192754252	NA	NA	1.62446120804277	NA	NA	NA	NA	NA	NA	1.3785064597735	0.469613595693974	NA	NA	NA	2.61051174831129	NA	NA	NA	NA	NA	NA	NA
2.45671787874698	NA	NA	NA	2.18686739705309	1.50866639004182	2.27381220787027	2.29951160898307	2.11751208138544	2.25887778226497	1.6159108584516	1.69981402652709	NA	1.94280379917782	1.6337118682863	NA	NA	2.14782360058022	NA	2.34822275309061	2.15537600380701	2.18813907623255	1.96878416300034	NA	1.88298919465885	1.41556268024857	1.27860304488889	1.43845039231519	1.41234579865752	NA	NA	NA	NA	NA	NA	NA	NA	NA	NA	0.412601005774213
0.848081642109451	NA	1.31416698499728	1.12887100046311	1.00664397466242	0.342737500242	0.369383742716369	0.474520592440631	0.441528670088107	NA	0.747163831862411	0.677680917306096	0.713252561710826	0.692569443494251	0.672414735318007	NA	0.793632449589365	0.761611053556197	0.270440114563165	0.887153275585681	0.887192314553146	NA	1.14931537648108	1.44472614522194	NA	NA	NA	NA	NA	NA	NA	0.723831855720614	NA	NA	0.748021598770098	0.848050090656579	NA	0.974421355354333	0.328968280158408	0.404928535768015
2.0241829782244	NA	1.26696376283634	1.55425075426236	NA	0.718823398254966	NA	NA	NA	1.19367742055189	NA	NA	NA	NA	0.94601960494283	NA	NA	NA	NA	NA	NA	NA	0.677998036942446	NA	NA	NA	NA	NA	NA	NA	NA	NA	NA	NA	NA	NA	NA	NA	NA	0.314801469878666
NA	NA	NA	NA	NA	NA	NA	NA	NA	NA	NA	NA	NA	NA	NA	NA	NA	NA	NA	NA	NA	NA	NA	NA	NA	NA	NA	NA	NA	NA	NA	NA	NA	NA	NA	NA	NA	NA	NA	NA
0.411938018840954	0.854541441734338	0.714593702758921	NA	NA	1.39960748429465	NA	1.78830700530426	1.33097215967543	NA	NA	NA	NA	NA	1.19731244744667	1.23111258077303	1.2979299248846	NA	0.996338023197265	1.24972942873126	NA	2.01455034255334	0.655316291608085	NA	0.705420765095522	NA	NA	NA	0.768767916842566	0.475709920207137	1.5187597414284	1.1777575969792	1.42847038462683	1.5292427236732	NA	NA	NA	NA	NA	NA
1.76923883990166	0.347283346544118	0.463164778279098	0.171139474289333	0.349944486773622	0.43633259767986	0.783454803140167	0.81192290238927	0.78452907444266	0.70922836598387	NA	0.949870954393986	1.00908244810629	1.03204149521706	1.18769284582788	1.30226449338495	1.7475524952169	1.16973977045986	0.637954649083695	0.475300270028081	0.320865882106472	0.557310311711764	NA	0.378202263080683	NA	0.591442017513678	0.554338070164751	0.446653645072605	0.533258107223001	0.229574230368391	NA	NA	0.564447583985501	0.546417269871948	0.458490537055656	NA	NA	0.815648147577	0.151368156476189	1.36800742649979
NA	NA	NA	NA	NA	NA	NA	NA	NA	NA	NA	NA	NA	NA	NA	NA	NA	NA	NA	NA	NA	NA	NA	NA	NA	NA	NA	NA	NA	NA	NA	NA	NA	NA	NA	NA	NA	NA	NA	NA
NA	NA	NA	NA	NA	NA	2.42921425244506	2.21029123621115	NA	NA	1.93541446217408	2.17952670469237	NA	NA	1.93572900437419	2.14301427884769	2.16008062943407	NA	2.18624011085237	2.10179423871624	2.02082412877387	2.35236069464335	2.02874976572161	2.04062852893526	1.17589171296097	1.48087569626767	2.06288273153373	1.81015554079596	0.936200138583777	1.3938340487407	NA	NA	NA	NA	1.74699024185822	1.561178587287	NA	NA	NA	1.85161803643162
NA	1.48100980025134	1.11903486864725	NA	NA	NA	1.48216848907786	1.28112045768133	1.30893648808205	NA	NA	0.603883339669077	NA	NA	NA	NA	0.893405899134757	NA	NA	0.658447823781936	NA	0.647857418541696	NA	0.239438780657344	1.3644761876594	NA	NA	1.05825241024974	1.12303881313149	1.04454640630653	0.758471835431361	NA	0.855889555062936	1.11950635629504	0.901836296368831	0.916947807888524	NA	0.885534359711414	0.318057052623423	0.819299939437438
NA	NA	NA	NA	NA	NA	NA	NA	NA	NA	NA	NA	NA	NA	NA	NA	NA	NA	NA	NA	NA	NA	NA	NA	NA	NA	NA	NA	NA	NA	NA	NA	NA	NA	NA	NA	NA	NA	NA	NA
NA	0.876135282830572	NA	NA	NA	1.08865880834044	1.49822629210378	NA	1.25169483884126	NA	1.29834072534469	0.975302687653437	1.33438087292711	1.87146296218476	1.53646597414286	NA	1.74869520019526	1.49766250784879	NA	NA	NA	0.870252422811574	0.655451841504261	0.671961297837177	NA	0.14943808887384	NA	0.654429864487133	0.599790830200379	NA	NA	NA	0.672698169940506	0.826087033132431	1.31561987879811	1.32465771405536	NA	0.607134027773651	NA	NA
NA	0.376707251929311	0.241679357222392	NA	0.760088846351323	2.06672342316597	0.488985722641877	1.18949871719772	NA	NA	1.06440285404241	0.908917320006698	NA	NA	0.913805939989734	1.94255890881857	1.26472868587375	1.0784068278701	0.767478961398201	0.62016924096797	0.333924990323356	0.738494921597929	0.52126724570425	0.382272285899486	NA	NA	NA	NA	0.338434736976318	NA	0.207643362300958	0.744121443137631	NA	NA	0.53072240301562	0.180460080513396	NA	NA	NA	0.429553451326764
NA	NA	NA	NA	NA	NA	NA	NA	NA	NA	NA	NA	NA	NA	NA	NA	NA	NA	NA	NA	NA	NA	NA	NA	NA	NA	NA	NA	NA	NA	NA	NA	NA	NA	NA	NA	NA	NA	NA	NA
NA	NA	NA	NA	NA	NA	NA	NA	NA	NA	NA	NA	NA	NA	NA	NA	NA	NA	NA	NA	NA	NA	NA	NA	NA	NA	NA	NA	NA	NA	NA	NA	NA	NA	NA	NA	NA	NA	NA	NA
1.36935167768215	NA	NA	1.62399448906734	NA	NA	NA	NA	0.570512198363188	NA	NA	NA	NA	NA	NA	NA	NA	1.58700637216811	NA	NA	1.7810274249512	1.30601297462816	NA	0.425683853246361	NA	2.09589264368564	NA	NA	NA	NA	NA	0.721857784121948	NA	NA	0.991399014066137	0.480346230703006	NA	0.257916961223612	0.489585268979411	NA
NA	NA	NA	NA	NA	NA	NA	NA	NA	NA	NA	NA	NA	NA	NA	NA	NA	NA	NA	NA	NA	NA	NA	NA	NA	NA	NA	NA	NA	NA	NA	NA	NA	NA	NA	NA	NA	NA	NA	NA
NA	NA	NA	NA	NA	NA	NA	NA	NA	NA	NA	NA	NA	NA	NA	NA	NA	NA	NA	NA	NA	NA	NA	NA	NA	NA	NA	NA	NA	NA	NA	NA	NA	NA	NA	NA	NA	NA	NA	NA
NA	NA	NA	NA	NA	NA	NA	NA	NA	NA	NA	NA	NA	NA	NA	NA	NA	NA	NA	NA	NA	NA	NA	NA	NA	NA	NA	NA	NA	NA	NA	NA	NA	NA	NA	NA	NA	NA	NA	NA
NA	NA	NA	NA	NA	NA	NA	NA	NA	NA	NA	NA	NA	NA	NA	NA	NA	NA	NA	NA	NA	NA	NA	NA	NA	NA	NA	NA	NA	NA	NA	NA	NA	NA	NA	NA	NA	NA	NA	NA
NA	NA	NA	NA	0.630513565778237	0.957126217401635	1.24547942475741	1.31641191704617	1.12066910633876	NA	NA	0.638156948014004	0.777418874599653	1.12267823396752	NA	1.13852545602795	1.16404558480447	1.17045005361908	0.764510466151203	0.995160770016826	NA	0.36714412374422	0.427759270521714	NA	0.205758033993553	0.301479740265689	0.28854267346061	NA	NA	0.118925855259099	NA	NA	0.396784027901112	0.40883972417554	NA	NA	NA	0.364228848084566	NA	0.376122200892599
2.25794604499943	2.10024253595017	NA	NA	2.02107339353577	1.444634378587	1.92246913575308	1.53416266223302	NA	NA	NA	1.86888828174923	NA	1.70600984674856	1.68521965422402	NA	1.61432725254432	1.00355183067815	1.29481472612466	1.18612925552168	1.26018295667006	0.816266210713511	0.766802771190336	NA	0.372719205589625	NA	NA	NA	NA	0.333630733366136	0.723423823151951	0.557409957640911	0.655260351511062	1.18901414547833	NA	0.342800594188631	NA	0.996031326651827	NA	0.68999431189404
NA	NA	NA	NA	NA	NA	NA	NA	NA	NA	NA	NA	NA	NA	NA	NA	NA	NA	NA	NA	NA	NA	NA	NA	NA	NA	NA	NA	NA	NA	NA	NA	NA	NA	NA	NA	NA	NA	NA	NA
0.904543292249631	0.468785635071772	0.871470066305165	0.932869695343208	0.432632800798762	0.868037586092157	0.760709610888603	0.706556204039839	1.41040731129695	0.338531894283526	1.44593047913624	1.56816117982734	0.286449645448	0.731283269732832	0.88870562875976	NA	0.554197920521947	0.771177117970959	0.802132489667153	1.13350249235511	0.624876278621209	1.00031478349082	1.27730579689794	0.525403531168474	0.906670246096835	0.703136681074995	0.553014415233256	0.294786091759037	0.880431453551645	1.29625530447717	NA	NA	2.11838350517675	0.565723022540523	0.343775680352821	0.1644623732345	NA	0.306464678757198	1.13979385148183	0.728769116827715
NA	NA	0.951483373931564	NA	NA	2.03297186753225	NA	1.36703258658882	1.38475269547607	NA	NA	NA	NA	1.48186964953913	NA	NA	1.35985421617543	NA	1.56590043868733	0.548929080664104	1.04017737803165	0.967900514751452	0.567623428240219	0.654208811606245	1.04040760057838	NA	0.816352297652874	0.631330215854786	0.90052394423871	0.544486030774253	0.69138967391831	0.609025078678806	0.733024356087604	0.329114550734683	0.557728598079066	0.453287951331125	NA	0.493945773213245	0.269483843158415	0.443543785235257
NA	NA	NA	NA	NA	NA	NA	NA	NA	NA	NA	NA	NA	NA	NA	NA	NA	NA	NA	NA	NA	NA	NA	NA	NA	NA	NA	NA	NA	NA	NA	NA	NA	NA	NA	NA	NA	NA	NA	NA
NA	NA	NA	NA	NA	1.18980561253759	NA	NA	1.09873122113828	NA	NA	1.39538256412871	1.0651067100519	0.911210585326389	NA	NA	1.23901855181583	NA	1.35169246299388	NA	NA	0.232157035732807	0.735910371656664	NA	0.376200426828227	NA	0.540758939724508	NA	0.533126857862447	0.579215760663841	NA	0.379308097167118	0.537771791868653	0.341742949339847	0.34215822405618	NA	NA	0.247221119129256	NA	0.384288263640992
NA	NA	NA	NA	0.536112613807031	2.35315903771735	1.74864331484016	1.7161139568918	1.58637301102325	NA	NA	NA	NA	NA	NA	NA	2.44371650833025	NA	NA	1.47202373685293	2.41177873693669	NA	2.55936505632852	2.68676639788716	NA	2.79979322266871	NA	NA	0.721055088912464	NA	0.603026916025443	1.87248966705096	1.91647540874099	2.21524540082412	NA	2.40756074278212	NA	2.36073539211431	2.44888736510948	1.91961536350781
NA	NA	1.85537274546718	NA	1.43638114539475	NA	NA	NA	1.39764706148808	1.96473688632114	1.96839300003029	NA	NA	NA	1.50981550406237	NA	NA	1.43644584188399	NA	0.344760414905429	NA	0.851353603803254	NA	0.951815598639283	1.22505760865453	NA	0.84364390413617	0.509513389688582	0.771932716641121	NA	NA	NA	NA	NA	NA	NA	NA	0.520652211890697	0.794724850733934	1.28234348841476
NA	NA	1.75105038659758	NA	NA	1.83337192818095	NA	NA	NA	NA	NA	2.70195450458415	1.59382316391216	NA	NA	NA	1.88070529572099	NA	1.79672393709596	NA	0.725993073544399	1.06045261818411	NA	1.00431324909507	NA	NA	NA	NA	NA	0.774399165801848	0.676879718846459	NA	0.846861367686468	0.998307349428982	NA	NA	NA	1.19446016329147	NA	NA
0.803489693274282	0.770111228690086	NA	NA	0.831437131020461	0.654931946799752	0.49677802036598	0.489722429756258	1.97460825306145	0.319064409337579	NA	0.298526782780089	0.557867960120704	0.509843701263682	0.534042708207795	NA	0.556634014306096	0.390550341687367	0.827114547428104	0.667408627616893	1.38873779515566	0.483543496096054	0.215612196832067	0.490056692762593	0.50826911818315	0.284050053098524	0.365001352950047	0.376026856949368	NA	0.443445508236461	NA	0.257920481900842	NA	NA	NA	1.13975762107815	NA	0.425306386713612	0.511583118906848	0.482641018519759
NA	NA	NA	NA	NA	1.34014031734986	NA	NA	1.47076633106341	NA	1.52116728304575	NA	NA	1.75136517437688	NA	NA	NA	NA	NA	NA	1.30369448501335	NA	1.22141734243864	NA	NA	1.29360508180282	NA	NA	NA	1.16906568999244	NA	NA	1.10305534521438	NA	NA	0.374677849418661	NA	0.723819120793167	1.1193603417722	0.973803992665881
1.43104495631606	NA	1.40875312595517	NA	NA	NA	0.955754864713456	1.25564689013826	NA	NA	NA	NA	NA	0.664366227060845	NA	NA	0.939724703459236	1.01652343581115	0.921990001503792	NA	0.573645016169489	NA	0.757696659389148	NA	NA	0.784306016753227	1.85505889358812	0.415444570628283	0.503718135386843	NA	NA	0.246319603363841	0.526328419154428	0.531005387009585	NA	0.450218535052068	NA	0.437502340258794	0.635726477535889	1.31086548499139
NA	NA	0.202851429945222	NA	0.364694712201872	NA	1.14890441692221	NA	NA	NA	NA	NA	NA	0.776051110128409	NA	NA	NA	NA	NA	NA	0.59599801357093	0.58381012179252	0.654954310905805	NA	NA	NA	NA	NA	NA	NA	0.451723752837692	NA	0.839351287514306	0.352538038768507	NA	NA	NA	0.376082347377004	0.436696761949316	1.07483823373044
NA	NA	NA	NA	NA	NA	NA	NA	NA	NA	NA	NA	NA	NA	NA	NA	NA	NA	NA	NA	NA	NA	NA	NA	NA	NA	NA	NA	NA	NA	NA	NA	NA	NA	NA	NA	NA	NA	NA	NA
NA	NA	NA	NA	NA	NA	NA	NA	NA	NA	NA	NA	NA	NA	NA	NA	NA	NA	NA	NA	NA	NA	NA	NA	NA	NA	NA	NA	NA	NA	NA	NA	NA	NA	NA	NA	NA	NA	NA	NA
NA	NA	NA	NA	NA	NA	NA	NA	NA	NA	NA	NA	NA	NA	NA	NA	NA	NA	NA	NA	NA	NA	NA	NA	NA	NA	NA	NA	NA	NA	NA	NA	NA	NA	NA	NA	NA	NA	NA	NA
NA	NA	NA	NA	NA	NA	NA	NA	NA	NA	1.21422991149112	NA	1.63531305405295	NA	NA	1.51822783854588	1.49479271745728	NA	NA	1.05074978467256	NA	NA	NA	NA	NA	NA	0.759649817792545	NA	NA	NA	NA	NA	0.777505429516289	0.852127890486231	NA	NA	NA	NA	NA	0.42176366341375
2.16740843772071	NA	NA	NA	1.98001539822853	1.04221786274421	NA	2.61244880630537	2.38987291802027	NA	2.56463326473096	NA	0.971023738463869	2.18204970234483	2.59895370628203	2.06648293228781	2.30387387527026	2.25582615731835	2.20388105206176	2.11203345902445	NA	NA	1.24203052195142	2.7063216903175	NA	1.82421274907818	NA	1.5988566249856	1.00602758043598	0.825529887604403	NA	1.05382552164676	NA	0.424833545355645	0.687316879323526	NA	NA	0.464159395318638	NA	0.974476070996704
NA	NA	NA	1.49462246047731	1.3197838706224	0.967249959304416	NA	NA	0.800032178003442	0.912393038175532	NA	0.950181232500791	NA	0.733018542449812	NA	0.680896795049804	0.515733049987662	0.656171778197173	0.801770341875405	0.612622100664487	0.256061085946085	1.46818013581828	1.28444289796606	1.21111237832251	1.03104233242726	NA	NA	NA	0.88897763360227	0.971030930425606	0.724319120854698	0.391438746874754	0.494003323640537	NA	NA	0.225328289311643	NA	NA	0.615849189053622	NA
NA	NA	NA	NA	NA	NA	NA	NA	NA	NA	NA	NA	NA	NA	NA	NA	NA	NA	NA	NA	NA	NA	NA	NA	NA	NA	NA	NA	NA	NA	NA	NA	NA	NA	NA	NA	NA	NA	NA	NA
NA	NA	NA	NA	NA	NA	NA	NA	NA	NA	NA	NA	NA	NA	NA	NA	NA	NA	NA	NA	NA	NA	NA	NA	NA	NA	NA	NA	NA	NA	NA	NA	NA	NA	NA	NA	NA	NA	NA	NA
1.8511194229266	2.21648376098002	NA	NA	NA	NA	NA	1.40948904277455	1.51616624488351	2.08350023811268	NA	NA	0.843015413705285	1.69176395543868	NA	1.65917908697757	1.47865828692721	1.37992238681916	1.61072126957276	NA	1.03807199727626	1.02395877338869	0.908501965987685	0.792259275733777	0.989672975769626	1.0274239573335	0.98011357864944	0.589839560814464	1.32437218613577	NA	0.554549015520816	0.755749097282635	NA	0.767564787112509	0.847691891405673	0.598924060315626	NA	NA	NA	0.334636751583492
NA	0.649430160644228	NA	NA	0.700590227551631	NA	1.05991257979054	NA	1.03244586876839	NA	NA	1.23988446106732	NA	1.12296311674382	NA	NA	0.721183749665034	NA	0.789340825034844	0.321041480025556	NA	1.14587385015873	0.681583638962292	0.884151089578064	1.26834790866466	1.1316954495225	1.20121082350763	1.29876838885207	1.16380271937644	NA	1.32085609313152	0.701146123202401	NA	0.255348577561869	0.351943955806882	NA	NA	0.227800420676946	NA	NA
NA	2.15989999589797	1.79973697084925	NA	NA	1.52372413593106	1.60882335305936	1.79394127313461	1.69979001606471	1.47183148299231	1.74820377011037	NA	1.63351044325779	NA	1.59427698965301	1.46750549491158	1.2384966541078	1.38134178589419	1.53345702415666	NA	1.43208226245737	1.21362312244129	0.979776866947641	0.944260323398388	1.02895135379311	NA	0.51211823311175	NA	0.607810434698581	0.371992350295601	NA	0.974729917626942	NA	0.807182784972978	0.521904116286458	NA	NA	1.19153118854579	0.723692408119986	0.761461122142506
0.809070055416779	1.2894763655459	NA	1.10729743633655	NA	NA	NA	0.897845201130299	0.582796596536932	NA	0.34760423878985	0.791493258436957	NA	NA	0.783336575470874	NA	0.665401516568145	0.600990171980512	0.798987578856674	0.64998791542959	NA	NA	NA	NA	0.385336841146021	NA	NA	NA	0.509080026329508	NA	NA	NA	0.387403064794305	NA	NA	0.190219210635815	NA	0.328631302781311	0.423695307639879	0.44565661139818
0.990483940902644	NA	0.801680630935191	0.643234981684187	0.491121177528297	NA	0.581975805817403	NA	0.758467467982492	0.591683271465302	0.473711865935907	0.431175234828189	NA	0.392329190060571	1.19183083910842	NA	2.43565608367356	0.559588338415594	1.06176918868968	0.879888908348374	0.905831272809851	0.815244820891567	0.682402002045486	0.624650987384829	2.48597277710848	NA	2.57303578465621	0.77490695216326	0.726815558286854	2.65905701277635	NA	NA	0.755569574398066	0.779287397102872	0.804004266964576	0.686427744799947	NA	0.381501905175505	0.649124098763521	1.09087057522047
NA	NA	NA	NA	NA	NA	NA	NA	NA	NA	NA	NA	NA	NA	NA	NA	NA	NA	NA	NA	NA	NA	NA	NA	NA	NA	NA	NA	NA	NA	NA	NA	NA	NA	NA	NA	NA	NA	NA	NA
NA	NA	NA	1.04016748255663	NA	0.936004188791114	0.857848197972315	1.1556448677398	NA	0.473657071681747	0.398385972639903	0.898216222392771	0.671639142793619	1.16773773713729	0.857162712999286	NA	0.733325794650106	1.00696129670822	1.02924195851708	NA	0.9895933497416	0.80453701918032	0.992172751052611	1.44058365565195	0.944969240441059	NA	NA	0.824834168321519	0.695467282898698	0.933680075359055	1.99283679861053	1.11232198948854	0.410742195822445	0.59600620191211	0.576779915243087	0.333101260250018	NA	0.361809873493596	0.448449807888518	0.370282080613566
1.8877360299013	1.93258058967581	2.03383083956361	NA	NA	0.795346961739512	0.656995732339209	0.611908746575331	NA	NA	NA	NA	NA	0.8644257093838	NA	NA	NA	NA	1.54954937493168	0.900189555928401	NA	0.538864552554227	NA	NA	NA	NA	NA	NA	0.954013819284155	0.902223417649495	0.71933386545279	0.494775247822654	0.917360111647585	0.801076998094065	0.81301187446333	0.628047626565106	NA	0.608124435575698	0.221023789369561	0.584076086539382
1.15871107145646	NA	1.51620994660249	1.08440482166685	1.43283411213502	NA	NA	NA	1.40378523647677	1.39628211362123	1.64725554750424	1.32068604718101	1.29158661105851	1.15045882102336	1.64600748343988	NA	NA	NA	NA	1.24601406263475	0.550627109159718	0.793915602796444	1.04641239010356	NA	1.10671783519248	1.4422813482343	NA	NA	0.673153768000715	NA	NA	1.32764331321885	NA	0.443077312484593	0.72549599598911	NA	NA	0.732600098942454	0.295124581070855	0.318285864885392
NA	NA	NA	NA	NA	1.06682116962663	NA	NA	NA	NA	NA	1.05953508538659	NA	NA	1.10396181619294	NA	0.959721125058138	NA	0.793125654444745	NA	0.492906707119131	0.925021303450491	0.912633347075187	NA	NA	NA	NA	NA	NA	NA	NA	NA	0.71442636155681	NA	NA	NA	NA	NA	0.308973528260193	NA
NA	NA	NA	NA	NA	NA	NA	NA	NA	NA	NA	NA	NA	NA	NA	NA	NA	NA	NA	NA	NA	NA	NA	NA	NA	NA	NA	NA	NA	NA	NA	NA	NA	NA	NA	NA	NA	NA	NA	NA
NA	1.28631866895406	NA	NA	NA	NA	NA	NA	NA	0.319371412799505	NA	0.413979668281595	NA	0.481347253994068	NA	0.465551021004383	0.27075622647149	NA	NA	NA	0.551208230174402	0.414380517601127	0.665551811864085	NA	0.531003384392524	1.11948032869888	NA	0.608328938985589	NA	NA	0.495030571601107	0.533887559506751	NA	0.0991383045641361	0.152376311024815	0.312366530891365	NA	0.317628004678763	0.417984066455228	0.660532636142521
0.962053224901909	NA	NA	NA	1.01153932637573	0.838169349920514	1.33244856906811	0.943241722057739	NA	NA	NA	NA	NA	NA	NA	NA	NA	NA	1.57925170601762	NA	0.446880961773467	0.647319853799155	0.705845869298599	NA	NA	NA	0.409171315319592	NA	NA	0.541357838795249	NA	NA	1.23618731145286	NA	NA	0.253691010011879	NA	0.367549802842083	0.408198621412743	0.997093790373992
0.214769344578235	0.487383729664106	0.712109765629596	NA	0.606464924968003	0.439414285840416	0.902040044788728	0.618057347564785	NA	NA	0.706684644897149	0.831117106176203	0.891658499482741	0.772933412764812	0.868195651752406	1.03401341674567	0.984460187999849	NA	NA	0.647582750330992	0.597002014315294	0.322443896157482	0.80957640403922	0.653417305910779	NA	0.634208904045816	NA	0.733531791909991	1.21191312062017	1.32457399037063	0.659754857763189	1.06311783947892	NA	0.519305743553677	NA	0.436067145841499	NA	NA	0.585942671760145	NA
NA	NA	NA	NA	NA	NA	NA	NA	NA	NA	NA	NA	NA	NA	NA	NA	NA	NA	NA	NA	NA	NA	NA	NA	NA	NA	NA	NA	NA	NA	NA	NA	NA	NA	NA	NA	NA	NA	NA	NA
NA	NA	NA	NA	NA	NA	NA	NA	NA	NA	NA	NA	NA	NA	NA	NA	NA	NA	NA	NA	NA	NA	NA	NA	NA	NA	NA	NA	NA	NA	NA	NA	NA	NA	NA	NA	NA	NA	NA	NA
NA	NA	NA	NA	NA	NA	NA	1.12383027655061	0.882522401660562	NA	NA	NA	NA	NA	NA	0.483120962057828	NA	0.621777757877179	NA	NA	NA	NA	0.647157399177151	NA	0.513561405754405	NA	NA	NA	NA	0.601522431042009	NA	0.809017027098675	NA	NA	NA	1.07735879055503	NA	NA	NA	NA
NA	NA	NA	NA	NA	1.48472767555808	1.57729150130164	NA	NA	0.490962392581845	NA	NA	NA	1.17816534567613	NA	NA	NA	NA	NA	NA	0.803453926347678	0.556601755920447	0.819807989240954	0.68542597597821	NA	NA	NA	NA	NA	NA	NA	NA	NA	1.86409284702581	NA	NA	NA	0.326775811710814	0.121583159530206	0.350404852395597
NA	1.6266431388538	1.19799706408843	NA	NA	1.36604602976509	NA	NA	1.48155783027591	NA	NA	1.19238600360206	NA	1.48167737002298	1.74545448080226	NA	1.41480737496882	1.30733708547617	NA	1.06628225227783	NA	NA	NA	2.26442435182157	NA	NA	NA	1.24877995782521	NA	NA	NA	NA	NA	NA	NA	NA	NA	NA	NA	NA
NA	1.1550284463194	1.90169588619445	NA	1.53989943292208	NA	1.66324743762752	NA	1.70007555068376	NA	1.90925656875265	NA	NA	NA	2.68654777961391	1.2245732330822	1.91194278026146	1.85187897353809	NA	1.00052921883691	NA	1.13734251899754	0.281521881713003	0.534667742970843	0.304456151905275	0.749718505928804	NA	0.441283899145814	0.66595836638022	NA	NA	NA	NA	NA	0.976526947092188	NA	NA	0.677873357429747	0.928535735485096	NA
1.13791068024809	NA	NA	NA	NA	NA	NA	NA	0.604958362116188	0.626022160229881	0.873800298293461	0.62554885688418	0.607206614926943	0.666524735532764	0.813618620166592	NA	0.682630414528661	NA	1.07363357319945	0.42222497035508	NA	NA	NA	NA	NA	NA	NA	NA	NA	2.24689185468481	NA	NA	NA	NA	0.203219715316375	NA	NA	1.28765126271893	0.466507320858063	NA
NA	NA	0.291849431808656	NA	NA	0.738733017585453	0.930349492955406	1.32574036872206	1.09944719720458	1.33253606293986	NA	NA	NA	1.58595934538006	NA	NA	NA	NA	NA	NA	NA	NA	NA	0.42881997913676	NA	NA	NA	NA	NA	NA	NA	NA	NA	NA	NA	NA	NA	NA	NA	NA
NA	NA	NA	1.10480720373811	0.577003688374849	NA	0.664068356304398	1.15321524951276	1.33183614838522	NA	NA	NA	NA	NA	1.53163103292297	1.29159064905633	1.07347695457327	NA	0.989472019527894	NA	NA	NA	NA	NA	NA	NA	NA	0.61020075454375	0.642121822747555	NA	NA	1.08824948222957	NA	NA	1.21599808126301	NA	NA	NA	1.08165515171029	1.60200257209027
NA	NA	NA	NA	NA	NA	NA	NA	NA	NA	NA	NA	NA	NA	NA	NA	NA	NA	NA	NA	NA	NA	NA	NA	NA	NA	NA	NA	NA	NA	NA	NA	NA	NA	NA	NA	NA	NA	NA	NA
NA	NA	NA	NA	NA	NA	NA	NA	NA	NA	NA	NA	NA	NA	NA	NA	NA	NA	NA	NA	NA	NA	NA	NA	NA	NA	NA	NA	NA	NA	NA	NA	NA	NA	NA	NA	NA	NA	NA	NA
NA	NA	NA	NA	NA	NA	NA	NA	NA	NA	NA	NA	NA	NA	NA	NA	NA	NA	NA	NA	NA	NA	NA	NA	NA	NA	NA	NA	NA	NA	NA	NA	NA	NA	NA	NA	NA	NA	NA	NA
NA	NA	NA	NA	NA	NA	NA	NA	NA	NA	NA	NA	NA	NA	NA	NA	NA	NA	NA	NA	NA	NA	NA	NA	NA	NA	NA	NA	NA	NA	NA	NA	NA	NA	NA	NA	NA	NA	NA	NA
NA	NA	NA	NA	NA	NA	NA	NA	NA	NA	NA	NA	NA	NA	NA	NA	NA	NA	NA	NA	NA	NA	NA	NA	NA	NA	NA	NA	NA	NA	NA	NA	NA	NA	NA	NA	NA	NA	NA	NA
NA	NA	1.79128340502623	NA	NA	1.72207747889582	1.80017168873069	1.50043124849671	1.33208063452008	NA	1.84585834461461	NA	1.5426164613711	NA	1.87218764535791	NA	NA	1.94158153776542	NA	NA	1.63170299076849	NA	NA	NA	0.26653946715058	1.55070098429055	0.81285571155724	0.723772898260709	1.25294369361791	0.648402517095101	0.785979047395526	NA	1.52493123642269	NA	NA	0.651611843760579	NA	0.382871042095717	0.524496036736672	0.699880706391297
NA	0.998165670339384	1.04580650953248	NA	0.891708498762235	0.528884949325235	0.518577669235425	1.24147120639382	NA	NA	NA	1.22943241750586	NA	0.70733401871723	NA	NA	NA	NA	1.3306880782812	NA	NA	NA	NA	NA	0.266776444586313	NA	NA	0.421597345762785	0.707440477231622	0.705986811706847	NA	NA	NA	0.705644561315197	NA	NA	NA	0.37324841772411	NA	0.871928218639706
NA	NA	NA	NA	NA	NA	NA	NA	NA	NA	NA	NA	NA	1.11781203335715	NA	NA	NA	NA	NA	NA	NA	NA	NA	NA	NA	1.19555391234961	NA	NA	NA	NA	NA	NA	0.825589686163693	NA	NA	0.535283530370115	NA	NA	0.372555842936181	0.516523990081613
NA	NA	NA	NA	NA	0.394081676305832	NA	NA	1.39385674467665	NA	NA	0.926100337902124	0.711643524740204	NA	NA	NA	0.48391141252775	0.70037054510262	NA	1.11370363015054	0.661220732723297	NA	NA	NA	NA	NA	NA	NA	NA	1.20599223274226	1.05546475455359	1.17026400665361	1.07597302229246	NA	NA	1.09710143040644	NA	0.569323560966265	0.771161219442562	0.884583917243427
NA	NA	NA	0.739021097119321	NA	0.406175440401163	0.634985354185477	0.468388551619323	0.661795232795967	0.695805643312013	0.629014160667915	1.35691408866499	NA	1.49535318233498	1.41608435976036	NA	0.868485642478113	0.775612953444643	NA	NA	0.620420763535037	1.05596334559923	NA	NA	NA	NA	1.83667604307227	NA	NA	NA	NA	0.673554629744501	0.246931111501401	0.624310747371551	0.421962126315105	NA	NA	0.667570174708793	0.302592018956006	NA
NA	NA	NA	NA	NA	NA	NA	NA	NA	NA	NA	NA	NA	NA	NA	NA	NA	NA	NA	NA	NA	NA	NA	NA	NA	NA	NA	NA	NA	NA	NA	NA	NA	NA	NA	NA	NA	NA	NA	NA
0.995766224654131	1.05486386193367	1.09619502673151	1.19926725240313	0.96845562433986	1.08323144667814	1.0213372855098	1.17869793623706	1.63789299564993	1.77870891564728	1.60593856553801	1.43328415937856	1.70944732405632	1.54765190163206	NA	1.3586979283249	1.12317048427169	0.968418908196578	1.43280100384204	1.15931319922995	1.40360461542385	1.29805016748241	1.35417739256086	NA	0.997890843454261	NA	NA	NA	0.538313762854287	NA	NA	0.603564086232626	NA	NA	NA	NA	NA	0.38906189321952	0.164862569595016	NA
0.79677678757136	NA	1.1183721662612	NA	0.800770094078736	0.170518290052306	NA	0.484575264882664	0.468888707033727	0.830779463018911	0.469231968467748	1.65006296870348	0.440439939364387	0.772154098453748	NA	0.606690650326447	0.466407380066593	0.348616640038318	NA	0.290908906769399	NA	0.859366081458619	NA	NA	0.17591594063325	NA	NA	0.158200528735082	NA	0.159500218401816	0.105652515889101	0.250460235914619	0.463550304502555	0.306956092439067	NA	0.103267132411578	NA	0.263194190689757	0.546648239251731	NA
0.585233898818073	0.363726699642999	NA	NA	NA	NA	0.495834134412505	0.476687120689511	0.906733841807256	NA	0.589676436276281	0.952308924127865	0.62501785497448	0.444280774488157	0.745407531785187	0.836743048485205	0.554573006158797	0.549345778398663	0.327805721085049	0.632677377290394	0.494928412465135	0.51687396750656	0.807324059304152	0.962426093710851	NA	1.27414510898875	NA	NA	NA	NA	NA	1.68591390660147	NA	NA	NA	2.18228230417829	NA	1.05652816540694	1.08592421734112	1.62774036922049
NA	NA	NA	1.03229399640538	NA	NA	0.390349950997879	0.483753307873061	0.106821014475981	0.294541842533101	0.206299106826302	0.611740425106168	NA	0.82074630444072	1.08419491475313	NA	1.10634367857633	0.962260554551895	0.66690327955279	NA	NA	NA	NA	NA	0.702478242509927	NA	NA	0.278405612663942	0.532182650364311	0.781192442986349	0.718997338814225	NA	NA	0.779684722647559	NA	0.484533178281076	NA	0.409186861064908	NA	0.600090783619467
NA	NA	NA	NA	NA	NA	NA	NA	NA	NA	NA	NA	NA	0.900557670510545	0.949484338581242	NA	0.838749408879703	0.533530321470979	0.729951431160992	0.557782006294359	NA	NA	NA	NA	NA	NA	NA	NA	NA	NA	NA	0.91236176384215	0.792737921830862	0.397899467982982	0.791598892312245	0.703322878568598	NA	NA	0.95427869276117	0.282230240185422
1.56095473677298	1.00513686801919	NA	NA	1.32213605828238	NA	0.503973914770788	0.43814111567735	0.671830794808759	0.982067131113315	NA	NA	0.575805457651573	0.822894303857729	1.01824656720011	0.860646205555704	0.909782375628204	0.757152615032616	0.805320477870731	0.857345065493961	0.318736602438258	0.197945336614103	NA	0.342308400964039	0.668914387354074	NA	0.682527698871287	1.02307263422066	NA	NA	NA	0.831185878544839	1.22464422795949	0.460658335370926	0.411141490952799	1.19951156183897	NA	0.772123605736958	0.311099465116225	0.755574029049675
NA	NA	NA	NA	NA	NA	NA	NA	NA	NA	NA	NA	NA	NA	NA	NA	NA	NA	NA	NA	NA	NA	NA	NA	NA	NA	NA	NA	NA	NA	NA	NA	NA	NA	NA	NA	NA	NA	NA	NA
NA	NA	NA	NA	NA	NA	NA	NA	NA	NA	NA	NA	NA	NA	NA	NA	NA	NA	NA	NA	NA	NA	NA	NA	NA	NA	NA	NA	NA	NA	NA	NA	NA	NA	NA	NA	NA	NA	NA	NA
NA	0.597622521816476	1.09662481872559	0.899030859816858	0.65585162917192	0.61247427120984	NA	1.08036278344617	NA	2.0194444156388	1.17882417177573	1.38334745564113	1.28364628656547	NA	NA	1.28081598459695	1.20223402444729	NA	NA	0.956666300661128	0.615677104991752	1.51304419725459	0.72539059506123	2.65558808727793	0.996164757971188	0.516229172491823	2.14156950696191	1.78662923045976	1.11640433631391	0.788298583716445	2.18433208456847	0.435289055184726	0.557337614009127	2.63188715754384	0.512247475311792	1.03066367679473	NA	0.750461652208164	0.538258387218304	0.407988938771763
NA	NA	1.18275864731766	NA	0.673168615994461	2.36290493320069	0.386670532397591	2.03813949895861	0.459293182085464	1.36158919975576	NA	0.734180958784153	NA	0.495836863481915	0.600688877752155	NA	NA	1.12727404093712	NA	0.767973528789974	2.11733606421782	0.442295715529147	1.93889432172971	NA	NA	NA	0.952399434898156	0.973233160215807	NA	NA	0.680778823237027	NA	0.730441319408157	0.405188745825432	0.834408157251099	0.490570309072556	NA	NA	0.70455859238122	0.896777922700756
NA	1.07487198770136	1.23722920268737	NA	NA	0.263728144907175	0.552970311304216	0.328653118651851	0.445188381512126	0.705684484153958	0.672774023918536	1.19513127120586	1.02310746889489	1.15431785762411	NA	NA	0.463166572676891	0.524162552120827	1.11708274556844	0.240417975917824	0.528738309766876	1.76637962068444	NA	NA	NA	NA	NA	1.90502102661705	NA	NA	NA	0.902500946765372	NA	0.620372510171603	NA	0.914397174612208	NA	0.717159577871578	0.410791288538729	0.553076699821705
NA	NA	1.43061499285424	1.57032423647286	NA	NA	NA	NA	NA	NA	NA	NA	NA	NA	1.25749035984452	1.04762173576117	NA	0.829319868864264	0.819339154610828	NA	0.504284066000078	NA	NA	NA	0.35027329155082	NA	NA	NA	0.69954292755701	NA	NA	NA	0.24482054216389	0.49270406349329	NA	NA	NA	NA	NA	0.368735327288603
0.527673041735848	NA	NA	NA	NA	NA	NA	NA	1.04042102461041	0.924730622652667	1.03823112648383	NA	NA	0.793815951416902	NA	NA	NA	NA	NA	NA	NA	NA	NA	0.711344301343127	NA	NA	0.373269144088924	NA	NA	NA	NA	2.25282340914585	NA	NA	NA	NA	NA	NA	0.605161043255395	0.905362746087542
1.30752497680828	NA	0.990280733984553	0.972682690624199	0.806904440969364	NA	0.667377719373919	0.686402704575151	1.27950497961546	0.648023885030862	0.821753175988977	0.924122166436369	0.797011972980819	0.783089259422756	0.989188952015824	1.57781377815176	0.564607689713836	NA	0.375204320897143	0.343008260765593	0.905985170014399	0.637874513696652	0.442369132572989	0.271347368228638	0.476399928560264	0.770591916736716	1.00938416297728	1.2579859441016	0.638473242633451	NA	0.430670833533295	1.49171231337503	0.413856127375475	0.380904851441868	NA	0.737462867577736	NA	0.497392048316118	0.648118339867815	1.04496051493044
NA	NA	NA	NA	NA	NA	0.445234509261159	0.591320066951757	0.63542642313642	NA	NA	NA	NA	0.940888335820401	1.09214451306142	NA	NA	0.956950643467465	1.34903144992056	NA	1.18194895491388	NA	NA	NA	NA	NA	NA	NA	NA	NA	NA	2.41142831886474	2.43909807909405	1.81350548712016	2.1542863093438	NA	NA	2.47253364733627	1.94400497023973	2.00311873092849
NA	NA	0.67621787652239	NA	0.858419870098789	1.10180822903977	NA	1.23098952952585	1.32589452511782	NA	1.206149336318	NA	NA	1.31688207725896	NA	1.08937030441104	1.03610530896617	1.0655680392116	0.745748109099941	0.26120131483197	0.713090520556095	1.20616154989741	NA	0.891710724006181	NA	0.642965671295364	0.877347686674023	1.12403421449049	0.96294864628243	NA	NA	0.874185305135621	0.673367834276235	1.00181409938073	1.10506154294934	NA	NA	NA	1.5243611132893	NA
0.922115235858395	0.389592706414962	1.5969770291479	0.333548633933069	0.319319790038844	0.7438338400798	0.790892320246265	0.712113680948141	0.330258341145438	0.364097930102609	0.42305425014402	0.945065000858112	0.656151757048411	0.602719462179253	0.64338792926924	NA	0.428337706575049	0.458592426191731	0.928599346816665	0.399593072178304	1.56086140776833	0.133576311352843	0.38705422783491	0.330645026365849	0.762806244932394	0.582792597015488	0.774424225004305	0.534146019964217	0.765998132458704	0.749771501534558	0.918009245500613	0.333315109353007	0.833994720717578	0.952330976841622	0.35615957197474	0.488090940177425	NA	0.459925842285056	0.675178087588917	0.928037556396312
2.17373084682512	2.55157295269621	NA	NA	1.24536215676897	NA	NA	2.51712270195118	1.99919025072266	NA	NA	NA	NA	0.990601363988935	NA	1.24946036730775	0.867433481597523	1.05420111874986	0.935016737628751	1.11806981558738	1.76464471928756	2.54551131598592	NA	NA	NA	1.15125298006131	NA	NA	NA	0.314361243862587	NA	NA	NA	NA	0.443204673331176	NA	NA	NA	NA	0.763532637607203
NA	NA	NA	NA	NA	NA	NA	NA	NA	NA	NA	NA	NA	NA	NA	NA	NA	NA	NA	NA	NA	NA	NA	NA	NA	NA	NA	NA	NA	NA	NA	NA	NA	NA	NA	NA	NA	NA	NA	NA
NA	NA	NA	NA	NA	0.925924035908647	0.791459065617472	0.50640115995824	1.0124265699843	NA	1.14226185757458	1.28597345095745	NA	1.20890445850378	1.21701507497498	NA	1.1349193174479	NA	NA	1.61852484940908	1.4990179396136	NA	NA	NA	NA	NA	NA	1.18282382707794	NA	0.299245633249999	NA	NA	1.58866291480491	NA	NA	0.287008726726084	NA	0.801628476650344	0.322721806200632	0.721404262435587
NA	NA	0.276930713464747	NA	0.604264410440613	0.628148657829189	0.667423136774582	0.763246422108332	0.745972217845123	0.68339358053461	0.563889881951437	0.64791930666425	NA	0.391074499231333	0.0679075780528765	0.424242511353822	0.363342693711868	0.558317015918547	0.653578239489314	0.520461944877565	0.561507032828721	0.301494858964096	0.997572429284058	0.342076610726187	0.727375886413593	1.20589567522321	1.38585959563747	0.550319191995035	0.844420946746312	0.511820805674698	0.716139195472719	0.490070136016293	0.613201056718267	1.36082456478837	0.753336133300918	1.43332995843187	NA	0.363301632867349	0.599252663625582	0.45638854886462
1.31046114834093	0.52061213788459	0.965943453037918	0.997230211424399	2.02088116414865	0.503908337624569	1.00648639603034	0.58777083697361	1.77363548537375	2.23052675877564	1.28554286437413	0.720815119644376	1.04660354211648	0.804225886196154	NA	NA	0.573418885819378	NA	0.578985734208687	1.09787664197535	1.2074689972828	0.869990907886362	0.330809317414463	0.385701367283892	0.226666221154452	NA	NA	1.06315925781125	NA	1.98612561194114	NA	0.708460325220313	0.758113989303486	1.68166264663258	0.577377489021702	1.04933994148715	NA	0.211359330956531	1.31051471626151	1.09627906947105
NA	NA	NA	0.425471788565075	NA	NA	0.419464751469554	0.47857813952261	0.708218260478168	NA	0.918877554596784	NA	NA	NA	0.896520549117285	0.915163445774078	1.04287548797193	0.862339331048508	0.95761825856094	0.96624960612089	NA	1.74066927412817	0.518593027982201	NA	NA	NA	NA	NA	1.13415765147703	NA	0.569517013475684	0.253908171846852	0.652408172042041	1.03278348696491	0.221272611671851	NA	NA	0.32089712419111	0.378696477397709	NA
NA	NA	NA	NA	NA	NA	NA	NA	NA	NA	NA	NA	NA	NA	NA	NA	NA	NA	NA	NA	NA	NA	NA	NA	NA	NA	NA	NA	NA	NA	NA	NA	NA	NA	NA	NA	NA	NA	NA	NA
NA	NA	NA	NA	NA	NA	NA	NA	NA	NA	NA	NA	NA	NA	NA	NA	NA	NA	NA	NA	NA	NA	NA	NA	NA	NA	NA	NA	NA	NA	NA	NA	NA	NA	NA	NA	NA	NA	NA	NA
NA	NA	NA	NA	NA	NA	NA	NA	1.68010348259093	NA	NA	1.46580417994733	1.41242453970101	NA	NA	1.09752188671073	NA	NA	NA	1.18382233193643	1.22441597557912	1.13396306805177	NA	NA	NA	NA	NA	1.35682014948786	1.2520525721541	NA	NA	NA	NA	NA	NA	NA	NA	NA	NA	NA
1.17365933586087	NA	NA	NA	0.944067061635467	NA	NA	NA	NA	1.27674174519342	NA	1.59340805913844	NA	1.43909758675263	1.67990616131602	1.47852595361234	1.38546894706995	NA	NA	NA	0.892035004431666	NA	0.616717427597064	0.769131968483208	NA	NA	0.840940271440736	1.10325584861197	0.991973201934837	0.627207369131117	0.796231333451937	0.632008084851625	0.809921293872529	0.665117056223564	0.393777330503352	0.177943162667044	NA	0.394500305661571	0.999613267269845	NA
NA	NA	NA	NA	NA	2.11194455097421	1.97254197475938	1.71637216239693	1.54394675629635	NA	NA	NA	NA	NA	1.85493699002771	1.24155008642707	1.44542835338709	1.09976240191913	NA	1.40789498249829	0.940103124191458	NA	NA	NA	NA	NA	0.867286733634997	NA	NA	NA	NA	NA	0.425518991319602	NA	NA	NA	NA	0.834593980898957	0.540140760273826	NA
NA	NA	NA	NA	NA	NA	NA	NA	NA	NA	NA	NA	NA	NA	NA	NA	NA	NA	NA	NA	NA	NA	NA	NA	NA	NA	NA	NA	NA	NA	NA	NA	NA	NA	NA	NA	NA	NA	NA	NA
NA	NA	NA	NA	NA	NA	NA	NA	NA	NA	NA	NA	NA	NA	NA	NA	NA	NA	NA	NA	NA	NA	NA	NA	NA	NA	NA	NA	NA	NA	NA	NA	NA	NA	NA	NA	NA	NA	NA	NA
1.12955251989886	NA	0.653520636433918	NA	0.690798783569923	0.344097563125339	NA	0.663404690555587	0.692177003034376	NA	NA	NA	NA	0.493437891276313	NA	NA	NA	NA	NA	NA	0.33108912123915	0.232630007128258	NA	0.147652197698637	0.424467769608801	NA	NA	0.691147520379601	1.04240397833151	NA	NA	0.878389605463396	NA	NA	NA	NA	NA	0.317247162273857	0.0983409204417889	0.33714916001276
NA	NA	2.0876806257866	NA	NA	2.10440572551599	NA	1.82253999617218	1.77746340848753	NA	NA	NA	NA	NA	NA	2.37854918943107	1.13206792605982	1.07519512137883	NA	NA	1.1249244339061	NA	NA	1.26954816173919	NA	NA	NA	NA	NA	1.49944664692246	NA	0.636140076279302	0.627104838289706	NA	NA	NA	NA	NA	NA	0.831914364399178
NA	NA	1.10760706581091	NA	0.873601540983965	0.641528366930291	0.548450836517336	0.600434365169433	0.760479171817554	NA	0.708839156201848	0.742665367624622	0.161731854088413	0.359544314380554	0.437575155368518	0.802902410380863	0.703401321688969	0.681483824553767	NA	NA	0.877996049783097	0.762696858886362	NA	0.647040709524258	NA	0.525851373850379	0.615664117596408	1.67345859697703	NA	0.281652270229246	NA	0.496055850499697	0.525743858017873	0.228303370154796	NA	NA	NA	NA	NA	0.156933675692404
NA	1.09861430578941	0.482987834010111	NA	1.65667981151356	0.399414634329049	1.24721277872263	0.87031431835982	NA	1.15216605852665	0.630830387935148	NA	1.46893187792023	1.50713189220935	NA	0.736138826237195	1.62027654757901	1.09371101431634	1.33402546341323	0.837174878553219	0.928468242010604	0.892441479588204	1.19840529783232	0.492835344449404	0.403759344299748	1.0304711321423	0.268028477258189	0.783356432528242	0.638931762966791	0.689097958119009	0.315845639123786	0.956534456645558	0.378732610894548	0.853436044426169	0.315990307233653	0.180456954359054	NA	0.232595205400401	0.669135191005502	0.396429673783813
NA	NA	NA	NA	NA	NA	NA	NA	NA	NA	NA	NA	NA	NA	NA	NA	NA	NA	NA	NA	NA	NA	NA	NA	NA	NA	NA	NA	NA	NA	NA	NA	NA	NA	NA	NA	NA	NA	NA	NA
1.48142855931264	NA	2.92999573967161	NA	2.77119971973538	2.25753292607987	1.72219857462867	2.1385231715831	NA	2.25214844004573	1.97199200313592	NA	NA	0.945462318354938	NA	1.10909707775814	0.865827199777751	2.65560346227564	2.43951467991514	1.19382619680228	1.13929034679588	1.90651620466808	1.88411920859327	0.930531739445289	0.915826164098281	1.01178717645468	0.972862667224078	NA	0.798588790418322	NA	NA	2.32241601418054	NA	0.68924190968848	NA	0.130934007344349	NA	0.981087634114875	0.734309796277019	0.504192594948554
NA	NA	NA	NA	NA	NA	NA	NA	NA	NA	NA	NA	NA	NA	NA	NA	NA	NA	NA	NA	NA	NA	NA	NA	NA	NA	NA	NA	NA	NA	NA	NA	NA	NA	NA	NA	NA	NA	NA	NA
NA	NA	NA	NA	NA	NA	NA	NA	NA	NA	NA	NA	NA	NA	NA	NA	NA	NA	NA	NA	NA	NA	NA	NA	NA	NA	NA	NA	NA	NA	NA	NA	NA	NA	NA	NA	NA	NA	NA	NA
NA	NA	NA	NA	NA	NA	NA	NA	NA	NA	NA	NA	NA	NA	NA	NA	NA	NA	NA	NA	NA	NA	NA	NA	NA	NA	NA	NA	NA	NA	NA	NA	NA	NA	NA	NA	NA	NA	NA	NA
NA	NA	NA	NA	NA	NA	NA	NA	NA	NA	NA	NA	NA	NA	NA	NA	NA	NA	NA	NA	NA	NA	NA	NA	NA	NA	NA	NA	NA	NA	NA	NA	NA	NA	NA	NA	NA	NA	NA	NA
NA	NA	NA	NA	NA	NA	NA	NA	NA	NA	1.59798559068945	1.24290638442164	NA	NA	1.53672100046671	1.29376791578041	1.64171418730855	1.14756729729468	NA	1.34499169914576	NA	NA	NA	NA	NA	NA	NA	1.28178106657752	NA	1.24847462116184	NA	NA	1.18704742266408	0.822210550132635	NA	NA	NA	NA	0.8202889496423	NA
NA	NA	NA	NA	NA	NA	NA	NA	NA	NA	NA	NA	NA	NA	NA	NA	NA	NA	NA	NA	NA	NA	NA	NA	NA	NA	NA	NA	NA	NA	NA	NA	NA	NA	NA	NA	NA	NA	NA	NA
NA	NA	NA	NA	NA	NA	NA	NA	NA	NA	NA	NA	NA	NA	NA	NA	NA	NA	NA	NA	NA	NA	NA	NA	NA	NA	NA	NA	NA	NA	NA	NA	NA	NA	NA	NA	NA	NA	NA	NA
NA	1.31313383500756	NA	NA	1.22285857798392	1.1651637337135	1.04381520157604	NA	0.690640415234771	NA	0.535423744120534	0.702726889481138	0.598421192544939	0.850893938009415	NA	NA	0.606529305308407	NA	0.6932340726266	0.86695199499233	0.525528011491377	1.03825786783254	NA	NA	NA	0.309148383941433	1.10438911283342	NA	0.631861011110579	NA	NA	0.868236342117589	NA	0.495827140638719	0.46609375751352	0.59593737898746	NA	0.438714397233355	0.910697961805664	0.91431225076985
NA	0.909371249924534	NA	1.13660833006048	1.0956789364876	1.04713568929999	1.26537836062191	NA	1.27995483190312	0.903715969709488	NA	NA	1.21619560719062	1.30838663738945	1.41863768741764	NA	1.19672008573332	0.770607747251669	0.613901489305802	0.695926204861951	0.59837696110412	0.596018607770694	0.351505380344031	NA	1.34080082128503	0.879306715353339	0.673991680345375	NA	0.536385123991105	0.51043744518172	0.671959688356713	0.481144677486415	NA	NA	0.240536664924005	0.397874194284239	NA	NA	0.581794836833587	1.17604728951387
NA	NA	NA	NA	NA	NA	0.837447816604683	NA	0.800392736853765	NA	NA	NA	NA	1.00673414458445	NA	0.740486945713572	0.986560344193344	NA	0.631363243159267	NA	0.831621480336726	NA	NA	1.14557124130226	0.634777688848624	0.418673974123758	NA	NA	NA	0.627219853314	NA	NA	NA	NA	NA	NA	NA	NA	NA	0.88229934821136
NA	NA	NA	NA	NA	NA	NA	NA	NA	NA	NA	NA	NA	NA	NA	NA	NA	NA	NA	NA	NA	NA	NA	NA	NA	NA	NA	NA	NA	NA	NA	NA	NA	NA	NA	NA	NA	NA	NA	NA
NA	NA	NA	NA	NA	NA	NA	NA	NA	NA	NA	NA	NA	NA	NA	NA	NA	NA	NA	NA	NA	NA	NA	NA	NA	NA	NA	NA	NA	NA	NA	NA	NA	NA	NA	NA	NA	NA	NA	NA
NA	NA	NA	NA	NA	NA	NA	NA	NA	NA	NA	NA	NA	NA	NA	NA	NA	NA	NA	NA	NA	NA	NA	NA	NA	NA	NA	NA	NA	NA	NA	NA	NA	NA	NA	NA	NA	NA	NA	NA
NA	NA	NA	NA	NA	NA	NA	0.589528551153409	NA	NA	0.625122033696196	0.938784466811015	NA	NA	NA	NA	0.403698194819625	NA	1.89772730236261	0.763105253465954	0.3981410140843	NA	NA	NA	0.861977670287274	NA	NA	NA	NA	NA	0.33823589976978	0.149000568242561	0.178940339928172	0.321643779016692	0.283484687312459	NA	NA	0.503765972129466	NA	0.313924486372698
0.585112064111006	NA	NA	0.760181172869213	1.15414102439942	NA	1.21982003987244	1.43531125693302	1.1038184175304	NA	NA	1.05254001032491	NA	NA	1.14239181429495	NA	1.14938085385076	1.14864502125759	NA	0.948007755701455	NA	0.440470943723592	0.827671032144418	0.523529092439824	0.294112734994709	0.490484441999951	0.694788628936616	0.916200894490457	0.884122196426912	NA	NA	0.36030833656617	NA	NA	NA	NA	NA	0.336877827150709	NA	0.361001782099938
NA	NA	NA	NA	NA	NA	NA	NA	NA	NA	NA	NA	NA	NA	NA	NA	NA	NA	NA	NA	NA	NA	NA	NA	NA	NA	NA	NA	NA	NA	NA	NA	NA	NA	NA	NA	NA	NA	NA	NA
NA	1.79316161299598	1.55691171878719	NA	1.16980843691025	1.77003687328542	NA	NA	NA	NA	NA	1.66681765140292	1.91583720172084	1.68412822535761	NA	NA	NA	1.81959816190835	2.12028797565964	NA	NA	1.14374156381251	NA	0.675146483577486	0.670664264545656	NA	0.812964986026527	0.865183300541161	0.863922857463195	1.12261001896554	1.11957043181242	0.866339278506547	0.858147960201145	NA	NA	0.242379538157599	NA	NA	0.644627106397174	NA
NA	2.08707721304603	3.17057120588997	NA	1.35255599425453	2.63900194292985	2.56226637004993	1.84946948786991	1.08144870970497	NA	2.68352720816454	NA	2.18359128092346	0.670237145645395	2.4708945050926	NA	2.34044974467046	2.7507995462179	1.47194973213974	0.551720563610984	0.343171123466923	1.59856202419304	NA	1.06366122453405	1.09335955829972	NA	1.5636665268643	0.565828507915828	NA	NA	0.470892645389162	1.23022325641124	0.258413479962097	1.48008630987087	NA	1.15968675176631	NA	0.897303536610575	0.800549417297181	0.87073274867068
0.693822813028933	NA	0.467339364446455	0.784881420277486	1.64615208788071	NA	1.18198356212356	NA	NA	NA	NA	1.06180562092926	NA	NA	NA	NA	1.13928726685463	0.998012994549942	NA	0.615194038709396	0.521602671768331	0.585820548496001	NA	NA	1.21487396990197	NA	NA	NA	NA	0.900596098107997	1.81616351180535	1.7380792310384	0.936776820470558	1.38776948356239	0.543954287609021	1.83879457905872	NA	NA	0.129627718763661	0.828659406164811
NA	NA	NA	NA	NA	NA	NA	NA	NA	NA	NA	NA	NA	NA	NA	NA	NA	NA	NA	NA	NA	NA	NA	NA	NA	NA	NA	NA	NA	NA	NA	NA	NA	NA	NA	NA	NA	NA	NA	NA
NA	NA	NA	NA	NA	NA	NA	NA	NA	NA	NA	NA	NA	NA	NA	NA	NA	NA	NA	NA	NA	NA	NA	NA	NA	NA	NA	NA	NA	NA	NA	NA	NA	NA	NA	NA	NA	NA	NA	NA
2.28412951980993	NA	NA	1.33554299332838	1.69763606494144	2.09717345140043	2.12900660745692	2.0182780914116	1.92460079669743	2.07455514474499	NA	NA	2.21181662560179	2.07354826612363	1.82369477117953	NA	1.3410199910592	1.63946297107838	NA	NA	NA	NA	1.14360074904015	0.993576893852723	NA	1.08330461631238	NA	1.14140642638484	1.23319254150284	1.35024889207779	NA	0.629882892799957	0.714514024967822	0.823025308268479	0.957110741829148	0.453418636906534	NA	0.738252571898104	0.175457756550794	2.53694688899992
NA	NA	NA	NA	NA	NA	0.907849007109333	1.17812657929035	1.0604570204193	NA	1.07462098180076	NA	NA	1.07243033398284	1.32694058963745	1.42920621342761	NA	0.905760481785735	0.587371527186104	NA	0.831418308759665	0.687219022657391	0.531264202776986	0.571748506763347	NA	NA	0.298163341891773	0.76093492631278	0.492147071146213	NA	NA	0.377571571838688	NA	0.270654452768835	NA	NA	NA	0.400479104351282	0.846248632375586	NA
1.3810116439926	NA	1.22743934372112	NA	NA	0.550027786850636	0.618401509084949	NA	NA	NA	NA	NA	0.559475838282514	NA	0.74722164628139	1.14324457102254	NA	NA	NA	0.527061982002749	NA	1.02392186648239	NA	NA	0.942508947879535	0.69691391404642	NA	1.02027381135646	NA	NA	0.332282002694596	0.584986601625556	NA	0.602957964975343	NA	0.465852986788659	NA	0.211779241741861	NA	0.321122287820154
1.23284357534638	1.29477759316753	1.08749236526269	0.909680516798288	NA	0.786575340502602	NA	0.843547645997723	0.780940307269895	1.04460507701089	NA	NA	NA	0.819040296630379	0.47623415788576	0.617935306132616	NA	0.386615677640879	0.859422543830414	NA	1.10845382215148	0.68358256540058	NA	NA	0.479571312753632	0.388819104675118	0.54164542804493	NA	0.792748663312937	1.27169487984373	NA	0.560043693585946	0.678631664298107	0.672752601857492	0.579928530712243	0.155696855404627	NA	0.344483005513937	0.545637057103059	1.11411100858385
NA	NA	NA	NA	2.72269649246849	1.91160026369329	1.83791981203545	2.41270068886735	2.02255244922776	NA	1.23745627415103	NA	1.35567690163367	NA	1.68835933328458	1.6130947589253	NA	NA	NA	NA	1.94823105818634	NA	0.638971400655378	NA	NA	0.589953014618571	NA	NA	NA	0.798347167989763	NA	0.111624968740587	NA	NA	0.621831830096569	NA	NA	NA	NA	0.272841838991822
NA	NA	NA	0.540941483926042	NA	0.7965739267037	1.17803437019879	0.917716638126774	0.7598442817049	0.552376750163852	NA	1.00858705701776	1.1766757965825	1.06609624710968	1.15527135877907	1.25004655807961	NA	NA	NA	0.479387635355229	0.346251378769176	0.78040233390461	0.590053144911738	0.569920198742604	0.394398620621491	0.59052396725839	0.597557259059808	0.550998871407514	0.60953104619669	0.518085493065263	0.565609856746205	NA	0.633122906370103	0.508921848501514	0.530516240743476	0.508975362832173	NA	0.659383156737894	0.145309361853618	NA
NA	NA	NA	NA	NA	0.459663008792167	0.844049075632081	NA	NA	1.20673312292937	0.922070868024406	0.705252164330537	1.43835980637579	0.97114583530259	0.442495778873041	NA	0.905837094051981	0.960355217691996	NA	1.13679533255622	NA	0.726428938924023	NA	0.432265385752167	NA	0.924999655396768	0.420360320675184	0.336919105917025	NA	0.477851845863482	0.241199519509276	0.166830372374792	NA	NA	0.714227358638605	0.646464834575778	NA	NA	NA	0.106097261331868
NA	NA	NA	NA	NA	NA	0.684242749423178	0.727715613085383	0.895246235038951	NA	NA	1.36461675423469	1.37408569089073	1.09631884284992	1.55712072632276	NA	1.64302929880857	1.48827409025255	1.03048203249458	1.0229094154836	NA	0.630532802439523	0.694120654421626	NA	1.41199787438051	0.288995600650196	NA	0.444641826621336	NA	NA	0.515498645363946	0.772070832067481	NA	NA	0.721587872096763	NA	NA	NA	NA	0.295535713660837
NA	NA	NA	NA	NA	NA	NA	NA	NA	NA	NA	NA	NA	NA	NA	NA	NA	NA	NA	NA	NA	NA	NA	NA	NA	NA	NA	NA	NA	NA	NA	NA	NA	NA	NA	NA	NA	NA	NA	NA
NA	NA	NA	NA	NA	NA	NA	NA	NA	NA	NA	NA	NA	NA	NA	NA	NA	NA	NA	NA	NA	NA	NA	NA	NA	NA	NA	NA	NA	NA	NA	NA	NA	NA	NA	NA	NA	NA	NA	NA
2.7970682499409	NA	NA	2.51545185953209	0.326690602445999	3.1920061040036	0.675711507824524	1.79303435827787	NA	0.581466963433917	0.357352242156663	1.88403773877961	NA	NA	NA	0.607886264560231	1.5990197299869	0.951964185560899	2.26383403462894	0.598839072834085	2.02154562926239	1.15452761447983	2.58708050844773	NA	NA	0.326756366392715	0.728015736854605	1.82733257328393	1.72339316072011	0.305044742678019	0.109307889038216	0.347838098295365	NA	0.378493619530461	0.40952227128838	0.785793881328378	NA	1.01187474370801	1.4187412560002	0.434160183887468
NA	1.31568337267608	1.37185505422742	NA	1.73791758991758	1.5287496177822	1.90011776715731	NA	NA	NA	NA	NA	1.2644086268539	NA	NA	1.45522912786158	1.29044230998917	1.60821888022779	1.29234187711654	1.1685491754727	NA	1.45627044360806	0.829031943915726	1.02233077270461	1.47978020187053	NA	0.636173416297939	NA	1.10915920360748	NA	0.877176558679535	0.813910831120503	0.348224080071659	NA	0.380544014299632	0.522706727346822	NA	0.410393126125768	0.399333723268723	1.12421106135869
NA	NA	NA	NA	NA	NA	NA	NA	NA	NA	NA	NA	NA	NA	3.72953308803048	3.52910417270966	NA	NA	3.37235840388767	NA	3.52397789286968	3.27767971715601	0.618774812523056	2.69205092943376	0.247222301386944	3.31040087434485	3.02010367444452	0.333973882262233	2.97388921288187	0.0950238011588956	NA	NA	0.312521204302218	2.96251793827148	2.0196424741184	2.13472419123946	NA	2.23076436189579	1.98612230893146	NA
NA	NA	NA	NA	NA	0.454435898323705	0.943407790902874	0.745168271751131	NA	0.886220434363826	2.17358318970065	1.47535979064792	2.00335091147153	1.65513395205888	2.04981988487919	1.08746613876315	1.94638491148166	0.723737097372128	NA	0.472204697109486	1.82195071250659	1.42273182985967	1.80430425138156	0.961765900461359	0.431206275008217	0.435941107483302	1.01576132861105	0.386114117522684	0.258747682972319	0.793471429117387	0.761758844282425	0.418327063710022	0.260344233604237	0.160000536979204	0.415076526080029	0.537321297310081	NA	0.837999029443284	0.289049340408312	0.668305522030972
NA	NA	NA	NA	NA	NA	NA	NA	NA	NA	NA	NA	NA	NA	NA	NA	NA	NA	NA	NA	NA	NA	NA	NA	NA	NA	NA	NA	NA	NA	NA	NA	NA	NA	NA	NA	NA	NA	NA	NA
NA	NA	NA	NA	NA	NA	NA	NA	NA	NA	NA	NA	NA	NA	NA	NA	NA	NA	NA	NA	NA	NA	NA	NA	NA	NA	NA	NA	NA	NA	NA	NA	NA	NA	NA	NA	NA	NA	NA	NA
NA	NA	NA	NA	NA	NA	NA	NA	NA	NA	NA	NA	NA	NA	NA	NA	NA	NA	NA	NA	NA	NA	NA	NA	NA	NA	NA	NA	NA	NA	NA	NA	NA	NA	NA	NA	NA	NA	NA	NA
NA	1.72466210076475	1.79779500181954	1.5865649961104	NA	NA	1.35396141445245	1.52821149478634	1.72561541895593	NA	NA	NA	NA	2.18981515949432	2.23908352668687	NA	NA	1.69860182440942	NA	NA	1.12992011640242	1.24175386449111	0.90802482793175	NA	0.728837070197283	0.664601214019618	NA	0.752930102576843	0.489267384562223	0.542866672508144	0.486409794831973	0.446764901410093	0.754041529042009	0.393940333463623	0.379317780758511	0.428178270984081	NA	0.424259954117003	0.475719619626138	0.494146868855244
1.46192482487038	NA	NA	NA	NA	NA	NA	1.68234839249983	1.88216203570677	NA	2.38792704808033	NA	NA	NA	NA	NA	NA	2.10559814463862	1.77707230011243	1.99824343752461	NA	1.87459140840221	1.63493437371552	1.81961593729972	1.96450979252645	1.33680088273685	NA	1.62147372717703	NA	1.52940106680055	1.85420511799366	NA	NA	1.94351936600472	2.32477718980504	2.30994370828512	NA	NA	1.90010042144214	1.01568042197897
NA	NA	NA	NA	NA	NA	NA	NA	NA	NA	NA	NA	NA	NA	NA	NA	NA	NA	NA	NA	NA	NA	NA	NA	NA	NA	NA	NA	NA	NA	NA	NA	NA	NA	NA	NA	NA	NA	NA	NA
NA	NA	3.13341409387869	3.26862227709487	NA	2.30354331461686	2.15331783592696	2.85159784581415	NA	NA	NA	NA	NA	2.11897138884347	2.19471932053781	2.20349957029507	2.62357906991679	2.42485766482928	NA	NA	1.59567983420754	1.68584737322764	NA	2.02443571162569	1.38631310365911	1.78359931291174	1.64716323971071	NA	1.83896794609673	1.29702204088272	NA	1.28631632232547	0.928140423993121	0.915641551438807	1.86344520384749	NA	NA	NA	0.485644673775903	1.1210324313656
NA	NA	NA	NA	1.88006858073833	NA	1.36505278989434	NA	1.82010840432969	1.59697800766394	1.65779440888083	NA	0.736175948398504	NA	0.991897169863086	0.783878522081329	1.22736703339452	NA	NA	0.989875090424008	1.02643819889511	1.2812638350446	2.62274844729819	NA	NA	NA	NA	NA	NA	NA	NA	1.00307327340923	0.690605763062336	NA	NA	0.28132641468312	NA	0.37320306572424	NA	0.43072606941006
NA	0.860044258899519	0.904970055895132	1.26434398968797	1.19009946512802	1.62974634369244	1.55841671558369	1.72381599356828	NA	NA	NA	0.969030729083885	1.6586788004336	NA	1.21050236012276	NA	1.38796659496488	1.75710009255002	1.44994316893699	1.13499416218558	1.83160966852643	NA	2.04151655161403	NA	1.33194695627213	NA	NA	1.77782382423011	1.31445178472819	1.38371175401228	1.42633809745359	NA	1.65743310796408	1.11050376624485	1.57634489103897	1.77642128017303	NA	1.20226722646545	1.82857323243719	1.62003350983097
0.257808753124791	NA	0.43321110021664	NA	0.87776694267257	0.612487453133837	0.26663815697894	NA	0.746131421474864	0.779821146774541	NA	1.2041903762379	NA	1.53177791628286	NA	NA	1.02304540196903	0.937041849010946	NA	2.05312651354699	0.727585364470799	0.866251413263027	0.867399322338344	NA	0.848819622337391	NA	0.614752947779409	NA	NA	NA	NA	0.228117621742823	0.785141471934451	NA	0.230638379327011	0.556393179386407	NA	NA	0.848504592683105	0.580670241246376
NA	NA	NA	NA	NA	NA	NA	NA	NA	NA	NA	NA	NA	NA	NA	NA	NA	NA	NA	NA	NA	NA	NA	NA	NA	NA	NA	NA	NA	NA	NA	NA	NA	NA	NA	NA	NA	NA	NA	NA
NA	NA	NA	NA	NA	1.08089934319515	NA	0.740086665564112	1.0050051850282	1.87771575337009	NA	NA	NA	0.884728953773249	NA	NA	0.477822142475276	0.340504258307794	0.375099296126582	0.832296366862795	0.355067474601687	NA	1.45360781945696	0.311722794995875	0.47851660880723	0.99665349520594	NA	0.556177919083309	NA	0.694650223814333	NA	0.602983308788094	0.953652297592077	0.287656809693282	0.401185844771511	NA	NA	NA	0.867230997419683	0.482026829888632
2.42901152337982	NA	NA	1.15456340053734	1.6056582188412	2.43427735889344	NA	1.32836125415736	1.50990818585843	NA	NA	1.28023805201556	1.4132976196634	1.28830314094448	1.22529079997714	NA	NA	NA	NA	NA	NA	1.3972868373055	NA	NA	NA	1.18059383011561	NA	NA	NA	0.357148634057772	NA	0.795519204856545	NA	0.254141426276627	NA	NA	NA	0.401019959672081	0.412954741298312	0.466104097460163
NA	NA	NA	NA	NA	NA	NA	NA	NA	NA	NA	NA	NA	NA	NA	NA	NA	NA	NA	NA	NA	NA	NA	NA	NA	NA	NA	NA	NA	NA	NA	NA	NA	NA	NA	NA	NA	NA	NA	NA
NA	NA	NA	NA	NA	NA	NA	NA	NA	NA	NA	NA	NA	NA	NA	NA	NA	NA	NA	NA	NA	NA	NA	NA	NA	NA	NA	NA	NA	NA	NA	NA	NA	NA	NA	NA	NA	NA	NA	NA
1.34917771457196	1.3426989399857	1.21647148829243	NA	NA	0.60987233052512	0.522003706036095	0.664918531091372	0.715589473601675	0.388459573888242	NA	0.678608447561346	0.718049670789242	0.592705110548025	0.71424507417139	NA	0.806441391891695	NA	1.66301453289112	0.712836618728785	1.28389673795759	1.04108850991051	1.8670522795193	NA	1.63163462487172	NA	NA	1.53531597414704	NA	NA	NA	1.31213977725523	NA	1.17489740184548	1.03169381371191	1.15598949095094	NA	1.18703331097624	1.27836152766778	1.13444299118664
NA	NA	2.10999498151323	NA	1.96431456381611	1.18170352116521	0.911003503301096	1.54692442187346	2.02861920795848	NA	0.921007567155661	1.38941611834843	1.05775311012366	0.954366416631632	1.29767882173867	NA	1.4628108256978	1.2864466007191	1.05590513499332	1.09220512910199	0.528069829615281	0.64097359648031	0.183133653858204	0.537084870504821	NA	0.328598682699558	0.469918909151406	NA	0.264749562915535	NA	0.27094830103513	NA	0.714610144556405	1.13507506787224	NA	0.953073878610079	NA	0.707167366744424	0.161112012746272	NA
NA	0.908711828602133	0.955989560119816	NA	1.21928860673789	1.58440994379282	1.33454350301697	NA	NA	0.731141686419515	0.657078190039093	NA	NA	NA	1.12462887126781	1.10266514794768	0.917628398889702	0.730355931555005	0.845687781343026	NA	0.422847081403294	0.293229019596827	0.593899755059955	0.259841032405455	0.330734863170271	NA	NA	NA	0.389616346600866	1.82390416769619	NA	1.27807552580086	0.612369384225721	NA	0.268761186725342	NA	NA	0.359416361357259	0.226495945134937	1.48351411443183
NA	0.253760030687639	NA	0.45766500803541	NA	0.505965961263142	NA	0.692330097837325	NA	0.220391249795805	1.60813920420291	NA	0.509190656026035	0.240015904065324	NA	0.537536870488333	0.395152621526931	0.520763940086789	0.291849781542981	0.803649577758894	0.686051626042089	0.307314486091297	0.494695981243529	0.593371848231875	0.152282864262786	NA	NA	1.68753071962521	1.09311593753563	NA	1.069510092731	0.6336408202561	2.27681583510509	1.57986729524057	1.32820304002458	0.666212984752123	NA	NA	0.960793053058175	1.38027016155504
NA	1.01087897182387	1.0162205325764	1.32777086073336	1.28676202507657	NA	0.980809598236238	NA	NA	NA	1.45583954311706	1.0572377657892	1.18644016908477	NA	NA	1.46827389944112	1.54450537387608	1.53183226624412	0.832342394672034	0.982179160863744	1.49412998701617	1.53061147822224	1.6556503640272	1.94717169488865	1.66952525168682	1.67860464831686	1.53113627616416	1.78522974650141	1.58584077800029	1.28241276045501	NA	1.22305789769069	1.3156617602352	2.16305545788406	0.265382250150573	NA	NA	1.61732777696097	NA	1.24530778559763
1.18987889566338	1.12812241259117	NA	NA	NA	NA	0.445861022535979	0.384330405366226	0.476723192014429	NA	1.55958474602742	0.542974502760805	1.08604913735944	NA	1.47028382451913	NA	NA	NA	1.12319760020391	1.9064378430241	0.959940508696438	0.322765763022711	0.227253470660632	0.546749558724575	0.414317883169969	0.728920574885502	0.439928574486456	0.637937105049906	0.805613904246079	1.2968120235801	1.03383812673733	0.300257932639485	NA	0.371012698177113	NA	0.587297623381378	NA	0.630451373330816	0.572501924674111	0.66672588609117
0.845278509479949	1.04488953640743	1.34133006144331	NA	1.04541837148491	0.356188485054031	0.847534927601822	0.376857069960089	0.422099329098615	NA	0.996124283522795	0.811326852004046	NA	NA	NA	0.813546785960656	0.360633149530701	0.826547976617614	NA	0.295988022014653	0.390162407838071	NA	NA	NA	0.907695043910502	NA	NA	NA	0.853692049385338	NA	0.713497042895492	0.9859095374582	0.444752048270083	NA	1.88868728876633	1.66554457310768	NA	0.555682024407102	0.614983318389171	1.32036431139751
NA	NA	NA	NA	NA	NA	NA	NA	NA	NA	NA	NA	NA	NA	NA	NA	NA	NA	NA	NA	NA	NA	NA	NA	NA	NA	NA	NA	NA	NA	NA	NA	NA	NA	NA	NA	NA	NA	NA	NA
NA	NA	NA	NA	NA	NA	NA	NA	NA	NA	NA	NA	NA	NA	NA	NA	NA	NA	NA	NA	NA	NA	NA	NA	NA	NA	NA	NA	NA	NA	NA	NA	NA	NA	NA	NA	NA	NA	NA	NA
NA	NA	NA	NA	0.895170778560174	NA	NA	NA	NA	NA	NA	NA	NA	NA	NA	NA	NA	0.634970916794726	NA	NA	NA	NA	NA	NA	NA	NA	0.750852974302451	0.221299943073338	NA	NA	NA	1.43774038660679	NA	NA	NA	0.359636911925988	NA	0.317011889537542	NA	NA
NA	NA	NA	NA	NA	2.03750702026618	NA	NA	NA	NA	NA	NA	NA	NA	NA	NA	2.22164424656865	NA	NA	NA	NA	1.76628446858728	NA	NA	1.58262652170097	NA	NA	NA	1.30978868150472	NA	1.95607872509476	1.00138201651374	NA	1.1812599861821	NA	NA	NA	NA	1.27267286372355	1.28588383411478
NA	NA	NA	NA	NA	NA	NA	NA	NA	NA	NA	NA	NA	NA	NA	NA	NA	NA	NA	NA	NA	NA	NA	NA	NA	NA	NA	NA	NA	NA	NA	NA	NA	NA	NA	NA	NA	NA	NA	NA
NA	NA	1.03409306025177	NA	0.699520684984468	1.51126659707114	1.48828193931214	NA	1.43809114578855	NA	NA	1.95133777182492	NA	1.79485098160881	NA	NA	1.88852010455124	NA	NA	1.10106474149094	NA	1.07908249227966	1.13025381118145	NA	NA	NA	NA	NA	NA	NA	1.44925732994604	NA	1.4436361443109	NA	1.27592768913277	NA	NA	NA	0.960890790319515	NA
NA	NA	1.47121483013134	NA	0.368480472176246	NA	NA	NA	0.726872369673502	NA	NA	NA	0.940676659770341	0.479972155735435	NA	NA	NA	0.577111355294689	NA	NA	1.11995531191267	0.691680468757231	NA	NA	NA	NA	NA	NA	0.528856335310909	NA	NA	0.906130975718072	NA	0.234701924238069	NA	NA	NA	NA	NA	NA
1.25346020041408	1.02025648239166	NA	NA	NA	0.854791708928197	1.82682943695854	0.639769674433503	0.810090085581172	NA	0.988552758907062	1.14444488180332	NA	0.970488986244315	0.859456693696374	0.980339715321101	NA	0.840398431687867	NA	0.853082558863528	1.09911848422923	NA	0.353595874740292	0.467722724464261	0.337678344598811	0.271401961572002	0.546883102688224	0.374734036950591	0.313661270888946	0.791184099942504	0.589233924602696	0.436496527125409	0.663281240013399	NA	0.421945987715749	0.228209709300104	NA	0.161025186778289	0.382369546058285	0.450229051764923
NA	NA	NA	NA	NA	NA	NA	2.59798024332643	NA	NA	NA	NA	2.2187416402033	2.33295702382853	2.11418191437566	NA	2.67109524337169	NA	2.3045308834023	NA	NA	NA	NA	NA	NA	NA	NA	NA	1.07799269675464	NA	NA	NA	1.591906900267	2.04799478905772	NA	2.1979897465747	NA	1.78165059445399	1.9178504165985	1.94510678607759
NA	NA	2.94402639509953	NA	NA	NA	2.56340631234202	2.16668987457976	2.52971591133862	1.44883142888405	NA	NA	1.17120434201369	1.59064914538865	1.27779250527246	1.28517422047148	NA	1.75068690496956	1.76818010164584	2.12064786594977	1.50813438416811	1.85246324041686	1.05604748700945	NA	NA	NA	NA	NA	NA	1.28479192685335	NA	NA	NA	NA	NA	0.925078421715001	NA	1.08638276559515	NA	NA
NA	NA	NA	NA	0.737953793411208	NA	NA	NA	NA	NA	NA	NA	NA	NA	NA	NA	1.58514417549624	NA	NA	NA	NA	0.53443668999943	0.406467723944132	0.709660445414781	0.76632526582679	1.84402883342992	NA	NA	NA	NA	0.550560153394193	NA	0.474226419350093	0.664642525946875	0.647808270116352	0.674721442512969	NA	NA	0.477802210676733	0.953450345162746
NA	NA	NA	NA	NA	1.0394117358709	NA	NA	NA	NA	NA	NA	NA	NA	0.408182993958653	0.174632728578673	0.295985923348797	0.543734810905275	NA	NA	NA	NA	NA	NA	NA	NA	NA	NA	NA	NA	NA	NA	NA	0.392719635264461	NA	0.48101248551374	NA	NA	NA	NA
NA	NA	NA	NA	NA	NA	NA	NA	NA	NA	NA	NA	NA	NA	NA	0.461325945675784	NA	NA	NA	NA	NA	NA	NA	NA	NA	1.57793582538261	NA	NA	NA	NA	NA	NA	NA	NA	NA	NA	NA	1.04444571000405	0.438698512674523	0.643623856852878
NA	1.18643231620316	1.27513712703992	NA	1.17296903554062	0.970628748792563	1.11453824122902	0.528972830113614	NA	0.853983060944671	0.823755425920035	0.952868090018104	1.33974494966605	0.731877663293324	0.681717835942264	NA	0.943791739602646	0.580784281782758	0.429062911305441	0.422233923277738	0.832152391149418	0.820890181975188	1.00398040842707	1.31756173242878	1.40484338858979	0.995583676491856	NA	0.646385550836002	0.733146119388657	NA	0.626267125110985	NA	NA	1.00768746689947	0.860857229720938	0.447791304445236	NA	0.478554079785891	0.355722694309246	NA
1.24041995541494	1.40272303262494	1.28544663026934	NA	1.05886123912227	0.748059714348705	0.62479698478464	0.982629262856798	NA	1.36083202030149	1.0231403374947	NA	0.893117767996961	NA	1.45119921428895	NA	NA	1.05516175478762	1.02275082225268	1.08182107500705	0.574642295968167	0.54334519497367	0.471218513425974	0.317341955272882	0.861399836751607	0.46710224395225	NA	0.151439394140227	0.439887651437187	0.417125745461944	0.441726147173978	0.268042468918147	NA	0.271533512328099	NA	0.346592287801451	NA	0.25452170007885	0.309361862896448	NA
NA	2.17313361917589	NA	2.06926503718642	NA	NA	1.09378607870129	NA	NA	NA	NA	NA	NA	NA	1.44946690647615	NA	NA	NA	NA	NA	1.41407182901241	0.948304536366149	NA	0.86795529950454	NA	0.387495408026152	0.226014674241468	0.601377178074153	0.551770163254482	0.39752986332381	0.466067330625851	0.309558792098858	0.23368738352018	0.56350519015535	0.250293568402658	0.396156524151147	NA	0.750045822650444	0.492034985004404	0.488100164263331
NA	NA	0.886796185775874	1.1630688605722	NA	NA	0.420915312145012	1.1858124463074	1.02968007481319	1.28745732010171	1.58513663265201	1.2507389236011	NA	NA	0.833664805803031	1.09472642690405	1.12818166204769	NA	0.986927347923907	NA	2.3529459942738	1.48103436013479	0.481521585402359	0.62697533572546	NA	0.459535699716262	NA	0.955938306889472	0.675986140286956	NA	NA	1.53045499394597	NA	0.433840981710296	0.575890666793009	0.344845703169785	NA	NA	0.298674423580163	NA
NA	NA	NA	NA	NA	NA	NA	NA	NA	NA	NA	NA	NA	NA	NA	NA	NA	NA	0.282235243916914	2.08378822574961	NA	NA	0.395508698219169	NA	1.58451852500485	NA	NA	0.368476745830366	NA	NA	NA	NA	NA	NA	NA	NA	NA	0.784826908297224	0.906371951348952	NA
NA	NA	NA	NA	NA	NA	NA	NA	NA	NA	NA	NA	NA	NA	NA	NA	NA	NA	NA	NA	NA	NA	NA	NA	NA	NA	NA	NA	NA	NA	NA	NA	NA	NA	NA	NA	NA	NA	NA	NA
NA	NA	NA	NA	NA	NA	NA	NA	NA	NA	NA	0.629792196710256	NA	NA	NA	NA	0.659663235564401	NA	NA	NA	1.08733784919301	NA	NA	NA	0.364587333828611	0.330255232765078	NA	0.227151279866928	0.394134805985463	0.726065876843091	1.00229800909256	0.465534830909245	0.267562145192526	0.488617411653917	NA	NA	NA	0.374053954951955	NA	0.245192445391006
1.99572398676412	NA	1.55792858735953	1.38561904956753	NA	1.34510198351145	1.81864752823506	1.61941050126315	NA	1.59404852959073	1.70521674908563	1.843266110306	NA	1.88065473770329	NA	NA	NA	NA	NA	NA	1.55858872458509	1.54933500091723	NA	1.00027009399876	0.709729397113134	NA	0.418699421148491	NA	NA	0.908620236729732	0.572091881590348	0.344761798420958	0.503173134576475	0.419738371760514	0.525106626189847	NA	NA	0.48980585059903	0.370331358414014	0.804321805269192
NA	NA	NA	NA	NA	NA	1.44903979816108	NA	NA	NA	NA	NA	NA	NA	1.56760892583628	NA	NA	NA	NA	NA	1.25098494905551	1.04583135280569	0.984279977810247	0.946177001637217	NA	0.239024478614478	NA	NA	NA	0.49962428434884	NA	NA	NA	0.618429853121321	0.520782005896732	0.298111039424236	NA	2.0227886700888	NA	0.466733195013262
1.06070860650662	1.05612784766291	1.08130264835678	NA	1.02735522283037	0.899434465462957	1.22673451472094	0.706678040753338	0.669506525034405	0.436738716019008	NA	0.67614327472465	NA	1.08872948143953	NA	NA	0.686534488808099	0.354014396075486	NA	0.642541852396612	NA	NA	0.881384835953736	NA	NA	NA	NA	1.07316725341617	NA	NA	NA	NA	NA	1.15774021780748	NA	0.69979728960063	NA	0.26926193556859	0.302952233428221	NA
NA	NA	NA	NA	NA	NA	NA	NA	NA	NA	NA	NA	NA	NA	NA	NA	NA	NA	NA	NA	NA	NA	NA	NA	NA	NA	NA	NA	NA	NA	NA	NA	NA	NA	NA	NA	NA	NA	NA	NA
NA	NA	NA	NA	1.93967435725425	1.47648942436205	1.64288747531253	NA	NA	2.79284428142048	NA	NA	NA	2.04842636778796	2.02877168465624	NA	NA	2.14621096319768	2.02793323307364	1.49043835901107	1.29437393171179	NA	1.08632783007088	NA	NA	NA	NA	1.4104217968642	1.40836818552857	NA	1.14588209245252	1.4465849462452	1.24575160349038	NA	NA	1.00108471661966	NA	NA	1.59590363980362	NA
NA	NA	NA	NA	NA	NA	NA	NA	NA	NA	NA	NA	NA	NA	NA	NA	NA	NA	NA	NA	NA	NA	NA	NA	NA	NA	NA	NA	NA	NA	NA	NA	NA	NA	NA	NA	NA	NA	NA	NA
NA	NA	NA	NA	NA	NA	NA	NA	NA	NA	NA	NA	NA	NA	NA	NA	NA	NA	NA	NA	NA	NA	NA	NA	NA	NA	NA	NA	NA	NA	NA	NA	NA	NA	NA	NA	NA	NA	NA	NA
NA	NA	1.11256493184087	NA	1.13569876756752	NA	0.888980388450009	2.975226148915	0.647017886612765	3.09223571833785	1.91377572808229	NA	NA	1.48481958780615	NA	NA	1.49707531754552	NA	NA	NA	NA	1.39366511925973	1.73912612522819	3.05729956855006	NA	3.3495948737294	NA	NA	2.56678586502717	2.61348763504895	NA	NA	NA	1.63551327068283	NA	NA	NA	NA	1.84654266400167	2.26508842277606
0.797781827142046	1.56883231706437	0.871694387401706	0.804508041014972	0.9426460297586	1.50910786073544	1.37269482946099	1.62622125700469	1.46130628996606	NA	2.06245129628045	1.29715393637877	1.25284747807076	NA	1.10515409370488	0.813986989005695	1.04131533935755	NA	NA	NA	0.719412251101173	0.603606947112339	NA	0.536195373834511	0.340060039129744	NA	0.494333998361843	0.566004551659142	0.937423245833259	NA	0.841554794356143	0.3831979682939	0.545016368346803	0.563790652077672	0.74120822007167	0.64030493207792	NA	0.292402316873971	0.286532642524952	0.509327146163235
0.776648287024853	0.623932073195999	0.951162453984204	0.687255622726671	0.9237968584212	1.09298485495918	1.83554983874109	0.730502562106578	0.668242192542925	NA	1.46083404274674	NA	NA	1.67230145316687	NA	0.671210154560064	1.22334622618913	1.95084802419339	0.601597448375653	NA	1.68464369633332	1.10164159658949	NA	0.940192718500338	NA	NA	NA	NA	NA	1.1669288051771	NA	1.19304004493989	1.10276656246927	0.700962480517649	1.17193019287319	1.18062753354557	NA	1.06135037197969	1.141641032482	0.40884944004462
NA	NA	NA	NA	NA	1.64243050938322	0.690522132970242	NA	NA	NA	NA	NA	NA	NA	0.608385206808557	1.00843749535943	NA	0.576051972267866	NA	0.617027680748001	0.425370976121868	0.376515247629838	0.627596578982402	0.466150903332799	0.964189458535017	0.806861847289817	0.544530482230058	NA	0.942596933969452	0.780092750544485	0.421471096463189	NA	0.571075339717713	NA	NA	NA	NA	0.201859829106538	NA	NA
NA	NA	NA	NA	NA	NA	NA	NA	NA	NA	NA	NA	NA	NA	NA	NA	NA	NA	NA	NA	NA	NA	NA	NA	NA	NA	NA	NA	NA	NA	NA	NA	NA	NA	NA	NA	NA	NA	NA	NA
NA	NA	NA	NA	NA	NA	NA	NA	NA	NA	NA	NA	NA	NA	NA	NA	NA	NA	NA	NA	NA	NA	NA	NA	NA	NA	NA	NA	NA	NA	NA	NA	NA	NA	NA	NA	NA	NA	NA	NA
NA	NA	NA	NA	NA	NA	NA	NA	NA	NA	NA	NA	NA	NA	NA	NA	NA	NA	NA	NA	NA	NA	NA	NA	NA	NA	NA	NA	NA	NA	NA	NA	NA	NA	NA	NA	NA	NA	NA	NA
NA	NA	NA	NA	NA	0.940854004556465	0.792750162798629	1.46280022706491	1.64178490937701	1.50104028736446	NA	1.39968562605797	NA	0.997450111695234	NA	0.825520938338721	1.18498702229506	NA	NA	0.739835870670622	0.968949896063822	NA	NA	NA	NA	0.515316235100556	0.645385081225154	NA	NA	NA	NA	NA	NA	0.621860726189062	NA	NA	NA	NA	0.247150842581482	NA
NA	0.709590712480963	0.994742759176884	1.3188664761891	0.504173192635384	0.611385787113117	NA	0.769604433760705	NA	NA	0.44450186670538	NA	1.64526148209078	1.28360037725141	1.10645226701657	NA	0.781075504021666	0.718488333382272	0.614147782788698	0.85690861939201	1.20405200830208	0.568000004914955	NA	0.368633328143367	0.357518256444736	0.326742606761851	0.1419259106938	0.390239233517308	NA	NA	0.758373951860859	0.44585430822416	NA	0.10486222548101	NA	0.54068126907632	NA	0.296986792231887	NA	NA
NA	1.08907386181669	NA	NA	1.27686745378983	NA	NA	1.03723767210174	NA	1.33655966080985	1.35079540966238	NA	NA	1.50394932550293	NA	NA	1.63828779183002	NA	1.32436901698273	NA	1.0279919900449	0.992820979299237	NA	NA	1.05624275484706	NA	1.15886719046404	1.58349907215142	1.37371051582898	0.913109696915019	0.557220604005515	NA	NA	NA	NA	0.71292589317831	NA	NA	1.27529433747689	NA
1.21026788188741	1.36192076312183	NA	0.78030282170527	NA	1.26307967584219	1.6738908635816	1.65706932661257	NA	NA	1.68405634682057	2.27292651996443	1.91232057792123	NA	NA	1.21343817276213	1.87450211437905	1.63016553069657	NA	1.03179828359646	1.46906617734232	1.93732981606405	1.08847647070526	1.82072910493452	2.00774107600249	NA	0.639053588636598	1.83062448130751	NA	2.12501201961026	NA	NA	0.678707026232014	1.75871623187758	0.731631729549686	0.601556894035794	NA	0.339237902782987	0.662562961456115	0.88747927408331
NA	NA	NA	NA	NA	NA	NA	NA	NA	NA	NA	NA	NA	NA	NA	NA	NA	NA	NA	NA	NA	NA	NA	NA	NA	NA	NA	NA	NA	NA	NA	NA	NA	NA	NA	NA	NA	NA	NA	NA
1.0156918352481	NA	1.1369722641954	NA	NA	NA	0.534681385192238	0.617630896213496	NA	0.441264429016299	0.904749025056757	NA	0.866104652817734	NA	0.585937678006159	NA	0.654322425553081	1.0111073501069	NA	0.57413082297726	0.350254345932391	0.603862992052244	NA	NA	NA	NA	NA	NA	NA	NA	NA	1.06187127682803	NA	NA	NA	NA	NA	NA	0.620703543561323	NA
1.0554094862793	1.26245938495285	NA	NA	2.21406731496064	NA	1.96525990139375	1.10513416182179	1.27477042383665	0.986857939374905	1.43080035964935	1.83024126459787	1.9652571493036	2.33440312985959	0.613390616703732	NA	NA	0.854321952204635	1.38047940154382	1.08759224346388	NA	0.421824291187335	NA	2.18493612347297	1.17941108687802	NA	0.337851664764604	0.552476013531488	1.60703137918075	0.858331543876771	1.70840085384412	1.15742183406071	2.14991208129661	NA	2.1042013805959	0.336254154358857	NA	0.339728636819008	NA	0.385248206626761
NA	NA	NA	NA	NA	NA	NA	NA	NA	NA	NA	NA	NA	NA	NA	NA	NA	NA	NA	NA	NA	NA	NA	NA	NA	NA	NA	NA	NA	NA	NA	NA	NA	NA	NA	NA	NA	NA	NA	NA
NA	NA	NA	NA	NA	NA	NA	NA	NA	NA	NA	NA	NA	NA	NA	NA	NA	NA	NA	NA	NA	NA	NA	NA	NA	NA	NA	NA	NA	NA	NA	NA	NA	NA	NA	NA	NA	NA	NA	NA
NA	NA	NA	NA	NA	NA	NA	NA	NA	NA	NA	NA	NA	NA	NA	NA	NA	NA	NA	NA	NA	NA	NA	NA	NA	NA	NA	NA	NA	NA	NA	NA	NA	NA	NA	NA	NA	NA	NA	NA
NA	NA	NA	NA	NA	NA	NA	NA	NA	NA	NA	NA	NA	NA	NA	NA	NA	NA	NA	NA	NA	NA	NA	NA	NA	NA	NA	NA	NA	NA	NA	NA	NA	NA	NA	NA	NA	NA	NA	NA
NA	NA	NA	NA	NA	NA	NA	NA	NA	NA	NA	NA	NA	NA	NA	NA	NA	NA	NA	NA	NA	NA	NA	NA	NA	NA	NA	NA	NA	NA	NA	NA	NA	NA	NA	NA	NA	NA	NA	NA
NA	NA	NA	NA	NA	NA	NA	NA	NA	NA	NA	NA	NA	NA	NA	NA	NA	NA	NA	NA	NA	NA	NA	NA	NA	NA	NA	NA	NA	NA	NA	NA	NA	NA	NA	NA	NA	NA	NA	NA
NA	NA	NA	1.14945929815167	NA	1.54755295193889	2.04246040219273	NA	1.34138924820932	NA	0.971733083282481	1.4789623826805	NA	NA	NA	NA	NA	NA	NA	NA	NA	0.71288671428575	0.653777097407799	NA	0.633170913371087	NA	NA	NA	NA	NA	NA	NA	NA	NA	NA	NA	NA	NA	0.55579026655003	1.06534447102603
NA	NA	NA	NA	NA	NA	NA	NA	1.08683614569567	NA	1.72869335868152	NA	NA	1.49125430712804	NA	NA	1.5910495766862	NA	NA	1.36262141275677	NA	NA	NA	NA	NA	NA	NA	1.34562738877075	NA	NA	0.957128531625394	NA	NA	NA	NA	NA	NA	1.30747993228181	1.02441689840873	NA
NA	NA	NA	NA	NA	NA	NA	NA	NA	NA	NA	NA	NA	NA	NA	NA	NA	NA	NA	NA	NA	NA	NA	NA	NA	NA	NA	NA	NA	NA	NA	NA	NA	NA	NA	NA	NA	NA	NA	NA
NA	NA	0.624561427384615	NA	0.296494563010414	0.49786461718662	NA	1.02707121499185	NA	NA	1.00202804935648	0.837968741711335	NA	0.910043920639632	0.610695363058833	0.638929719522868	NA	NA	NA	0.454006348326913	0.693247294254107	NA	NA	NA	0.769937893169309	NA	0.382089300677187	0.638634108256492	0.578955911167993	0.338324296293422	0.538529562956807	0.518660882431335	0.560421452584384	0.236600547580105	0.520517211610731	NA	NA	0.446849573079507	0.16834033977688	NA
1.08225328186224	1.40194326591712	NA	NA	0.935168987846899	NA	0.892420046157793	0.883915653104773	0.716506524838773	0.739606566102275	NA	1.21011120326405	NA	1.08338405046022	0.604886027405855	NA	NA	NA	NA	0.227247157855026	0.629277100519002	0.548331129512171	0.516173005180327	0.695253170628043	NA	NA	0.678128400915354	NA	0.845209405795485	NA	NA	NA	NA	0.466112666449897	0.504005753991557	NA	NA	0.740365392190134	0.591701024483341	0.757374864290043
NA	NA	NA	NA	NA	NA	NA	NA	NA	NA	NA	NA	NA	NA	NA	NA	NA	NA	NA	NA	NA	NA	NA	NA	NA	NA	NA	NA	NA	NA	NA	NA	NA	NA	NA	NA	NA	NA	NA	NA
NA	NA	1.66841737912581	NA	NA	0.734034369357073	NA	NA	NA	NA	NA	NA	1.34609912404091	1.54324077440529	1.68044997296306	1.66447033595145	1.3404800231689	0.970796498816252	1.50039929228093	1.08845297572519	1.44698064670876	NA	NA	1.79008503123125	1.90218702336879	NA	NA	NA	NA	NA	NA	1.22388305241914	NA	NA	NA	NA	NA	NA	NA	1.41769448732801
0.762785258084852	0.62927478534523	0.759075300883348	NA	0.607333993185828	0.508536053052101	0.649505101969514	NA	0.606345612433478	0.490650843380312	0.609331710504078	NA	NA	NA	0.851686860591956	NA	0.647301873074206	NA	0.314773476747014	NA	NA	0.465678575683856	0.492133536934719	NA	NA	NA	NA	NA	NA	0.672516749066139	0.503519570117048	NA	0.584297356036626	NA	0.529608326264112	NA	NA	NA	0.511278182873587	0.708569046018798
1.22999896135782	1.66495451729542	NA	NA	1.0136800690132	1.63882354423747	0.920609520266636	1.56246013818764	NA	0.926968177904725	0.956899465073307	1.53710063366231	0.993609723143905	1.09574019442285	NA	0.99684972718206	1.07143292173829	0.676387599768556	0.439052794740408	0.497818387738978	NA	0.656638126803134	0.748981241617175	1.12091370465902	0.312926929827528	0.903232640482175	NA	0.316846529213364	0.591391800969827	0.32790147672617	NA	0.65951065508428	0.872693684788758	NA	NA	0.47302399186812	NA	0.204505304924578	0.561463164785555	0.146778485710568
NA	NA	NA	1.54385704976538	NA	0.922473756930192	0.771197809425831	0.831134575240859	NA	NA	2.19949439662578	NA	NA	0.855862241602994	NA	NA	NA	1.06901971034002	NA	NA	NA	NA	0.740602870923524	0.684538595613035	0.66477184549087	NA	0.805322865166891	0.626563929933745	0.573149664303666	0.50061023740014	NA	0.447478413554903	0.275081816004834	NA	0.170700758948371	0.254932600424126	NA	NA	NA	NA
NA	NA	NA	NA	NA	NA	NA	NA	NA	NA	NA	NA	NA	NA	NA	NA	NA	NA	NA	NA	NA	NA	NA	NA	NA	NA	NA	NA	NA	NA	NA	NA	NA	NA	NA	NA	NA	NA	NA	NA
NA	NA	NA	NA	NA	NA	NA	NA	NA	NA	NA	NA	NA	NA	NA	NA	NA	NA	NA	NA	NA	NA	NA	NA	NA	NA	NA	NA	NA	NA	NA	NA	NA	NA	NA	NA	NA	NA	NA	NA
NA	NA	NA	NA	0.339514254456026	0.530778996056654	NA	NA	0.784504526391478	NA	1.13734910356825	1.18654140563454	NA	NA	NA	NA	1.04050512200998	NA	NA	0.876015790975854	0.408946397097116	0.352055196952195	NA	NA	0.65120167155994	NA	0.577833542660773	0.594986528097978	0.481459491629641	0.601234770293006	NA	NA	0.633910675221649	NA	NA	0.244349270543825	NA	0.239506756723072	NA	0.544492118358289
NA	1.026434229575	1.59149848175378	NA	0.882561783227338	1.03352950311293	0.58982311097023	NA	0.45868862032119	0.765305925671332	NA	1.3842683582991	NA	0.131574195426236	0.0883464646401923	NA	0.100561224739544	0.284026688442633	0.307501573179573	0.456704287332168	0.484559939929434	NA	1.06217338484226	0.35474565387515	0.437222852017002	NA	NA	0.717829312164337	NA	0.29113537554757	NA	NA	0.855660621008276	NA	0.181488166816708	0.122083096630172	NA	NA	0.563897786018291	0.346910909865527
NA	NA	NA	NA	NA	NA	NA	0.767080142795982	0.97146126307192	2.05180448925986	NA	NA	NA	NA	0.715733694288706	0.596113891878636	0.366037614364865	NA	NA	NA	0.865611783576647	NA	0.95418757376971	NA	0.624676355389857	NA	1.35789120234256	0.903880490382153	0.665580906419608	1.16400583049821	1.48085412489717	1.62993752472784	0.834453777482681	NA	NA	NA	NA	NA	NA	NA
NA	0.813761329798935	NA	NA	NA	NA	1.05139743171492	NA	1.19387967265789	0.974072818322351	NA	NA	NA	0.796940647197582	0.928052855200802	NA	NA	NA	0.602972413294986	0.577711424866539	NA	0.855645927718618	0.929536699805037	NA	0.67548474110285	NA	NA	0.968039556621927	0.734472254514928	NA	0.261104953207674	0.293067808991482	NA	NA	NA	NA	NA	0.367076627745148	1.87992548214977	NA
NA	NA	NA	NA	NA	NA	NA	NA	NA	NA	NA	NA	NA	NA	NA	NA	NA	NA	NA	NA	NA	NA	NA	NA	NA	NA	NA	NA	NA	NA	NA	NA	NA	NA	NA	NA	NA	NA	NA	NA
NA	NA	NA	NA	NA	NA	NA	NA	NA	NA	NA	NA	NA	NA	NA	NA	NA	NA	NA	NA	NA	NA	NA	NA	NA	NA	NA	NA	NA	NA	NA	NA	NA	NA	NA	NA	NA	NA	NA	NA
1.4253677551367	0.92115397781563	0.624959656794869	0.490567667528742	0.469344510675783	0.947252103421742	0.501169493702579	0.622915741314368	0.389257183420313	NA	NA	0.765181700216207	0.952131010006921	0.702570260811567	0.469246625167344	0.587671733300665	0.663425228687428	0.647035112670168	0.730527569541139	0.780746452076719	NA	1.02127103395619	0.180515751312516	NA	0.684222624001023	0.294637269075729	0.413822643286694	NA	0.252913778442329	0.308777109105621	0.511847445639885	0.299701580127024	0.782359858864659	0.477564369650143	0.389438107721304	0.301645908072558	NA	0.925881631831682	0.133431242274687	0.795255081541704
NA	2.18904869775981	2.16824625992822	NA	NA	1.38462581956447	1.38216134055403	1.63312820300318	1.66418646047651	1.00481192968785	NA	0.705485863054044	0.754839331508028	0.721718514671092	0.593026986017115	0.611894204047917	0.650461309295251	NA	1.15633772465578	NA	0.561432381724553	0.699403551108436	NA	0.5696156973679	0.596789542526958	NA	NA	NA	NA	NA	NA	NA	NA	1.24315354022794	0.429341657381757	0.641952618965751	NA	NA	0.502402773999118	0.305772925427873
NA	NA	NA	NA	NA	NA	NA	NA	NA	NA	NA	NA	NA	NA	NA	NA	NA	NA	NA	NA	NA	NA	NA	NA	NA	NA	NA	NA	NA	NA	NA	NA	NA	NA	NA	NA	NA	NA	NA	NA
1.28008984161063	0.651861168167591	0.655078761484688	NA	0.732049455314894	0.94492823488685	NA	0.491807701580311	NA	1.17226213281415	NA	0.916365759356178	NA	NA	NA	NA	NA	NA	NA	NA	0.710534667843884	0.596328965920161	0.637895201103149	0.371404460734691	NA	NA	NA	1.30710828516305	2.17422224367489	0.325250322370955	NA	NA	0.363120227463574	0.350273450066514	NA	NA	NA	0.595495019769471	0.54030368482192	0.606082346878437
0.381976678211968	0.247999988559853	0.160072233631102	0.202721104184607	0.963828175044375	0.209828511950636	0.736023282160962	0.271328783512134	0.150932076126813	0.453578978807647	0.664782389419104	0.299969853331055	0.670416605093378	0.655746667947485	0.882421070652783	1.42196908826431	0.932876937228864	0.27554305924397	1.96616776776145	0.522805054371894	0.793534799064149	0.378626184606967	0.642911223250934	0.66816526584575	0.843505508199523	0.515594548906361	1.27474764407501	0.426211600634943	NA	NA	0.444086101080197	0.797981149574576	1.1244079402348	0.505860954721347	0.159398993630593	0.336129687179218	NA	0.752110889226526	0.403182027553333	0.497018659335994
NA	0.27261567575636	NA	NA	NA	0.33645695122616	0.310853037867304	NA	0.886660880081574	NA	NA	NA	1.75002901216857	1.63389519877517	NA	1.46454994408664	NA	NA	NA	NA	0.878093607025843	NA	NA	0.388984829692654	0.430330329008498	NA	NA	NA	0.455577267528275	0.581482242260148	0.327126571454208	0.322031492919668	0.51085877975249	0.496112853321907	1.20309823470112	NA	NA	0.404617939139194	NA	1.42841964244357
NA	NA	NA	NA	NA	NA	NA	NA	NA	NA	NA	NA	NA	NA	NA	NA	NA	NA	NA	NA	NA	NA	NA	NA	NA	NA	NA	NA	NA	NA	NA	NA	NA	NA	NA	NA	NA	NA	NA	NA
NA	NA	NA	NA	NA	NA	NA	NA	NA	NA	NA	NA	NA	NA	NA	NA	NA	NA	NA	NA	NA	NA	NA	NA	NA	NA	NA	NA	NA	NA	NA	NA	NA	NA	NA	NA	NA	NA	NA	NA
NA	NA	NA	NA	NA	NA	NA	NA	NA	NA	NA	NA	NA	NA	NA	NA	NA	NA	NA	NA	NA	NA	NA	NA	NA	NA	NA	NA	NA	NA	NA	NA	NA	NA	NA	NA	NA	NA	NA	NA
NA	NA	NA	0.800009559065754	NA	NA	NA	0.821584635451377	NA	NA	NA	0.1974464946216	NA	0.37139651636647	0.539264921844987	NA	0.922527638513838	NA	NA	0.687276318191584	NA	0.473464066795602	NA	NA	NA	NA	NA	NA	0.621271808433951	NA	NA	NA	NA	NA	NA	NA	NA	0.361057208272519	0.259495328554733	NA
NA	NA	NA	NA	NA	NA	NA	NA	NA	NA	NA	NA	NA	NA	NA	NA	NA	NA	NA	NA	NA	NA	NA	NA	NA	NA	NA	NA	NA	NA	NA	NA	NA	NA	NA	NA	NA	NA	NA	NA
1.1594053184599	1.16584059240639	1.09886248199567	NA	NA	1.11536533615554	NA	0.906222038614081	NA	NA	0.973887227219807	0.741524423024441	0.892265357204596	0.33440856420088	1.11077901992476	1.03242007324476	NA	1.10710879527902	NA	0.686568396107801	0.751319601293822	0.539439568097378	1.13717657150881	0.444418672694717	NA	NA	0.368755466017379	NA	0.40472421643447	NA	NA	0.580072023239133	0.851222657098769	NA	NA	NA	NA	0.119821597080812	0.634319451668377	0.34162413654617
0.968557692650619	NA	0.547024270748142	NA	NA	NA	0.178316546955064	0.368708309950917	0.301841545617809	1.33216071932104	1.41489401508757	0.515795787451964	0.499070722113308	0.237477195025938	NA	NA	0.600682998694416	0.158698146793093	0.27280728439583	0.843455234558043	0.268447644879452	0.7449755468206	NA	0.633201117577537	1.03123532326677	NA	NA	NA	NA	NA	NA	NA	1.05537314501052	NA	NA	0.563871510117829	NA	0.459047917920232	0.684440673119348	NA
NA	NA	NA	NA	NA	NA	NA	NA	NA	NA	NA	NA	NA	NA	NA	NA	NA	NA	NA	NA	NA	NA	NA	NA	NA	NA	NA	NA	NA	NA	NA	NA	NA	NA	NA	NA	NA	NA	NA	NA
0.764984419722116	NA	NA	0.876069601306488	NA	NA	NA	1.21706916674756	1.71600788485551	1.67341241522965	1.53170315675655	0.965638697049869	NA	1.56130330324644	1.41471851476121	NA	1.36563637879951	NA	NA	NA	1.3359777373478	1.12185085878694	0.788177038811113	NA	NA	NA	0.435756176945355	NA	NA	0.474078472731603	NA	NA	NA	NA	NA	NA	NA	0.377235981722393	0.403628921304259	NA
NA	NA	1.97757995254368	NA	NA	NA	1.50017591132197	1.8706791548825	1.96477902185462	2.99230543955767	2.58783957591121	2.4285501787864	2.40577292425015	1.98589431706809	2.36600478761526	1.89117100297518	2.02211312094874	NA	NA	1.62490459707233	NA	NA	2.59003786228066	2.6281546044626	1.98497055509057	NA	NA	2.06319474592554	2.16817021019197	NA	0.724546312819797	0.829525859611262	NA	NA	3.20418517493412	0.54327993569333	NA	1.06169565724349	0.930086594224226	1.17638003292162
NA	NA	NA	1.71990810088357	NA	1.49677438009996	NA	1.72207894038857	NA	NA	1.62200805127092	NA	NA	NA	1.18816182475868	1.75374766711488	1.50459164069916	1.46004155527073	1.63360243051805	1.14348090064204	1.90838263496202	1.65098289226052	2.00080736686391	1.39859409706177	NA	NA	1.59969996484116	NA	NA	NA	NA	NA	0.37252355386715	NA	NA	0.450941086220148	NA	0.143425674689086	NA	0.144212632001777
0.793373867661455	NA	NA	0.343105602300164	NA	0.809107027442849	0.611984851382187	0.530540317721547	1.02922121541208	1.02030630550005	NA	NA	NA	NA	NA	NA	1.17242707017266	NA	NA	0.86839545767462	NA	0.644490849241736	0.54150000207114	0.339829748461801	0.551023322718947	0.616292989345009	1.12953896146146	1.23818367466253	NA	0.956002064582253	1.06378688645644	0.678898557129826	NA	0.789270512233132	0.795253426851605	0.608792516118428	NA	0.526778146317288	NA	0.413418262295704
NA	NA	NA	NA	NA	NA	NA	NA	1.59476661873219	NA	NA	2.37867433089539	NA	NA	1.71544520965902	NA	NA	NA	NA	NA	NA	0.219417692569999	1.01495920189021	NA	NA	NA	NA	NA	NA	NA	NA	1.00836134898675	NA	NA	NA	NA	NA	NA	0.437073445923973	NA
1.15102600186917	NA	NA	NA	NA	0.678427629534967	NA	1.07928165054232	NA	1.2482775752867	1.23609198564166	NA	NA	1.4965646165685	NA	1.27047201346066	NA	NA	1.530874514084	0.440938839135362	0.418163166981152	0.85141250668792	NA	NA	NA	NA	1.09202246514473	NA	NA	NA	NA	NA	NA	NA	NA	NA	NA	NA	NA	NA
NA	NA	NA	NA	NA	NA	NA	NA	NA	NA	NA	NA	NA	NA	NA	NA	NA	NA	NA	NA	NA	1.72865379362144	1.67361364330921	1.43653254599481	1.5449244742059	NA	1.57725966528888	1.27774222145892	NA	NA	NA	0.569850766292301	NA	0.710570887974664	0.404321752155089	NA	NA	0.449249555193776	NA	NA
NA	NA	NA	0.796502076571138	NA	1.07130717912788	NA	NA	NA	NA	0.678143081087592	0.354167677021554	NA	0.847530727748197	NA	NA	NA	NA	NA	1.10986591365036	1.43164307943617	1.07165793934143	1.10281785509117	NA	NA	NA	0.364106435252064	0.104737584508043	0.140122449915024	NA	NA	0.892007827028637	1.10845099470783	0.570216338201194	0.629568288056159	0.506625417918703	NA	0.328707403759704	0.35693663377697	NA
NA	NA	0.79888453075007	NA	NA	0.746842815302988	NA	0.970307775786953	0.255203859684085	NA	NA	NA	NA	NA	0.73308738660662	NA	NA	NA	NA	0.535283064548307	NA	NA	NA	0.589841242801467	0.665646862613066	NA	NA	1.58380288666622	1.65626045874181	NA	NA	NA	NA	NA	0.343403720151967	1.41650870035673	NA	0.779620046461506	0.595066839737427	0.492605247700425
NA	NA	NA	NA	NA	NA	NA	NA	NA	NA	NA	NA	NA	NA	NA	NA	NA	NA	NA	NA	NA	NA	NA	NA	NA	NA	NA	NA	NA	NA	NA	NA	NA	NA	NA	NA	NA	NA	NA	NA
NA	NA	NA	NA	NA	NA	NA	NA	NA	NA	NA	NA	NA	NA	NA	NA	NA	NA	NA	NA	NA	NA	NA	NA	NA	NA	NA	NA	NA	NA	NA	NA	NA	NA	NA	NA	NA	NA	NA	NA
NA	NA	NA	NA	0.181692756875537	0.650524143200979	0.571549253808319	0.677404330281821	NA	0.477069485537174	0.267069228696543	0.543388525085013	NA	0.878563073632482	0.692335964131025	0.789321472971865	0.601005582902868	0.815580531814022	0.570311659866941	0.553065515382837	0.313286957230681	0.379656844818451	0.437509408575611	0.907894693916913	0.480503458930599	NA	1.12354507936051	0.517278292413647	0.770744459694654	NA	NA	0.978304627385623	0.786759420772045	0.923866463347199	NA	0.473604654675522	NA	NA	0.542138985311894	NA
0.892751852637219	1.05050808036497	0.42318582521681	1.03775091296827	NA	NA	NA	0.795998018650226	0.987386022790544	0.451389903079903	NA	0.746263838314598	NA	1.63250780281307	0.684667583261988	0.447832622406597	NA	NA	1.49963677402901	0.343625876895755	0.805903636131443	1.13374255308221	NA	NA	NA	NA	NA	NA	0.751906266254563	NA	1.02625619595677	NA	NA	0.162798915066307	0.2101057164655	NA	NA	0.380981638728236	NA	NA
NA	NA	NA	NA	NA	NA	NA	NA	NA	NA	NA	NA	NA	NA	NA	NA	NA	NA	NA	NA	NA	NA	NA	NA	NA	NA	NA	NA	NA	NA	NA	NA	NA	NA	NA	NA	NA	NA	NA	NA
NA	1.09866000323933	NA	NA	1.56702910717288	0.919521984920044	0.691195653658154	NA	0.856640442801095	NA	NA	NA	1.16253672961778	1.66918986125175	1.15192162308157	NA	0.585217089591836	NA	NA	1.21037272665024	1.19550980073346	0.73633264879392	0.727304831328043	NA	0.408205662915527	NA	NA	0.482237508125575	0.661752220447768	0.662706089402169	NA	NA	NA	NA	0.370700005985152	1.00343066749445	NA	0.685752596496814	0.402745031643926	NA
NA	NA	NA	NA	NA	NA	NA	NA	NA	NA	NA	NA	NA	1.65206999993703	NA	0.470250719174636	NA	1.35199006073059	NA	1.81841047574874	NA	0.859444551027762	1.24997064972693	NA	NA	NA	NA	0.853733813207972	0.692131482838871	0.187388896474512	NA	1.15144061028093	0.744212062720219	0.268873244933804	0.698732816522369	0.293882298537741	NA	1.03135740178957	1.4710932259425	0.720541375889193
NA	NA	NA	NA	NA	NA	NA	NA	NA	NA	NA	NA	NA	NA	NA	NA	NA	NA	NA	NA	NA	NA	NA	NA	NA	NA	NA	NA	NA	NA	NA	NA	NA	NA	NA	NA	NA	NA	NA	NA
0.814381663701896	0.674454996010458	1.00506979286763	1.20927475878334	NA	0.644080592122576	0.624418396708611	0.998102190564066	NA	0.431519217885574	0.529882337272768	0.548892246770001	NA	NA	0.525305745761315	2.17196927473166	0.284563335895254	1.09882045148798	NA	0.360574539494923	0.489727889176077	0.65595637678608	0.43501002739489	0.666631463778645	0.830129629921233	NA	1.41105000644001	0.655917615685842	NA	NA	NA	1.66246642426512	0.985080438998731	NA	0.48035550966719	0.836205965735885	NA	0.340152460511987	NA	0.66889816830243
NA	NA	NA	NA	0.84053057651452	NA	0.893242469399869	0.860208511567133	0.755003701545864	0.850423335534726	NA	NA	1.46292977710985	1.68384206922642	1.71823574483657	1.42134531432757	1.6406822789995	1.39278448222625	1.25247269416107	0.661557522071965	1.0421588024343	1.27848135524162	1.28717041709699	NA	1.48000060345244	1.20437350364116	1.30526284386774	NA	1.44809686580109	NA	NA	1.39307662913309	NA	1.15227884817101	0.702422016390346	NA	NA	NA	1.4321278835526	1.15148052656847
NA	NA	NA	NA	NA	NA	NA	NA	NA	NA	0.693590397131988	NA	NA	NA	0.736863260334119	NA	NA	NA	NA	NA	1.23891666213591	2.01905565858473	0.380619702562484	NA	NA	NA	NA	NA	NA	NA	NA	NA	NA	NA	NA	0.507017568167914	NA	NA	0.37368537999765	NA
0.96873492806701	NA	1.17549843277328	1.97332181564615	0.709069236110541	1.05054006729695	NA	NA	1.1443584286375	1.35557596750566	1.24879255953747	1.22153638141435	1.41217954491531	1.73322464189119	1.62490426440609	1.91776591985452	1.68443274605644	1.68094697103112	1.48524452476681	NA	NA	0.252591465238069	0.539809900435905	2.14701463797583	NA	NA	NA	0.619232857656822	0.658096823248792	NA	NA	1.32718028458719	1.51512261653181	0.613607384027073	2.06210537744096	0.128339360951567	NA	0.757026663326389	1.13455125438792	0.683496358660203
NA	NA	NA	NA	NA	NA	NA	NA	NA	NA	NA	NA	NA	NA	NA	NA	NA	NA	NA	NA	NA	NA	NA	NA	NA	NA	NA	NA	NA	NA	NA	NA	NA	NA	NA	NA	NA	NA	NA	NA
NA	1.26961987942483	NA	0.780230327370793	NA	NA	NA	NA	NA	NA	NA	1.20228623800837	1.56840395790052	NA	NA	1.29990175900208	1.44487138653437	NA	1.25486923229777	NA	1.0126853759014	NA	NA	1.27435844716908	NA	NA	NA	NA	NA	NA	NA	NA	0.358202956835445	1.95485880239315	NA	0.356671409947107	NA	0.92814108186112	0.358239538644884	1.3069455506049
NA	2.08358864718169	NA	NA	NA	1.36870562249515	NA	1.63609255613107	1.81477407136277	NA	1.23808850757476	NA	2.03234590886829	NA	NA	2.13104214962254	1.6551138448772	2.40452130809543	NA	1.40039428400443	1.64305617695762	1.70134463825458	1.61961804189432	1.65645121792722	1.43077664981716	1.4108586016567	1.417830723772	NA	1.22293578375655	NA	NA	0.578928428600324	0.887302311551577	0.27725838315681	0.414630013718104	NA	NA	0.566771712194863	0.214221333612226	0.807951005122154
NA	0.804557015923324	NA	1.19927604329402	1.76486278459959	NA	0.976971873200875	NA	NA	1.16620826949707	1.3044013998446	1.35281409928111	0.84599855020185	NA	0.475334898804276	0.519630057252956	0.42509536978009	0.489339652137623	0.996624978136255	0.950413668519368	1.39329369732287	1.24600542334828	1.47366346264285	1.56078639865136	0.842186473496568	1.52691661189095	NA	1.75938419892913	1.25907638936969	NA	NA	NA	NA	NA	0.401169475965486	0.582264634826975	NA	NA	NA	NA
0.855082012313698	NA	NA	NA	0.473718440884108	NA	NA	1.26764892763931	1.03912014298937	NA	NA	0.814163246550691	1.58514147520941	NA	NA	0.91219621896932	0.531394616460024	0.88820066039301	0.500011234103126	0.603947457306756	0.582919948085126	0.604095136579457	1.0709942530835	1.17107553149251	NA	0.467026983246749	NA	NA	0.766126518153446	NA	NA	0.629550192193825	0.781149101021414	NA	NA	NA	NA	0.568698493779379	NA	NA
NA	NA	NA	NA	NA	NA	NA	NA	NA	NA	NA	NA	NA	NA	NA	NA	NA	NA	NA	NA	NA	NA	NA	NA	NA	NA	NA	NA	NA	NA	NA	NA	NA	NA	NA	NA	NA	NA	NA	NA
NA	NA	NA	NA	NA	NA	NA	NA	NA	NA	NA	NA	NA	NA	NA	NA	NA	NA	NA	NA	NA	NA	NA	NA	NA	NA	NA	NA	NA	NA	NA	NA	NA	NA	NA	NA	NA	NA	NA	NA
NA	NA	NA	NA	NA	NA	NA	NA	NA	NA	NA	NA	NA	NA	NA	NA	NA	NA	NA	NA	NA	NA	NA	NA	NA	NA	NA	NA	NA	NA	NA	NA	NA	NA	NA	NA	NA	NA	NA	NA
NA	1.10942075306848	NA	0.236179698514478	NA	0.947099669975165	0.835560978169395	0.617276985534572	0.368029239325014	NA	NA	NA	0.378223573672066	NA	NA	0.537631235667287	0.858323524834539	NA	NA	0.352311005388434	NA	1.1775906709628	1.23103013337815	NA	NA	NA	NA	0.776380562949398	1.0437098489202	NA	1.55699649002151	NA	NA	NA	NA	1.91643479433877	NA	1.33784316577519	1.17155547008831	NA
2.00775612488336	NA	1.71208658512274	NA	NA	NA	0.690719157751689	0.582278514677902	1.09459266570833	NA	0.915986265546062	1.76992355089538	NA	1.95219643432755	NA	1.52340523860939	1.72125256050999	1.09499691858391	0.955973360277402	1.20860378859295	0.689106903558796	0.959250151269825	NA	0.226993224922375	1.10699009526666	1.27993607524208	1.57302636891159	NA	NA	1.73037019805995	1.50412765561261	1.57850072638661	0.668256909923871	1.07192774588369	0.37712264875344	0.490931700454361	NA	1.83146756427381	0.632764393843251	0.482331936406141
NA	NA	NA	NA	NA	1.26719338616397	NA	1.82422571983155	1.65870355352004	0.882382201035986	1.80513819538511	1.2422058914051	1.15128626317736	0.88504683220343	0.877115443697206	NA	NA	0.578895361807438	NA	0.519518381128494	0.138987924790022	0.433201113468164	0.268979039304245	NA	NA	NA	0.517019189284435	0.309028440268703	NA	0.777972200134024	1.91814386946824	0.339287520539395	1.78840074802844	1.6427612502357	0.914568035798543	0.201945862952752	NA	0.151493639238221	0.40607976943429	1.52431841976026
0.779312197468039	NA	NA	0.478973053174417	NA	0.95107095948529	NA	0.728928736647379	1.18553465632987	1.55439597879773	NA	0.648081172967651	NA	0.594441228514841	1.07888429621498	0.488836863041515	0.755532445373896	0.441415281016155	NA	1.36191817880083	NA	0.796242223887401	0.513362950065032	NA	NA	NA	NA	0.652779576676146	0.750158519417989	1.10615694609627	1.18751702885017	0.725580397683664	0.748086961540304	NA	0.517679158224253	0.471145207666173	NA	0.431130446193189	NA	0.4193957945147
NA	NA	NA	NA	0.969206994996796	NA	0.968390072526246	0.817894529961776	NA	NA	NA	0.670339931760863	NA	0.548858041833386	0.546022868360551	NA	0.737501434197006	NA	NA	NA	NA	1.05151252021397	1.02516439421906	1.10495542909164	1.0341575530632	NA	NA	1.07118392728747	1.1864567120844	NA	NA	NA	NA	0.998648086774941	NA	0.544806813402787	NA	NA	0.344454979635435	NA
NA	NA	NA	NA	NA	NA	NA	NA	NA	NA	NA	NA	NA	NA	NA	NA	NA	NA	NA	NA	NA	NA	NA	NA	NA	NA	NA	NA	NA	NA	NA	NA	NA	NA	NA	NA	NA	NA	NA	NA
NA	NA	NA	NA	NA	NA	NA	NA	NA	NA	NA	NA	NA	NA	NA	NA	NA	NA	NA	NA	NA	NA	NA	NA	NA	NA	NA	NA	NA	NA	NA	NA	NA	NA	NA	NA	NA	NA	NA	NA
2.13250773735769	NA	NA	NA	0.707459772356261	NA	NA	NA	NA	NA	NA	NA	NA	NA	NA	NA	NA	NA	NA	NA	NA	NA	NA	NA	NA	NA	NA	1.93680103029655	1.70070703204228	NA	0.64944642414696	1.55652337342013	0.868709104046104	0.447263533754003	1.54703242387618	0.812480304004755	NA	NA	1.09038417303472	NA
NA	NA	NA	NA	0.841936940095594	1.70698318995068	NA	NA	NA	NA	NA	NA	NA	NA	NA	0.963785349155498	NA	NA	0.385372981632534	NA	NA	0.688265179060729	NA	NA	NA	NA	0.607774947131467	0.561382273009231	NA	NA	NA	NA	NA	NA	0.347381884285182	NA	NA	NA	NA	0.295541820927479
NA	NA	NA	2.10255236156434	NA	NA	NA	NA	2.02171750483057	NA	NA	2.51664925300073	NA	2.2040842096557	1.82599619359373	NA	NA	NA	NA	1.6880564212372	1.64274322747748	1.81677871035276	1.89351553340535	1.96019917690432	NA	NA	NA	NA	2.30909824197531	1.74095531593001	1.98886706055492	2.13037220814169	2.07821039266587	NA	2.16568430317221	2.33952568442207	NA	NA	1.83695186800181	NA
NA	0.553880523695915	NA	NA	NA	0.410523968223678	NA	NA	1.3784144289285	1.40905133329602	1.40485653989451	NA	1.27289246783902	NA	NA	NA	0.716821679091365	NA	NA	NA	0.768139556794985	0.411147370440514	0.406988232788663	0.342313975296522	0.438610308900528	0.601139627256149	NA	0.719996893193438	NA	NA	0.542734824630238	0.325440257392455	NA	NA	0.382398926517073	0.527914899494809	NA	NA	0.365656229419219	NA
NA	NA	NA	NA	NA	NA	NA	NA	NA	NA	NA	NA	NA	NA	NA	NA	NA	NA	NA	NA	NA	NA	NA	NA	NA	NA	NA	NA	NA	NA	NA	NA	NA	NA	NA	NA	NA	NA	NA	NA
NA	NA	NA	NA	NA	NA	NA	NA	NA	NA	NA	NA	NA	NA	NA	NA	NA	NA	NA	NA	NA	NA	NA	NA	NA	NA	NA	NA	NA	NA	NA	NA	NA	NA	NA	NA	NA	NA	NA	NA
NA	NA	NA	NA	NA	NA	NA	NA	NA	NA	NA	NA	NA	NA	NA	NA	NA	NA	NA	NA	NA	NA	NA	NA	NA	NA	NA	NA	NA	NA	NA	NA	NA	NA	NA	NA	NA	NA	NA	NA
NA	NA	NA	NA	NA	NA	NA	NA	NA	NA	NA	0.65376515522891	NA	NA	NA	NA	0.519833114274706	0.32792179126573	1.36819271346863	0.318103816543528	0.279867258042483	1.2769715451145	1.10069416690584	NA	0.623278896409208	NA	1.11850059843774	1.01982333493976	1.18096901959689	NA	NA	1.1283081141116	NA	1.44647280662008	0.763664372363494	NA	NA	0.324430884157648	0.551694209912664	0.726136996101105
NA	NA	NA	0.944161197369233	0.86087994987114	0.910757450789327	0.636754407783623	0.728696952219042	0.606445726636016	NA	0.966063531429305	NA	1.37895302015506	0.930348419417545	1.48183971048655	1.03617637325059	1.17891646301114	0.923490276726338	0.992331458439923	1.05901040334587	0.679512136942423	0.999529570660173	1.09618333793849	1.118681130313	0.673463074842727	NA	NA	NA	1.40605920640602	0.729758620135108	NA	NA	NA	0.766327575819632	0.667158586730929	0.74573170282968	NA	NA	NA	0.725886485279936
NA	NA	NA	NA	NA	0.490257587937865	0.839942953043138	NA	1.17282721621058	NA	1.78951475565785	1.94288868158062	NA	NA	1.35920357811155	NA	1.79751657171264	NA	NA	1.11427427017478	1.33137580010764	NA	0.865546551729815	NA	NA	0.999675150907296	NA	1.10311619420598	0.603692960509973	NA	0.292306767390068	0.177233418147965	0.281265559625165	0.374547832218603	0.527138235794393	0.331441793115842	NA	0.429947807264558	0.289385743423865	NA
NA	1.48103028851128	0.987059628687446	NA	1.69713361164495	1.770181715824	NA	2.05185389206792	1.61312393878611	NA	1.81120866357294	NA	NA	NA	1.56447219818334	1.37903388558616	1.20543463999237	NA	NA	NA	NA	NA	NA	1.00069185807891	NA	1.3040238358143	0.942187420818152	1.22221503387596	NA	1.05814095297283	NA	0.897172225734597	NA	NA	NA	NA	NA	0.740025085398108	0.668187383484722	NA
NA	NA	NA	NA	NA	1.08438958008184	1.11931832173148	NA	0.810717750295083	0.851907012591686	NA	NA	NA	0.880324234097952	NA	NA	0.790357526445026	0.694739405208141	NA	NA	0.792840737138855	0.833402340914121	0.870567135236279	0.797255910339188	NA	0.555675110688629	NA	1.23771782773761	NA	NA	0.529345141794208	NA	0.561931734636565	NA	NA	NA	NA	NA	NA	0.508418848957443
NA	NA	NA	NA	NA	NA	NA	NA	NA	NA	NA	NA	1.78610515473255	NA	NA	NA	NA	0.698337558863268	NA	NA	NA	NA	NA	NA	NA	NA	0.688364608694574	NA	NA	NA	NA	NA	NA	0.31786373024402	0.38163161056185	NA	NA	0.66165830021858	0.575227655985166	NA
NA	NA	0.500025032529933	0.811113164317368	NA	NA	NA	NA	1.39957492468436	1.07813413018594	1.10311394867248	0.754993590374555	NA	NA	0.859099624011783	NA	0.864902624419376	NA	NA	NA	0.425719859545914	0.671778663681242	0.639505588512053	0.626710090965221	NA	1.18394948510771	0.407930887853935	1.82601337602974	1.13441891169221	0.758196858447262	0.776438669022403	0.523934214273259	0.404169694167066	0.545063319427477	NA	0.435197791847833	NA	NA	NA	0.342250027202612
NA	0.22599819684768	NA	NA	NA	NA	NA	0.510296778537017	0.417113406867169	NA	NA	0.707287771257795	NA	NA	0.48677476255607	NA	0.651116636749299	NA	NA	NA	0.326130273234386	0.749706983790386	NA	NA	NA	NA	0.541856649961599	NA	NA	NA	NA	0.584062514974148	0.471222087228183	NA	0.332518388453149	0.322309381356862	NA	NA	0.629256332054264	0.439538614817502
NA	NA	NA	NA	NA	NA	NA	NA	NA	NA	NA	NA	NA	NA	NA	NA	NA	NA	NA	NA	NA	NA	NA	NA	NA	NA	NA	NA	NA	NA	NA	NA	NA	NA	NA	NA	NA	NA	NA	NA
NA	NA	NA	NA	NA	NA	NA	NA	NA	NA	NA	NA	NA	NA	NA	NA	NA	NA	NA	NA	NA	NA	NA	NA	NA	NA	NA	NA	NA	NA	NA	NA	NA	NA	NA	NA	NA	NA	NA	NA
NA	NA	NA	NA	NA	NA	NA	NA	NA	NA	NA	NA	NA	NA	NA	NA	NA	NA	NA	NA	NA	NA	NA	NA	NA	NA	NA	NA	NA	NA	NA	NA	NA	NA	NA	NA	NA	NA	NA	NA
NA	NA	NA	NA	NA	NA	NA	NA	NA	NA	NA	NA	NA	NA	NA	NA	NA	NA	NA	NA	NA	NA	NA	NA	NA	NA	NA	NA	NA	NA	NA	NA	NA	NA	NA	NA	NA	NA	NA	NA
NA	0.973426742948502	1.35636769266928	NA	1.01728305028199	0.970057584523054	1.09241935827566	1.11722426245559	NA	1.16310414144787	NA	NA	NA	1.11392218108115	0.890378546880077	NA	0.680339822035612	2.07848658908678	1.21194268604819	0.531780503605717	1.01198231201136	0.776342638239711	0.488726594845626	0.474097018693748	1.33609631778758	0.582980335923567	0.818627115581724	0.502762049932636	0.600302166021862	0.4093037639709	0.779716095149819	0.395170441158053	0.257904764909391	NA	1.89364661057266	0.919841494936754	NA	0.812767481525617	1.42625858968164	NA
1.75741533791066	NA	NA	NA	1.42378576089885	1.56932699748572	1.19920773264397	1.79549426209464	NA	1.40706642815707	NA	NA	NA	1.24449173296099	1.61368091325496	1.60729804050401	1.5122400907014	NA	1.39779936154229	NA	0.918499485255383	2.07634906825957	1.11311604208994	1.1377948457014	NA	1.13989030795904	NA	NA	0.792859718732604	1.14921896952717	NA	0.953430985255844	0.781076827757652	1.33071420637218	NA	0.494920909324058	NA	0.312039965108035	0.240295003282976	2.05021736106108
NA	NA	NA	1.29652258388858	NA	0.250739200969659	NA	NA	NA	0.704963413962454	0.545194131711622	1.12955895391287	NA	1.36499955562069	NA	1.30074820015739	0.967203567287729	1.1803306717802	0.731896997214543	0.74472764579513	NA	NA	NA	0.568268173651983	NA	NA	0.794990883829388	NA	NA	NA	NA	NA	NA	NA	NA	NA	NA	NA	0.519694199743683	NA
NA	0.667217335306017	2.04046490692605	1.9610208091523	1.39018013986525	NA	0.634436832111159	0.638353138502255	0.576901620977252	0.865357180935912	NA	0.690293657531552	0.7234195664925	NA	NA	NA	0.572726622304757	NA	1.12354405500433	NA	0.372954902986839	NA	NA	0.676866992195156	0.453680254242887	0.90191701819289	0.767837711313094	0.882490572730406	0.426695330113828	0.333201708491848	0.982895468511649	0.651625079815573	0.875605289136963	0.657732680103345	0.825969481261231	0.421443639285316	NA	0.857408393420909	NA	0.517905752388299
0.628814124916293	NA	NA	NA	0.724179905835721	NA	NA	NA	1.04047247617369	0.869822152488788	0.583614444896993	NA	NA	0.925758634971821	0.988420301822089	NA	0.86205215559431	0.781101906051471	0.50439792618838	0.330297427013467	NA	NA	0.30914711449524	0.247629169385497	NA	NA	0.514768237933352	NA	NA	0.610399147392007	NA	0.71029397934949	0.739015998105733	0.198586740691892	0.103739667758	0.314784005687702	NA	0.350776440677823	0.677690207064648	0.171907981998654
0.296286463437778	NA	NA	NA	1.13580608520989	NA	0.780158955168976	0.694800402821879	0.123573640274731	NA	0.626565821681513	NA	NA	NA	NA	0.808472508171997	1.77518135928591	1.4753374148688	NA	1.77713879525056	0.479700038634368	0.357764489276891	1.57125534137543	0.181851214674056	0.371965436477663	1.66877956552423	0.793016509388628	1.54090220152087	0.753219625195781	1.74448114200397	1.56656562652105	1.67989582669058	0.649972236294332	1.12856012662185	NA	1.06053061651624	NA	1.29000307624886	0.577283167717581	0.361102533476285
2.30897487591492	2.32150980682637	2.28666298747679	1.79896746747057	NA	2.97706857608688	NA	2.12792732837135	2.67917918704643	1.67944660234841	NA	NA	NA	1.36162505822975	1.04167358890689	NA	1.38435037629745	NA	NA	1.34943178867006	0.575228932137047	1.88456412982223	1.65541288796678	1.64310284406688	0.609530908703645	NA	0.815136820038149	0.634742291143999	0.246556194337999	0.314708829109513	0.18797657704556	0.330926254278622	0.757655274085718	0.61968307628672	NA	1.31612103753057	NA	NA	NA	1.3815511963387
NA	NA	NA	NA	NA	NA	NA	NA	NA	NA	NA	NA	NA	NA	NA	NA	NA	NA	NA	NA	NA	NA	NA	NA	NA	NA	NA	NA	NA	NA	NA	NA	NA	NA	NA	NA	NA	NA	NA	NA
NA	NA	NA	NA	NA	NA	NA	1.95211524475084	1.62054796242072	NA	0.809170450218294	0.439190394645106	0.588750611435734	NA	0.672507642426079	NA	0.465115167268266	NA	NA	0.757821875080962	0.494751603634827	0.632985437287347	NA	NA	NA	0.58343546075238	NA	NA	NA	NA	NA	NA	NA	NA	1.04313363323964	NA	NA	NA	0.266833542429799	NA
NA	NA	NA	NA	NA	NA	NA	NA	NA	NA	NA	NA	NA	NA	1.21939247886044	NA	NA	NA	NA	NA	1.20864785086422	NA	1.1461724458701	NA	1.29512384610602	1.13325457045565	0.798509581617352	0.874555897543618	0.944980855151241	0.320230876979512	NA	0.402992068836956	1.37623483386077	1.30843433041061	0.681313355913112	0.313621808470348	NA	0.154688600717196	0.325728161551697	0.507157753009311
NA	NA	NA	NA	NA	NA	NA	NA	NA	NA	NA	NA	NA	NA	NA	NA	NA	NA	NA	NA	NA	NA	NA	NA	NA	NA	NA	NA	NA	NA	NA	NA	NA	NA	NA	NA	NA	NA	NA	NA
NA	NA	NA	NA	NA	NA	NA	NA	NA	NA	NA	NA	NA	NA	NA	NA	NA	NA	NA	NA	NA	NA	NA	NA	NA	NA	NA	NA	NA	NA	NA	NA	NA	NA	NA	NA	NA	NA	NA	NA
NA	NA	NA	NA	NA	NA	NA	NA	NA	NA	NA	NA	NA	NA	NA	NA	NA	NA	NA	NA	NA	NA	NA	NA	NA	NA	NA	NA	NA	NA	NA	NA	NA	NA	NA	NA	NA	NA	NA	NA
NA	NA	NA	NA	NA	NA	NA	NA	NA	NA	NA	NA	NA	NA	NA	NA	NA	NA	NA	NA	NA	NA	NA	NA	NA	NA	NA	NA	NA	NA	NA	NA	NA	NA	NA	NA	NA	NA	NA	NA
NA	NA	NA	NA	NA	NA	NA	NA	NA	NA	NA	NA	NA	NA	NA	NA	NA	NA	NA	NA	NA	NA	NA	NA	NA	NA	NA	NA	NA	NA	NA	NA	NA	NA	NA	NA	NA	NA	NA	NA
NA	NA	NA	NA	NA	NA	NA	NA	NA	NA	NA	NA	NA	NA	NA	NA	NA	NA	NA	NA	NA	NA	NA	NA	NA	NA	NA	NA	NA	NA	NA	NA	NA	NA	NA	NA	NA	NA	NA	NA
0.993720895773118	0.479355977580156	0.982900189503658	NA	NA	1.57857488908886	0.490359801839625	NA	0.651831788733985	NA	NA	0.496212026802955	NA	0.338002231791802	NA	NA	0.307541789682593	0.369965786912796	0.676235167983559	1.55631682776385	0.530675866829913	0.342040413010187	NA	0.5478212974328	NA	NA	NA	NA	1.24022738745875	0.597137259329201	NA	NA	1.4017782138225	0.64130566209339	1.73259944078135	NA	NA	2.17305000350668	1.6604110527458	1.59849897780999
0.942323507596797	NA	NA	NA	NA	1.74777324319125	1.48597736723093	1.1674245535308	NA	1.47588479959767	NA	1.69621940727739	NA	0.966241953961247	1.35882743995925	NA	1.6060007367852	NA	1.38248927560632	0.33910862583333	0.572943814663676	0.972420340739871	NA	1.29513286780955	NA	NA	1.12779886079369	NA	0.776296745484469	NA	NA	0.510146782982185	NA	1.3203875391185	0.993585641800861	0.878675265764631	NA	NA	0.528496734825589	0.992805869278946
NA	NA	NA	NA	NA	NA	NA	NA	NA	NA	NA	NA	NA	NA	NA	NA	NA	NA	NA	NA	NA	NA	NA	NA	NA	NA	NA	NA	NA	NA	NA	NA	NA	NA	NA	NA	NA	NA	NA	NA
NA	NA	NA	NA	NA	NA	NA	NA	NA	NA	NA	NA	NA	NA	NA	NA	NA	NA	NA	NA	NA	NA	NA	NA	NA	NA	NA	NA	NA	NA	NA	NA	NA	NA	NA	NA	NA	NA	NA	NA
NA	1.7799293793666	0.953569867665891	1.09935964645843	1.00507815130657	0.724490049459435	1.39146829113318	0.843001420353829	1.07442823516258	1.51445720217928	NA	NA	2.20723204914189	1.5980876283118	1.79738909216202	1.58285166917523	1.61400642824784	1.42250712842703	NA	0.989098666517341	0.540553686628787	NA	NA	0.34780791690953	0.395122872103235	0.239352468534314	NA	0.602191797502555	2.11670076650153	NA	NA	0.783115937841065	NA	NA	NA	0.299710783289017	NA	1.3326278441019	0.760305860297622	0.469633895627247
NA	NA	NA	NA	NA	NA	NA	NA	NA	NA	NA	NA	NA	NA	NA	NA	NA	NA	NA	NA	NA	NA	NA	NA	NA	NA	NA	NA	NA	NA	NA	NA	NA	NA	NA	NA	NA	NA	NA	NA
NA	NA	NA	NA	NA	NA	NA	NA	NA	NA	NA	NA	NA	NA	NA	NA	NA	NA	NA	NA	NA	NA	NA	NA	NA	NA	NA	NA	NA	NA	NA	NA	NA	NA	NA	NA	NA	NA	NA	NA
0.545435783742469	NA	NA	NA	0.318561681026931	1.00380701241166	NA	1.70967715217946	0.413246694362184	NA	NA	NA	NA	1.01553919552067	0.87190615761461	NA	NA	0.393233681739754	0.651589445671325	1.14152659782641	NA	NA	NA	NA	1.26283255671477	1.13834455398614	NA	0.792459161841147	0.67542324312287	NA	1.0319054418387	1.23450750292063	0.68809101269365	0.577532706867985	0.573846964891115	0.810508473666539	NA	0.359236643770207	0.558686695362851	0.858387214156261
NA	NA	NA	NA	NA	NA	NA	NA	NA	NA	NA	NA	NA	NA	NA	NA	NA	NA	NA	NA	NA	NA	NA	NA	NA	NA	NA	NA	NA	NA	NA	NA	NA	NA	NA	NA	NA	NA	NA	NA
1.33090374069329	NA	1.17254596902496	1.70737511020273	0.963276168791853	NA	0.779346778938543	1.14885782817216	NA	1.21565412636647	0.997858464307275	0.575022528395136	NA	0.509885348293431	NA	NA	NA	NA	1.21717401287839	1.08729116686333	0.945891844539202	NA	0.395012078594337	0.236281072368373	NA	NA	0.519416471058596	1.68412575418554	NA	1.403715935429	0.46320782376707	0.519711213787217	NA	0.429946049985614	0.309226310227968	NA	NA	NA	1.22489109398923	NA
NA	NA	NA	NA	NA	NA	NA	NA	NA	NA	NA	NA	NA	NA	NA	NA	NA	NA	NA	NA	NA	NA	NA	NA	NA	NA	NA	NA	NA	NA	NA	NA	NA	NA	NA	NA	NA	NA	NA	NA
0.970090582183533	NA	NA	NA	NA	NA	NA	NA	1.2532247279902	NA	0.775154205888546	NA	NA	0.808362736904008	NA	NA	NA	NA	NA	NA	NA	NA	NA	0.524029288258759	0.415187658759476	NA	NA	NA	0.412287603418961	NA	0.544630132825402	NA	NA	0.632197729452166	NA	0.651891318541677	NA	0.536785223015109	0.851736558156815	NA
NA	NA	NA	NA	NA	NA	NA	2.09450930695333	NA	NA	2.31618959189802	NA	NA	NA	NA	NA	1.67169975628652	1.59957284602709	NA	1.76490446031624	1.43570606590458	NA	NA	NA	NA	NA	NA	NA	0.966843004603017	NA	NA	NA	0.679417681115733	1.1973952244651	0.234981580810077	NA	NA	0.282533181327147	NA	0.400633731892295
NA	NA	NA	NA	NA	0.92800995375342	NA	NA	1.04160201671243	NA	NA	1.13822134239674	NA	NA	NA	NA	NA	NA	NA	NA	0.88441026343806	0.781502417018079	0.436250735262726	0.805013417284908	NA	0.714047618680585	0.40212019253751	0.61585222713851	0.358181409080491	0.230446186981187	NA	0.291413114131055	0.920282594572591	NA	NA	0.433896118910868	NA	0.257507606869885	0.694060519318551	0.856527113897226
1.51183585150723	1.50556121558465	1.59919429329846	1.50848970915796	1.44186331922185	1.28627538775111	1.29690971618844	NA	NA	0.62109967146747	0.855200128654508	0.94041703841327	1.00404481286551	0.623125755914326	0.857185396708106	0.565942771666935	0.904801012741907	0.667646276745401	0.87162296094928	0.85217296320377	0.490731318407064	0.638229522297292	0.840223351898874	0.788534072623695	0.756315787084761	0.550582864087648	0.438340462180252	0.585382104673345	0.312352269394043	0.756969173459089	0.565051412472765	0.636460776542771	0.421970226375357	0.525828670372124	0.524101449786055	0.263635705265172	NA	0.649909812959636	NA	0.681107411231306
NA	NA	NA	NA	NA	NA	NA	NA	NA	NA	NA	NA	NA	NA	NA	NA	NA	NA	NA	NA	NA	NA	NA	NA	NA	NA	NA	NA	NA	NA	NA	NA	NA	NA	NA	NA	NA	NA	NA	NA
NA	NA	NA	NA	NA	NA	NA	NA	NA	NA	NA	NA	NA	NA	NA	NA	NA	NA	NA	NA	NA	NA	NA	NA	NA	NA	NA	NA	NA	NA	NA	NA	NA	NA	NA	NA	NA	NA	NA	NA
NA	0.807884130157406	NA	NA	0.551914262746028	1.12869287026926	1.34967809284519	NA	1.49675773240071	0.464315245811276	0.915686633165835	2.12682091842239	NA	0.837966892784891	1.31036928828603	NA	0.938375283126766	0.312278303458442	0.606356444646464	NA	1.69162272604608	1.47993608805839	1.29886783628727	1.52046447546208	1.86832321708403	2.23649227346705	1.58311136479679	1.61293521781636	1.52874986539134	1.45821310640996	NA	1.87165187299935	NA	NA	1.75170131706765	1.95065407138119	NA	0.412562462712222	1.4143610055132	0.509802864175313
NA	NA	NA	NA	0.984834139142042	NA	NA	0.879534970003195	0.648910743486781	NA	NA	NA	NA	0.566576365498092	0.699574833996831	NA	0.823949848790496	NA	NA	0.265365505992717	0.134320212552494	0.603995359819564	NA	0.698690838402761	0.753674905789814	0.596247066751331	NA	0.691718676651129	NA	NA	NA	1.90270679765956	NA	NA	NA	NA	NA	0.901512698266086	NA	0.989106432575839
NA	NA	1.0744051666194	NA	1.07125548399949	NA	NA	NA	NA	1.53553214351171	NA	1.54597611267251	1.52784794889175	0.925680033568516	NA	NA	1.0008362924964	NA	2.45285172641651	NA	0.650785463608313	NA	NA	1.19826968250395	1.69553022485444	1.05460334308414	1.20724764031181	NA	0.812211058409646	1.10994235989047	NA	0.958938507659252	0.601582687138388	0.643379521000783	0.770803848841091	0.49254642671317	NA	0.865617077051068	NA	0.493069389351129
NA	NA	NA	NA	NA	NA	NA	NA	NA	NA	NA	NA	NA	NA	NA	NA	NA	NA	NA	NA	NA	NA	NA	NA	NA	NA	NA	NA	NA	NA	NA	NA	NA	NA	NA	NA	NA	NA	NA	NA
NA	NA	0.949164153942854	0.976837321872851	NA	NA	NA	0.629486027835542	0.907439774808702	1.00065150979747	1.52877015231353	0.849917560914007	0.838102808515631	1.0370903132837	NA	NA	1.42778617206139	1.45001622539113	1.30597838161223	0.931263385555676	0.73562924199288	0.965751138049439	1.08418167689267	NA	NA	0.554348516938621	0.0792334195581282	0.576595248604076	0.620317181728091	0.59437030808211	2.38013668869393	NA	0.162909279592722	0.222488179513534	0.407303644422003	NA	NA	0.222224773254389	1.79373865219811	0.687436383428071
NA	NA	NA	NA	NA	NA	NA	NA	NA	NA	NA	NA	NA	NA	NA	NA	NA	NA	NA	NA	NA	NA	NA	NA	NA	NA	NA	NA	NA	NA	NA	NA	NA	NA	NA	NA	NA	NA	NA	NA
0.611300687005354	0.591031376969045	NA	1.54494004789265	NA	0.830761303744691	NA	0.787766932469817	NA	NA	NA	NA	NA	NA	NA	NA	NA	NA	NA	NA	0.383226458197779	NA	NA	NA	NA	NA	NA	NA	NA	NA	NA	NA	NA	NA	NA	NA	NA	0.273063980354569	0.408747699697249	NA
NA	NA	1.44209943590617	NA	1.38396769052023	NA	1.6892598581715	NA	1.68784509355121	1.79747905274072	1.77028717885099	1.93160335248167	NA	1.32748890114255	1.36750790847691	NA	NA	NA	1.27459620657273	1.20425532241123	1.26806515087905	1.09835295229285	1.20526222513267	0.994671216946159	1.01865987818546	1.10131209287805	0.65583275834712	0.773629883513006	NA	0.842422557175706	0.573200902535672	0.9951928547235	0.495864468719206	0.304068720590889	NA	0.279658534192249	NA	NA	NA	0.416886720625751
NA	NA	NA	NA	NA	NA	NA	NA	NA	NA	NA	NA	NA	NA	NA	NA	NA	NA	NA	NA	NA	NA	NA	NA	NA	NA	NA	NA	NA	NA	NA	NA	NA	NA	NA	NA	NA	NA	NA	NA
NA	NA	NA	NA	NA	1.46922391710545	NA	NA	NA	NA	1.56550595274297	1.39271181556073	NA	NA	0.954481511974969	1.08392402939067	NA	1.09376340751669	NA	0.960436372988078	NA	NA	NA	NA	1.26553410866512	NA	NA	0.836665110396373	NA	NA	NA	0.867823340265302	0.385735508348357	NA	NA	NA	NA	NA	0.306647500849499	NA
NA	NA	NA	NA	NA	NA	NA	NA	NA	NA	NA	NA	NA	NA	NA	NA	NA	NA	NA	0.480003853925398	NA	1.06982384515866	0.835406834179834	0.858238169342021	0.553936958715286	0.367152001117956	NA	NA	0.214928912575935	NA	NA	NA	NA	0.653142513687393	NA	NA	NA	0.364293052293023	NA	0.4388185113309
NA	NA	1.43344128378497	NA	1.60037786281895	2.03456341332311	NA	2.75164045198036	2.67031967499339	NA	2.24963712885169	NA	2.69368329215296	2.40991779882222	2.2508251413069	NA	2.27226819655974	2.04020604105134	1.73210165308845	1.76055652070246	1.49246842781653	1.33112891177844	1.41793767807941	1.93622482468862	2.85303657737124	2.30218816256092	NA	0.822394816532438	2.32163331150248	1.5349562014326	2.29409067975353	0.898892600484588	0.444318120500504	2.27197135351435	NA	0.70985491650133	NA	0.736395711710852	0.747429333492127	NA
2.12342133713485	0.867878613007862	0.828354240445026	NA	1.40596058871129	1.80865307813236	NA	1.59342620923099	NA	NA	NA	NA	NA	NA	NA	1.24891999384016	2.44943553952515	1.49660837276747	1.73742905946282	1.71649535894424	1.81259816023841	0.488673458323138	NA	1.19834605107028	NA	NA	0.418874473910686	NA	0.652702922971607	NA	0.282348003644419	0.293362147721799	0.394097998649221	0.451138999387158	0.609080015279118	1.08582220593071	NA	0.544753622432328	0.278641979113087	0.560400590945624
1.14975738445583	1.09331227697744	1.43191955981435	1.0732220233163	0.781338917646312	0.647423945753786	1.01656118349146	0.740596439607242	0.958281213810174	0.681932628842521	1.07319198635128	0.125307309402508	0.643790231500049	0.53905125635889	0.887929340929041	0.873654540221051	0.768381123827916	0.57597371439001	0.656476483261286	0.692948295118229	0.560114556933332	0.975188138627158	0.595695484725285	0.448879682161251	0.598506613877951	1.51529847895844	1.11352652535855	1.25094998666423	1.1880632932472	0.356868126205439	0.725454295503329	0.44724616284616	0.570185928612177	0.185866041606499	0.35161667771333	0.615716927071424	NA	0.484481894149418	0.466982432786276	0.597890135033792
NA	NA	NA	NA	NA	NA	NA	NA	NA	NA	NA	NA	NA	NA	NA	NA	NA	NA	NA	NA	NA	NA	NA	NA	NA	NA	NA	NA	NA	NA	NA	NA	NA	NA	NA	NA	NA	NA	NA	NA
1.7126797554977	0.498060114645313	0.38107099259901	0.500342485013482	0.617474853500283	NA	0.978603234544695	NA	NA	0.872292109592041	NA	0.846164877856188	NA	NA	0.322106314539566	NA	0.632007027437942	0.766820821474948	NA	0.872157232997055	NA	0.340154303291874	0.499899400735099	NA	0.19053849223164	NA	NA	0.636020468838832	0.595564842535602	0.678526006077417	NA	0.895194612532756	NA	0.430498486014118	NA	0.231223137556798	NA	0.601848219144483	NA	0.735268846636521
NA	NA	NA	0.882977691194545	0.536579417815415	0.967186467186666	0.935660486154514	NA	NA	NA	NA	1.21339645080559	NA	NA	0.957393948714551	NA	0.981092565515877	1.12060781040068	NA	0.788266143568681	0.204350262506881	0.186978478079992	0.524176573784931	0.568667689076774	NA	NA	NA	0.694871836935714	0.725021026160415	1.06825320057283	0.535966226877013	NA	0.650268572308485	0.458206400181383	0.188568472921605	0.0356986507595575	NA	NA	0.206461760580414	NA
1.2405506264941	0.544225049740594	0.982751101336445	NA	0.719567310608696	1.20283845573253	1.70945986282643	0.849948848963783	0.713429535957981	0.749426216111227	NA	NA	1.27221140830281	NA	NA	0.229924437807723	0.876935873469833	0.862160886054884	0.253004153384086	0.797092492964004	0.909638290671977	NA	0.43891526945045	NA	0.49806025221425	0.696886559126664	0.640466129868251	0.54179151950374	0.734703270429478	1.09420841350252	0.435664837402495	0.725171465725897	0.548196990876418	NA	0.973839261793676	0.619160954162058	NA	NA	0.926762577484846	0.863191336391048
1.16248060561614	NA	NA	NA	0.723202463268849	NA	NA	0.49015323199466	0.557367268581063	0.554851781622771	NA	1.24051877997686	NA	1.20736468529478	0.850108284481443	NA	0.569877021985909	0.487154608319231	0.407466146575889	0.558712461995281	0.92299027579144	1.4179406424676	NA	0.8181098559347	0.952383032137126	1.49456218466065	1.30514196095277	NA	1.13576549450838	NA	NA	NA	0.867236134051711	NA	NA	NA	NA	1.08159426172927	0.785332920402125	NA
NA	1.33463554282673	0.433825799470017	1.14423130537683	NA	NA	1.38211585860575	1.30712912121868	1.51146675232519	1.58628213172793	NA	NA	1.03378040755251	NA	NA	NA	NA	NA	NA	0.454215695527543	0.474767148698515	0.323432186782458	0.297382235305782	0.932579933178775	0.293062061175587	NA	0.519544496699571	NA	2.27697535665975	0.450484683387479	1.88695230412601	0.405366443921788	NA	NA	NA	NA	NA	2.17348781079685	0.513127017472687	NA
NA	NA	NA	NA	NA	NA	NA	NA	NA	NA	NA	NA	NA	NA	NA	NA	NA	NA	NA	NA	NA	NA	NA	NA	NA	NA	NA	NA	NA	NA	NA	NA	NA	NA	NA	NA	NA	NA	NA	NA
1.61143810416587	1.62481924851297	2.16245303853723	1.47554618022492	1.97924695987303	1.20275462871705	1.48706822049155	NA	NA	1.46865942090639	NA	NA	NA	NA	NA	0.463619146659764	1.73640724129795	1.32591092521409	1.96225712357331	1.02423045646443	NA	NA	NA	2.09527107847331	2.10208472208779	2.12168320735524	1.7529822012485	NA	0.262601718124186	1.55112062746721	NA	1.67720042091373	NA	0.193807177883974	1.82709448346661	1.66491877595898	NA	0.294522071137391	0.661782943585765	0.864821132945038
NA	1.2321773126085	NA	NA	1.35972051097251	1.51959845034837	1.47341500033537	1.5197802365165	NA	1.64149110287641	1.60681279317869	NA	NA	1.63318052921521	0.925362065518465	1.60597746929929	1.63169060030092	1.34746881832281	1.39623072090385	1.34577213527402	1.10621616205526	1.18434751114686	1.12032274389436	NA	1.01545417610265	NA	NA	0.655316075544705	NA	NA	NA	NA	0.219802876433861	NA	0.177124138529237	NA	NA	NA	0.548398407015945	0.959772187438229
NA	1.51133983135441	NA	1.7410802716637	NA	NA	NA	NA	NA	NA	NA	NA	0.829196514454882	NA	1.13655460834495	NA	0.56488830709682	0.64963174196881	0.401552226226315	NA	NA	0.636413995375252	0.658779202663981	0.378069526017861	1.34693399318097	1.50692747325026	0.73816941650828	1.74145971351419	0.634795399733823	0.446385598396171	2.91862862245254	1.80288463254121	NA	NA	1.87096809135149	2.46155867182679	NA	NA	NA	2.2507060825699
NA	NA	NA	NA	0.815832196698405	NA	NA	NA	NA	NA	NA	0.938581029247431	NA	1.61574059148818	NA	NA	1.57851064873557	1.7567286993252	NA	NA	NA	0.799412618375439	1.22155443430614	NA	1.32624255884606	1.1421947141257	NA	NA	0.603995163131992	NA	0.534623516413901	0.700517847403281	0.473867689486289	0.211881595625386	0.175401684655324	NA	NA	NA	0.426535242098314	NA
1.24843795836699	1.30962001993669	1.3788369176729	NA	1.39352760455157	1.03708501294689	1.20092064403621	1.30721304917845	1.565830983921	1.13676414297194	NA	0.767147637034709	1.00853443867906	1.13208552134999	1.10726966920414	1.02719384429359	NA	1.30167779899396	0.977246090204029	1.07821344123663	NA	0.426558654652497	0.435268928321584	0.386479879267299	0.248213191403245	0.480223952737679	NA	NA	0.702002843420173	NA	0.430559226848728	0.293624821278971	0.724748793169199	NA	0.335333279140587	0.571511757765634	NA	0.50504515467925	0.29579270184434	0.579817925512156
0.580278732604597	NA	1.0251231198934	0.619700023146381	NA	0.980282233797644	1.22702274048291	1.00924915624582	0.941549779418134	0.71295841798411	NA	0.793717623850763	NA	1.02279691438671	0.925261228348328	0.792893267148822	0.632333203510084	0.804131129808331	NA	NA	NA	0.887845957022602	NA	NA	NA	NA	0.536204156160017	0.500219527281808	0.479699320644016	NA	NA	NA	1.40499900901703	NA	1.81380270544862	0.39319447604287	NA	1.00249238628016	0.818505700463147	0.67097188563426
NA	0.739498536638824	0.366247163407977	NA	NA	1.13052599348182	0.87080836748705	0.750306851846245	0.478319836935896	NA	0.827528680297246	1.24378587010558	NA	0.946740429192501	0.89068563844022	NA	NA	NA	NA	0.886939177468544	0.781400981418903	NA	0.300413934708509	0.198197594401854	0.41327833275337	0.768797495953896	0.819236526820532	0.893315283554882	NA	NA	0.24797704598389	NA	NA	0.6139526930079	0.445942492407143	NA	NA	0.629929447311877	0.754625247943256	0.190869705450102
NA	NA	NA	NA	NA	NA	2.21520547203971	NA	2.1244974122216	NA	NA	2.13511725266106	1.53843154789242	NA	1.78263192929693	NA	1.85993143426036	NA	1.0772475879507	1.365270054772	NA	NA	1.69242281432419	1.45297639715908	1.26533831516509	1.31073416317293	1.04579221912127	1.07509297971644	0.858734680559534	0.968521640483368	0.923858093204787	1.06361731322733	0.625109463312539	0.332235788359652	NA	0.478955275582307	NA	0.723996568995611	1.75958464058994	NA
NA	0.842042912956994	0.752193190431218	NA	0.554179838712695	NA	NA	NA	0.716902525129831	NA	NA	1.13440661999495	NA	NA	1.08660705522291	NA	0.918490953594942	0.727770198988405	NA	NA	0.922656602430393	1.08296423840313	NA	NA	1.04912184211104	NA	1.29039331394835	0.871723785553028	1.26775064801079	1.22166104460668	NA	1.38594158797594	1.51796859514089	1.00799972281857	NA	NA	NA	1.12150619237962	0.830500742372838	0.888346102582299
1.2356457154689	1.41929259569019	NA	NA	1.38262832199911	NA	NA	NA	0.867208984983405	NA	1.17183696434957	NA	2.0303977568178	NA	NA	0.85763133940192	NA	0.610660625728191	NA	NA	1.0339717167602	1.44439510168007	NA	0.429619464715552	0.559156055287892	NA	NA	NA	NA	0.579863124970409	NA	0.654585271029625	NA	1.07395363717061	NA	1.3817772602374	NA	NA	1.65504294385129	NA
1.4748323532484	NA	NA	NA	1.11828240018041	NA	0.907881661441048	0.648953343856794	0.625870986942039	NA	NA	NA	NA	0.348119131548925	NA	NA	0.56258400332469	0.296776256418985	0.767257242935075	0.77772299835627	0.206318313714352	0.0570428493721088	0.577886729761749	0.39591746604068	0.45334788191265	NA	NA	0.594513843830118	NA	NA	NA	NA	0.632076816944185	0.645778728077884	NA	NA	NA	NA	NA	0.528936666877649
NA	NA	NA	NA	NA	NA	NA	NA	NA	NA	NA	NA	NA	NA	NA	NA	NA	NA	NA	NA	NA	NA	NA	NA	NA	NA	NA	NA	NA	NA	NA	NA	NA	NA	NA	NA	NA	NA	NA	NA
2.20766294299717	1.92909893501105	2.40885593344627	NA	2.27060438654842	0.627260276047047	0.774929997756682	0.903001997562072	1.17354413328796	NA	0.959358902040721	1.32402990002872	NA	1.81636733612683	2.14911556032654	2.26536988263868	2.05532430508353	1.56843317576534	NA	NA	0.726580189355951	0.908399562334293	0.731683047121031	0.599863444592913	NA	NA	0.962243854037554	NA	NA	NA	0.845829933139114	0.504202063703681	NA	0.702444231097904	0.667806530191094	NA	NA	0.303718526129866	0.462717266792884	NA
NA	NA	NA	NA	1.06905157000312	0.724100351403061	0.443471036184348	0.495044058170412	1.29012724437824	NA	NA	NA	NA	NA	NA	1.84572562332076	1.02407533598376	0.923164016688107	NA	0.755155336486581	NA	NA	1.2615010695708	1.230375976298	1.62127560968013	1.75163550369416	1.83090541297866	1.2091622493166	NA	1.69117520566432	2.03273075803454	NA	1.09190243995133	0.947476072278429	0.794733306172619	NA	NA	1.48871705807192	NA	1.13940250448907
NA	NA	NA	1.47980519681511	1.43607753809077	NA	NA	1.98107785308458	1.80687118279714	1.71719267497479	1.49778368135328	1.22580206534144	NA	1.13733889791595	1.71148557681719	0.940196299968706	1.78711749657484	1.45438862804468	0.924445601252422	0.919020651742224	NA	0.738712379394631	NA	NA	NA	0.494492334707184	NA	0.798224986931912	NA	0.854413928100052	NA	NA	0.74338565190801	0.718260381543259	NA	0.592309526895879	NA	NA	0.227196751185521	0.810502238183576
1.98201091789864	1.29926194443071	NA	1.24817100316324	1.46502088999072	NA	1.46725454002268	NA	1.46176325604936	NA	1.3392701126431	1.28155701230951	NA	NA	1.48652927262352	NA	NA	NA	1.1328660379973	0.230734614590661	0.785122553081172	1.04099128093076	0.990238555796649	0.723244087007279	1.31633955222521	NA	0.953018232636035	NA	NA	NA	NA	NA	NA	0.992294538668539	NA	NA	NA	NA	NA	0.466067360430744
NA	NA	NA	NA	NA	NA	NA	NA	NA	NA	NA	NA	NA	NA	NA	NA	NA	NA	NA	NA	NA	NA	NA	NA	NA	NA	NA	NA	NA	NA	NA	NA	NA	NA	NA	NA	NA	NA	NA	NA
1.74181038226568	NA	2.54733873359034	NA	NA	1.27541945282153	NA	1.76696561510926	NA	NA	1.32920845642072	2.32742848524535	0.743238030184251	1.66995369495505	1.00119270550552	1.31775455919265	1.31106588008918	1.60270854367639	0.148516059563235	1.69141314542798	1.56275814556857	0.604074370397357	0.49466909902161	0.269192908824937	1.02590259324132	1.06711904553761	1.30958289563236	0.914306554077047	NA	0.230977516017727	0.654708557017248	0.785019369923115	0.654787098580769	0.420643442100008	NA	NA	NA	0.0545052194110092	0.360804196776523	0.567637053271054
NA	NA	0.999678615708273	NA	0.849749832539933	1.19960624568611	NA	NA	1.27604455983282	NA	NA	NA	1.25918626745428	NA	NA	NA	1.48234619833922	1.53519552467939	1.38249186941409	NA	1.13672880797909	0.357088049388208	0.589862553744607	0.76412912337285	0.719984857500942	NA	1.3106517584504	NA	NA	NA	NA	0.225430030382295	1.97754176023954	NA	0.672114776883724	0.641153942926018	NA	0.167722479409902	NA	0.436750530818127
NA	NA	NA	NA	NA	NA	NA	NA	NA	NA	NA	NA	NA	NA	NA	NA	NA	NA	NA	NA	NA	NA	NA	NA	NA	NA	NA	NA	NA	NA	NA	NA	NA	NA	NA	NA	NA	NA	NA	NA
NA	NA	0.825179115179073	0.861691055877595	NA	0.583850895386204	NA	0.740346715518939	NA	NA	0.884762174411878	NA	NA	1.51628828970017	NA	1.00290033194739	1.33282174953976	0.596006250150575	NA	1.46311249379121	1.23198276375342	NA	1.42598213245799	NA	NA	1.04537723503235	0.600316233878983	NA	NA	0.687925573361182	0.256144589516877	0.779556779945301	0.31266656025605	NA	0.698243157496343	1.39592143534793	NA	0.995169983427674	0.679681092823842	NA
NA	0.462695489080111	NA	NA	NA	NA	1.55156252230756	1.2802504279347	1.12502390492094	1.09464367146411	1.21336141931325	0.825568986813593	NA	0.854154491685174	0.593214956938233	NA	NA	NA	0.25318261348319	NA	NA	0.643280123880037	1.00945185395831	1.04622943238146	NA	NA	NA	NA	NA	NA	NA	NA	NA	NA	NA	NA	NA	NA	0.315388483295107	0.25713021479997
NA	NA	0.991580819849009	0.958216823862145	1.8634098322943	0.962908177291095	1.63140696888676	NA	1.50341603038596	NA	1.28623721280783	1.86698188348345	1.60358360831196	NA	1.56650316023691	NA	1.38562704964959	1.43025992464962	1.44235131328993	1.27980531679762	1.39831186655826	NA	0.997502219290138	0.911363718380926	0.817978392526574	1.06650117500326	1.28517306320462	0.433143306479879	NA	NA	1.45095846755035	NA	0.512438158260448	1.40709901580982	0.553407851850447	0.283810787161669	NA	0.479139869538785	0.409927862644695	0.473883538998132
NA	NA	NA	NA	NA	NA	NA	NA	NA	NA	NA	NA	NA	NA	NA	NA	NA	NA	NA	NA	NA	NA	NA	NA	NA	NA	NA	NA	NA	NA	NA	NA	NA	NA	NA	NA	NA	NA	NA	NA
NA	NA	2.09590233068049	1.87593190662512	2.6394586631456	1.18533073820529	1.27861147264541	NA	1.50542083791581	NA	1.86109478241099	1.67799611365747	1.60972190324116	1.30946153884798	1.37873588310383	NA	0.849720600749428	0.939983415037192	NA	1.27550085046122	0.841840734105845	1.64610906892229	0.840484399684366	NA	0.71526203764941	NA	NA	0.709441032028717	0.878591849503597	0.259624921916198	NA	NA	NA	0.950792474838057	NA	NA	NA	NA	NA	0.293849776802963
NA	NA	2.0821629917851	NA	NA	NA	NA	NA	NA	1.90916935442646	NA	1.92314209425173	2.06644516678315	0.546620316852413	2.03776087730711	NA	NA	1.68419518338172	NA	NA	1.41793387835671	NA	NA	NA	NA	NA	NA	NA	NA	NA	NA	NA	2.60909613330796	1.0808470103528	NA	NA	NA	NA	1.65425988358653	1.13360344345924
NA	NA	1.20089182754761	NA	0.869516641970861	0.856801247282584	NA	0.801151776324707	0.825766846632807	NA	NA	0.694452649262779	0.864570955182304	NA	1.13937698642355	NA	0.939568158589925	0.54186211818919	0.555946174348964	0.585396491268338	0.121625872248071	0.30410860368415	NA	0.547179485563308	0.898526184909061	0.649364535064173	0.529742401634391	0.515394657978728	0.396863669723948	NA	NA	0.747297933506874	0.713199800824065	0.564029292443607	1.01049659094527	0.527318377333768	NA	0.429432504601576	0.334218613497149	NA
0.731609395542728	0.18129670020936	0.519309488292861	1.03458484307926	NA	0.435679214072075	NA	0.339171612052362	NA	0.728531915121198	NA	1.15061695716622	NA	NA	NA	0.657253335913016	NA	0.537772932798399	NA	NA	NA	0.695660400892456	0.232802809452239	NA	0.753109034878406	NA	1.02322824117013	NA	0.593980555995914	NA	NA	NA	0.692461626056612	0.695364846845849	NA	0.877484614837201	NA	0.982618185213709	1.01411095350231	0.726142794006988
0.657925062275951	1.2076451722652	NA	1.24623414302596	1.39191566286678	1.45191599003695	NA	2.12004688310685	NA	NA	NA	NA	1.83421464245793	NA	1.53828676976978	1.59841157185984	1.5045169728752	1.45238981284581	NA	NA	NA	NA	NA	0.673344254038322	NA	NA	0.978290994528886	1.0612235477732	NA	NA	NA	NA	NA	NA	NA	NA	NA	0.588285136279723	NA	0.802323110335694
NA	NA	NA	NA	1.42278400418652	1.28623393454423	1.75094028594092	1.36011559085281	1.97883562243805	2.42439781789241	1.54198150542889	1.79378047255675	1.84898778517652	1.32623218290346	2.2343137158912	NA	NA	1.7465303587597	1.40604770562308	1.73344704507562	0.805177198472662	1.98391760790815	1.67012119353181	1.57594778213194	2.22682984844659	0.862740984332391	0.924380271243262	NA	1.22379823017501	2.1761559119489	2.67600659941075	NA	2.9246945043002	0.476475861925233	0.117315617345608	NA	NA	0.543216857271363	0.879874233737654	1.264275351774
NA	1.85936992794265	NA	NA	NA	NA	1.73567780074352	NA	NA	NA	0.807933225940378	NA	NA	NA	1.45963450104164	1.9372896123705	2.12967470631566	NA	1.28020104943945	1.93105164284982	1.352307605688	1.7844947950215	1.25907822422727	1.30242181274902	0.982800181499191	NA	1.66407013961311	0.872328807203797	1.03024000714253	1.03994223391662	2.11399651263208	0.726993493394388	NA	0.513479601131741	1.02037729930386	NA	NA	0.842443217765586	0.972898154444188	0.526382863408531
NA	NA	NA	NA	NA	NA	NA	NA	NA	NA	NA	NA	NA	NA	NA	NA	NA	NA	NA	NA	NA	NA	NA	NA	NA	NA	NA	NA	NA	NA	NA	NA	NA	NA	NA	NA	NA	NA	NA	NA
NA	NA	NA	NA	NA	NA	1.45304579923135	NA	NA	NA	NA	NA	NA	NA	NA	NA	NA	1.11046812265141	NA	0.483350991444438	0.429506459265256	0.248348811018893	NA	0.365348113646965	NA	NA	NA	NA	NA	NA	NA	NA	NA	0.488903544245751	NA	0.346499305503131	NA	1.32915753786325	0.0895850453066938	0.730871250896094
1.37843891192003	NA	NA	NA	NA	NA	NA	0.808575590846999	NA	0.691376573039267	NA	NA	NA	NA	NA	NA	NA	NA	NA	0.455540285969272	0.793080596614453	0.824523519727556	NA	NA	NA	0.582369313050085	NA	1.2653526689393	NA	NA	NA	1.76789261629054	1.52703912093503	1.23272243617527	0.97752297205238	NA	NA	1.09919704998895	1.01639979855994	0.867691037402048
0.355216864110752	NA	NA	NA	0.817062820875068	NA	1.50096813048587	NA	1.12184689680132	1.33095077088625	1.38877583324855	NA	1.36484181139345	0.839875588289864	0.868841615406476	0.83563278586813	NA	1.48715243924723	1.22290387273378	0.897910772535504	0.836346071793516	NA	0.509634480039593	0.788326196902768	0.734280869695427	0.590014749387248	NA	0.948773636517372	NA	NA	0.993048240130324	0.753376057731067	0.777677508776878	NA	NA	NA	NA	0.243609827863863	NA	0.691182564946209
2.12677655527464	0.481251398371829	0.61838939383129	0.914553996861635	0.545332227940748	NA	NA	0.558978445807653	0.391376258993337	NA	0.919942931853906	0.521962256058385	NA	0.642177267765916	NA	NA	0.530591152739784	0.514710582265774	NA	0.491614629033685	NA	NA	1.13271852967701	1.34897770446003	NA	NA	2.39316574167639	1.85971743932432	2.1192770478839	NA	2.0603133926958	NA	NA	NA	NA	1.94683886095535	NA	NA	1.88493961754126	NA
NA	NA	NA	NA	NA	NA	NA	NA	0.829757908350328	NA	1.02944812214486	0.45765540556565	0.424086687350709	NA	0.60505607599307	0.381791330083265	0.489955688982043	NA	0.962478079537295	0.780339493767376	0.72075825003167	0.51775878990219	0.536523215559939	0.617346085177216	NA	NA	1.27396818415942	0.940634775213536	1.00897880226383	1.22355463761968	NA	0.33207552340444	0.259354101842036	0.367109983026566	0.537570728489959	0.269004186696076	NA	1.29690820184699	0.901832880908954	NA
NA	1.19884573884405	0.88899353592646	NA	1.02768506957492	0.842553750375499	1.12959940036745	0.481649301032921	0.379385814760406	1.43534793034172	NA	0.313572316578742	1.65191109699271	NA	NA	1.95453838947084	0.408282503129147	NA	NA	0.421978677141213	NA	0.507546241731982	NA	NA	0.910013544650034	0.814036718565326	0.407231829780239	1.09443809805113	NA	1.57540893186955	NA	0.911338652088932	1.37002789457429	1.02493178352565	NA	0.701502018062195	NA	0.365588679809663	0.208224380708775	NA
NA	NA	1.17908007417408	0.93958327243459	NA	NA	0.552916149246564	0.562443386930038	NA	NA	0.405471420824247	NA	NA	NA	NA	NA	NA	0.54939422374489	NA	0.699092013975868	1.05325369227814	1.25637423678895	1.7236071879569	1.50780287212055	0.91678033022664	0.444191499163162	0.771378890486697	NA	NA	1.73758082263999	0.175906428928571	0.0984304499136293	2.37759609383778	0.4445566360114	1.43559336061593	0.143253008708868	NA	2.45230768356738	2.28112477906294	0.675994435571446
NA	NA	NA	1.76805637585455	1.67731359528581	1.33423813109176	NA	1.00359296748745	1.38547162490893	1.23395246926747	1.15621877735814	0.899066660538135	NA	0.746658918367042	1.27383195867548	NA	0.892918709298672	1.07696928013034	0.6638664521393	1.2493779432398	1.25059739228636	1.3097810345655	1.3908391821727	0.656796041617983	0.657683069394139	NA	2.05386005016559	2.29628482611897	1.76198627988914	NA	1.65685373856753	1.48482913861336	1.52163628515072	1.18754110875092	NA	1.31616144186289	NA	NA	NA	1.37158810675861
NA	NA	NA	NA	NA	NA	NA	NA	NA	NA	NA	NA	NA	NA	NA	NA	NA	NA	NA	NA	NA	NA	NA	NA	NA	NA	NA	NA	NA	NA	NA	NA	NA	NA	NA	NA	NA	NA	NA	NA
NA	NA	NA	NA	NA	NA	NA	NA	NA	NA	NA	NA	NA	NA	NA	NA	NA	NA	NA	NA	NA	NA	NA	NA	NA	NA	NA	NA	NA	NA	NA	NA	NA	NA	NA	NA	NA	NA	NA	NA
NA	NA	NA	NA	0.963682497831529	NA	1.08408546110917	0.937487584290469	0.996263782483901	NA	1.36143510461279	NA	1.17362292131667	NA	1.60081510963507	1.41752115835256	1.31431744470551	NA	NA	NA	1.19002957464652	0.981530812868463	0.642606409610103	NA	0.633610655729788	0.58118676243865	NA	0.644607824482815	NA	1.89517275860309	NA	0.396954715192347	NA	0.552339588238153	0.409474393514668	NA	NA	0.126588258647756	0.354552323319074	0.407025536133508
2.0976550561613	NA	1.23893454699068	1.01655029369921	NA	NA	0.383996962679045	0.388431055865171	0.479420091783536	0.510230083567959	NA	0.4355432141951	NA	0.481695641903234	0.457635839858772	0.209990655738829	0.115347826781914	0.215454272979741	0.232463011826729	0.462899153311606	0.504715065010976	0.607620362093565	0.409185840937079	0.615444552550542	0.756297867665884	0.759413791030677	NA	NA	0.622377822550288	0.70176243935424	0.651697194578266	0.560790868715788	0.644661481141739	0.731732995764649	0.287218975075652	0.334734905771118	NA	0.380487848589024	NA	0.781410814654551
NA	NA	NA	NA	NA	NA	NA	NA	NA	NA	NA	NA	NA	NA	NA	NA	NA	NA	NA	NA	NA	NA	NA	NA	NA	NA	NA	NA	NA	NA	NA	NA	NA	NA	NA	NA	NA	NA	NA	NA
NA	NA	NA	NA	NA	NA	NA	NA	NA	NA	NA	NA	NA	NA	NA	NA	NA	NA	NA	NA	NA	NA	NA	NA	NA	NA	NA	NA	NA	NA	NA	NA	NA	NA	NA	NA	NA	NA	NA	NA
NA	1.60203173795323	NA	NA	NA	NA	NA	0.791410392686167	NA	NA	NA	NA	1.92042141998152	1.61657816402807	1.98442888115851	NA	NA	NA	NA	NA	1.20045593034384	0.409984683692368	NA	NA	NA	NA	NA	0.447425409974497	0.283274598685281	NA	NA	0.407650481124073	0.311229431837654	NA	NA	0.561449894136694	NA	NA	0.68352324881863	0.822385797514739
NA	NA	NA	NA	NA	NA	NA	1.36509575869994	1.53107477886315	1.18883226848392	NA	NA	NA	NA	NA	0.753578488284538	NA	NA	NA	NA	NA	NA	NA	NA	0.566277496520755	NA	NA	NA	NA	NA	0.53262221082857	NA	NA	NA	1.98753786835207	0.626057027728549	NA	0.93984626067593	0.639208791727967	NA
NA	NA	NA	NA	NA	NA	NA	NA	NA	NA	NA	NA	NA	NA	NA	NA	NA	NA	NA	NA	NA	NA	NA	NA	NA	NA	NA	NA	NA	NA	NA	NA	NA	NA	NA	NA	NA	NA	NA	NA
1.31502777656086	0.717853168022572	NA	NA	NA	0.654415670654635	0.720173904953392	0.61818105862255	0.489008646957464	NA	0.838716885586638	0.916315123250043	NA	0.89028649645817	0.597669451163066	0.626535821716837	NA	NA	0.904107020730296	1.16919752565522	0.723924000581494	0.42359242731343	0.144408603320762	0.356848714455856	NA	1.3724024567881	NA	0.93769325931391	NA	0.78145463069378	0.954724169725948	1.16037067848427	NA	NA	NA	NA	NA	NA	0.392608274185806	1.2958704959086
NA	NA	NA	NA	NA	NA	NA	NA	NA	NA	NA	NA	NA	NA	NA	NA	NA	NA	NA	NA	NA	NA	NA	NA	NA	NA	NA	NA	NA	NA	NA	NA	NA	NA	NA	NA	NA	NA	NA	NA
NA	NA	NA	1.5294345739541	NA	1.4675096646923	NA	NA	1.32583274901745	NA	NA	1.44900090844189	NA	NA	NA	0.816135621874951	1.13586591085636	1.03298737732859	NA	NA	0.822081401379172	NA	NA	1.09760461229496	1.72895839210835	NA	NA	NA	NA	NA	NA	NA	1.23493339169861	NA	NA	NA	NA	0.386063743158609	0.814835202426395	0.88501839118551
NA	2.21545606790117	NA	NA	NA	NA	NA	NA	NA	NA	NA	2.57494669519868	2.36705376972061	2.50653354991795	NA	NA	NA	2.28321992745533	NA	2.23956511458747	1.9915876956676	NA	NA	NA	1.3978648186468	1.05678484960344	NA	NA	NA	NA	NA	1.06385637751259	0.715148848571407	0.496929803921387	0.487011119753831	0.393731040276892	NA	0.263673167670116	0.510231813969045	0.661437072185805
NA	NA	NA	NA	1.09328295149508	NA	NA	1.55448093264547	NA	NA	NA	NA	NA	NA	NA	NA	NA	1.11329177924136	NA	NA	1.02698234688205	NA	0.542400389094365	0.688497424603032	0.797894512694564	NA	NA	0.387519343240992	0.981105113652516	NA	NA	0.429806743324505	NA	0.666727790567417	0.322136614939126	NA	NA	0.40408983785875	0.42538642471941	NA
NA	NA	NA	NA	NA	NA	NA	NA	NA	NA	NA	NA	NA	NA	NA	NA	NA	NA	NA	NA	NA	NA	NA	NA	NA	NA	NA	NA	NA	NA	NA	NA	NA	NA	NA	NA	NA	NA	NA	NA
NA	NA	NA	NA	NA	NA	NA	NA	NA	NA	NA	NA	NA	NA	NA	NA	NA	NA	NA	NA	NA	NA	NA	NA	NA	NA	NA	NA	NA	NA	NA	NA	NA	NA	NA	NA	NA	NA	NA	NA
0.724151491498862	0.660341690896317	1.20822666460039	0.748375034443962	2.18957054303061	NA	1.2199965997862	1.32671003206457	NA	1.04306147942856	1.60733897903474	NA	NA	1.6783095362059	1.55621972779893	1.32620252895108	1.61395788471507	1.79581403483813	NA	NA	1.49989257909075	0.820212340023767	1.10906566880775	1.212222909148	1.06851643597308	1.12291047912198	0.834771020419385	0.786163147410685	0.656980212225579	NA	0.792064474377794	0.356388835557743	NA	0.624466097455673	0.612416798884188	0.919452332458279	NA	0.377575396620531	0.624232899103854	0.834761122653326
NA	NA	NA	0.474478455461708	NA	0.71636012784256	0.784559615058413	0.959459397915343	0.940558032567873	NA	NA	NA	NA	0.936741661105656	1.09263316285833	NA	0.505688213598386	0.67063005052047	1.67158036513403	0.554649957648295	0.983078762198719	1.13653320283024	NA	NA	NA	NA	NA	NA	NA	NA	NA	0.917405758271328	NA	NA	1.29617757577113	NA	NA	NA	NA	NA
NA	NA	NA	NA	NA	NA	NA	NA	NA	NA	NA	NA	NA	NA	NA	NA	NA	NA	NA	NA	NA	NA	NA	NA	NA	NA	NA	NA	NA	NA	NA	NA	NA	NA	NA	NA	NA	NA	NA	NA
NA	NA	NA	NA	NA	NA	NA	NA	NA	NA	NA	NA	NA	NA	NA	NA	NA	NA	NA	NA	NA	NA	NA	NA	NA	NA	NA	NA	NA	NA	NA	NA	NA	NA	NA	NA	NA	NA	NA	NA
NA	NA	NA	NA	NA	NA	NA	NA	NA	NA	NA	NA	NA	NA	NA	NA	NA	NA	NA	NA	NA	NA	NA	NA	NA	NA	NA	NA	NA	NA	NA	NA	NA	NA	NA	NA	NA	NA	NA	NA
0.479115751839352	1.07493781253262	0.784950291650516	2.00801461499583	0.712624935491586	0.332859308320656	NA	0.527628621602557	NA	NA	NA	0.976844554143635	0.846262772172254	0.704053477829365	0.387573260346282	NA	1.18382242848064	1.27565190117092	1.20506811947104	0.250118145913783	1.67107007809161	0.754654118033092	0.708677570378772	1.0649162630796	0.946745201837496	NA	NA	NA	0.33740647150632	0.278563793247116	0.115619922644539	0.282089673357356	0.105779802132704	1.17664672498844	0.214221093309055	0.327906050078631	NA	0.91450955340115	0.638548534922111	0.297552162825908
NA	1.65727349757279	1.57752539676995	NA	NA	NA	1.42473315793429	1.2158492695635	1.50639897146749	1.61533419935075	NA	NA	NA	1.46952920474984	1.64166604800184	1.86083358050892	NA	1.62231480938613	NA	NA	NA	0.459857811943655	NA	NA	0.54300815306091	0.624118805521509	NA	0.778084062930939	NA	0.761954512994031	0.607234269257413	1.20342618200837	NA	NA	NA	NA	NA	NA	NA	NA
NA	NA	NA	NA	NA	NA	NA	NA	NA	NA	NA	NA	NA	NA	NA	NA	NA	NA	NA	NA	NA	NA	NA	NA	NA	NA	NA	NA	NA	NA	NA	NA	NA	NA	NA	NA	NA	NA	NA	NA
1.12032802911437	1.97482898626364	1.44542533812852	NA	1.69070569681518	1.595459582062	1.68470896708287	0.974124961743006	1.47270967875986	1.71626639904331	1.58667134622389	1.06496405980556	1.12184790517919	1.24110873639732	1.65063730672756	1.58937158450662	1.15441556092535	NA	1.38039243527721	1.50288282575905	1.00210431241968	1.69087414803929	1.29944187854022	1.14511943093073	0.524626438772573	0.526603776800001	NA	NA	1.9058403580031	1.92245143272858	NA	1.51127908048213	NA	NA	NA	NA	NA	NA	NA	NA
NA	1.02174100768297	NA	0.898535558256138	0.680985676794925	NA	NA	1.42511584711466	NA	1.32132425346907	0.829283304938194	NA	1.08535336607463	NA	NA	NA	0.103707263347261	0.499308763689148	NA	NA	NA	NA	NA	0.768121977360422	0.889874756187248	NA	0.902544568835863	0.578101977815473	NA	0.367428736583771	1.0788960887878	NA	NA	0.833568934720441	0.560021246360039	1.03394646473367	NA	0.863970104811039	0.436661554568445	NA
NA	NA	NA	NA	NA	1.75318015919246	1.3863169919584	1.30856384677523	NA	1.55092550668489	1.59535543617127	1.8719586779822	NA	NA	NA	NA	1.64359946465485	1.67831295831721	NA	1.24148078334885	1.40768859140204	NA	NA	NA	NA	NA	1.21449347825924	1.32651217895531	0.957462365340776	NA	NA	0.835690809769063	NA	0.466452794920062	0.344591457373749	0.362151928506641	NA	0.594731702436866	0.228530335223836	0.265006019001902
NA	0.971329546816004	1.45892074280024	1.13499546321648	NA	1.47162656887383	0.785616480477858	1.76590911571292	1.91298840275609	1.73110479641198	1.92537722036981	1.20021814497433	1.05487170646236	1.37708391306231	0.861004933591015	NA	0.963898607768159	1.45183730060276	2.03769366072715	0.990968102512284	1.85693685292712	1.30693035537737	1.05947541946646	1.68999803053007	2.70238250863603	0.748572125008971	0.891281472852215	1.30703313683042	0.849651582163831	NA	0.274927077320692	0.407186259862052	0.689171778876343	0.496438420643705	0.213523767225051	0.857712369651269	NA	NA	0.447627174225652	NA
0.995494670946853	1.95491651417612	NA	NA	NA	1.21589172652817	1.40635332292051	1.36098479886378	1.22484522358067	1.21484879919739	0.989875703477327	1.3863747498547	NA	1.69708636372869	1.55080365430729	1.81818212953159	1.53017518570044	1.60963354133016	1.79524890183964	1.65878771098616	NA	0.676395012824337	0.996460728649165	0.928793112534592	0.808838164403929	0.798641286045347	0.571345588566106	NA	0.472198842403444	NA	NA	NA	0.388434572356763	0.57511440599001	NA	0.814797819772684	NA	NA	0.552482043711169	0.953271224026838
0.286514664198667	0.715764941904362	0.602384490942826	0.892399948014621	0.803438376539991	1.12379037260776	1.47241895573306	1.50460587593554	1.77933853615671	1.00061212880195	1.8644867311291	1.65972511072083	2.10285948208195	1.66082242729245	1.62831494187251	NA	1.91363270793861	1.96028766263307	1.37098015390177	NA	NA	NA	0.531769369339282	NA	NA	0.930926105791543	NA	NA	NA	0.873536286136879	NA	NA	1.37648448784668	NA	NA	NA	NA	0.477690451193509	1.11325307056864	NA
NA	NA	NA	0.989094773803583	NA	NA	NA	NA	1.50917061706615	NA	NA	1.23406910881649	1.35226678329071	1.02021361933732	NA	1.06707279569407	1.09809831541639	1.09965286373944	NA	1.34151586047445	0.812465883730986	1.23992121407612	0.552903682620374	0.654090813092474	1.04832669355745	1.11274154445467	NA	1.20451434162178	NA	1.39335136356899	NA	0.469039699071444	0.340769010531323	0.380957102828296	0.241928162935676	0.22992693347147	NA	0.873855285864913	1.54249715272257	0.730559967835242
NA	NA	NA	NA	NA	NA	NA	NA	NA	NA	NA	NA	NA	NA	NA	NA	NA	NA	NA	NA	NA	NA	NA	NA	NA	NA	NA	NA	NA	NA	NA	NA	NA	NA	NA	NA	NA	NA	NA	NA
NA	0.771264651088306	NA	0.594295590561717	NA	NA	1.4844484841847	1.73748020527414	1.93015808486114	2.28756873601775	2.06688581355032	NA	2.66461103945453	2.49194910858663	NA	1.71797491232126	1.99876537217025	1.57001286094403	0.915474398143502	1.3672907240824	NA	NA	NA	0.710322275478494	0.46901734086908	NA	NA	0.384173514344635	NA	NA	0.735715710870922	NA	1.15775332525193	0.910309217168598	0.946692459671978	1.07083025555188	NA	0.76231618900481	NA	NA
NA	NA	NA	NA	NA	1.50671149771439	1.22257918269131	NA	NA	1.92876928428769	NA	NA	NA	NA	NA	NA	0.340802494340222	NA	NA	NA	0.875660432490896	NA	NA	0.790242290442131	NA	NA	0.395752845322365	NA	0.271481290353176	0.498409368636669	NA	NA	0.462204510390253	NA	0.283973844022879	NA	NA	NA	0.434490603623694	0.788459847489532
0.931965155983913	NA	NA	NA	NA	0.605580071439106	0.493127726994094	0.670567622140176	0.796064995103461	0.815735097600536	1.07753053914835	0.916570612385805	0.804567949727139	0.8959572789479	0.881432731364697	1.26553366285799	1.2396743119835	1.08837613715979	0.870313572677353	1.08146165941048	NA	0.510189558118143	NA	0.60367479685607	NA	NA	NA	1.59380126249114	NA	1.24210629760535	NA	NA	NA	NA	0.676281281733642	0.849689925629895	NA	0.417899984383581	0.563622722526507	0.810985506168703
NA	NA	NA	NA	NA	NA	NA	NA	NA	NA	NA	NA	NA	NA	NA	NA	NA	NA	NA	NA	NA	NA	NA	NA	NA	NA	NA	NA	NA	NA	NA	NA	NA	NA	NA	NA	NA	NA	NA	NA
NA	NA	NA	NA	NA	NA	NA	NA	NA	NA	NA	NA	NA	NA	NA	NA	NA	NA	NA	NA	NA	NA	NA	NA	NA	NA	NA	NA	NA	NA	NA	NA	NA	NA	NA	NA	NA	NA	NA	NA
0.817974998995604	NA	NA	0.609852166072777	0.851942814700971	NA	1.57170672221579	NA	1.14301933326156	NA	NA	1.82326166001748	NA	NA	1.59673206506327	1.89337304927214	2.07238272725977	1.63417614252281	1.20714428285158	NA	0.894111631635889	NA	NA	NA	NA	NA	NA	NA	NA	0.149151951907074	NA	NA	0.56699304561262	NA	NA	NA	NA	0.216991966592656	0.425816926985912	0.65975630182206
1.71944468480651	NA	1.70471657316256	0.758315947287651	1.87301770492675	1.14899501549512	1.15292202477666	0.65226648087432	0.703591374710188	2.38200803970726	NA	NA	0.793033932019562	1.12323592664418	NA	NA	1.29103819936946	NA	NA	0.614115610548637	NA	0.978527469448694	1.40590150823683	0.863734774032086	0.982657346404944	NA	0.422658543775632	1.05380507869284	0.663690492651361	0.589871968301805	0.171804253663173	0.811221825913049	1.08573652336175	1.20766771583977	0.562422353398774	0.256901944975931	NA	0.59789013018692	0.927652775334032	NA
NA	NA	NA	NA	NA	NA	NA	NA	NA	NA	NA	NA	NA	NA	NA	NA	NA	NA	NA	NA	NA	NA	NA	NA	NA	NA	NA	NA	NA	NA	NA	NA	NA	NA	NA	NA	NA	NA	NA	NA
NA	NA	NA	NA	NA	NA	1.16733123880605	NA	NA	1.13563067882966	NA	NA	NA	NA	1.31134714821891	NA	NA	0.815556802347522	NA	0.776541340584205	NA	NA	0.58371674313519	NA	NA	NA	NA	NA	0.562303965800829	NA	NA	0.876393131464919	0.688213797451623	0.546727075058438	0.588925731192155	0.366063298337787	NA	0.393172351813113	0.676249859177062	0.47425175788258
NA	0.668359689455716	NA	NA	NA	0.60142122853914	0.952087409075671	0.642674779810035	1.01287185909374	0.585754280143095	NA	0.73050587112262	0.939200831365311	NA	1.07777418239833	1.0228689195555	1.31893871233516	1.15016200310728	NA	0.954108505628283	0.552167552543767	NA	0.363622855321515	NA	NA	NA	NA	NA	NA	NA	NA	0.275936643084815	NA	NA	NA	NA	NA	0.336219656290372	NA	NA
NA	NA	NA	NA	NA	NA	NA	NA	NA	NA	NA	NA	NA	NA	NA	NA	NA	NA	NA	NA	NA	NA	NA	NA	NA	NA	NA	NA	NA	NA	NA	NA	NA	NA	NA	NA	NA	NA	NA	NA
NA	NA	NA	NA	NA	NA	NA	NA	NA	NA	NA	NA	NA	NA	NA	NA	NA	NA	NA	NA	NA	NA	NA	NA	NA	NA	NA	NA	NA	NA	NA	NA	NA	NA	NA	NA	NA	NA	NA	NA
NA	NA	0.43715659881203	1.49547250520966	1.01335621285828	0.97858298156376	NA	1.27303635017398	1.08163639250972	NA	NA	1.41216260862243	NA	1.56898149894658	2.01024707771113	NA	2.09597767384769	1.59654690633438	NA	NA	0.489851553646789	1.00510980860357	0.778541500494035	0.501418305235477	0.937851578015408	0.729195525556624	NA	1.37739697491754	1.1485812994687	1.10078364262081	NA	0.558564810520985	0.562441206055578	0.490974199489574	NA	NA	NA	0.349344590605268	0.436931537780732	NA
NA	1.34119317990907	NA	NA	1.90614600535242	1.82117853437391	2.21183270027907	NA	1.42950063559031	1.68446612880123	NA	1.87733959609654	NA	NA	1.52665438412777	NA	NA	1.80313099920062	2.66006927345372	NA	0.869159973895013	0.507716249817935	1.06346489507978	2.31310531552437	1.95431667276524	0.866096765363354	NA	NA	0.544608919767124	NA	NA	NA	0.163712956852244	0.402549651614096	1.9840266115855	0.215694824904937	NA	0.586189753304454	0.508553558611049	1.37432385057157
NA	NA	NA	NA	NA	NA	NA	NA	NA	NA	NA	NA	NA	NA	NA	NA	NA	NA	NA	NA	NA	NA	NA	NA	NA	NA	NA	NA	NA	NA	NA	NA	NA	NA	NA	NA	NA	NA	NA	NA
NA	NA	NA	NA	NA	NA	NA	NA	NA	NA	NA	NA	NA	NA	NA	NA	NA	NA	NA	NA	NA	NA	NA	NA	NA	NA	NA	NA	NA	NA	NA	NA	NA	NA	NA	NA	NA	NA	NA	NA
0.189181681539944	NA	0.625692049195072	0.979047849963065	NA	0.902200845489942	0.760249349281054	1.02391745387679	1.2962479762287	NA	NA	1.20244788777668	NA	1.21653132543133	NA	NA	1.53051038565167	NA	NA	0.807954413718082	0.942964189400392	NA	0.719170058776532	NA	0.591163428320979	0.415938622640815	0.745200017990504	NA	0.741354940626466	0.818543123723092	NA	NA	0.516889721029578	NA	NA	0.492542211206309	NA	NA	0.585510685774408	NA
NA	NA	NA	NA	NA	NA	NA	NA	NA	NA	NA	NA	NA	NA	NA	NA	NA	NA	NA	NA	NA	NA	NA	NA	NA	NA	NA	NA	NA	NA	NA	NA	NA	NA	NA	NA	NA	NA	NA	NA
NA	NA	NA	NA	NA	NA	NA	NA	NA	NA	NA	NA	NA	NA	NA	NA	NA	NA	NA	NA	NA	NA	NA	NA	NA	NA	NA	NA	NA	NA	NA	NA	NA	NA	NA	NA	NA	NA	NA	NA
NA	NA	NA	NA	NA	NA	NA	NA	NA	NA	NA	NA	NA	NA	NA	NA	NA	NA	NA	NA	NA	NA	NA	NA	NA	NA	NA	NA	NA	NA	NA	NA	NA	NA	NA	NA	NA	NA	NA	NA
0.544193158019106	NA	NA	1.15702697197601	NA	1.12089326507289	1.31095193000149	NA	NA	NA	1.36904452512594	NA	NA	1.25511743597047	NA	NA	NA	0.854770875965804	0.975333587363035	0.776730736290796	0.624336187553277	0.387409077098773	0.456774520751321	NA	NA	NA	NA	NA	NA	NA	NA	NA	NA	NA	0.586079237542337	NA	NA	0.493256722317166	0.575838566337548	NA
1.7010804196327	NA	NA	NA	1.89703546745439	2.14563512519292	NA	1.83465937571682	1.79478669483524	1.84025146926359	2.02808728361261	2.05301479468922	2.15328958870243	NA	2.58437301645978	2.40004691759464	NA	1.92972623250836	1.94635729459445	2.12971953863387	2.70560423418441	1.46932456469461	1.92276146181025	NA	NA	NA	NA	1.67228470831902	1.04195653802389	NA	0.655075821180262	0.95233733384739	1.13780775783328	NA	NA	NA	NA	0.387570558976745	0.583085250795654	0.679107029965771
NA	NA	NA	NA	NA	0.263600391778539	0.481993229139665	0.604391248978079	NA	NA	1.16149954662897	NA	NA	NA	NA	NA	1.19932055653192	1.17071650756223	NA	NA	0.630185714999522	NA	NA	NA	0.398646456172704	NA	NA	0.514959159474136	0.878529119258885	NA	1.05870290478455	NA	0.534370488544194	NA	0.340547302456236	0.73805068227663	NA	0.201123362366241	NA	NA
NA	0.535575972287606	NA	0.553950121849316	0.902452174210755	NA	NA	NA	0.888397473773274	1.50329895507802	NA	1.6765968500008	NA	NA	1.34563160568743	NA	NA	NA	NA	NA	NA	0.793630410246802	NA	NA	NA	NA	NA	NA	NA	NA	NA	NA	0.650211619679285	0.624601375156608	NA	NA	NA	0.877859830842018	0.768657151660487	NA
NA	NA	NA	NA	NA	NA	NA	NA	NA	NA	NA	NA	NA	NA	NA	NA	NA	NA	NA	NA	NA	NA	NA	NA	NA	NA	NA	NA	NA	NA	NA	NA	NA	NA	NA	NA	NA	NA	NA	NA
1.37043357885187	1.11714639547826	NA	0.954920128689913	NA	0.871144116147024	0.779480239862689	NA	NA	NA	1.91793824326143	NA	NA	1.89551062939173	NA	NA	1.74076044615598	1.48966384074991	1.33615547481069	1.11920090212112	0.950570272355627	NA	0.97123703607552	0.758337464147591	0.92955958859765	0.817280505407241	0.525055970718545	0.527933664113788	0.333733606428458	0.720909175063378	0.439069050126014	0.331089458655535	0.589296723934823	0.311804113700959	0.527506555689429	0.304122439847601	NA	0.396513443288714	0.109155357476286	0.218436325092819
1.60276605027556	1.79178939912961	1.43204014383964	NA	1.18352121503795	NA	NA	0.47557311752434	0.37895204947306	1.32039217670648	1.04298057523031	NA	NA	0.63261548641659	NA	0.560633594948433	0.929001746787296	NA	NA	NA	0.787843995343917	0.937666832491594	NA	NA	0.637678801359634	NA	0.919126051241885	0.917319950252887	NA	NA	NA	0.39116186909459	NA	NA	1.09590572733116	NA	NA	1.83310017043331	0.746363045842794	0.629202629768329
NA	NA	1.27984760011255	0.800524118745675	NA	NA	NA	NA	NA	NA	NA	NA	1.01517606351602	0.984104229372887	0.937066818700442	NA	NA	0.670095285306807	NA	NA	0.583483716686657	0.44378925335393	0.542468273799212	0.522781489781625	NA	0.514503753296529	0.581497172787286	0.33720651376061	0.147584163759279	0.313978256241856	NA	0.403936166000389	0.860514893501806	0.41114499263644	0.645616871130479	NA	NA	0.164134309383967	0.446471749145244	NA
NA	NA	NA	NA	NA	NA	NA	NA	NA	NA	NA	NA	NA	NA	NA	NA	NA	NA	NA	NA	NA	NA	NA	NA	NA	NA	NA	NA	NA	NA	NA	NA	NA	NA	NA	NA	NA	NA	NA	NA
0.858667412602694	0.68521290199019	0.836400125170768	1.12528848643313	NA	0.809754771609312	0.620804370218104	0.652478133352225	0.838666650158764	0.995082361850527	NA	1.0272298358514	1.36278701023269	1.28183373683498	1.03816491534219	0.915060403887125	NA	NA	NA	0.62697119531642	0.460611628519339	0.916281484145474	0.725029212419285	0.719556484052188	0.82400850044682	0.640422183922064	NA	0.677763624613631	0.304285486029947	0.370747324746539	0.798206670410823	0.49454641351804	0.747239713228696	NA	0.457801358825231	0.126402729470454	NA	0.300132333273056	0.248143521112377	0.233675741712768
NA	NA	NA	NA	NA	NA	NA	NA	NA	NA	NA	NA	NA	NA	NA	NA	NA	NA	NA	NA	NA	NA	NA	NA	NA	NA	NA	NA	NA	NA	NA	NA	NA	NA	NA	NA	NA	NA	NA	NA
0.59675295097175	0.446289488780353	1.11694262425915	0.541207179542497	0.767693216102068	0.802199988187769	0.524663458069787	0.228558840222713	0.311091745174212	0.556630098679255	0.383540941151403	0.429697337413273	NA	0.632571752015042	0.93755109926538	1.20464157910885	0.264119571929488	0.2960086915958	0.702262466730179	0.41023226053624	0.567149307947845	0.500138984493388	1.01333992760199	0.590985627948106	0.688097121930086	1.11754921872463	NA	1.00076003204499	0.708610718098294	NA	NA	NA	1.16893401625175	0.624310530674333	0.813969173637989	NA	NA	0.585489878864004	0.475904715356904	NA
NA	NA	NA	NA	NA	NA	NA	NA	NA	NA	NA	NA	NA	NA	NA	NA	NA	NA	NA	NA	NA	NA	NA	NA	NA	NA	NA	NA	NA	NA	NA	NA	NA	NA	NA	NA	NA	NA	NA	NA
0.865316035906263	NA	NA	1.40185352654711	0.892089683450749	NA	0.921202270784181	0.653390715198999	NA	NA	0.929881544443839	0.58228997155761	NA	0.826231276405041	1.6664656435571	0.444392141652427	0.559004322247085	NA	NA	0.661089560679941	1.93556673907334	NA	0.772884822695252	1.08141513387462	1.14036391956355	1.32155776719891	NA	0.874807171240647	1.01332321963023	1.12089039023556	NA	0.560988508851864	0.92121370757474	NA	0.746995464758434	NA	NA	0.624824519694739	0.358484749617773	NA
NA	NA	NA	NA	0.660283561690101	NA	1.26953265950407	NA	1.32967531614097	1.20508429068829	NA	0.573937974866474	0.656688604546701	NA	1.63674054631454	NA	1.18637769931747	NA	1.51208615905573	1.25485617004508	1.56321089195446	0.877443393350787	NA	1.72670461554706	NA	1.53537229380015	NA	1.63055073366331	0.501900197671348	1.2456619144524	1.40604970223594	1.58585316957447	1.15958907162594	0.641328685810786	1.22861343612945	1.43208757220127	NA	0.662435187367334	0.385942050942308	0.721714824502385
NA	1.43988046403699	1.17835637218135	1.01150987020211	1.98609298407345	NA	1.85428535463256	NA	1.80917846107703	1.71485114138857	1.43937772546731	1.5073967936774	1.51250900656331	1.52730003751706	1.66388998043645	1.1705944508587	0.924003066016766	1.61804672860398	NA	1.34561459833456	1.30225490361542	1.07250508070456	1.75275449021202	0.61935895889741	0.648283840471281	1.82983793040104	0.878512529144149	1.82440664896483	0.434996996521855	1.54996785706993	1.27720511470772	1.56503441544826	1.90700475656541	1.69397523871502	1.40019212746241	1.57904970888001	NA	0.737627440369625	0.899608391177287	0.655751467461698
NA	NA	0.521386178149072	NA	NA	0.730163458069477	NA	1.04633530072715	0.997280771132965	0.949064012695679	0.945394069529906	0.688396032902996	NA	0.825792310265089	0.547994577243307	0.827602578081897	NA	0.605091370915524	0.306680494869516	0.501284058871733	NA	0.862173901470649	0.667099107156674	0.645245128259058	NA	NA	0.85086881853289	NA	NA	NA	NA	NA	1.17616914619067	NA	NA	NA	NA	0.319036320235781	0.178566508262601	NA
1.01747583234986	1.4404203532992	1.31128102920582	0.88242081322069	1.061573033624	1.52504948310721	NA	1.50056128078202	0.702860417152224	1.16089599506305	1.78917920399364	1.07594389342389	NA	NA	1.56419655868611	NA	1.34620532492968	1.56587887970119	NA	1.1394299486767	0.655841501626555	0.875631416376603	0.752136512518425	0.583663046211025	NA	1.08526128568521	NA	1.04918152495227	1.11370628115696	1.31067727559605	1.0122425323564	1.4330649653136	1.59407432893007	0.818818101908549	NA	NA	NA	0.987688928568532	0.91103661958993	1.01061565632031
NA	1.14657897116742	NA	NA	NA	1.64266684093681	NA	NA	NA	NA	NA	1.83814810310102	NA	1.56572940137046	1.58177539420568	1.14879520081374	1.18389929320025	NA	1.38733816038503	NA	NA	1.45297154807206	1.4711839494599	NA	1.29465523125977	NA	NA	NA	NA	NA	0.597567037602636	0.43059862942493	0.447191211570356	0.514189049928989	NA	0.660538361739819	NA	1.10729861450032	NA	NA
NA	NA	NA	NA	NA	NA	NA	NA	NA	NA	NA	NA	NA	NA	NA	NA	NA	NA	NA	NA	NA	NA	NA	NA	NA	NA	NA	NA	NA	NA	NA	NA	NA	NA	NA	NA	NA	NA	NA	NA
1.46421032217881	0.976689093323081	1.34396443192236	NA	NA	1.56158302012263	NA	NA	NA	NA	NA	1.4475515491419	1.70955362668121	1.43934167630074	1.44358738385615	1.4411141227979	1.34266300197433	1.33968580546434	1.5230253720247	NA	NA	1.1866924791575	1.24785941896117	1.08442513857822	1.13095166580262	1.24096673925508	0.85059156589703	2.14422568859474	0.646322413725383	0.500770919875322	0.378139569742388	0.267567540916847	0.448906611054936	0.362102196093017	0.220898658433111	NA	NA	NA	0.422724238687524	0.443335603857111
1.12741976564217	NA	NA	0.770188185610858	NA	0.777771867748459	NA	NA	0.70988223174862	NA	1.08012236019998	0.942028031492144	1.6278912022498	0.738476981177304	0.922887175023628	1.65388180721454	0.440333789027112	NA	0.41683386724237	0.587526679863918	NA	0.5369351689053	0.580827215606668	1.05079645288143	NA	NA	1.40487388112338	0.83635611448612	0.941126964000112	0.360939890175097	NA	0.493133155626707	0.0577798944157619	0.578021433657199	NA	0.691386552822084	NA	NA	NA	0.744690529641314
1.30537505535106	NA	1.2421585002741	1.99883519624262	1.32011709952096	NA	NA	NA	1.60042364919159	2.01300362609782	NA	1.71067294186854	NA	1.70181021947425	1.64033766346633	NA	1.90909238410966	NA	NA	0.243709825261393	0.703643999659905	1.282168411003	1.16407397091471	NA	1.43030752370657	1.12210686909957	NA	NA	0.71325594003387	NA	2.30682310198687	1.58159515831758	NA	NA	NA	NA	NA	2.0530095980631	2.19893515268531	NA
NA	NA	NA	NA	NA	NA	NA	2.20446367933073	2.29719393718322	2.31817370946622	2.19952483562259	NA	2.46336239372785	2.36184941802893	NA	2.30650617867975	2.2373943307055	2.19077738004447	2.01909263796482	1.88743225936048	2.31407376941446	2.13847957779514	NA	NA	2.08615780174823	1.96050830016135	1.79186734341137	1.61042314225381	1.81053431178716	1.7238124321468	NA	2.18145422663633	1.53411709664477	1.43287620781495	1.29257716178573	NA	NA	1.47703987892764	0.997142338572055	1.24224897034604
NA	NA	NA	NA	NA	NA	NA	NA	NA	NA	NA	NA	NA	NA	NA	NA	NA	NA	NA	NA	NA	NA	NA	NA	NA	NA	NA	NA	NA	NA	NA	NA	NA	NA	NA	NA	NA	NA	NA	NA
NA	NA	NA	NA	NA	NA	NA	NA	NA	NA	NA	NA	NA	NA	NA	NA	NA	NA	NA	NA	NA	NA	NA	NA	NA	NA	NA	NA	NA	NA	NA	NA	NA	NA	NA	NA	NA	NA	NA	NA
NA	1.77885218978407	NA	NA	NA	1.25773206848339	NA	NA	NA	NA	NA	1.60055250402099	NA	NA	1.46263658251452	NA	NA	NA	NA	1.10966129844217	0.492397886068656	NA	0.839298011644566	0.495869780303166	0.502103911815987	NA	NA	NA	NA	NA	0.351718716656858	0.330833601816156	NA	0.68115091459618	NA	NA	NA	0.602717721403414	0.300238863495309	0.891572184400599
NA	NA	NA	NA	NA	NA	NA	NA	NA	NA	NA	NA	NA	NA	NA	NA	NA	NA	NA	NA	NA	NA	NA	NA	NA	NA	NA	NA	NA	NA	NA	NA	NA	NA	NA	NA	NA	NA	NA	NA
NA	NA	NA	NA	2.9040398389294	NA	2.11499966048552	NA	NA	NA	2.35720953626399	NA	NA	NA	1.62871806282121	1.29878571355353	NA	1.51802554267378	NA	NA	NA	2.77622534125057	1.63295170682638	1.47921454904882	1.14459821196474	1.2794721645121	1.49730865472432	NA	NA	1.02385760147179	NA	NA	NA	0.632943616013964	NA	NA	NA	0.538625789711238	0.870037316818015	NA
NA	NA	NA	NA	NA	NA	NA	NA	NA	NA	NA	NA	NA	NA	NA	NA	NA	NA	NA	NA	NA	NA	NA	NA	NA	NA	NA	NA	NA	NA	NA	NA	NA	NA	NA	NA	NA	NA	NA	NA
NA	NA	NA	NA	NA	NA	1.36723815664448	1.37130521652553	1.39170619876797	2.03676100780392	2.043576599631	1.69339883799511	1.60246000563921	NA	NA	1.85996816412894	NA	1.40862245774322	1.4876861006997	NA	NA	1.2468399405831	0.70768511941495	NA	0.663598019112523	0.535009634182874	0.682129148827615	0.693778707281699	NA	NA	NA	NA	0.361899376163939	NA	0.214215663443444	0.544660114509469	NA	NA	NA	0.228270257352343
2.08932020941788	1.33335739029607	1.35991954823171	1.67264940397136	NA	2.20241291826343	NA	NA	1.119182253518	2.16720454887951	NA	1.98561875983526	NA	1.76573366597713	1.7787681007709	1.43404170610509	1.27486040043804	1.51802142884684	NA	NA	1.53192588779963	1.54816642598964	1.48174943188025	1.37096296078008	NA	NA	NA	0.573230417020068	NA	NA	0.661875774696599	0.730161959780843	NA	0.598956676556128	NA	NA	NA	NA	0.744417150155355	0.847877579543528
NA	NA	NA	NA	NA	1.36502296824851	NA	2.33441484448465	1.53158854550682	NA	NA	1.65300263208816	2.04530772969957	1.12961891642233	1.25280519163631	0.217533319815228	1.17052294408829	2.12852123710608	NA	1.06462080792682	1.59002799393935	1.42412017398262	2.26704009448204	NA	0.532878781082639	0.27323437283355	NA	0.655162861030647	NA	0.563418187152283	NA	1.4795488511734	NA	NA	1.9705114096294	0.371602343328253	NA	2.50661147809165	NA	NA
NA	NA	NA	NA	NA	NA	NA	NA	NA	NA	NA	NA	NA	NA	NA	NA	NA	NA	NA	NA	NA	NA	NA	NA	NA	NA	NA	NA	NA	NA	NA	NA	NA	NA	NA	NA	NA	NA	NA	NA
NA	NA	NA	NA	NA	1.22300601812489	1.21771087222501	1.15881093585418	1.04978395200405	NA	NA	1.04274450439932	NA	1.0613136821398	0.904162481210953	1.20938231912506	0.780327306463003	1.07864623506412	NA	NA	0.742358303390178	0.843609983405386	0.931602089010048	NA	0.684653499245677	0.674312642405256	0.368536554254902	NA	NA	NA	NA	NA	0.695530075714533	NA	0.388373335540484	NA	NA	0.375408288957196	0.476210595238328	0.5854376239104
NA	NA	NA	0.1942310053886	NA	0.292274196186002	0.374144291157397	0.14072968412228	0.356877532548749	0.258393094299451	1.17946364141193	0.57454862355959	0.452644699195792	0.734538711868801	0.705966590842623	0.577379195224668	1.04029352298232	NA	NA	0.556162562626639	0.500121574891225	NA	NA	0.990173912550211	NA	0.464161416697849	NA	NA	0.550410127759292	NA	0.452188378692341	0.209949188706847	NA	0.259651463725622	0.208229777573819	0.669126617484708	NA	NA	NA	0.679852073319685
1.07843269417193	1.19468140560744	1.07878125309274	NA	0.654446918505419	0.371435053620167	NA	NA	NA	NA	NA	0.70128354745019	NA	0.652246603212352	0.861832074857147	1.24075586615668	1.12310986265185	1.44729304271864	NA	0.578983772404761	0.868460797931078	1.14872646521625	0.421531701798425	NA	0.448150788230018	1.42522168187483	1.86919854113313	NA	NA	NA	NA	0.325268711337817	0.821102123743155	0.656457615167589	0.171667661766557	NA	NA	0.30318497430143	NA	0.226032398139279
0.878368722053423	0.417649852724689	0.393667327035423	0.521601831895048	NA	NA	NA	0.590225824641003	NA	NA	0.572633007196888	0.480900727798065	NA	NA	0.0715350568997345	NA	NA	NA	0.132824840853916	0.609343610167525	1.0373331302364	0.979866957967254	NA	0.617179665528218	0.35402338717601	0.623157560539615	NA	1.00268698669935	2.21315824455454	NA	0.340658513172244	0.585032343708399	0.449765378491848	NA	0.361096388015458	NA	NA	0.437866872316733	1.48996069979038	NA
0.827407448683006	0.558233454773458	NA	0.36594955893915	NA	NA	NA	1.6870955727607	1.0996964120128	0.798564042390634	0.659595783142817	NA	NA	0.690773191590855	0.728244669660163	0.89279868069779	0.65820154464316	NA	NA	0.235728356632982	0.540460511597598	NA	NA	1.11360067136463	1.30628914483376	NA	NA	NA	0.954792945900013	NA	NA	NA	NA	0.970456716458935	NA	NA	NA	0.724749442988007	0.859535665389754	0.936203080220523
NA	NA	NA	NA	NA	NA	NA	NA	NA	NA	NA	NA	NA	NA	NA	NA	NA	NA	NA	NA	NA	NA	NA	NA	NA	NA	NA	NA	NA	NA	NA	NA	NA	NA	NA	NA	NA	NA	NA	NA
NA	NA	NA	NA	NA	NA	NA	NA	NA	NA	NA	NA	NA	NA	NA	NA	NA	NA	NA	NA	NA	NA	NA	NA	NA	NA	NA	NA	NA	NA	NA	NA	NA	NA	NA	NA	NA	NA	NA	NA
0.459364057013112	2.53093052753716	NA	NA	NA	1.16251160508317	NA	NA	0.873229994726967	1.18716939206727	NA	2.04285516212311	2.87097454653175	1.2171210086315	NA	1.09999608723925	1.57077640146787	NA	1.08051741630727	NA	NA	NA	NA	NA	1.03083073515829	1.04940337868756	2.23227351933431	NA	NA	0.260794727655724	0.778021622981318	0.783213409778434	NA	0.496548433387418	NA	0.692135888147275	NA	0.745775353135831	1.18650338017332	0.837991371305217
NA	1.16577007364112	NA	NA	1.37327462760727	NA	0.649636721720701	1.14550385588611	0.737883307769717	0.600303301876701	0.915435160927334	NA	0.376026283227572	0.742768649512263	1.14945626042876	0.989467479862516	NA	1.41203369523545	0.515624436429306	1.23604185822009	0.772786119003137	0.546911044554237	0.510402794685442	0.791916114184375	0.516007277729106	NA	0.75573365869672	1.32658793329919	0.629840108484625	0.691748749834793	0.704308629944215	0.230201712084428	0.234451393164768	0.24750439379245	0.553496834241681	0.262900073969407	NA	0.259965789838306	0.191383637891342	0.99955477506941
1.20500990500096	NA	NA	1.8298032401667	1.67459243787617	1.76720247365541	1.46720420619407	NA	NA	0.930097865274812	0.864390681611699	1.02269382597807	NA	NA	NA	1.1694938144453	0.978049316527633	NA	NA	0.925649427541112	0.424128167239888	NA	NA	0.606088246851529	0.562675184420036	NA	NA	NA	NA	0.411512373684711	NA	0.632414956793189	0.170347721914521	0.168632026518356	NA	0.623713880528775	NA	0.323947641707542	0.374413623454998	0.757989037621851
2.32736273890144	NA	NA	1.69182137925839	2.20478931695969	NA	NA	NA	NA	NA	NA	NA	NA	NA	NA	NA	NA	NA	NA	NA	1.71444710937774	0.867890065908705	1.11682596161686	NA	NA	NA	1.70157087693423	1.34368250830845	NA	NA	1.51000998089049	1.78532828801024	NA	NA	NA	0.615434076141907	NA	0.749944577805427	0.655639151950139	0.0710929577187525
NA	NA	NA	NA	NA	NA	NA	NA	NA	NA	NA	NA	NA	NA	NA	NA	NA	NA	NA	NA	NA	NA	NA	NA	NA	NA	NA	NA	NA	NA	NA	NA	NA	NA	NA	NA	NA	NA	NA	NA
0.391825124294103	1.60119702966431	0.516670731428681	NA	NA	2.12746859946877	3.12729183803539	0.629883438982302	NA	0.769908339445336	NA	0.640962325960063	1.57194129732459	0.528663707574869	0.468427116742445	NA	0.493343502100951	0.583378317534567	0.496953853219248	1.06274058420494	2.7289168620602	NA	0.927622138118271	0.979746140826494	0.831793643724817	1.39049059598826	1.03207419164522	1.02598792883437	1.25154294696126	1.5138271504511	NA	1.06213480313265	2.71215385742871	1.4474573834202	NA	1.63049259969909	NA	1.71557017106882	NA	2.37361158971246
NA	NA	NA	NA	NA	NA	NA	NA	NA	NA	NA	NA	NA	NA	NA	NA	NA	NA	NA	NA	NA	NA	NA	NA	NA	NA	NA	NA	NA	NA	NA	NA	NA	NA	NA	NA	NA	NA	NA	NA
NA	NA	NA	NA	NA	NA	NA	NA	NA	NA	NA	NA	NA	NA	NA	NA	NA	NA	NA	NA	NA	NA	NA	NA	NA	NA	NA	NA	NA	NA	NA	NA	NA	NA	NA	NA	NA	NA	NA	NA
1.73803560257796	2.34621630357065	NA	2.33021913555267	1.45844094326474	1.15210386782623	1.21437882849669	0.929100775794077	0.316137423724164	1.14152807025452	NA	1.21197550621487	0.340594616000837	0.642190538910247	NA	0.643072729205126	0.299602727336431	0.848028187701927	0.721094461739453	0.305353947947166	0.900338400885556	NA	0.84485045525477	1.32062940352928	0.274757876500659	1.09877896576157	0.493306946623444	1.59120300471196	NA	0.489312307070002	NA	0.286939589208845	0.393092419210268	1.05887927752649	0.546457336903725	1.9033257664183	NA	0.393508372529444	1.15369864435847	NA
NA	0.665459370747598	NA	0.289501941669407	NA	NA	1.00995246483133	0.461273951322715	0.250176643656875	0.857806020717103	0.901885143874597	0.661051929912387	NA	NA	1.04454987492373	0.522027804575133	0.501423525982914	0.651204540745453	0.164557700751042	NA	NA	0.535947416318746	NA	0.226969385147347	0.277746168423912	NA	NA	0.775304261848776	NA	0.795124006592871	0.857425908491367	0.852464906601651	NA	0.732976086014892	NA	NA	NA	0.747067273368867	0.441524381447385	NA
0.837693380967075	0.84584863562059	0.792127806277192	NA	0.941451069535246	NA	0.810714898688096	0.572269154206627	0.822296485530743	0.727679831084817	NA	NA	NA	0.790521852854782	1.02188550128453	NA	0.529245109826067	0.488831222477789	NA	NA	0.571105507087756	0.385194448966744	NA	0.525913788847722	0.522867881143036	NA	NA	1.29373764904781	0.558704220688812	NA	NA	0.47229250455958	0.611194532740054	0.345492711969547	NA	NA	NA	0.204524947170011	0.292348423928513	0.205246036705529
NA	NA	NA	NA	NA	NA	NA	NA	NA	NA	NA	NA	NA	NA	NA	NA	NA	NA	NA	NA	NA	NA	NA	NA	NA	NA	NA	NA	NA	NA	NA	NA	NA	NA	NA	NA	NA	NA	NA	NA
NA	NA	NA	0.581755968699351	NA	1.26478303439201	0.863023249125297	0.857038424175261	0.976375103654879	NA	1.35100479174528	1.51939136004981	1.01219757941475	1.65743723670868	1.86581106082965	NA	NA	1.21461219774446	NA	0.886068830961508	0.677029759486141	1.23509777106702	0.770244930266809	NA	0.592864376974596	0.184535644514878	0.577961914151581	0.435097649231536	1.49083309735212	0.41985916870649	1.31848369744223	0.868869435091963	1.03928246167471	0.647281143221983	1.05452834735792	1.25088391138037	NA	0.426878961261316	NA	0.785489056460376
NA	NA	NA	NA	NA	NA	NA	NA	NA	NA	NA	NA	NA	NA	NA	NA	NA	NA	NA	NA	NA	NA	NA	NA	NA	NA	NA	NA	NA	NA	NA	NA	NA	NA	NA	NA	NA	NA	NA	NA
NA	NA	NA	NA	NA	NA	NA	NA	NA	NA	NA	NA	NA	NA	NA	NA	NA	NA	NA	NA	NA	NA	NA	NA	NA	NA	NA	NA	NA	NA	NA	NA	NA	NA	NA	NA	NA	NA	NA	NA
1.1285882868138	NA	NA	NA	NA	NA	NA	NA	NA	NA	NA	NA	NA	NA	NA	NA	NA	NA	NA	1.78754716850689	1.24474994714873	1.15542456971224	0.557613872509448	0.471136441845521	0.882292916464	0.81190915457561	0.970018589702428	NA	NA	NA	1.11884261214165	0.748605155253267	0.538723292492153	0.502020953860072	0.296101251282173	NA	NA	0.407993253453181	0.65050678164227	0.507185324843185
NA	NA	NA	NA	NA	NA	NA	NA	0.843071120923012	0.987087984833132	1.10383957246497	NA	NA	NA	0.86570936226763	NA	NA	NA	NA	NA	0.802258684977863	0.960919750833689	NA	NA	NA	NA	NA	NA	0.830490486039417	0.61722129315245	0.611992699922568	NA	NA	NA	0.221221356849061	0.257331422143089	NA	0.250575943239212	0.24769667798106	0.517630163376345
NA	NA	0.493542822743452	NA	NA	NA	NA	0.625115990986632	NA	NA	NA	NA	NA	NA	NA	NA	NA	NA	NA	NA	NA	1.38599151318785	0.297785869982016	NA	NA	NA	1.02677100908318	NA	NA	NA	0.501672101697755	0.629069599968232	0.757483342730587	NA	1.09843121361701	0.348045250286521	NA	0.345471492350997	0.346282443927737	0.201573218593372
NA	NA	NA	NA	NA	NA	NA	NA	NA	NA	NA	NA	NA	NA	NA	NA	NA	NA	NA	NA	NA	NA	NA	NA	NA	NA	NA	NA	NA	NA	NA	NA	NA	NA	NA	NA	NA	NA	NA	NA
NA	NA	NA	NA	NA	NA	NA	NA	NA	NA	NA	NA	NA	NA	NA	NA	NA	NA	NA	NA	NA	NA	NA	NA	NA	NA	NA	NA	NA	NA	NA	NA	NA	NA	NA	NA	NA	NA	NA	NA
NA	NA	NA	NA	NA	NA	NA	NA	NA	2.10641523717929	2.17224663679949	NA	NA	1.65464715890796	1.56188405340576	1.75338083688101	1.35438946340137	1.76487712240386	NA	NA	0.555929628235135	NA	NA	NA	NA	NA	NA	NA	NA	NA	NA	0.241103725015332	NA	1.0322184308588	NA	NA	NA	NA	NA	NA
NA	NA	NA	NA	NA	NA	NA	NA	NA	0.954910781889096	1.28280476200067	NA	0.938682062340284	1.4834497746432	NA	NA	1.48061763754341	1.20015177532583	1.0761072634206	1.14430908522366	NA	0.617049549460565	0.940501811028101	NA	0.72027043217134	NA	0.824534412843581	0.978111314312381	1.04221133267069	0.839941987369379	0.997625200211699	NA	1.74809412696102	0.814155950779158	0.349780756851164	NA	NA	0.455310081222753	0.566955695040843	0.707141044090841
NA	NA	NA	NA	0.788849080403326	NA	1.00686771648237	NA	0.686569138346378	NA	NA	NA	NA	1.08828178810361	NA	NA	NA	NA	0.865659464592452	NA	NA	1.19836171189406	0.648382929102894	0.639399803108707	NA	0.802485599633926	0.576927044586215	NA	0.312757003771241	0.48510106427993	NA	NA	NA	NA	NA	NA	NA	NA	NA	0.126565310830583
NA	NA	NA	NA	NA	NA	NA	NA	0.458817965151753	NA	NA	NA	NA	NA	2.1572623798973	NA	1.96434823199493	1.79158859831941	NA	NA	NA	NA	NA	0.965604665400207	NA	1.82713539402663	1.96279611478696	NA	NA	NA	NA	0.81361990948922	NA	NA	1.80080361253341	1.66378315990442	NA	NA	1.16096563470054	1.3212151235217
NA	NA	NA	NA	NA	1.33533442099863	1.45462704708826	NA	0.823333961740647	1.44010957632805	NA	1.36840969156108	NA	NA	NA	NA	NA	NA	NA	0.708107820078916	0.873247010150258	NA	NA	NA	0.569457837896024	NA	NA	NA	NA	NA	NA	NA	1.05564517578868	NA	NA	1.38932267177226	NA	1.06708497830996	NA	NA
NA	NA	0.912959635957191	NA	0.962403856716911	1.30235920160808	0.748492923499458	0.813943978166906	0.873064819930918	NA	0.870874093908673	1.53574889564991	NA	NA	0.862669625552562	1.03872175024643	1.19332147647858	NA	0.732131512568783	0.733209618379429	2.05306871991079	0.925469668708184	0.356962263780832	NA	0.365325067273566	NA	0.456496834649685	NA	NA	NA	0.356927970594122	0.595420837435438	0.75016487236284	NA	NA	0.314297829444891	NA	0.35803147884953	NA	0.28576510033678
NA	NA	NA	NA	NA	NA	NA	NA	NA	NA	NA	NA	NA	NA	NA	NA	NA	NA	NA	NA	NA	NA	NA	NA	NA	NA	NA	NA	NA	NA	NA	NA	NA	NA	NA	NA	NA	NA	NA	NA
NA	NA	NA	NA	NA	NA	NA	NA	NA	1.51637797819677	1.33923602021885	1.28286963843044	0.992127181980273	1.47460597115894	NA	NA	1.51563651853623	1.23897167505476	1.16188343487942	NA	NA	0.678398618839724	1.01465182152593	NA	0.842695396519982	NA	1.09082715893187	1.10651612451376	1.07543472397576	1.06336176888556	0.997020379008724	NA	1.82164917225161	1.23898914711051	0.58694168491751	NA	NA	0.907157206500124	1.05318541909974	0.847263260197033
NA	NA	NA	NA	NA	NA	NA	NA	NA	NA	NA	NA	NA	NA	NA	NA	NA	NA	NA	NA	NA	NA	NA	NA	NA	NA	NA	NA	NA	NA	NA	NA	NA	NA	NA	NA	NA	NA	NA	NA
0.761719636991577	NA	0.588544829270847	NA	NA	1.00809943987301	1.47677130576831	1.02238064181711	NA	1.13031572371817	NA	NA	1.26075297381524	1.36376095983421	1.2588358300805	1.06326892755788	1.31975945892919	1.01533954744662	1.03622264646366	NA	0.686807809428486	1.21408091323278	0.922428412115347	0.983087830855487	0.655544326816335	2.07622938079567	NA	0.851627411336552	0.608642132077216	0.61236266385948	1.21274181001633	0.532718930523721	1.30013932907726	0.777082640052107	0.443182029492375	0.519978636646347	NA	0.325501885008028	0.417630328392415	0.695588828212545
0.544091568974517	NA	NA	0.909630292416019	1.10199864263388	1.20126166600026	1.23792566753943	1.12246371958045	1.08086734246375	0.590940216159569	0.848956356666418	0.882722597355053	0.889178459722396	0.784555266856035	0.773368190383142	NA	0.4981502059835	0.619795790720918	NA	NA	NA	0.497373337413655	0.796616648502643	0.966543403143595	NA	1.15550526601327	NA	NA	NA	NA	0.872351216320492	NA	1.07418033333047	0.765210185080173	NA	NA	NA	NA	0.370179586754795	NA
NA	NA	NA	NA	1.37542707096775	NA	NA	0.63035203425742	0.377877305016404	NA	0.623456892016416	0.724129861920263	1.23698629310934	NA	1.6170773929098	NA	0.634392949917241	NA	NA	0.487995612155572	NA	NA	1.13868159977473	1.33669161718006	1.52753653001504	1.26573463769837	NA	NA	1.58938103785347	NA	NA	NA	NA	0.325635138299798	NA	0.451230994716637	NA	NA	NA	0.799707180896719
1.44655547948152	1.28029945561176	1.36645050445882	1.11999667466342	NA	0.642938314777303	NA	0.7669743261961	0.856997592677126	0.530578408609426	NA	NA	NA	0.47790449929005	0.510210434438841	0.195977362723441	0.460982145982901	0.464190127158033	0.425903191444679	0.337879782350549	0.431962519671435	0.642295180187509	0.607567996631214	NA	NA	NA	NA	NA	1.41129789689697	0.988001976474397	0.79672049531173	NA	0.699761607889694	NA	NA	0.628585029145259	NA	NA	0.395401651612601	0.349003513924025
1.72962781606413	1.57809544006485	NA	NA	NA	0.316101766991826	NA	NA	NA	NA	NA	NA	NA	1.59026745677361	1.76472868015871	NA	1.56629971411464	1.70739891823258	1.59035165238429	1.23252020768111	0.999142013467884	NA	0.788441580418395	NA	NA	0.358906223415846	NA	NA	0.0700687044933888	0.695655948289025	NA	0.236573694420981	NA	NA	NA	0.10069192603483	NA	NA	0.619077098791113	0.488358630948791
NA	NA	NA	NA	NA	NA	NA	NA	NA	NA	NA	NA	NA	NA	NA	NA	NA	NA	NA	NA	NA	NA	NA	NA	NA	NA	NA	NA	NA	NA	NA	NA	NA	NA	NA	NA	NA	NA	NA	NA
NA	NA	NA	0.93190471493754	0.499435560853627	0.713794931476752	NA	0.535683963922137	NA	1.18867378610724	1.06372455931033	0.454980825911128	0.447667289173287	NA	0.715000701087461	0.49991826856401	0.910479974185319	0.719567128573858	0.811606292021564	0.493395040796039	0.315737886237201	NA	0.828848318387712	1.56942728826786	1.1398334962672	NA	1.28309474853312	1.23769106623675	1.22468301437462	1.20081369736893	1.84354859433439	NA	NA	0.954811025679184	NA	0.849017320090546	NA	0.634354729993216	1.05425115734947	0.596419339627958
NA	NA	NA	NA	NA	NA	NA	NA	NA	NA	NA	NA	NA	NA	NA	NA	NA	NA	NA	NA	NA	NA	NA	NA	NA	NA	NA	NA	NA	NA	NA	NA	NA	NA	NA	NA	NA	NA	NA	NA
NA	1.54191667606209	NA	0.68747285274935	NA	0.506589694693349	0.562767031026772	1.20894614623402	0.661926927304316	NA	0.413965076814237	0.478394907590612	0.894864297590537	0.827776298546327	0.503117475306855	0.411286576942324	0.702098868453164	0.388820695835949	0.681041671664012	0.285084685312202	NA	NA	0.488790873690568	0.799884136337868	0.804664761992788	0.375553947850884	NA	0.457516233484695	0.7830041445898	0.460895342675399	0.642818638531499	0.570172805488138	0.929094253887595	0.473604839924329	0.656331244008631	0.330904952336595	NA	0.455822669565996	0.310631468992681	0.596701389370634
NA	NA	NA	NA	NA	0.626980557073727	NA	0.810970949285575	NA	1.01056250252648	NA	NA	NA	0.836650576691973	NA	NA	1.12071530025855	NA	NA	NA	NA	0.410645083863317	0.464294093868025	NA	0.640578974735053	0.687691086940182	NA	NA	0.685566010378389	NA	0.962622890084963	0.532737780253592	NA	NA	0.640312962677073	0.44554064926211	NA	0.627622614663535	NA	0.0867693172066775
NA	NA	NA	NA	0.901293653631853	NA	NA	NA	0.327961136971724	NA	1.09584179330628	0.888701805916596	0.781967089590251	NA	0.721829930459707	NA	NA	NA	NA	NA	1.70436308002776	0.757746415052014	NA	0.520835965356591	0.202766087290011	1.05444860566167	NA	NA	NA	NA	1.01229489864398	NA	0.675338686687781	NA	NA	NA	NA	NA	NA	NA
NA	0.732706893716	NA	NA	NA	NA	NA	NA	NA	NA	NA	NA	NA	1.30264706360223	1.10922563016611	NA	0.744721967986962	NA	NA	0.6691009061832	0.547487485453564	0.429018572496276	0.594248548464483	NA	NA	0.89479683270832	NA	0.838914468522323	NA	NA	NA	0.696635257165643	0.286509928658391	0.153419229660354	0.63511294355499	NA	NA	0.473760872912978	0.453451931457093	0.158104856378077
NA	NA	1.45039344416758	NA	NA	NA	NA	NA	NA	NA	NA	NA	NA	1.82324891580005	1.6526512858873	NA	1.61391071175376	NA	1.79517435777865	1.50534238224161	NA	NA	1.4250652105119	NA	NA	NA	NA	0.922396218739586	0.253697895052044	0.57927516710407	0.744387776959778	0.597060389947711	NA	0.585631503308051	NA	NA	NA	0.188731497793814	NA	0.0614881903487627
1.56252473920552	NA	1.64056683472612	1.39113382121176	1.58853264265783	0.587888901589291	0.91176214363326	NA	NA	NA	NA	NA	1.7646175309546	0.1872951763639	0.263020615494517	0.644741263444093	0.803406390079673	0.986579315548208	0.673242296901449	1.83412292344258	NA	0.721445321336723	0.59925872960033	0.579513822566913	NA	NA	1.50012834905296	0.547457833040846	0.510417878591784	1.54853947621525	1.31055198789561	0.625935369313399	NA	NA	0.668613251672719	1.12905291734059	NA	NA	1.22973214981971	0.72131896158311
1.49216573628165	NA	NA	1.75625170227261	NA	1.42395644532733	0.759287361371435	1.42174539982774	0.924093150017075	0.431592157041395	0.8767651708604	1.22654024318285	0.51858979359836	0.732764617047918	1.07063531868697	NA	0.477789331842423	0.708783014851323	0.24604817611437	0.801919713168424	1.32558304161992	0.266275689811318	1.58024830652433	0.99624054734195	1.13463731083757	0.322386913079075	0.548423658185244	0.921277261866372	0.666681139082035	0.273025789899865	0.119858144967667	0.069201099809588	0.370259015717306	0.64511561988423	0.422438148191692	0.554443668332481	NA	0.194362294536551	0.172879058764839	0.437085512053422
1.30958654823921	1.08401853237029	1.17178957473961	1.08431088795489	1.37495650080839	0.876925068383336	0.550143619563153	NA	NA	NA	NA	1.3402674191131	1.29379719988239	1.74065415726299	1.47511394868408	0.666678070976662	1.63477175439649	NA	2.11158637030049	NA	NA	NA	1.25716025025291	1.52646858415002	1.33262935739451	0.577460690064424	NA	1.38266258754146	1.12312219784947	NA	1.41507527131228	0.247315372933323	NA	1.61770587374682	0.84750804854982	1.90557305562903	NA	0.403739023951523	1.298373805791	NA
NA	NA	NA	NA	NA	NA	NA	NA	NA	NA	NA	NA	NA	NA	NA	NA	NA	NA	NA	NA	NA	NA	NA	NA	NA	NA	NA	NA	NA	NA	NA	NA	NA	NA	NA	NA	NA	NA	NA	NA
1.16776518748925	0.806884676401164	0.85685260676239	NA	0.956152253539996	0.780374207835116	1.28052905750645	0.94886313211715	0.844628479970079	0.727922267356193	0.830618094645279	1.03638273107053	NA	2.0533588654279	NA	NA	0.926415868614925	NA	1.21935446216805	NA	0.988356946971552	0.465897001068292	0.726103880720885	0.633293831048396	0.360645716830198	0.439953113421407	NA	0.506118293816575	0.381186886137297	0.462216586070536	0.30100647132756	0.313223928250841	0.471861899968143	0.264843393910168	0.144376675106347	0.520894730917178	NA	0.271181400393837	0.915920029774981	0.455150106252201
NA	NA	NA	NA	NA	NA	NA	NA	1.40979684468835	1.57088815743083	1.75216916958745	NA	NA	NA	NA	NA	0.395686694245676	0.492039971366316	NA	NA	NA	0.916987867756106	NA	0.455492184739801	0.458072960345224	0.346873258400862	0.870787492405587	NA	NA	NA	NA	NA	0.724370675646503	0.680419233164582	NA	NA	NA	0.314105220003103	0.331902199452051	0.282381115955202
1.71143077777638	NA	1.87416010097658	2.10157395745265	NA	2.16865299858121	1.84364821245763	1.06741305941905	0.934013554386651	1.03473616605309	0.997689346599473	0.423180103166547	NA	0.464550485244	NA	0.801876636728858	0.999644228792353	1.10648606900451	1.39856426420761	0.412710441346119	1.51906646874316	0.770333868094852	1.41713691836059	0.324347058263382	0.486600744278904	NA	1.00867950507784	NA	0.550904318244931	NA	1.01141300974342	0.37528472396374	0.937656525209022	0.434742638790696	0.626060160662365	1.10514912943861	NA	0.655099898813776	0.438800071222075	0.515837935133047
1.30605666834892	0.953345324388512	1.37321982126682	0.387938843783396	1.26536993361928	1.12309817816514	1.37730426897548	0.347530153201984	NA	0.708056303664684	0.675013345201359	1.08101465791131	1.95893419548761	1.22153614234258	1.00750155769011	1.22336314390336	NA	NA	0.958568352735746	1.40305353297104	NA	0.866365650837287	0.471681907728343	NA	NA	NA	NA	NA	NA	NA	NA	0.28413739388979	0.512178406250082	NA	NA	0.268012039808587	NA	0.39508257632846	NA	0.565872956902433
0.250821852347819	0.630754963902785	NA	0.566896966982388	NA	NA	NA	0.918004080208312	NA	1.01825774089788	0.891508172691472	0.710347450375648	NA	1.02819748288769	1.02379354127599	NA	NA	NA	NA	NA	NA	0.369809440021719	NA	0.696245183467801	NA	NA	NA	NA	0.702357870858527	NA	0.7139962017877	0.755170830106217	NA	NA	NA	0.392361068780435	NA	0.265099482206584	0.462227340307887	0.754996935997483
1.47413155361517	NA	1.19416565072543	1.55117682218583	NA	1.47324073376696	NA	NA	NA	1.65134302080262	1.72405282557474	1.40020592643528	1.30775951965281	NA	NA	1.72161327530131	1.90355854126494	NA	1.46402902027122	NA	NA	NA	0.87272176201074	1.89108278734835	NA	NA	NA	NA	NA	NA	1.32531516091289	NA	NA	0.180220174016803	NA	0.244796194179076	NA	NA	0.729546504236175	NA
NA	0.814676689791051	NA	NA	0.468981952589256	0.37490074159007	0.776999417632397	0.777070137874918	0.794746035266746	1.39659599178849	NA	1.11776986366232	NA	1.18651791385788	NA	NA	0.647561693430502	0.809316846131987	NA	0.959865647906951	0.510585117673474	0.627072315031308	0.206259826201229	0.735045420585073	0.304432319481999	NA	0.348765994585661	0.433949468034106	0.571994897239369	1.91672952509441	NA	0.483734058793891	0.676054847522273	0.619040171659937	NA	0.200279966380413	NA	0.32423001614658	0.532815558509411	NA
1.3756286172829	NA	1.47879954783128	1.41700755346012	1.57911567662561	NA	0.979253450886634	0.99888231430154	0.910542646853279	1.02615092263087	NA	NA	0.426401448670412	0.634277279489937	0.953626206355894	0.815064910180304	1.41066882887655	NA	1.32436539274278	NA	0.868397909792159	0.19347132408672	NA	0.288186929913383	0.358202657278296	NA	NA	0.562965418192879	0.193545847750524	0.363829433465754	0.450725258159956	NA	NA	0.623738550330887	0.477142548168541	0.376523407351164	NA	NA	NA	1.15395737569778
NA	1.38434831071288	NA	1.37708224106995	1.19346532572259	1.34890382902423	1.68425561156924	NA	1.83635051118651	1.55445422890469	NA	0.914944088168864	1.41353113847606	1.45148513798189	0.9918146637612	0.852553473627743	1.46992906994037	1.18689750258321	NA	NA	NA	0.341876401885694	0.991303415872511	NA	1.07679707105701	NA	1.48426523877683	NA	0.55782792162443	NA	1.12322029451701	0.509250594309004	NA	0.332765453885627	0.559547448694966	0.346499404019106	NA	0.375001156184837	0.16041292150126	NA
NA	NA	NA	NA	NA	1.22214355986458	1.52454892167369	0.678686795289959	0.827891090492572	1.08068541368876	NA	1.17883593636047	NA	1.37327397657573	NA	1.28792947611976	1.53297094596834	1.32199131103089	NA	NA	0.468156040558909	1.23434389953085	NA	0.252786765330223	NA	NA	NA	NA	0.480421292014239	0.453081324641565	0.602894751188222	0.201242506589639	0.433116176047186	NA	0.324576195987001	NA	NA	NA	0.345536120242844	0.107763371512986
NA	0.902210405884578	1.15297230922327	NA	NA	1.71569430173527	NA	0.589909515294627	0.453362405343191	NA	0.299035429210126	0.642063614049126	NA	NA	NA	NA	0.518256054089004	NA	0.721382354702756	0.314731107753244	NA	NA	NA	0.661890451227471	1.05869044731231	NA	1.01350082542882	1.17323834965468	0.75304920187487	NA	NA	NA	NA	NA	NA	NA	NA	0.329191136290917	0.260740432881304	0.800991402429223
1.64628113797192	NA	NA	NA	1.94209012929933	NA	NA	NA	2.45192498557142	NA	2.40600149975283	NA	NA	NA	NA	NA	2.23285786193702	NA	NA	1.41496339597557	1.6288306644823	NA	NA	1.14762175007753	NA	1.24708996209089	NA	NA	0.553186281708485	NA	1.61603708320892	NA	0.385447446054234	0.68613564446342	0.28553043959542	NA	NA	NA	0.678951474489432	0.811743256587413
NA	NA	NA	NA	NA	NA	NA	NA	NA	NA	NA	NA	NA	NA	NA	NA	NA	NA	NA	NA	NA	NA	NA	NA	NA	NA	NA	NA	NA	NA	NA	NA	NA	NA	NA	NA	NA	NA	NA	NA
NA	NA	NA	NA	NA	NA	NA	NA	NA	NA	NA	NA	NA	NA	NA	NA	NA	NA	NA	NA	NA	NA	NA	NA	NA	NA	NA	NA	NA	NA	NA	NA	NA	NA	NA	NA	NA	NA	NA	NA
1.25787368033722	NA	NA	NA	1.42620854031088	0.754188731559206	NA	0.828947412222637	NA	NA	1.00464211382033	0.417351265472178	NA	0.843163243079223	NA	NA	0.875605808644521	NA	0.766476051507935	0.64289449089637	NA	1.20970106136543	NA	1.15705967365155	0.978638443864436	NA	1.22731267694403	1.05182940340763	NA	0.866420541241376	0.631250611213247	0.269145819751782	NA	0.83790317807176	0.824177581970736	0.679233663981986	NA	0.139277641504779	0.133915240186359	1.10628731383818
NA	NA	NA	NA	NA	NA	NA	NA	NA	NA	NA	NA	NA	NA	NA	NA	NA	NA	NA	NA	NA	NA	NA	NA	NA	NA	NA	NA	NA	NA	NA	NA	NA	NA	NA	NA	NA	NA	NA	NA
NA	NA	NA	NA	NA	NA	NA	NA	NA	NA	NA	NA	NA	NA	NA	NA	NA	NA	NA	NA	NA	NA	NA	NA	NA	NA	NA	NA	NA	NA	NA	NA	NA	NA	NA	NA	NA	NA	NA	NA
1.86396224775757	1.05504491531158	1.0697479289371	NA	1.28523459514608	1.58384543304699	NA	NA	0.593577815234018	NA	NA	NA	NA	1.35257287242262	1.56951870305661	0.90666740687345	NA	NA	NA	0.411953635463939	NA	0.987623496092976	1.27416435558169	1.00077198288694	0.735397571852986	0.679045839088569	1.03719857561453	NA	1.37610839061131	0.519741981204112	NA	0.855594153926664	0.64146170881624	0.540047348766911	0.513568178393122	1.51201204060447	NA	1.20725100407087	0.747208768852739	0.753543067207985
NA	NA	NA	NA	NA	NA	NA	NA	NA	NA	NA	NA	NA	NA	NA	NA	NA	NA	NA	NA	NA	NA	NA	NA	NA	NA	NA	NA	NA	NA	NA	NA	NA	NA	NA	NA	NA	NA	NA	NA
NA	NA	NA	NA	NA	NA	NA	NA	1.62598965657847	NA	NA	NA	NA	NA	0.684002234620331	NA	1.44701628139053	0.725018444455207	1.03020050739545	0.925138419005155	1.13319582615475	1.17864896897816	NA	1.80667736215702	NA	NA	0.482301751930844	NA	1.10031962811494	NA	NA	1.33939204017618	NA	NA	NA	1.20174319951393	NA	NA	0.299653047059606	0.371701107181776
NA	NA	NA	NA	NA	NA	NA	NA	NA	NA	NA	NA	NA	NA	NA	NA	NA	NA	NA	NA	NA	NA	NA	NA	NA	NA	NA	NA	NA	NA	NA	NA	NA	NA	NA	NA	NA	NA	NA	NA
NA	NA	NA	NA	NA	NA	NA	NA	NA	NA	NA	NA	NA	NA	NA	NA	NA	NA	NA	NA	NA	NA	NA	NA	NA	NA	NA	NA	NA	NA	NA	NA	NA	NA	NA	NA	NA	NA	NA	NA
NA	NA	NA	NA	NA	NA	NA	NA	NA	NA	NA	NA	NA	NA	NA	NA	NA	NA	NA	NA	NA	NA	NA	NA	NA	NA	NA	NA	NA	NA	NA	NA	NA	NA	NA	NA	NA	NA	NA	NA
NA	NA	NA	NA	NA	NA	NA	NA	NA	NA	NA	NA	NA	NA	NA	NA	NA	NA	NA	NA	NA	NA	NA	NA	NA	NA	NA	NA	NA	NA	NA	NA	NA	NA	NA	NA	NA	NA	NA	NA
0.88410959495279	NA	NA	0.768425241794481	0.95489197925373	1.10379695193412	0.832212979196264	0.83426713437315	0.607715028149225	NA	0.549608332574173	0.43717811695385	0.788611659245811	0.851666712165673	0.657292438940457	0.975615834143843	NA	0.811605636676032	0.575385004828973	0.37935361367639	0.56816604896082	0.85292509567121	NA	0.485839574659458	NA	0.554318007594259	0.284396325339827	0.209409023299156	0.256384822533136	0.258277817220926	0.117753797927024	0.483718262016496	0.260687052958196	0.253064988329999	0.256646299129103	0.323116031482311	NA	0.572685473618502	0.553720171012764	1.58048182373237
0.848035539111795	1.08907912486375	1.53787061293109	1.84524239241795	0.732448598607666	0.429767735421196	1.02209847404388	1.1715176960297	0.802495731199037	0.82089520135207	1.08619589878929	1.20171767606271	1.07434752182458	1.06031678306823	NA	NA	1.42970148670081	1.30437084866065	1.13568523109594	NA	NA	0.863614066932715	0.768034994951343	0.479399900394982	NA	0.816790361129279	0.967557856120015	0.704715715325464	0.506841613652953	0.768272312345515	1.13832392738905	1.43167428889749	1.16347039785109	0.65343336704606	1.08253729123086	0.533675430320241	NA	1.17651476330697	0.379831889192645	NA
1.51683061199501	NA	NA	1.72215729710093	1.67666185683398	1.69253370520145	NA	0.65238206215393	NA	NA	1.19032807359463	NA	0.917197342273842	1.58888059210812	1.50147254351635	NA	NA	0.828252724019869	NA	0.744420033628798	0.582227213022746	0.98870870905715	0.954183241125299	NA	0.763949529025675	0.4016911634266	NA	0.835888360008232	0.359179664265943	1.17215450229575	1.51970920819184	1.14896072303706	0.564495235011531	0.25839593915626	0.847676413703203	NA	NA	0.635119769835799	1.01711843800909	0.597722834065302
NA	NA	NA	NA	NA	0.80818071826873	NA	0.480306633490116	1.03884134435867	1.11013513401351	NA	0.622946789842542	NA	NA	0.513159662010092	0.754441601602861	0.530678803585967	NA	0.704331994931223	0.795253963692669	0.696802260849331	1.02440580196781	1.09253063435086	NA	0.894943318838858	NA	0.684082076810887	0.839529037578539	NA	NA	NA	0.499322399021468	NA	0.355099180603358	0.165477915163461	NA	NA	NA	0.626446249886106	NA
NA	NA	NA	NA	NA	NA	NA	NA	NA	NA	NA	NA	NA	NA	NA	NA	NA	NA	NA	NA	NA	NA	NA	NA	NA	NA	NA	NA	NA	NA	NA	NA	NA	NA	NA	NA	NA	NA	NA	NA
NA	NA	NA	NA	NA	0.924928114534801	0.476553619778995	0.798777900656361	NA	0.798117584591787	NA	1.45799382311728	NA	1.18642278863357	1.16749025983484	NA	0.641821281795909	0.674161569309482	0.492308800683777	0.504008952468267	0.392097129408952	0.152338506894005	0.369086730842631	0.394946324679606	0.472743698700728	0.470551203951092	1.1005877523558	0.817879484135395	0.677749409280414	1.05033084430477	0.392253781269151	0.764696666353254	1.09333335233928	0.576012848289609	0.543943312500522	NA	NA	0.622797262911586	NA	0.829577553888866
1.71278189994929	NA	NA	NA	NA	1.08326769657477	1.08337904810189	0.985635078171155	NA	NA	1.16771395655153	NA	NA	2.06545215851118	1.46033498848849	NA	NA	1.57537062096519	NA	NA	1.35714221473839	NA	0.40064397103968	0.386256878738069	0.753812794201017	1.87281184176171	1.07652549867752	NA	NA	0.469247591948927	NA	NA	NA	NA	0.596139716825577	0.585618194776781	NA	NA	0.782813748305833	0.948275365663568
NA	1.18329593234841	1.68234303970491	NA	1.13163839400781	1.62665688326194	1.60617610070837	NA	NA	1.59035299306838	NA	NA	1.06865912006146	1.39539381508822	1.02655354542175	NA	NA	NA	1.21962732157188	0.522493575489039	1.07183045553569	NA	0.226754679489763	0.111184055576199	NA	NA	NA	NA	NA	0.178178039554507	NA	0.289529327903626	NA	0.237791866882483	0.352384184778055	NA	NA	0.557280509339804	1.49525460172952	NA
NA	NA	NA	NA	NA	NA	NA	NA	NA	NA	NA	NA	NA	NA	NA	NA	NA	NA	NA	NA	NA	NA	NA	NA	NA	NA	NA	NA	NA	NA	NA	NA	NA	NA	NA	NA	NA	NA	NA	NA
0.320357343380668	NA	0.316775918963162	NA	NA	0.986643920159528	1.39705295399685	0.898172840252703	NA	1.08162601312099	0.963791895842832	1.1195549287258	NA	1.08459553896186	0.731342908324264	NA	1.02843712337066	0.77223606058106	0.809174306636015	NA	0.494320378149476	1.47149145298719	0.881256942706524	1.03116481538005	NA	1.09944123091415	NA	0.774683393772853	0.786853046019749	0.617570308852659	NA	NA	0.828008510811159	NA	0.694631788118453	0.588191054445262	NA	0.514088040138029	0.669100943897333	0.805294936874327
NA	NA	NA	NA	NA	NA	NA	NA	NA	NA	NA	NA	NA	NA	NA	NA	NA	NA	NA	NA	NA	NA	NA	NA	NA	NA	NA	NA	NA	NA	NA	NA	NA	NA	NA	NA	NA	NA	NA	NA
0.616534746755242	1.25486812298848	NA	0.848817364552851	NA	0.6646532307555	NA	0.763010521383363	NA	NA	0.884758008392656	1.20805950958301	1.24498567909861	1.18510409987477	1.20340391269582	NA	1.22392542382272	NA	NA	NA	1.28792063124877	NA	NA	1.2308463226005	1.31863345506211	1.27682060374496	NA	1.5948341882698	0.863950912201237	NA	NA	0.953205211042828	NA	0.810401413765723	NA	1.93530947895947	NA	0.855221660029658	NA	0.922995536276992
NA	NA	NA	NA	NA	NA	NA	1.00561684569669	NA	1.09326663433003	1.19919093373994	NA	NA	1.16499289881078	NA	NA	NA	NA	0.368077392609015	NA	NA	0.579473943932796	NA	NA	NA	NA	NA	NA	NA	NA	NA	0.583709864011812	NA	NA	NA	0.701032730361783	NA	0.213730121939512	NA	NA
0.51751874047239	NA	NA	NA	0.742872958161963	0.766960060518826	1.32745887973924	0.855828459168056	0.698524963837515	NA	NA	0.695585905930722	NA	0.874295486256484	1.01203197928758	NA	0.679067545743765	1.04140296024834	NA	NA	0.663214094451602	NA	0.117426625553844	0.307115985050744	0.310892668418432	0.206846920251115	NA	NA	0.56861770136451	NA	0.574493899032729	0.448993909185889	NA	0.436007075701415	NA	NA	NA	0.795072029871007	0.653161205554294	0.348736211220476
NA	NA	NA	NA	NA	NA	NA	NA	NA	NA	NA	NA	NA	NA	NA	NA	NA	NA	NA	NA	NA	NA	NA	NA	NA	NA	NA	NA	NA	NA	NA	NA	NA	NA	NA	NA	NA	NA	NA	NA
NA	NA	NA	NA	NA	NA	NA	NA	NA	NA	NA	NA	NA	NA	NA	NA	NA	NA	NA	NA	NA	NA	NA	NA	NA	NA	NA	NA	NA	NA	NA	NA	NA	NA	NA	NA	NA	NA	NA	NA
NA	NA	NA	NA	NA	NA	NA	NA	NA	NA	NA	NA	NA	NA	NA	NA	NA	NA	NA	NA	NA	NA	NA	NA	NA	NA	NA	NA	NA	NA	NA	NA	NA	NA	NA	NA	NA	NA	NA	NA
NA	NA	NA	NA	NA	NA	NA	NA	NA	NA	NA	NA	NA	NA	NA	NA	NA	NA	NA	NA	NA	NA	NA	NA	NA	NA	NA	NA	NA	NA	NA	NA	NA	NA	NA	NA	NA	NA	NA	NA
NA	NA	NA	NA	NA	1.13234698674768	NA	NA	NA	NA	NA	3.30863465976091	NA	NA	NA	NA	NA	NA	NA	NA	2.73741254981792	NA	NA	NA	NA	NA	NA	NA	2.12092417852648	NA	NA	1.90002395912781	2.0731850119104	1.61899309493201	2.17423189271075	NA	NA	NA	1.53737833554307	0.541143703961733
NA	1.29720990844543	NA	1.26879873463946	1.26475886292981	1.19595978729017	0.830995617635203	NA	0.803247021845815	0.53009949570705	0.601073255284787	NA	NA	0.607444562872427	0.504423088139694	NA	0.746752450331002	0.295668093747148	0.535284457795938	0.739834341094242	0.916484127950452	1.0183022005308	NA	0.994326305398747	0.600604327425667	NA	0.726666906520122	0.604855474832585	0.37523782562612	0.462757972706697	1.34966708270404	NA	1.51258838153356	NA	NA	NA	NA	0.994484039968144	1.10784917915389	NA
NA	1.9828933453538	NA	0.16483793418369	NA	0.37039374157179	NA	0.654296218196567	1.11631811371523	0.870347990017784	1.04184363137021	1.15026250738402	0.457575451550731	NA	1.7839353643702	1.6989096737689	0.287782171358856	1.88972341303751	NA	NA	0.598021831088397	NA	1.37039835946457	1.17420000186728	NA	0.853547998419214	0.540930736614829	0.523589643132654	NA	0.723241030148668	0.906670862494492	0.879527888495733	0.560391378557268	0.494517096913941	0.66122666333957	0.34411054992151	NA	1.09199282016562	1.09904873704875	NA
NA	NA	NA	NA	NA	NA	NA	NA	NA	NA	NA	NA	NA	NA	NA	NA	NA	NA	NA	NA	NA	NA	NA	NA	NA	NA	NA	NA	NA	NA	NA	NA	NA	NA	NA	NA	NA	NA	NA	NA
NA	NA	NA	NA	NA	NA	NA	NA	NA	NA	NA	NA	NA	NA	NA	NA	NA	NA	NA	NA	NA	NA	NA	NA	NA	NA	NA	NA	NA	NA	NA	NA	NA	NA	NA	NA	NA	NA	NA	NA
NA	NA	1.26520077475701	NA	0.757152136831295	0.515409411020117	0.561629700573771	NA	0.60873936358887	0.226047236134924	0.221479098346248	NA	0.484827566835135	0.360027855937936	NA	0.5083389007692	0.54520511387574	0.577979767934722	0.656866173572461	NA	0.93013876502346	0.251886770101334	0.792330494707225	NA	NA	NA	NA	NA	NA	NA	NA	NA	1.6107100682241	NA	NA	1.06006762142072	NA	0.992630759613878	0.618912727531179	0.885003455611606
0.357060885436506	NA	0.346882170519215	0.490305693018372	NA	0.493193634924305	0.630374632321294	0.180665323414311	0.67606833123907	NA	0.406441215729501	0.743317612633659	NA	NA	1.26238312244567	1.44283173895274	NA	0.871257879731322	NA	1.32230341798449	1.66334985395118	NA	NA	0.96296107451875	NA	NA	NA	0.19105253924303	1.46768287684808	0.733055549804099	NA	NA	1.01770591189616	0.812429042789147	0.302990897224909	0.780620349151348	NA	0.155535027128584	0.547896568706944	NA
NA	NA	NA	NA	NA	NA	NA	NA	NA	NA	NA	1.16332395299766	NA	2.01024040178565	NA	1.69745795409629	1.51534313749907	1.4883880258998	1.54607623763998	1.464257423186	0.609244166478358	0.206665581410821	0.831202270126865	0.712328029535332	0.489006533203057	NA	1.66515656655391	0.668480580023333	0.792435289184855	NA	0.527219359763991	NA	NA	0.492146720892229	NA	0.472338875690457	NA	0.28016087565881	0.325461830993336	NA
NA	2.4272667716457	NA	NA	NA	0.745284075831118	1.03878928604213	NA	NA	NA	NA	1.2437333768282	NA	2.32828928612095	1.26550899732046	NA	1.60276974617018	1.49246033779398	NA	0.742893592642263	1.41886234751192	NA	1.79496935384995	1.63131102798827	2.02212465078911	2.12387558035583	0.962888989446568	1.56924149348123	2.2408356303523	1.18653577527535	2.01267405986657	2.17275969305511	NA	0.96017264424965	NA	NA	NA	0.641710504768038	NA	NA
NA	0.192283924280502	NA	NA	0.928640980239163	0.54001965628924	0.65734121608062	0.936972463185926	0.627526908014138	NA	NA	NA	0.140288078914501	NA	NA	NA	0.757656491820145	NA	NA	NA	0.483302477980963	0.360206679123725	NA	0.725002110574369	NA	0.79146271746952	1.2739333997932	1.09043113136527	NA	NA	1.24925490374823	0.555179393569456	1.11083999283422	1.00103693944464	0.390571618777975	0.529371847013762	NA	0.710715720179103	0.703043713916281	0.851748233102292
NA	NA	NA	NA	NA	NA	NA	NA	NA	NA	NA	NA	NA	NA	NA	NA	NA	NA	NA	NA	NA	NA	NA	NA	NA	NA	NA	NA	NA	NA	NA	NA	NA	NA	NA	NA	NA	NA	NA	NA
NA	NA	0.605861607815769	NA	0.26999712835278	0.573977540226886	NA	0.362408321227004	NA	0.438830664407367	0.636600856170946	0.951954738008283	NA	0.908535902348203	0.941020851298202	NA	NA	0.528231263814004	NA	NA	0.209075190290003	NA	NA	NA	0.644677309088284	0.625712704164658	0.454792444441512	NA	NA	NA	NA	NA	0.287375445872266	NA	NA	NA	NA	0.415408222388271	0.36605490309063	0.460776723847699
NA	NA	NA	NA	NA	NA	NA	NA	NA	NA	NA	NA	NA	NA	NA	NA	NA	NA	NA	NA	NA	NA	NA	NA	NA	NA	NA	NA	NA	NA	NA	1.01201446295456	0.704567652081934	0.584890296154365	0.328355271588396	0.200937505987012	NA	0.222831070488684	0.321520659063586	0.265129895438938
NA	NA	NA	NA	NA	NA	NA	NA	NA	NA	NA	NA	NA	NA	NA	NA	NA	NA	NA	NA	NA	NA	NA	NA	NA	NA	NA	NA	NA	NA	NA	NA	NA	NA	NA	NA	NA	NA	NA	NA
NA	NA	NA	NA	NA	NA	NA	NA	NA	NA	NA	NA	NA	NA	NA	NA	NA	NA	NA	NA	NA	NA	NA	NA	NA	NA	NA	NA	NA	NA	NA	NA	NA	NA	NA	NA	NA	NA	NA	NA
1.93065181581203	NA	1.71092997736325	1.38296576667957	NA	1.46370104988197	NA	0.738360101765756	1.06642383832424	1.21178358342501	NA	NA	1.04798040244744	NA	NA	0.371160591765236	0.252418452975371	NA	NA	0.439083476620376	0.496034196954533	0.589432334082135	0.712452696389681	0.649835423239061	NA	NA	NA	NA	0.329840214502739	0.583087303543571	0.519661321747719	0.487022199635997	0.129397820083666	0.195044606688881	1.94285519354701	0.367246348235671	NA	0.298616317845586	0.793744743427896	0.635329942648116
NA	NA	NA	0.743258246831291	NA	NA	0.611442013328547	NA	NA	0.539836988575687	0.374001712042629	NA	NA	0.525404315867349	0.959408956461567	0.855208846386915	0.874823405050558	0.444854873852143	NA	0.360554989847622	1.00252447604808	NA	1.37535925228939	0.344942708271353	0.238805649546819	NA	1.45105352551596	0.380197422391505	1.13901373616195	NA	NA	NA	NA	1.53044963089756	NA	0.538389222711486	NA	1.42346095255714	1.04062290302966	1.85065472744816
NA	NA	NA	NA	NA	NA	NA	NA	NA	NA	NA	NA	NA	NA	NA	NA	NA	NA	NA	NA	NA	NA	NA	NA	NA	NA	NA	NA	NA	NA	NA	NA	NA	NA	NA	NA	NA	NA	NA	NA
NA	NA	NA	NA	NA	NA	NA	NA	NA	NA	NA	NA	NA	NA	NA	NA	NA	NA	NA	NA	NA	NA	NA	NA	NA	NA	NA	NA	NA	NA	NA	NA	NA	NA	NA	NA	NA	NA	NA	NA
0.959343713059755	1.42012251058113	1.98076311108039	NA	NA	1.38176309864937	1.03549667830014	NA	0.729303885004555	2.12048802505481	0.94805545341371	NA	NA	1.23540179664292	1.01057245347195	NA	0.935700098392765	1.50447603088209	2.20814227336771	0.96380156568564	2.15162403894112	2.35413914355002	NA	NA	NA	NA	NA	0.612694679951923	NA	0.580656099699922	NA	2.22941142284341	2.06784306641584	1.32481396714199	2.21799882008262	0.181888719722253	NA	1.30183822863754	2.19866488563224	0.400439288634432
NA	0.969527396155859	1.16369574300817	1.50456291883026	NA	2.15586749358008	1.14556664417135	NA	NA	NA	NA	NA	NA	NA	0.486613601851258	0.613652247932327	0.697669890915008	NA	0.935574218891154	NA	NA	NA	NA	0.504867579641018	0.420410999052705	NA	NA	NA	NA	0.903060300414866	NA	0.633583092471501	NA	NA	NA	0.129356073978557	NA	NA	0.57149786800406	0.502034356553406
NA	NA	NA	NA	1.05671347621619	NA	1.59563682127421	1.55158710469722	1.32796095395755	NA	NA	NA	NA	1.57750268862151	NA	1.80086256003473	2.00394624543432	1.92860232584155	1.33557925908126	1.49196387117817	1.99984453434885	1.06646731193995	0.895881375628607	0.922088258072136	NA	NA	1.09997293021491	1.31899132548058	0.772572392026748	0.606641890608604	NA	NA	0.796169287837547	0.760733368192844	NA	NA	NA	1.05459251140212	0.60920901253891	0.706923927608826
NA	NA	NA	NA	NA	NA	NA	NA	NA	NA	NA	NA	NA	NA	NA	1.4987313343638	1.40398754676106	1.28986060421657	NA	1.15095836459113	NA	NA	NA	NA	NA	NA	NA	NA	1.40892219106174	1.10398331090133	1.0864794195524	0.857780977572976	NA	NA	NA	0.29090899404064	NA	0.281297085562477	NA	NA
1.74982183419173	1.69971518120814	NA	1.31729440133083	NA	NA	NA	0.961599847597576	1.33459309460075	1.73461283069232	1.44782479742765	1.7257451280035	NA	NA	1.42008881512302	NA	1.41665213018802	1.66804800992623	NA	0.600562012386821	0.913107095021481	0.83988749149008	0.47415039543574	NA	NA	NA	NA	0.155204754198857	NA	NA	1.56241506481402	0.357257618778558	0.133159082795842	0.435693311446755	0.841921243163317	0.759870415875695	NA	0.489008895169238	0.330640221461411	0.812904098423747
NA	NA	0.727621655276368	NA	0.519166265435764	0.768726974268498	0.111491266125201	NA	0.159747091900201	NA	0.544782163846581	NA	NA	NA	NA	NA	0.707163882678195	NA	NA	0.515060520051848	NA	NA	NA	0.317751970416617	0.121602456518884	NA	NA	0.280175476214359	0.161999835748583	0.274233629182531	NA	0.598660323796228	0.844303519643848	NA	NA	NA	NA	0.332321325878855	NA	NA
NA	1.74160441218812	0.877293659492319	0.501014558618987	0.49386292773458	0.969741648410212	1.49334679224388	NA	1.689237458047	1.42024033112471	1.9613297816205	1.64422595611178	NA	1.55646375223706	1.62227279575569	NA	1.20184302601732	1.36288936082305	NA	NA	0.630827251886726	1.758399951463	0.634072796083099	1.63406947082096	NA	0.948059781896692	0.965221453192627	NA	0.367238088723379	1.20414521802904	0.523702394573171	NA	0.871147541569136	0.651878922363837	0.542988036055585	0.808505918242287	NA	0.500725762839926	0.420672308351977	1.26694725494292
1.31147316666371	1.52105736401607	1.67191478402814	1.26631912203448	1.56733709917379	1.29929926008004	1.46775299480405	1.41289349970028	1.49264445578212	NA	1.20435689391335	1.64187999866014	1.46569078093609	1.21579214623243	1.33986548081658	NA	2.10823209955793	1.93720765207477	0.994301312608844	NA	1.83825428124921	0.787643653498961	0.684501558059863	0.861809734974744	0.6286906064576	0.578236185675924	NA	NA	0.449461748789877	0.650868519039436	0.576288313368853	0.314359187437738	0.224562905687621	0.985942697914956	0.291151037229889	NA	NA	0.191532453455098	0.952164212302494	NA
NA	1.04170999969789	1.00311116238498	NA	NA	NA	NA	NA	NA	NA	1.18196206534331	0.883622014119775	1.33301553816904	0.944153497131976	NA	NA	NA	NA	1.11914613463964	0.90667244882978	0.761012168713126	0.509040140617299	NA	0.721917080616245	0.606805604979437	NA	NA	NA	0.554710472464522	NA	NA	NA	0.61457081586555	NA	0.650988920645897	0.523036302753181	NA	NA	NA	NA
NA	NA	NA	NA	NA	NA	NA	1.48480895563193	NA	NA	NA	NA	NA	1.19889768714631	NA	NA	NA	NA	NA	NA	NA	0.69689841909208	0.454676651953778	0.362041820775812	0.459284065944434	0.893048415096368	2.11207405299757	NA	0.71149277614821	0.693051633049997	NA	1.63738266370238	NA	0.905790847966373	NA	NA	NA	0.245462357279421	0.628517034600191	NA
NA	NA	1.20583519012626	NA	NA	NA	0.979178130593405	NA	NA	NA	0.692471483863393	NA	0.52243069256166	0.180843146241124	0.274873380548959	NA	NA	0.512805700578761	NA	0.545890496437907	1.21047231878965	1.17431515970857	1.16878402252605	0.744300030338817	0.968618980995252	0.744508541411088	0.649809451882214	NA	1.05645962514323	NA	1.18381439198833	0.749562926775987	1.04661616015806	1.10051489587372	0.674628619892706	NA	NA	0.555629196888279	0.620458315649678	1.00915629927853
NA	NA	NA	NA	NA	0.885996313521151	0.965859938333364	0.850461305892062	NA	NA	NA	NA	NA	NA	NA	NA	1.04769697573913	0.937113297871683	NA	NA	NA	0.804016939477824	NA	0.743243014844315	0.798104459667701	NA	NA	1.38334076061881	NA	NA	NA	0.476534928969218	NA	NA	NA	1.28102176629894	NA	NA	1.5941945885001	NA
NA	1.71269495480676	1.62427445565647	1.33873169006991	1.13876843383461	0.973988550864547	0.893426643282818	NA	NA	NA	2.1253260462922	NA	1.47277215277031	2.21559461342582	2.22668431361327	1.88832597658335	NA	2.0836321536065	1.19019022417641	1.77333173001213	1.85011373418295	1.32038173528697	0.999688144003369	0.899104087668948	1.04567779274963	0.985029482380391	0.850373050174435	NA	0.862580640185124	0.879972310464589	0.578214093881325	0.457369020921768	0.499584918337402	0.397099465685781	0.68601779496945	0.281410383517103	NA	NA	0.24364081021918	1.20810062519805
NA	NA	NA	NA	NA	0.605558824970099	0.590356393266639	0.634178753132601	NA	NA	0.307695436869064	0.400294004091735	NA	0.693781571321696	NA	0.813104173539807	0.739050686720053	NA	0.489152787442049	0.702568357903659	0.831754345927658	NA	0.420016839048103	0.913693705660112	0.908224414126532	NA	0.481026261741478	0.614161611418182	1.01589689219096	0.98336546607395	NA	0.691112916347354	NA	0.360391779205116	0.361291887767328	NA	NA	0.368692070104442	1.20067468779302	0.793465041565761
NA	NA	NA	NA	1.1705986303548	NA	NA	1.61144569222278	1.77514494129847	NA	1.1927214810293	1.19921577567257	NA	1.48233982034305	NA	NA	NA	1.51245664797134	NA	NA	NA	NA	NA	0.890357271728801	0.829351816207848	NA	NA	NA	NA	NA	NA	NA	0.619625353241066	0.413265658139983	0.683031649415147	NA	NA	0.447454459527509	0.520872373373543	0.413996426779781
NA	NA	1.43228388009058	NA	NA	NA	1.48180238938098	0.929612037866321	0.802399659959045	NA	0.991874726420233	0.809622792652731	NA	NA	NA	1.0596159988327	1.25575387042552	NA	1.17172303028405	1.03383207265026	NA	0.638663487028314	NA	0.577110784038971	NA	NA	NA	NA	0.994837039963356	NA	0.937954687363381	1.09689838753817	0.804658994003347	0.802119280132145	0.5860260211414	0.45451342232488	NA	NA	NA	0.918062842792103
NA	1.32839217215307	NA	NA	1.05822402598451	1.07771929719962	1.18587727889863	NA	NA	1.05560691847518	1.03917687859749	1.43792282254159	1.34360695278416	1.92143401183576	NA	1.83251931534243	0.768107048561035	NA	NA	0.479264475095392	0.424440730011546	1.26844344361456	0.671464257498329	0.397419502536152	NA	NA	NA	NA	NA	NA	NA	NA	0.440448809284303	0.378856980361825	NA	0.398889755536781	NA	0.589126229003945	0.977449032326075	2.28468581695174
NA	NA	NA	NA	0.877430187757411	0.687328162620064	NA	0.676762850826387	NA	NA	0.732386050506577	0.988716762436341	NA	NA	0.89916055238372	NA	1.26742584149298	NA	NA	NA	NA	0.708678325913141	0.365296678654954	NA	0.763162386115018	NA	NA	0.564753642344547	0.631456956168478	0.630185771447448	0.348631198296062	0.153454532445983	0.394250423606927	0.376677193551431	NA	NA	NA	NA	0.552576178963825	1.43099104291984
NA	NA	1.42531346552417	1.2403096076506	NA	NA	1.04237843511575	0.724380414073372	NA	NA	0.528262066787238	0.749971774107229	NA	1.5032334855701	1.42745170684032	1.58040555909406	NA	NA	NA	0.404307994420785	NA	NA	NA	0.779814148125319	NA	NA	1.00934140209511	NA	NA	0.886947686075981	NA	NA	NA	NA	0.441629440541262	NA	NA	0.4811656241364	0.57284134265997	0.306835368298424
NA	NA	NA	1.23577353410038	0.986275304160322	0.719901293865134	1.42359237136847	0.492605596860226	0.444610844881256	NA	NA	0.724386359468921	0.653589911410173	0.910583854386369	0.844548860826799	0.868336332264095	0.717528567229868	NA	NA	0.512058193567664	0.590724931452824	NA	0.677380845921584	0.828802338882037	NA	0.694065062468743	0.342486000068247	0.452432225936985	0.851813113926244	1.07577950118603	0.923781804135553	NA	0.463029102031293	0.383218742683277	NA	NA	NA	0.454643517333807	0.318253233676947	NA
NA	NA	NA	NA	NA	NA	NA	NA	NA	NA	NA	NA	NA	NA	NA	NA	NA	NA	NA	NA	NA	NA	NA	NA	NA	NA	NA	NA	NA	NA	NA	NA	NA	NA	NA	NA	NA	NA	NA	NA
NA	0.885981822835056	NA	NA	NA	NA	0.836298058659219	0.850771959004003	0.34747340438452	0.139069086100394	NA	NA	NA	0.967838676220934	0.526127044788614	1.03473188675379	0.720932178074441	NA	0.394553070971187	0.386102227859811	0.897645849211483	0.991368685626247	NA	1.09509687795789	1.00466666402595	0.680291350400612	0.62028237948294	0.744647351401793	1.24462772560076	0.681379560079759	NA	NA	1.19633111566531	1.27903175441898	NA	NA	NA	1.018343208858	0.845094338950786	1.09853580770022
NA	1.45730029142069	NA	NA	NA	1.45327859441762	NA	1.82329625997437	NA	NA	NA	NA	NA	NA	NA	NA	NA	NA	1.37591662703813	1.10935167651122	1.61188818481907	1.49256499593114	1.63542614136449	1.25329552003363	1.48663003750127	1.39108200052529	1.42218605110214	1.22504548069418	NA	1.20869640706874	NA	2.41288823085535	2.06515898280312	1.54257507231442	1.27150720438794	1.53075011774974	NA	1.39034030765313	1.26650521646918	1.43088916449898
NA	NA	NA	NA	NA	NA	NA	NA	NA	NA	NA	NA	NA	NA	NA	NA	NA	NA	NA	NA	NA	NA	NA	NA	NA	NA	NA	NA	NA	NA	NA	NA	NA	NA	NA	NA	NA	NA	NA	NA
NA	NA	2.18861560827034	NA	1.78187867367194	2.19989017539855	NA	NA	NA	NA	NA	NA	NA	NA	NA	NA	NA	2.29863259072455	NA	2.02060529288897	NA	NA	NA	1.21431134566522	0.771912525789941	0.779804162273131	NA	0.661399858099643	NA	NA	NA	NA	NA	NA	0.114078187680334	0.354773884508878	NA	NA	0.446494000418327	0.292481011744313
NA	NA	NA	NA	NA	NA	NA	NA	NA	NA	1.94976903975494	NA	1.5506058015486	1.22638165257286	1.36201452003903	NA	NA	1.22667631342736	NA	NA	0.796373621819213	0.590147945467988	0.480336066721906	0.654848234805738	0.575935747199451	0.837798049379379	0.617605423738409	0.734757484043691	0.444948559425096	0.58599904916904	0.601110317817562	0.903673553100838	0.479842630103956	0.423035828831673	0.647665104541964	0.54768733682975	NA	0.559145692146897	0.289026951502847	0.60247746375891
NA	1.10987948410965	1.02493365148618	NA	1.19690063392512	NA	NA	NA	NA	NA	NA	NA	NA	1.94952759180811	1.5900549464182	NA	NA	2.35707805286852	NA	NA	NA	1.28107647381376	NA	NA	1.26119453881056	NA	NA	2.25559566925759	NA	0.705352820058636	NA	NA	0.781721418779068	0.352053931782686	NA	0.697542477700577	NA	0.883623112235196	0.678661311419805	NA
0.256360200838397	0.656899154794425	0.608798371511998	0.523540323226004	0.6234767805411	0.919470564736788	1.07366778130085	1.26246312912253	0.819117662099711	0.45276830689819	NA	0.506190739196141	0.567745925275511	0.751081317049281	0.917934782298947	0.426168017277668	0.414369533618385	0.474113982731151	0.556123536576085	0.261748983156611	0.427919016624767	0.698834954639576	0.56190567952128	NA	NA	NA	NA	0.463525698242727	0.935664210621389	0.889972308421274	NA	NA	0.714942396612728	NA	0.171610298042807	0.408817164040277	NA	0.540641122248653	0.548428881608384	0.822524609917756
NA	NA	NA	NA	NA	NA	NA	NA	NA	NA	NA	NA	NA	NA	NA	NA	NA	NA	NA	NA	NA	NA	NA	NA	NA	NA	NA	NA	NA	NA	NA	NA	NA	NA	NA	NA	NA	NA	NA	NA
NA	NA	NA	NA	NA	NA	NA	NA	NA	NA	NA	NA	NA	NA	NA	NA	NA	NA	NA	NA	NA	NA	NA	NA	NA	NA	NA	NA	NA	NA	NA	NA	NA	NA	NA	NA	NA	NA	NA	NA
NA	NA	NA	NA	NA	NA	NA	NA	1.27426755148468	NA	NA	2.17221625190628	NA	2.10639039343049	2.27837547846259	2.27454287756938	NA	2.29278498264129	NA	NA	NA	1.48321421565231	NA	NA	NA	NA	NA	0.395144355583808	NA	NA	NA	0.393336640712674	0.444461075566861	NA	NA	NA	NA	NA	0.489329048166712	NA
NA	NA	NA	NA	NA	NA	NA	NA	NA	NA	NA	NA	NA	NA	NA	NA	NA	NA	NA	NA	NA	NA	NA	NA	NA	NA	NA	NA	NA	NA	NA	NA	NA	NA	NA	NA	NA	NA	NA	NA
NA	NA	NA	NA	NA	0.996026785882929	1.09351121902378	1.04794990969206	1.02624413204219	0.627173416523449	0.668588377152326	NA	NA	0.517921612809802	NA	0.528891768857069	0.522264083168192	NA	NA	0.346072965908758	NA	0.744757211695035	NA	NA	NA	NA	NA	0.189075988608831	NA	NA	NA	NA	NA	NA	NA	NA	NA	0.889272592158541	0.6927979735827	0.544310533800474
NA	NA	NA	NA	NA	NA	NA	NA	NA	NA	NA	NA	NA	NA	NA	NA	NA	NA	NA	NA	NA	NA	NA	NA	NA	NA	NA	NA	NA	NA	NA	NA	NA	NA	NA	NA	NA	NA	NA	NA
NA	NA	NA	NA	NA	NA	NA	NA	NA	NA	NA	NA	NA	NA	NA	NA	NA	NA	NA	NA	NA	NA	NA	NA	NA	NA	NA	NA	NA	NA	NA	NA	NA	NA	NA	NA	NA	NA	NA	NA
NA	NA	NA	NA	NA	NA	NA	NA	NA	NA	NA	NA	NA	NA	NA	NA	NA	NA	NA	NA	NA	NA	NA	NA	NA	NA	NA	NA	NA	NA	NA	NA	NA	NA	NA	NA	NA	NA	NA	NA
0.66099977956731	0.688951259938497	NA	0.689826153020104	NA	NA	0.804493610003155	NA	NA	NA	1.20677885561327	1.04163021262197	0.681162659084359	0.870600014884287	NA	NA	0.848084866492583	1.29538185710146	NA	NA	NA	NA	NA	NA	NA	NA	NA	0.392820139791948	1.3360851666769	0.555485951119848	0.174705548874137	0.405586125920525	0.43670950432187	NA	0.350033209807445	0.47157485570145	NA	0.615835881396004	1.3298831135511	1.42326665171555
NA	1.27114512538646	1.75025299110966	NA	NA	2.30426575120612	NA	NA	NA	NA	0.730868140285469	1.93674406661992	NA	NA	NA	1.79654984597929	NA	NA	1.65529812051921	NA	NA	NA	1.56012724751105	1.50311646532665	1.16830156432248	NA	NA	0.977878364085085	NA	0.982547811023481	0.615741248308413	0.682666149882087	1.04833188262675	0.731103816386238	0.569425678598311	1.55463494482799	NA	NA	NA	0.407170035540299
NA	0.968111961106419	NA	NA	1.2419365324003	1.26911013860476	1.59479033428662	1.21880169865366	NA	NA	NA	1.97173184403845	NA	1.82468884149576	NA	1.50526346647765	1.57966355758331	NA	NA	NA	1.24480622691351	1.38614216606918	NA	1.13206454043304	1.09481972919779	NA	NA	0.950386646111779	NA	0.468838143040009	1.25165725567194	0.614152521176609	0.58485228360575	NA	NA	0.363555735372138	NA	NA	0.487945267367333	0.268223210122366
NA	NA	NA	0.227198588431262	NA	0.681518963914464	NA	1.62075008995874	NA	NA	1.91579265536312	NA	NA	NA	NA	1.84990252633599	1.46256252275342	1.11598244552264	NA	NA	1.07704124708997	NA	NA	NA	NA	NA	0.838081654123078	0.653596375698354	NA	0.821072161007437	NA	0.642079869835493	0.508724776508239	0.817771120849454	NA	NA	NA	NA	0.279723163331206	NA
NA	NA	NA	NA	NA	NA	NA	NA	NA	NA	NA	NA	NA	NA	NA	NA	NA	NA	NA	NA	NA	NA	NA	NA	NA	NA	NA	NA	NA	NA	NA	NA	NA	NA	NA	NA	NA	NA	NA	NA
NA	NA	NA	NA	NA	NA	NA	NA	NA	NA	NA	NA	NA	NA	NA	NA	NA	NA	NA	NA	NA	NA	NA	NA	NA	NA	NA	NA	NA	NA	NA	NA	NA	NA	NA	NA	NA	NA	NA	NA
0.362339132645935	0.606617980294128	0.30943427180778	1.06663102637546	0.870563648148516	NA	0.407814757824862	0.268728269160184	NA	0.812223332783223	0.697548707399331	0.801974416163908	NA	0.495039026120069	1.27700448067963	NA	0.958726964197917	NA	NA	1.23955455228729	0.652137591768544	NA	0.581926914284927	NA	NA	0.277764705639779	NA	0.62027268010974	0.461578157128963	0.381052028777886	1.07433812322244	1.42903558469832	0.319871737053339	NA	0.370673483873173	0.246165107801413	NA	0.337791067856619	0.199747978672702	1.02043777666597
1.1811669125889	NA	0.750672133979357	NA	NA	1.16849928216572	NA	0.941354311925768	1.78343559404931	1.59379692438097	1.12738380548323	1.67738305338053	1.56974407301238	1.86371664934102	1.90765806957143	NA	1.82955870396825	NA	1.86631638599474	1.79978892996809	2.01704637611929	1.78048036949006	NA	1.14758281557134	0.808116339719149	0.967664129181608	NA	NA	1.01419249293629	1.29087924968999	NA	NA	0.565548514929679	0.688427299455564	NA	NA	NA	0.77754714740833	0.758396571797752	1.17949542962923
NA	NA	NA	NA	NA	NA	NA	NA	NA	NA	NA	NA	NA	NA	NA	NA	NA	NA	1.12710827325435	1.33894658261186	NA	NA	NA	NA	NA	NA	NA	1.29066186726746	1.25956479878721	1.09880392700233	0.899159520320746	0.76555668002566	0.67001889089897	0.509621049977588	0.384161999989139	0.312852155872665	NA	0.223671551254779	0.326035411290488	0.34264211423402
1.28275160520952	NA	NA	NA	NA	0.71820755785962	NA	0.455989444706848	0.728817667773672	0.567461518553429	0.568816356856064	0.7450033472925	NA	0.804966492452736	1.20752216275797	NA	0.886235137912058	0.640190789623959	NA	NA	0.883658026794887	NA	NA	0.87493190209167	0.617636196497729	1.76730437521253	0.575279590794707	NA	NA	1.33906939950089	0.924358727812894	0.673377615407163	0.609225828923668	0.282407511195785	NA	0.501868967868474	NA	0.290035085738253	0.790616815553917	NA
NA	NA	NA	NA	NA	NA	NA	NA	NA	NA	NA	NA	NA	NA	NA	NA	NA	NA	NA	NA	NA	NA	NA	NA	NA	NA	NA	NA	NA	NA	NA	NA	NA	NA	NA	NA	NA	NA	NA	NA
NA	NA	NA	NA	NA	NA	NA	NA	NA	1.1833831806718	1.3511278098437	NA	NA	0.6088291099168	0.582393531595596	NA	NA	0.651910740858719	0.766421482358677	0.709989313794103	0.53768884303947	0.521666291821349	NA	0.283287690515921	0.461902876635063	0.402619656371129	NA	NA	NA	NA	0.557708145063639	NA	0.382300243481863	NA	0.640908006980665	0.921539753331786	NA	0.117802649808651	NA	0.158782893858621
NA	NA	1.66621489205645	NA	NA	NA	NA	NA	NA	NA	NA	0.905278764801713	NA	0.847360885355672	NA	1.59126928800888	0.986514925497988	NA	1.12386268675251	1.07338866304606	NA	0.990908633312765	1.33744547323601	1.00742628996604	1.117279328268	0.8927217297656	1.08543385656661	NA	NA	NA	NA	NA	NA	0.913051285523628	NA	NA	NA	0.378769980171	0.318391158084119	NA
NA	1.08948306466193	2.36461776403845	1.17867491408568	1.01436846122147	1.79355208873916	1.46182036094431	1.77313534808309	0.226851711156251	0.833777836187018	1.29021555198894	1.05457428524861	NA	0.518202336779914	0.34358560512973	0.815997919381321	1.17281230626414	NA	0.429208318589436	0.641724263531006	0.648970664530677	0.839571553694244	1.40808281991125	0.782868972219828	0.289384974881781	0.42445559306708	0.4896966902391	1.14026472484287	0.795010014850508	0.91986730675538	0.599449200127372	0.30590373196785	1.30803471241731	0.801271780447389	0.704562143223164	0.950668059721481	NA	0.875081917895886	0.774166847915542	0.570354418013854
NA	NA	NA	NA	NA	NA	NA	NA	NA	NA	NA	NA	NA	NA	NA	NA	NA	NA	NA	NA	NA	NA	NA	NA	NA	NA	NA	NA	NA	NA	NA	NA	NA	NA	NA	NA	NA	NA	NA	NA
NA	NA	1.23185885044699	NA	1.07211422307077	1.47908931110947	NA	0.493493803229024	0.388880601413878	0.190840080609585	NA	NA	NA	NA	0.656016407359886	NA	0.843268402421072	NA	NA	0.649388005771606	NA	0.638846552851774	0.63213959586149	NA	0.902415810886796	NA	NA	NA	0.960796198503231	NA	NA	NA	NA	NA	0.480718439429147	NA	NA	NA	0.92032040201945	1.4997756453597
0.454751544643834	0.4676912525869	NA	NA	0.283261794544755	NA	0.776803565157402	0.888564374888732	NA	0.984334188222108	NA	1.08263089719359	NA	0.721266091120339	1.80433283652441	1.46560055931989	0.513459233010636	0.360984929651332	1.11895767690034	NA	0.861038790155557	1.09917612008518	1.46730701863861	NA	NA	NA	NA	NA	NA	0.569759830333087	NA	0.621138381094712	0.524311666868451	0.720120679369302	0.356564165869527	0.356887190685498	NA	0.311160471733815	0.459491332066673	0.232112098669312
0.354371842884353	1.78217538855058	0.838934433605973	NA	0.763092469510843	0.773174237503678	0.971160970019663	0.641269764134058	0.468147281953709	1.01096442926211	0.795253214732646	0.4075989234611	1.45847488434893	1.6929782228294	0.459677320830095	0.502883625444486	1.38383606614798	NA	1.48944529823128	1.34181363686857	0.37953026313685	0.933271162678172	0.518562274054005	0.250142345266694	0.751782727521883	0.933723136135471	1.57599850109442	0.661769122791657	1.09630065184478	0.101985160885797	1.08337982950009	0.59139734769847	1.05705840712245	0.442205270488164	0.581750361008133	0.634674676785987	NA	0.615224080014099	0.350510618288565	0.703343666179823
0.361879093334943	0.464111112815273	0.0657360378520079	0.314538754632174	NA	0.484956205887055	NA	0.763376939503494	0.582446217185488	NA	0.748557537322674	NA	0.98800671545548	0.996261844552041	NA	NA	1.39663375655887	NA	NA	0.667515451418344	0.596566036284618	NA	0.744765396943484	NA	NA	NA	0.784161263068223	1.38890517730481	1.53197855855343	NA	NA	1.25135065297364	NA	NA	1.36781897820096	1.89780631914961	NA	1.11288775475717	NA	NA
NA	NA	NA	NA	NA	NA	NA	NA	NA	NA	NA	NA	NA	NA	NA	NA	NA	NA	NA	NA	NA	NA	NA	NA	NA	NA	NA	NA	NA	NA	NA	NA	NA	NA	NA	NA	NA	NA	NA	NA
NA	NA	NA	NA	NA	NA	NA	NA	NA	NA	NA	NA	NA	NA	NA	NA	NA	NA	NA	NA	NA	NA	NA	NA	NA	NA	NA	NA	NA	NA	NA	NA	NA	NA	NA	NA	NA	NA	NA	NA
NA	NA	NA	NA	NA	NA	NA	NA	0.725557631597071	NA	1.20904411601002	NA	1.61416935448062	0.96596953357346	0.808105710247609	0.776565436211209	NA	1.627921584742	0.546478376863856	1.71177524894467	NA	0.149124044270804	2.00899988919755	2.15046308338683	NA	NA	1.47673927289728	NA	NA	NA	2.22865222582886	NA	NA	NA	NA	2.15108649942239	NA	NA	0.623319456316407	NA
NA	NA	NA	NA	NA	NA	NA	NA	NA	NA	NA	NA	NA	NA	NA	NA	NA	NA	NA	NA	NA	NA	NA	NA	NA	NA	NA	NA	NA	NA	NA	NA	NA	NA	NA	NA	NA	NA	NA	NA
NA	NA	NA	NA	NA	NA	NA	NA	NA	NA	NA	NA	NA	NA	NA	NA	NA	NA	NA	NA	NA	NA	NA	NA	NA	NA	NA	NA	NA	NA	NA	NA	NA	NA	NA	NA	NA	NA	NA	NA
NA	0.940929362424705	NA	NA	0.722740886589505	1.12249260038238	NA	0.712374621107781	0.490634170350358	NA	2.09430946038164	1.25264024086341	1.72343586261812	1.34336174419207	0.890922526983161	NA	1.33289395022297	0.908323886971546	NA	0.29089524956692	NA	0.350550104594844	NA	NA	NA	NA	NA	NA	NA	NA	NA	NA	NA	NA	NA	NA	NA	1.52702150841873	1.45383842380591	1.66971807096054
NA	NA	NA	NA	NA	NA	NA	NA	NA	NA	NA	NA	NA	NA	NA	NA	NA	NA	NA	NA	NA	NA	NA	NA	NA	NA	NA	NA	NA	NA	NA	NA	NA	NA	NA	NA	NA	NA	NA	NA
0.770229396125213	NA	NA	0.122068225774875	1.93507730840599	0.296713548028409	0.643038385829147	0.585278835952576	0.802517366562488	2.11272611598117	1.79993561797627	1.85249556042128	0.249305214815351	NA	0.311087347610913	NA	NA	0.344404662860875	NA	0.663326277022789	NA	0.392321734289741	NA	0.895364387886888	NA	NA	NA	NA	NA	NA	NA	0.370181476814693	1.22121118587406	1.0831653455258	NA	NA	NA	0.881009601053842	1.43350765959443	0.309556708306648
NA	NA	1.7144288599629	NA	0.548034713536354	NA	NA	NA	0.556879961644766	NA	NA	NA	1.17741980736316	0.716245293814831	1.11202614927273	NA	1.38042419664102	0.847939884639799	NA	NA	0.59432131671455	NA	0.800601727439596	1.49727604423441	NA	NA	0.996676007201675	NA	0.880330432186813	NA	NA	NA	0.6591353734081	0.921878418819141	0.720749175437571	0.184667752688093	NA	0.677290331120623	0.62927911445914	NA
NA	NA	NA	NA	NA	NA	NA	NA	NA	NA	NA	NA	NA	NA	NA	NA	NA	NA	NA	NA	NA	NA	NA	NA	NA	NA	NA	NA	NA	NA	NA	NA	NA	NA	NA	NA	NA	NA	NA	NA
NA	NA	NA	NA	NA	NA	NA	NA	NA	NA	NA	NA	NA	NA	NA	NA	NA	NA	NA	NA	NA	NA	NA	NA	NA	NA	NA	NA	NA	NA	NA	NA	NA	NA	NA	NA	NA	NA	NA	NA
NA	NA	NA	NA	NA	NA	NA	NA	NA	NA	NA	NA	NA	NA	NA	NA	NA	NA	NA	NA	NA	NA	NA	NA	NA	NA	NA	NA	NA	NA	NA	NA	NA	NA	NA	NA	NA	NA	NA	NA
NA	NA	0.435385403620904	0.377080212510709	0.546275094183135	NA	0.893089335167383	0.463940124754816	NA	NA	0.400141580147691	NA	0.73551867105266	0.545252449418439	0.442682794082718	0.604206338791089	0.944467900333777	NA	0.259355364843421	0.302693688197046	NA	0.873205117032509	NA	NA	NA	NA	NA	NA	0.602183827468098	1.06656614023344	NA	NA	NA	0.557631276807363	NA	0.853098430906959	NA	1.29694338235678	NA	1.22113153947594
NA	NA	1.07637232757777	NA	0.805810031321373	NA	NA	1.63357318455646	1.21659023508899	1.1343572252555	1.67251676240178	NA	1.05408818491929	1.23943534049514	1.42516421764819	1.02807879620823	NA	NA	0.856486673237406	NA	1.26578468526592	0.893767675119796	0.488400978449768	NA	NA	NA	NA	1.53551905696782	NA	NA	NA	1.13777273905872	0.579853584503984	0.359286679951403	0.372864493737376	NA	NA	NA	NA	0.634355920961363
NA	NA	NA	NA	NA	NA	NA	NA	NA	NA	NA	NA	NA	NA	NA	NA	NA	NA	NA	NA	NA	NA	NA	NA	NA	NA	NA	NA	NA	NA	NA	NA	NA	NA	NA	NA	NA	NA	NA	NA
NA	NA	NA	NA	NA	NA	NA	NA	NA	NA	NA	NA	NA	NA	NA	NA	NA	NA	NA	NA	NA	NA	NA	NA	NA	NA	NA	NA	NA	NA	NA	NA	NA	NA	NA	NA	NA	NA	NA	NA
NA	2.48265449729389	NA	2.58975967001661	NA	2.61409165884971	0.604526232886126	2.65018624524963	NA	NA	2.19887129505679	1.82084952271268	1.22024236014987	1.08500361137973	1.18384129006275	NA	2.42952777416232	1.06251211428303	1.6143120574701	1.80195998915421	1.84411052131826	1.28218123780267	1.45224358719112	1.26147615522309	1.14944953975097	1.2456173827533	NA	1.74083051882236	1.70539852630925	2.11184259599456	1.15419301504762	NA	2.71511141889494	2.50970673971664	NA	2.58642814015087	NA	NA	2.06249505702467	NA
NA	NA	1.63326136699594	1.04649839233548	1.56906936331531	1.23690892746901	NA	1.52607840469575	1.16939423179309	1.01950751783314	NA	NA	NA	1.23400938179828	1.22955677628107	0.724662943285283	1.45388890251874	0.893122853000585	1.34447460011917	1.53320188141884	1.1866883002855	1.27643645883862	1.22729960467086	1.24703510553762	1.20651246663935	0.879597823823478	1.40204999178047	1.22643112543946	NA	1.40816362835073	1.07430813963626	0.999111404294534	1.30635121839546	0.723889208615991	0.632704892018029	1.06620394895331	NA	0.617004774738874	0.253413771383377	0.807621628661624
NA	NA	NA	NA	NA	NA	NA	NA	NA	NA	NA	NA	NA	NA	NA	NA	NA	NA	NA	NA	NA	NA	NA	NA	NA	NA	NA	NA	NA	NA	NA	NA	NA	NA	NA	NA	NA	NA	NA	NA
NA	NA	NA	NA	NA	NA	NA	NA	NA	NA	NA	NA	NA	NA	NA	NA	NA	NA	NA	NA	NA	NA	NA	NA	NA	NA	NA	NA	NA	NA	NA	NA	NA	NA	NA	NA	NA	NA	NA	NA
NA	1.86812253338118	NA	1.82126779478017	NA	NA	NA	NA	NA	1.63031867813768	NA	NA	NA	NA	NA	NA	NA	1.71858764221359	1.34032495335003	1.29663546118191	NA	1.31729065515106	1.38336071378548	0.985449978619474	NA	NA	1.4649897916257	0.930681007837179	1.07426656767411	0.627044448962887	NA	0.785860334819545	0.802112841928749	NA	0.372471619993287	0.711224834571096	NA	0.248843680051643	NA	0.418976646012372
NA	1.80708683733747	NA	NA	NA	0.628654179497243	NA	NA	NA	1.73167750661228	2.21934144789564	1.8786634113192	NA	2.02068180750402	2.03570317321318	2.06679761794599	1.94084339615763	2.10608048852353	2.05483023172399	1.89521252263774	0.833306297060324	1.07796252579372	NA	NA	NA	NA	NA	NA	NA	NA	NA	0.415314990661025	NA	NA	0.15141138241752	0.28423137617849	NA	0.578854070415521	0.713247340897152	1.08724438482154
NA	NA	NA	NA	NA	NA	NA	NA	NA	NA	NA	NA	NA	NA	NA	NA	NA	NA	NA	NA	NA	NA	NA	NA	NA	NA	NA	NA	NA	NA	NA	NA	NA	NA	NA	NA	NA	NA	NA	NA
NA	NA	NA	NA	NA	NA	NA	NA	NA	NA	NA	NA	NA	NA	NA	NA	NA	NA	NA	NA	NA	NA	NA	NA	NA	NA	NA	NA	NA	NA	NA	NA	NA	NA	NA	NA	NA	NA	NA	NA
0.410924323168349	0.467869630917279	0.937689747531374	0.427596338567047	0.270597163704598	1.53095322299622	1.40784851613938	NA	0.877568764041632	NA	0.743545669492317	NA	NA	0.504033396568967	0.834200178636227	1.08363916182522	1.02940550054334	0.526666402442795	0.418422847054547	0.651386746178172	0.594683815432245	0.85455703338931	0.589628367289771	0.285969374775891	NA	NA	0.575101336694479	0.498541513378156	0.990864104778121	0.560297437889015	0.674384957888087	0.512560432756947	0.478212028899209	0.431009084110101	0.483226549945952	0.851761250984103	NA	0.476754265355873	0.403107676019069	1.10721462021511
NA	0.893740764225216	0.481579792013507	0.759939902149327	0.671874227695975	0.715104810604645	0.753483076734492	NA	0.846460979180491	NA	NA	1.10101960160301	NA	NA	0.984739240173863	NA	0.98137922901393	NA	0.540485880907148	0.492666735864372	0.931484132740308	0.473869590924697	0.462325995822147	NA	NA	NA	NA	NA	0.816920963802194	1.13621442125913	0.667472942209799	NA	0.568180634631816	NA	1.58175073651549	0.649544317157627	NA	0.575708623357382	0.372879701369998	NA
NA	NA	NA	NA	NA	NA	NA	NA	NA	NA	NA	NA	NA	NA	NA	NA	NA	NA	NA	NA	NA	NA	NA	NA	NA	NA	NA	NA	NA	NA	NA	NA	NA	NA	NA	NA	NA	NA	NA	NA
NA	NA	NA	NA	NA	NA	NA	NA	NA	NA	NA	NA	NA	NA	NA	NA	NA	NA	NA	NA	NA	1.08900282530557	0.550580136816852	NA	NA	NA	NA	NA	0.535955839321579	0.339021778164209	NA	0.44689856544819	NA	NA	NA	NA	NA	NA	0.329795696414335	0.857490667188279
0.572327958421743	0.843909435010353	NA	NA	NA	0.277202505482402	0.580958834459565	NA	1.46784747921783	1.80099191520076	2.01485694262387	1.92270130776723	1.73890947061414	NA	2.24713297577147	2.4361171236514	1.99503941118447	NA	1.27740849792489	1.65273899969314	1.44464286641193	1.25479816145838	NA	NA	NA	NA	NA	NA	0.652509509858259	NA	NA	0.369089407352989	NA	0.223370026895962	NA	NA	NA	NA	0.657010078461852	0.622416957353745
0.572928878124562	0.569663337665438	0.92389194816856	0.949040634655662	0.332838501112343	0.343222476006519	0.685108892006943	0.783807456474425	0.75413910950282	NA	NA	0.0733495835612176	0.896714982337889	0.214878273587097	NA	0.32826957326771	0.0802414785286181	0.282898367754938	NA	0.608538935009166	NA	0.455245041378393	NA	0.585045323328185	0.864790559772837	NA	NA	NA	0.999910474473799	NA	0.290014812910505	NA	NA	NA	1.03389230548064	0.111861990972016	NA	0.719518112040368	0.381408249447313	0.315189267714462
0.769336376797862	0.847271467309851	0.980068083870065	NA	1.21563766075666	NA	NA	1.02160424654302	0.852168511112538	0.855789353585198	1.13700128589709	NA	0.993025449092428	1.01811316259051	NA	NA	0.931584192876301	NA	NA	1.0312061494638	0.670591029663645	0.683633743050662	NA	0.592891374905361	NA	NA	NA	1.30983986042745	1.31384028504347	0.810137895268115	1.28123305672291	0.572973814708132	1.51269842280683	1.41898790194244	NA	0.559393473959571	NA	0.75564056559013	NA	0.578752079119295
NA	NA	NA	NA	NA	NA	NA	NA	NA	NA	NA	NA	NA	NA	NA	NA	NA	NA	NA	1.72131257651175	1.53045050373977	1.43573094583416	NA	NA	NA	NA	NA	NA	NA	NA	NA	NA	NA	1.10479872111138	NA	NA	NA	NA	0.530354922524825	NA
NA	NA	NA	NA	NA	NA	NA	NA	NA	NA	NA	NA	NA	NA	NA	NA	NA	NA	NA	NA	NA	NA	NA	NA	NA	NA	NA	NA	NA	NA	NA	NA	NA	NA	NA	NA	NA	NA	NA	NA
NA	NA	NA	NA	NA	NA	NA	NA	NA	NA	NA	NA	NA	NA	NA	NA	NA	NA	NA	NA	NA	NA	NA	NA	NA	NA	NA	NA	NA	NA	NA	NA	NA	NA	NA	NA	NA	NA	NA	NA
2.0072493781398	NA	1.69779606293846	NA	NA	NA	0.689010603670837	0.867813425539867	1.07456243766771	1.06567190904427	NA	NA	0.581187610946032	NA	1.32565271199389	NA	NA	0.763232274111442	NA	NA	NA	NA	0.497460522142353	NA	1.07528876932414	NA	NA	NA	NA	NA	NA	0.493906626531968	NA	0.807454583633264	NA	1.01587996388404	NA	0.162402819001889	NA	NA
1.64772993601601	1.27195745292062	1.28279102858129	1.26911189451998	1.49019250576807	NA	NA	NA	0.90813655153982	NA	NA	NA	NA	NA	NA	0.631658807832765	NA	1.43614151340724	NA	NA	NA	NA	NA	NA	1.02076616709841	NA	1.13529183696151	0.767342686804281	NA	0.59573164447422	0.395415417420219	0.31748389302951	0.52145502919399	0.224779792848224	NA	0.399448653244529	NA	0.695588291068578	NA	1.08552261145996
NA	NA	NA	0.783110284267123	NA	NA	1.16239412997443	1.45980671911159	1.13727489695378	NA	NA	1.3589039800646	1.31748047823007	NA	1.44906286778689	NA	0.549695431765989	0.546633999488169	0.788320871930385	0.256741329354057	NA	NA	1.4485577404945	0.339085351318674	1.85471400614244	NA	0.393948274164468	0.255712285648534	0.422736112680935	0.448498736796004	0.810358349261397	0.547419880003719	0.710637591719802	0.693491040934082	0.412520141739842	NA	NA	NA	NA	NA
NA	NA	NA	NA	NA	NA	NA	NA	NA	NA	NA	NA	NA	0.806253703784918	0.988868634583132	NA	0.88780315049404	0.862572691402491	NA	NA	NA	NA	0.835499437148542	0.602776336375792	0.784980508174243	NA	NA	NA	0.909412269560878	1.19658566963922	1.26747043072819	1.29754758046696	0.928184944964707	1.21852132166041	1.01415179485019	NA	NA	1.12053098631313	0.858969887605878	NA
NA	NA	NA	NA	NA	NA	NA	NA	NA	NA	NA	NA	NA	NA	NA	NA	NA	NA	NA	NA	NA	NA	NA	NA	NA	NA	NA	NA	NA	NA	NA	NA	NA	NA	NA	NA	NA	NA	NA	NA
NA	NA	NA	NA	NA	NA	NA	NA	NA	NA	NA	NA	NA	NA	NA	NA	NA	NA	NA	NA	NA	NA	NA	NA	NA	NA	NA	NA	NA	NA	NA	NA	NA	NA	NA	NA	NA	NA	NA	NA
0.923223397086019	NA	0.994000744627755	0.739208595892833	0.872458088870088	0.98204541897454	NA	1.25065104394846	1.24760375355857	NA	1.51624491870103	NA	NA	NA	1.15831293690233	NA	1.24870826567864	0.966282299096454	1.13033151922426	1.26279763493609	NA	0.63775015874483	NA	0.195525565994229	NA	NA	NA	0.747228985028397	0.310884908443031	NA	NA	0.535848472433596	NA	0.720108073583089	0.25475738613387	0.602034943400652	NA	0.287167173078938	NA	0.563116815124488
NA	1.1150009343857	1.00306299396999	NA	1.06609020186577	0.658698556999859	1.09834943958552	NA	0.773016098795791	0.696324503918001	0.793508156716949	0.666640654973421	0.799101598817141	0.629277239436105	0.74172587643513	0.538783402300778	0.224123117116677	0.47014951952894	0.410234239380144	0.440577736524233	0.662957195557839	0.853613452056498	0.910805025350831	0.756296662181706	0.619729817230448	0.48361539750326	0.994721305610795	0.346318668896558	0.908401226855612	0.440547022905175	0.936078540550099	1.19986248924878	1.36458699346173	1.29724003253559	0.976932374368152	0.666328284449469	NA	0.345216390126161	0.460302895127603	0.562865429807641
0.97074026432159	1.79487898181182	NA	1.35397913446435	NA	1.55482424321012	0.937596049694911	1.12835241108262	NA	1.03294538447709	1.15038407995696	1.22355909484233	0.854192021189652	0.815825628860686	0.81737792842324	0.78913808795241	NA	0.783814468182026	1.04932318810613	1.10806543404334	0.156785874896653	1.2040801931351	0.778376091105019	1.35108745347945	0.673588444867032	0.804858840239107	0.728214033277836	0.938237493613132	NA	1.48339225109521	1.5564474776927	1.96808149998455	1.69723970212165	NA	NA	NA	NA	NA	NA	0.303175480846636
NA	NA	NA	NA	0.694702652455283	NA	NA	0.366283660633532	0.527381394505352	0.341771086752779	0.386519032864206	0.528893307699234	NA	NA	0.248504000382426	0.730368196479596	0.573930930307793	0.203245921163195	NA	0.178462604054619	0.318683142471018	0.236206467918784	0.241287255017376	NA	NA	NA	NA	NA	NA	NA	0.670184498643043	0.522434309239281	NA	0.385653258383752	NA	NA	NA	1.52310440912404	0.741404945705932	0.838307852684398
NA	0.862319217932365	0.910159128398161	0.926591879740875	1.07456803789508	NA	NA	NA	1.17488218173996	NA	NA	1.41594276233945	NA	0.95180834935479	NA	1.97879379641658	0.956343904462032	1.02577890561289	NA	NA	NA	0.61723482629862	NA	0.580940324333531	1.28923268716605	NA	NA	NA	NA	0.859116673134346	NA	0.427966553359146	0.299758094379697	1.00212150330984	1.04506264539399	0.737570311758608	NA	0.302217382319865	0.733764679311386	NA
NA	0.580066610413726	0.857710993810627	0.538433162751246	0.596478440052366	1.05344245252314	1.02039397968113	0.617923489582767	0.706404326601224	NA	0.939269730878033	1.17391826426447	NA	0.451614320469283	0.470880128535975	0.621373635705595	NA	0.696194973698051	0.568836615994481	NA	NA	0.622466614641555	NA	0.823141205857754	NA	NA	0.555567010938232	0.826405903260831	0.704167095833362	NA	NA	0.428591444922559	NA	0.48944586396621	NA	0.65354895910293	NA	NA	0.610284523125241	NA
NA	0.31931028174485	0.740598980528686	0.822286163075105	NA	NA	0.42880916342367	0.84522414202812	NA	0.579244457956758	0.391525300959548	0.230166753910138	0.350873203254907	0.638051621031613	0.579193454644118	0.477230482726874	0.862455062817687	0.49826789525054	0.718559960291699	NA	0.660383040677276	0.147189940167404	0.366194767182155	0.37477898669877	NA	1.98557379162858	0.408692697694769	NA	1.05014042506394	0.67597624296619	NA	0.554221231435257	0.538654960577022	0.908978471057308	0.648731476680778	1.09699472039622	NA	0.608506631247271	0.840483953088458	0.583606876297344
NA	NA	NA	NA	NA	NA	NA	NA	NA	NA	NA	NA	NA	NA	NA	NA	NA	NA	NA	NA	NA	NA	NA	NA	NA	NA	NA	NA	NA	NA	NA	NA	NA	NA	NA	NA	NA	NA	NA	NA
0.776978726224985	NA	NA	0.57982897323046	0.671959068569887	0.71716303849661	1.08010812372154	0.683655752130142	0.643038820366248	1.41095472255796	1.6653895905771	NA	1.41007087420543	1.0610593649125	0.811672333579488	0.677239090374618	1.21125203786365	NA	0.834274724918158	0.858942332243897	0.422112110972393	0.432708221767477	NA	NA	0.663720627279001	NA	0.250493091504215	0.2864458789111	0.633380575049414	0.452182391572305	0.935550273044193	NA	0.83954180256485	0.644166428601465	0.64263758101169	0.270187027286694	NA	0.228298816368775	0.394723074769894	0.542070811073981
1.31308289830517	0.689543510598272	NA	NA	NA	1.38624519555624	NA	1.09163603599671	1.16820437551852	0.833571598655525	0.696089219757128	0.709136319476315	0.85042121307273	0.727801530876307	0.900947924982957	NA	0.844319875475164	0.434434681224677	0.46255828087553	0.490139314565033	0.463291103138481	0.746921689650911	0.58337624436054	0.931070385854777	0.562846596425672	NA	NA	0.467546117673885	0.452027953969296	0.428436500451558	NA	NA	0.699661243192082	0.933632526458169	NA	NA	NA	0.927141462518308	0.444310659223746	0.42882517711099
2.08222870412163	1.73908244398329	NA	NA	1.59008007345791	1.12523530624515	1.42158878467974	1.33767533249544	0.797417627899326	0.709392280371464	NA	1.31414122814128	1.80702332814462	1.56284613532748	1.47983488668346	0.997755560487148	1.38822859468907	0.708500991705032	0.788377192857189	1.06795691202257	0.771227856260962	0.572414310865128	0.43805146189676	0.673243142405133	0.262813757164029	0.590044122216123	1.05475622592831	1.31681941228032	0.816748592697915	1.05221488656501	1.2693972667404	0.51524447913338	0.580577850670887	0.554342227467954	1.12828629345783	0.828146271485995	NA	0.602576263064572	0.6106643179388	0.847052247371318
NA	NA	NA	NA	NA	NA	NA	NA	NA	NA	NA	NA	NA	NA	NA	NA	NA	NA	NA	NA	NA	NA	NA	NA	NA	NA	NA	NA	NA	NA	NA	NA	NA	NA	NA	NA	NA	NA	NA	NA
0.943048180491455	0.782078223019981	0.790896372768477	NA	0.727953337952814	0.577054482364954	0.551759511176232	0.470264752394312	0.576130304703485	NA	0.533107470785388	0.542903162983881	NA	0.904964616080526	NA	0.605532128042707	0.643034559176053	NA	NA	NA	0.356008086107963	0.56065421118893	0.936101497354291	0.934935141688173	0.948812080159023	0.605339836801159	1.25966856498446	NA	1.38466427283637	NA	1.33877413326966	1.69149262688738	0.871868678763259	NA	NA	NA	NA	1.40741711934611	1.29697788086116	0.750732855296992
NA	NA	NA	NA	NA	NA	NA	NA	NA	NA	NA	NA	NA	NA	NA	NA	NA	NA	NA	NA	NA	NA	NA	NA	NA	NA	NA	NA	NA	NA	NA	NA	NA	NA	NA	NA	NA	NA	NA	NA
1.83023038755005	1.63122712727785	1.86805901198355	1.91988697961243	2.50005696944788	0.566952495355965	1.25980836187207	NA	0.430970220017759	1.20513579052651	NA	NA	2.34811517617517	NA	1.7123620041012	1.64598826459603	1.98806992872806	NA	NA	2.47503556614095	1.36117323942298	NA	0.707054383606297	NA	NA	NA	1.06399144150278	NA	NA	NA	NA	0.928987928292629	NA	2.21211588016863	NA	0.436182355218073	NA	0.185969301369419	1.49782650903936	2.15118439138978
NA	NA	NA	NA	NA	NA	NA	NA	NA	NA	NA	NA	NA	NA	NA	NA	NA	1.1480637804286	NA	0.507278794547645	NA	1.59656504040518	1.17364597074901	0.390396530433965	NA	2.08783104191887	NA	NA	NA	2.29929173763405	NA	0.217604794075035	0.53333377980196	0.19608007267228	0.149873109665059	NA	NA	NA	NA	0.39956793210897
NA	NA	NA	NA	NA	NA	NA	NA	NA	NA	NA	NA	NA	NA	NA	NA	NA	NA	NA	NA	NA	NA	NA	NA	NA	NA	NA	NA	NA	NA	NA	NA	NA	NA	NA	NA	NA	NA	NA	NA
NA	NA	NA	NA	NA	NA	NA	NA	NA	NA	NA	NA	NA	NA	NA	NA	NA	NA	NA	NA	NA	NA	NA	NA	NA	NA	NA	NA	NA	NA	NA	NA	NA	NA	NA	NA	NA	NA	NA	NA
NA	1.45774259918132	NA	NA	NA	0.744154059396249	0.899354682348812	NA	NA	NA	NA	NA	NA	0.805562948635592	NA	NA	NA	NA	NA	0.609504174391406	NA	0.819158135595364	1.00299828479335	NA	1.22841079079523	NA	1.56184349339191	NA	0.890161108176096	0.550894213682354	NA	1.00273330222046	NA	NA	1.30114905743908	NA	NA	NA	1.08497376276539	NA
NA	NA	NA	NA	NA	NA	NA	NA	NA	NA	NA	NA	NA	NA	NA	NA	NA	NA	NA	NA	NA	NA	NA	NA	NA	NA	NA	NA	NA	NA	NA	NA	NA	NA	NA	NA	NA	NA	NA	NA
NA	NA	NA	NA	NA	NA	NA	NA	0.695166366752686	NA	1.11424788072107	NA	NA	NA	NA	NA	NA	NA	NA	NA	NA	NA	NA	NA	NA	NA	NA	0.303198239164854	2.00391525668559	NA	NA	NA	0.367451432441818	0.56398749542778	0.0796246543390715	NA	NA	NA	NA	NA
NA	NA	NA	NA	NA	NA	NA	NA	NA	NA	NA	NA	NA	NA	NA	NA	NA	NA	NA	NA	NA	NA	NA	NA	NA	NA	NA	NA	NA	NA	NA	NA	NA	NA	NA	NA	NA	NA	NA	NA
1.68121277290359	1.67077834294712	NA	1.92776286298801	NA	2.45423521066212	2.10621772725643	2.14068974943852	2.10769541080178	NA	1.9605209012043	2.71931637732349	NA	NA	2.14490713589084	NA	1.67555817148391	NA	2.29923402433722	NA	NA	2.37276733586622	1.04732623101934	0.9424941898792	1.76603696940968	1.87852159732872	1.67170225463353	1.7707440131142	NA	NA	NA	NA	NA	NA	0.897764842590082	0.604188603216128	NA	0.233179470080831	1.13829789876643	0.495922997376934
NA	1.4222831927097	NA	NA	1.76707367633761	2.03993368779012	NA	2.01135904336411	NA	1.98558296574595	NA	1.99881967141634	NA	2.63336326353766	2.28278347855103	2.07859268497967	NA	2.43803294786886	NA	1.86143585607746	NA	2.43054897228533	1.56425730906686	1.52661007811168	1.42062620327816	NA	0.99253888552719	1.27654526202636	1.24743988824926	NA	1.1631587851537	NA	1.03002608349705	0.416495439600648	0.283382103172534	0.410510165730054	NA	0.567855785749227	0.500216933482098	NA
NA	NA	NA	NA	NA	NA	NA	NA	NA	NA	NA	NA	NA	NA	NA	NA	NA	NA	NA	NA	NA	NA	NA	NA	NA	NA	NA	NA	NA	NA	NA	NA	NA	NA	NA	NA	NA	NA	NA	NA
NA	NA	0.467335096453197	NA	NA	NA	NA	0.589130936431616	0.198451838248174	0.620380682220822	0.64130369132642	0.60132754954238	NA	NA	0.82599182049322	NA	0.616055204046006	1.04972977058849	1.10906567606521	0.325643510437953	0.85337176552854	NA	NA	NA	NA	0.945926690212904	NA	NA	NA	NA	NA	NA	0.43936470979028	0.786430080588868	1.15429635893817	NA	NA	NA	1.06792077083928	NA
1.56296511468448	1.88694034690315	NA	NA	NA	NA	0.805830988741541	NA	1.11772522133681	NA	NA	1.14228747693386	NA	NA	NA	NA	2.37749182549791	NA	NA	0.958023466008638	1.39532125924113	2.38948929388402	1.12044815566749	0.69861783478611	NA	1.42865726902126	1.65615661435836	0.565031202966065	0.175457432119369	0.129772927126633	NA	0.353739211193321	NA	NA	0.119384035101732	0.318154405099294	NA	0.624456966848262	0.901462654535431	NA
1.33484383377883	NA	NA	NA	1.32268473167453	NA	NA	NA	NA	1.3594525065043	NA	NA	NA	1.37045990868208	NA	1.32958467537701	NA	1.28663621292945	1.48862464703834	NA	NA	1.47964162361245	1.17225702691976	0.863960110492053	0.846477145949119	0.959161220956916	1.1044301117334	NA	0.501194697703394	NA	0.523553000679853	NA	NA	0.991970359656662	NA	NA	NA	NA	NA	NA
1.87247228267422	NA	1.76246005665788	2.44145841770488	NA	NA	NA	NA	NA	NA	NA	NA	NA	NA	0.607821823192918	0.679185568133292	2.86150301750911	NA	3.00106052719132	NA	2.87777709668804	2.84331081707825	2.49117144582909	2.49256444492791	2.56107538838434	NA	NA	1.50028496265069	1.47187027319272	2.74911852396047	3.32437908142322	2.75254624368262	2.77848873467571	NA	2.89437254862983	1.71883134241656	NA	1.54960151070107	0.979993889239419	0.739828034871889
NA	NA	NA	NA	NA	NA	NA	NA	NA	NA	NA	NA	NA	NA	NA	NA	NA	NA	NA	NA	NA	NA	NA	NA	NA	NA	NA	NA	NA	NA	NA	NA	NA	NA	NA	NA	NA	NA	NA	NA
1.86542772283248	1.68852224941725	0.644621375140714	0.894664593903868	1.38529843216337	0.772745893828748	NA	1.22765961656893	0.839591585641594	0.450907600760466	0.277314047988567	0.759547183800647	1.67360257629236	0.9315364218197	0.990722286989625	NA	NA	0.603901482034987	0.415173348152722	0.682654383760031	0.947444239795191	0.643497495984626	NA	0.799533820370416	NA	NA	0.133353401340406	NA	0.22348450371804	0.484555550732253	1.24273423211917	0.911967468500229	0.454285105939936	0.623666054709089	0.356044672937761	NA	NA	0.46971312450603	0.466542892483124	0.903522172427689
NA	NA	NA	NA	NA	0.40237039436209	0.223981462319056	NA	0.627580877011145	NA	NA	0.345606526599749	0.758893405746116	0.693598317822079	NA	0.87290156307907	0.845410601813879	NA	0.586326584245035	0.823543804583413	1.12815761664356	0.585664421645864	0.4503863343501	0.69866093678695	NA	0.908736244734646	1.70354301983014	1.23508969585133	0.767466174464171	NA	0.547097328919827	0.364806771460841	NA	0.526991247023289	0.631373080771738	NA	NA	NA	0.507348252307646	0.284238952722755
1.26215682691421	NA	NA	NA	NA	1.58738008416192	2.7552277123698	2.51581057642453	1.74685415890513	2.45542468742698	2.15714766157357	1.73855129473671	1.35486550768694	1.60614244386591	1.24479127408094	0.891587639559938	1.00428581614617	1.03019655144541	0.864794687069105	1.55023684145464	0.355977498023895	1.29559640280299	2.01878690618804	NA	0.553385423110628	NA	0.717722973334488	0.62600644134817	0.77211426397666	0.7492542239383	0.394921888975757	NA	0.410896451919938	NA	0.803959324748192	NA	NA	NA	1.16521997897505	NA
NA	NA	NA	NA	NA	1.24162255383888	NA	1.32014797690232	1.10829922462769	NA	1.23406690216757	1.05720817809131	1.02180407794484	NA	1.25541271296449	1.00988175295884	1.03625721193904	0.808559720570015	NA	0.948621153656094	1.28673416590491	0.862535128027576	0.356552969570057	0.555106009842547	0.497973595018783	NA	NA	NA	0.486106584534074	0.659286922258217	0.893304755725339	0.859286167676696	0.753076292820011	NA	0.378387686662692	0.438930113860621	NA	0.322619906501262	0.615388426940833	0.683659830008201
NA	0.634904316290108	0.969568304678599	NA	0.973053350869802	1.12968032128305	1.00824391506705	1.25884355168199	1.22339743791129	0.972540757468424	NA	0.89181500533722	0.930952348002951	0.638601561093957	0.750172663429362	NA	0.956757888575105	0.787477736200876	0.787106704061485	1.13518852031459	0.952144963775088	1.28872626295527	1.12930261005149	0.970259175985201	1.00127608776625	0.986147619819006	0.835385957301331	0.898219646337995	1.35740183145168	NA	NA	NA	1.09048028996032	0.970467157300562	0.474325204089002	0.757429210204965	NA	0.561467702154878	1.19019627678008	0.999856525406494
NA	NA	NA	NA	NA	NA	NA	NA	NA	NA	NA	NA	NA	NA	NA	NA	NA	NA	NA	NA	NA	NA	NA	NA	NA	NA	NA	NA	NA	NA	NA	NA	NA	NA	NA	NA	NA	NA	NA	NA
NA	0.940848624808614	NA	1.20814682690459	0.754062197112429	0.801746482917037	NA	1.21973201070492	0.958019732829787	1.01604281591798	1.29200153388386	1.04310606789973	NA	1.46579129495231	NA	1.6070482961345	1.31925198831759	NA	NA	1.01479158986324	0.476495361591967	0.493355916201286	0.693541003587674	NA	1.18364104866676	NA	0.136558141540645	0.474961910249095	0.501245393879879	0.626171826426454	0.518650658188215	1.54418924806195	NA	0.577834334219218	0.438367952921159	0.363347914770583	NA	0.276625666914132	0.433110985991122	0.413852640143563
NA	NA	NA	NA	1.03403596681276	1.03311521326607	NA	0.80458706403307	1.16068284743655	1.30747242001987	1.0789769184206	NA	NA	NA	NA	1.35907742772139	1.35406206154607	NA	NA	NA	NA	1.06699291871296	0.739449850298038	NA	NA	NA	0.208714014059401	0.291282389720386	0.373309175510715	0.539867944349543	0.651115876572463	0.80414707374163	0.813466905010586	NA	0.642794146501897	1.0251300888766	NA	0.707027544820621	0.677350474177014	0.392137147555423
NA	NA	0.88246067187751	0.691390560831975	0.462552602851312	1.29963020152327	NA	1.22301948009499	1.25384994067012	NA	0.601694375906936	1.38811224991153	0.235139693277227	1.69057320530384	1.33028518932046	0.62707152976975	NA	1.06816495628985	0.372600636749049	1.17418376355381	1.16333103239653	1.19337146606438	NA	0.76221775206324	NA	0.580050666582786	NA	0.889100160496261	0.936402905336454	NA	NA	0.814183362163723	0.96725067144851	1.08255290370593	0.918980124316981	0.23595431600576	NA	1.14940141650638	1.19469854112686	0.831206231596259
NA	1.04747147776142	0.996206593897537	0.93752908794175	NA	0.83305750423423	NA	1.52388525789362	1.56578386136753	0.389047731468313	NA	0.51539491844948	NA	0.691677250384305	NA	NA	0.710641239555289	1.23909616510645	1.27524034713235	1.13193819347586	1.49954317284135	1.0190500899154	1.23148245360778	0.823527944974614	0.641737004012579	1.39908729307443	0.94546250314201	NA	NA	NA	0.566708646893056	0.743566390482272	0.985268028197622	1.0729866634297	NA	NA	NA	NA	0.345441170257093	NA
1.39631952904702	NA	1.13857460595799	NA	NA	NA	0.607171933074796	NA	NA	NA	NA	NA	1.79168258161645	NA	NA	NA	NA	0.740719587723537	NA	0.550224652498398	0.666762593572395	NA	0.468789297041514	0.325605975695542	0.426254373228119	NA	NA	NA	0.622778907413573	0.333915958395384	0.192903443776894	0.725386751315907	0.385753990179019	0.196749497104318	NA	NA	NA	0.383700906561461	0.27128022850223	1.46307472139049
NA	NA	NA	NA	NA	NA	NA	NA	NA	NA	NA	NA	NA	NA	NA	NA	NA	NA	NA	NA	NA	NA	NA	NA	NA	NA	NA	NA	NA	NA	NA	NA	NA	NA	NA	NA	NA	NA	NA	NA
NA	NA	NA	NA	NA	NA	NA	NA	NA	NA	NA	NA	NA	NA	NA	NA	NA	NA	1.62606183083789	1.62157844148807	NA	NA	NA	NA	NA	NA	NA	NA	NA	NA	NA	NA	1.08241537280849	1.05924369299824	0.972269691429431	NA	NA	NA	0.331169054806316	NA
NA	NA	NA	NA	NA	NA	NA	NA	NA	NA	NA	NA	NA	NA	NA	NA	NA	NA	NA	NA	NA	NA	NA	NA	NA	NA	NA	NA	NA	NA	NA	NA	NA	NA	NA	NA	NA	NA	NA	NA
1.39107373317369	NA	1.6234250007482	NA	0.63247135594983	0.472989074745818	NA	0.484490385159868	1.74602145068364	1.34950503046086	1.53429526426547	NA	NA	1.37061718046653	1.16243467438017	1.21820657613064	NA	1.13781153809676	NA	0.682683778603316	0.426150604566082	0.594433852652163	0.657779331216027	1.04392145703716	0.258267947904553	0.479392866324285	0.546945213903377	NA	NA	NA	0.814326075609342	0.382999760158588	0.75774798456424	1.08932805819383	NA	NA	NA	NA	0.252214370527677	0.427261746576528
NA	NA	NA	NA	NA	NA	NA	NA	NA	NA	NA	NA	NA	NA	NA	NA	NA	NA	NA	NA	NA	NA	NA	NA	NA	NA	NA	NA	NA	NA	NA	NA	NA	NA	NA	NA	NA	NA	NA	NA
NA	NA	NA	NA	NA	NA	NA	NA	NA	NA	NA	NA	NA	NA	NA	NA	NA	NA	NA	NA	NA	NA	NA	NA	NA	NA	NA	NA	NA	NA	NA	NA	NA	NA	NA	NA	NA	NA	NA	NA
2.39058488058349	0.52918032481536	0.568175775930798	0.619047425485261	0.90700223085135	0.840296760633902	0.747534135485076	0.541899165971358	0.82417966448669	NA	0.423413574097568	1.02576670081001	1.42138541362926	1.31146116801041	1.11961621097195	0.863296657731499	1.5610644682989	1.04398303923563	0.742941035042677	0.408395567826253	0.37106367796161	0.287732631003521	0.45878293730042	0.507928821780225	0.667328340904788	0.472434352267389	0.801083207649433	0.906625803958407	0.806267509422679	0.494963049721092	0.71198995013894	0.525788994126675	1.36554785930894	0.667065079335169	1.17493959088055	NA	NA	1.72710543095052	0.787235149070621	2.25670045191638
0.808605473320102	1.37113599902865	NA	NA	1.03877414294777	0.615597568315346	NA	NA	0.919029009166402	0.605155518122468	0.573867799155942	1.54529903267894	1.51922427817497	1.55821189070883	0.41230943448187	0.813696387675303	NA	NA	NA	0.649646026801058	0.847398990010654	1.12337733297237	0.704120195051476	1.26883756452596	0.757717503210401	0.587726654159624	NA	NA	1.18448343097753	NA	NA	NA	NA	0.43527766589322	NA	NA	NA	0.621099175518105	0.414093522602722	0.618812170446295
1.42659626218554	NA	1.59691806505442	0.98860763592156	1.33563280313369	1.21452277355139	1.50464165451575	1.23805258367452	1.46457596011075	1.2570400210441	1.2712269891663	1.09310554399946	0.954860614281895	0.896757391233959	1.17644563986611	1.07253556950971	0.58593567051492	1.13944134779109	0.988049969864494	NA	0.836850933655764	0.733332630929386	0.786471011328976	NA	0.637525573515086	0.614289800088703	NA	0.769682525083242	0.74704190827081	0.969193987571261	0.651780105863577	0.740526367147094	0.551533328343462	0.325702679487625	0.5821564934562	0.378527133542037	NA	0.183112804055883	0.354506977354434	NA
NA	NA	NA	NA	NA	NA	NA	NA	NA	NA	NA	NA	NA	NA	NA	NA	NA	NA	NA	NA	NA	NA	NA	NA	NA	NA	NA	NA	NA	NA	NA	NA	NA	NA	NA	NA	NA	NA	NA	NA
NA	NA	0.540267765764205	NA	0.841203992635231	0.960276894889785	NA	0.661759404060654	1.18125067797253	0.887246178521752	0.907808167243038	1.57462431602758	1.35450061718829	NA	1.34533073039573	NA	1.7208853940965	1.60744491852953	1.41512470378136	NA	1.13056254485822	NA	NA	0.520092526321941	0.357087875646137	NA	0.574489600955063	0.217149523881935	0.540557243478998	0.503557188221035	NA	0.212577495808235	NA	0.138816322627854	NA	0.680753465203686	NA	0.251787210345917	NA	NA
NA	NA	NA	NA	NA	2.3332191962077	2.34087794358367	NA	0.927533016741149	2.46222835566357	NA	2.22421182495539	1.73635833313188	1.81058538645322	0.729598926028299	NA	1.92592344875125	NA	NA	2.10900981171446	0.881074758875279	1.72702479779034	NA	1.88757352412947	2.19774918612737	NA	1.87287877585365	NA	NA	2.07429621715469	1.63701895842053	NA	1.65124148295064	NA	1.39005389810057	2.03007067791244	NA	1.57599392467999	1.71681556773799	NA
NA	NA	NA	NA	NA	NA	NA	NA	NA	NA	NA	NA	NA	NA	NA	NA	NA	NA	NA	NA	NA	NA	NA	NA	NA	NA	NA	NA	NA	NA	NA	NA	NA	NA	NA	NA	NA	NA	NA	NA
1.08898489888088	NA	1.32489265952307	NA	1.52266040629576	NA	1.51451725118765	1.31739219778973	1.76839269283314	NA	1.35589021931085	2.09269382798323	NA	1.49495521352714	NA	NA	2.32550381333999	NA	1.61817250094744	1.31468680715397	2.37049561139607	1.86018910320146	1.83498344948977	0.464190982668827	1.65531219394245	1.36785002978315	2.26283219291088	2.9662599434285	2.20249195745867	2.20254957382592	2.24991852457667	1.44712066968332	2.10649248401014	NA	1.95188261500366	NA	NA	NA	2.01821154300933	2.40713979678662
NA	NA	NA	NA	NA	NA	NA	NA	1.01018978734914	NA	NA	NA	NA	NA	NA	NA	NA	NA	NA	NA	1.27356767327979	NA	NA	2.28291376080054	2.06618106375786	NA	NA	1.75869547155928	NA	NA	NA	1.13617985795981	NA	NA	NA	NA	NA	0.681344030960438	0.480619516202163	0.801490303426004
NA	NA	NA	NA	NA	NA	NA	NA	NA	NA	NA	NA	NA	1.73355619306465	NA	NA	NA	NA	NA	0.659386824140345	0.662629551605999	NA	NA	NA	NA	NA	NA	NA	NA	0.819105882276632	0.721986004596348	0.792495833703285	NA	0.644979964081591	NA	NA	NA	NA	0.451044560242291	0.400159504190619
NA	NA	NA	NA	NA	NA	NA	NA	NA	NA	NA	NA	NA	NA	2.28867644809692	NA	NA	NA	NA	NA	0.965987857668599	0.843925951128649	NA	NA	NA	NA	NA	0.426875204241045	NA	1.09024567792797	0.968612363442243	NA	0.878324307454942	NA	0.6200871838931	0.393237122061112	NA	NA	0.754777111873485	0.973872741536597
0.328877874970537	0.387105812440154	0.370080887577824	NA	0.511297872629615	0.585859039064219	0.316363312694899	0.429357090266251	NA	0.681330380548059	0.610372815577305	0.666916354978356	NA	NA	0.532071927106013	0.731842499445677	1.15443662151768	1.04379614494872	NA	0.767649915941498	NA	0.706666338533504	0.577839591797236	NA	0.627949064566349	NA	NA	NA	0.916271612352859	0.626556056435782	NA	0.679344880451209	NA	NA	0.873817220088308	NA	NA	0.486536990681359	0.736630462276082	NA
NA	NA	NA	NA	NA	NA	NA	NA	NA	NA	NA	NA	NA	NA	NA	NA	NA	NA	NA	NA	NA	NA	NA	NA	NA	NA	NA	NA	NA	NA	NA	NA	NA	NA	NA	NA	NA	NA	NA	NA
NA	NA	NA	NA	NA	NA	NA	NA	NA	NA	NA	NA	NA	NA	NA	NA	NA	NA	NA	NA	NA	NA	NA	NA	NA	NA	NA	NA	NA	NA	NA	NA	NA	NA	NA	NA	NA	NA	NA	NA
1.26000555501119	NA	NA	NA	NA	NA	NA	NA	0.740536308505041	0.481578315341319	0.476697523086646	NA	NA	NA	NA	NA	1.06513269331305	NA	NA	NA	NA	NA	0.414414989859258	0.821028815474461	0.753688816029147	NA	NA	1.15375745993819	0.930491865676587	0.526166292829196	0.215693639066443	0.1516340993989	NA	2.04283786807726	NA	1.13942762815035	NA	0.409614153798354	NA	0.691840466804723
1.39265773675426	1.33438260514684	1.10027105750093	1.35499029174637	1.55703738250869	1.64898396876482	1.44053148391181	NA	1.75778304577566	NA	NA	1.73905366783493	1.80377156272636	1.56798400238412	1.50786836434422	1.93738093207449	1.5743676602259	1.74464781469432	1.62839734678284	1.73789651116186	1.11357695887187	1.23251121727473	1.85220243243732	1.40425723807942	1.270987409829	1.09208976246701	1.83831719251089	1.13006383850333	1.38909046913385	1.29442955483557	NA	1.2337640467043	1.15103003536446	1.30886180404736	1.1633496939025	NA	NA	1.77601088241007	1.31773184842781	1.53711790107474
NA	0.168239791928975	NA	NA	0.523109247998609	1.12583516249549	NA	0.834605836591443	NA	0.885904947387777	1.14812073007987	2.00228541769684	1.38894016346302	1.35684179819079	1.2500693973355	0.985143386257106	0.911394963462528	1.20928658551205	1.32654988642763	1.1804684025391	0.976719776698432	0.672977569279536	0.643072738689349	0.46647976983485	0.558600636798834	NA	NA	0.535265764741971	NA	0.543381625818972	0.539378683581212	0.331825441644606	NA	0.873218091218185	NA	NA	NA	0.438667148924665	0.529304601126505	0.367305707630352
1.06962121605388	NA	0.918629476198233	0.796304192116544	NA	NA	0.630641824971898	NA	NA	NA	NA	NA	NA	NA	1.06427902664803	0.788462556251317	NA	NA	NA	NA	NA	NA	NA	NA	NA	NA	NA	0.271722146621098	0.747227648515862	0.775181070515527	0.648646128462456	0.500687413385535	0.396603466444197	0.808070714503157	NA	NA	NA	0.453759079711195	NA	NA
1.48767719828581	NA	NA	NA	1.1305208250201	1.21786995521175	1.27743333207605	1.20843213824125	1.36146027221411	1.2635049012123	0.728104211188127	1.07859612837508	1.15016786675848	1.52687389803932	0.746968297049648	NA	1.25737147632409	NA	1.38603340984251	NA	0.886420043949203	0.87086621758021	0.744410723837314	1.42762626719646	1.5251369685429	0.549859298499943	1.41671793731164	0.517361332762352	0.439884428512939	0.519411280833591	0.916814272356007	NA	0.18079256745256	0.629332102744089	0.667009237767109	1.44219682533497	NA	0.317809487497356	0.558021469912262	0.624828151507239
NA	NA	1.60749777969211	1.05670509651661	1.15902437664607	NA	NA	NA	1.20730481505378	NA	NA	0.77739453578223	0.665628360036761	0.629638024218282	NA	0.708741950142585	0.785663795254189	0.717908649655245	0.769547796804388	NA	1.13532425018407	NA	NA	NA	NA	1.02504396884856	NA	1.54141858517989	1.55736731157336	1.33687623421982	0.991467393354708	NA	0.409961330977889	0.680668954864971	NA	0.745676449767579	NA	0.344386565744416	2.04445715975543	0.442192676388127
NA	NA	0.716772213075146	NA	NA	NA	NA	NA	0.314245184345887	NA	NA	0.620723409378335	NA	NA	0.716339020765763	NA	0.427399266746456	0.601523476011249	NA	0.181412319630714	0.518075919232659	0.280930266321151	1.05623065929352	1.15135044532427	NA	1.12728219121856	NA	NA	1.57396979606678	1.18243193661965	NA	1.44681379618083	NA	NA	1.1686160912443	1.47097376166541	NA	0.884368262207431	0.635816557513038	0.864286075964599
NA	NA	NA	NA	NA	NA	NA	NA	NA	NA	NA	NA	NA	NA	NA	NA	2.24910617965827	2.24988908329942	NA	NA	NA	NA	NA	2.21300044136212	NA	NA	1.74591037762404	1.91138178665793	1.7028152047391	1.41017506645557	1.08120912171504	1.01057714143502	NA	0.703352490456737	0.616659722101717	0.870297240612685	NA	NA	0.542678909706439	0.605158283800234
1.7994923470111	NA	NA	NA	NA	NA	NA	NA	NA	NA	NA	NA	NA	NA	1.49813854488581	1.37445602471138	NA	1.46668945183843	NA	NA	NA	NA	NA	1.45967399727398	NA	0.839977901391265	0.591394221875516	0.711180061186388	NA	0.608224402423255	NA	0.477613745799379	0.297240492376509	0.41481797982206	0.258276390775092	0.282208710059903	NA	0.283763252910928	0.231935198592192	0.581066826344081
NA	NA	NA	NA	NA	NA	NA	NA	NA	NA	NA	NA	NA	NA	NA	NA	NA	NA	NA	NA	NA	NA	NA	NA	NA	NA	NA	NA	NA	NA	NA	NA	NA	NA	NA	NA	NA	NA	NA	NA
NA	NA	NA	NA	NA	NA	NA	NA	NA	NA	NA	NA	NA	NA	NA	NA	NA	NA	NA	NA	NA	NA	NA	NA	NA	NA	NA	NA	NA	NA	NA	NA	NA	NA	NA	NA	NA	NA	NA	NA
NA	NA	NA	NA	NA	NA	NA	NA	NA	NA	NA	NA	NA	NA	NA	NA	NA	NA	NA	NA	NA	NA	NA	NA	NA	NA	NA	NA	NA	NA	NA	NA	NA	NA	NA	NA	NA	NA	NA	NA
NA	NA	NA	NA	NA	1.38981731438372	1.28415575556377	1.11986414988616	NA	0.559037025017319	NA	NA	NA	1.52098274152495	1.51441497870242	0.549948268926545	NA	1.29591167931728	NA	NA	NA	1.3033596570287	NA	1.33201467421373	NA	NA	NA	0.454317542678012	NA	0.352153239039841	0.861483667897054	0.799414721891727	0.571954732657527	0.616706038743149	0.383546723431324	1.24668083995439	NA	NA	0.68945271989486	0.504651255292402
1.31321063945465	1.47740098069587	1.81058873413416	NA	1.76150945174825	NA	NA	1.69372593765115	1.40180445570245	NA	1.66671881048994	1.63912093828023	1.95291708323181	2.15115811278144	1.81800783360998	2.00399873857548	1.6679375863411	2.05721584745903	1.67528275807803	1.68680173193081	NA	NA	1.68575817006279	1.60871441454826	1.48564508626302	1.71306705467102	1.66642997337116	1.30577612871758	2.06367812905383	1.92130499510345	2.27602253809494	NA	1.41795341175149	1.47439848606285	1.74304559304825	NA	NA	1.05257034138251	0.188340421582823	NA
NA	NA	NA	NA	NA	NA	NA	0.456973524490988	0.454913327354354	0.877838791605523	1.58338184627154	1.47757150521619	NA	1.86024429389613	NA	NA	1.43987225195158	NA	NA	NA	0.322953274631307	0.72389449251014	0.562027146895415	NA	0.619947997357631	0.509768065844428	0.902984390388392	0.472123622263774	0.914039220822631	0.691919011413538	NA	0.950876178268019	0.28351191831955	0.244622448577891	1.88579419001063	1.06424753425481	NA	1.05198740544873	0.497732999017335	0.676979430259953
1.99251966782947	2.11303383353669	2.14941540426412	NA	NA	NA	NA	NA	1.48995762238283	1.22339788346555	NA	NA	1.98418331150387	NA	2.34225614684382	2.03427132924938	1.69461545075169	NA	NA	0.27177551197994	1.41815090315542	1.51251022824112	1.77985262909866	1.66529302615375	2.03166296821105	1.86790253112732	1.6651509766093	NA	NA	1.80381528730249	NA	NA	1.28610852539145	1.31054148450324	1.33952243500299	1.38646677084561	NA	3.08133726076763	1.66557886911589	NA
1.37951338451638	NA	NA	NA	0.887993063825765	NA	1.66053461807258	0.898015832958074	NA	1.69936559982083	1.87365061491338	NA	1.681412255849	1.18991057943618	1.66381107316998	1.6888544255891	1.90232144740548	1.63840502501093	NA	1.18216732290892	NA	NA	0.876206669188269	NA	NA	NA	0.20923987431165	1.38843923035794	1.05922068965419	1.33562888669493	NA	1.02256360621677	NA	1.85521314286639	NA	0.342179557468203	NA	0.457594433793853	1.31657060608383	NA
NA	NA	NA	NA	NA	NA	NA	NA	NA	NA	NA	NA	NA	NA	NA	NA	NA	NA	NA	NA	NA	NA	NA	NA	NA	NA	NA	NA	NA	NA	NA	NA	NA	NA	NA	NA	NA	NA	NA	NA
NA	NA	NA	NA	NA	NA	NA	NA	NA	NA	NA	NA	NA	NA	NA	NA	NA	NA	NA	NA	NA	NA	NA	NA	NA	NA	NA	NA	NA	NA	NA	NA	NA	NA	NA	NA	NA	NA	NA	NA
NA	NA	NA	NA	NA	NA	NA	NA	NA	NA	NA	NA	NA	NA	NA	NA	NA	NA	NA	NA	NA	NA	NA	NA	NA	NA	NA	NA	NA	NA	NA	NA	NA	NA	NA	NA	NA	NA	NA	NA
1.33926412290695	NA	1.31030178966275	1.44458290019546	NA	1.10219156045877	NA	1.99722502482708	1.16091845146324	NA	1.43209400666677	1.1376696669346	NA	0.973403153133815	NA	NA	0.820821652015859	NA	0.350639531835157	NA	1.18816399191686	1.23496683927146	1.32263641837628	NA	NA	NA	NA	NA	0.791667038120422	NA	0.830788424084028	0.736004589793736	NA	NA	1.08891950183983	NA	NA	0.771652042595832	0.682745194750547	0.742512937910007
NA	0.859631697572865	0.653935989565247	NA	NA	0.806624501141942	0.752878900706335	1.01174116443725	1.17662048910499	1.86991585711816	0.978241373254272	NA	0.40262372017531	0.648113188065866	0.867205256938789	0.77991677115497	0.847405234663298	0.855492917397806	NA	0.434287227133773	0.716819496656428	NA	NA	NA	0.919699751177235	NA	0.578884961880516	0.436414909479104	0.300103875236235	NA	0.824629976558719	0.907431018895386	NA	0.479385926512534	0.666594042654186	0.715991259627628	NA	0.324405394873654	NA	1.76957004117559
NA	NA	NA	NA	NA	NA	NA	NA	NA	NA	NA	NA	NA	NA	NA	NA	NA	NA	NA	NA	NA	NA	NA	NA	NA	NA	NA	NA	NA	NA	NA	NA	NA	NA	NA	NA	NA	NA	NA	NA
2.59167767417192	0.827868092232258	NA	1.42798888011997	1.13472140401547	NA	NA	1.08546199122692	0.712537600331923	0.807540446976434	NA	0.946734729387339	NA	0.257841782175126	0.542398853789436	1.11594618625088	0.187658597411575	2.61054904847165	NA	0.813276285328417	NA	1.41240849215927	1.33063945759564	0.589705327739983	NA	1.50842743160103	NA	NA	0.381334655603796	0.472314542751827	0.460364290622532	NA	1.34836939283954	NA	NA	0.183131033874185	NA	1.54653087517881	0.916336064700934	1.09329965800621
NA	NA	1.65896715275717	NA	1.33469044095475	1.28408199285966	1.51403715406565	NA	NA	NA	NA	1.77215251443439	0.513458738016182	1.93358758299847	2.00344340367999	1.07869836990759	1.05826483805084	NA	0.863294835667372	NA	0.574588605401435	0.270653502612777	1.18313232211454	NA	0.360424194517098	NA	1.60988147010718	0.962632831513315	1.17681713925243	1.08577216163444	0.996273558971503	0.430003332297584	0.163613650182497	0.18790210788844	NA	NA	NA	0.591407896443968	0.32337041908512	0.135278074813984
NA	NA	0.784284878767619	NA	0.40833734146751	0.366958012775064	0.193700015735458	1.3390885471633	0.569685915590755	0.735664641033157	NA	NA	0.662095070446715	0.935614398829414	0.0879075381606291	NA	NA	0.465054341624421	0.365512765286208	0.36390872359965	NA	NA	0.733846666064605	NA	NA	NA	0.890717870697702	NA	1.12802001377338	0.667665109568352	0.94442403866936	1.44365355753612	NA	0.899526489801276	0.68117089285868	NA	NA	NA	NA	0.864176826363692
1.88175706675939	NA	NA	NA	NA	NA	NA	NA	NA	1.18851482877144	1.267842223865	NA	NA	0.700057987071897	0.376811884965117	0.609681105349148	0.694526955186631	1.12689354871598	NA	NA	0.790667727765578	1.25475482569453	1.08945882841446	0.876897109091798	0.857948760284783	0.815605665540417	0.859332304994678	0.946786443427346	NA	NA	0.93613948471305	NA	2.34149473406469	0.378480507290743	NA	0.272980457436008	NA	0.802318032528559	1.15146578494941	0.933754423027366
NA	2.19295146427892	NA	2.53135306096728	NA	2.68342584130207	NA	1.41672685480289	1.2773989322829	NA	1.4185662686721	2.62922497543086	2.00568751098362	1.89168677688226	1.70504272861556	0.36179406829764	0.437837578936353	0.315928024147008	1.11435035526502	1.54180555888561	NA	1.44946390284376	1.58719074795535	NA	1.96205297423947	NA	2.01891042376559	0.81599531776379	2.10304250090487	NA	1.88277706920621	0.516339751176221	NA	NA	0.189465474528066	2.01373090383645	NA	0.935899369664672	1.22002060180411	NA
NA	NA	NA	NA	NA	NA	NA	NA	NA	NA	NA	NA	NA	NA	NA	NA	NA	NA	NA	NA	NA	NA	NA	NA	NA	NA	NA	NA	NA	NA	NA	NA	NA	NA	NA	NA	NA	NA	NA	NA
NA	NA	0.88125768132472	NA	NA	NA	0.477080449128641	0.501137145171086	NA	NA	NA	0.546952965279285	NA	0.194036900606724	0.26442199716931	0.337341112306708	NA	0.390213514481697	0.280731951275805	NA	0.553791500716958	0.406114433728948	0.575874997427712	NA	NA	0.425077911517008	0.828226571483461	NA	NA	NA	NA	0.918641499784676	NA	NA	0.383261522142799	0.449869925449201	NA	0.231147048254792	NA	0.784961999490109
1.29335843067735	1.38759434579759	NA	NA	NA	NA	1.09373791875861	0.985588001254164	NA	0.906532215141021	0.955456182721307	NA	NA	NA	NA	NA	NA	NA	1.28962862220582	NA	0.542066447592734	0.571718890523555	0.364930839869092	0.742982937789911	NA	NA	NA	0.652056320506151	NA	NA	NA	0.935256930283601	NA	NA	0.775560698127253	NA	NA	0.133838508687937	0.522888868820777	0.671382261082865
1.59835947843451	0.847083918498884	1.04790237449907	NA	0.867295057855251	0.99990883391502	1.37239794542472	1.11086595081774	1.14768344583055	NA	0.582184166986872	NA	NA	NA	NA	1.17023722784181	1.20230588583062	1.10557893211983	NA	NA	NA	0.828847353585379	NA	NA	0.57049417307932	0.690521374894421	0.644078272207099	1.30463391854554	NA	1.25219314992219	NA	NA	NA	NA	NA	NA	NA	0.374050258270389	NA	NA
NA	NA	NA	NA	NA	NA	NA	NA	NA	NA	NA	NA	NA	NA	NA	NA	NA	NA	NA	NA	NA	NA	NA	NA	NA	NA	NA	NA	NA	NA	NA	NA	NA	NA	NA	NA	NA	NA	NA	NA
1.72510070827463	2.66974926175943	0.392051306332021	NA	2.75588258310496	2.18205054997073	2.4299097595632	1.91110831705811	2.86987138942054	0.821955959772619	3.03068504328601	2.85130215413005	2.61111365183018	2.94211782444027	NA	2.16686937577155	2.56136019795953	1.81964353655251	0.142617015886445	NA	2.41516532772037	2.96101990465294	2.64197333390044	2.92154696609482	0.404276710920161	NA	1.53265050419938	NA	NA	0.349849501720483	0.315778018568456	0.364936580606773	1.9851439904015	1.79799000283048	NA	NA	NA	0.907610034322388	1.6752049713176	NA
NA	NA	NA	NA	NA	NA	NA	NA	NA	NA	NA	NA	NA	NA	NA	NA	NA	NA	NA	NA	NA	NA	NA	NA	NA	NA	NA	NA	NA	NA	NA	NA	NA	NA	NA	NA	NA	NA	NA	NA
2.61413503122465	0.710269863983067	NA	2.20691823586791	NA	NA	1.65459636666645	2.50943524733796	2.36024164814019	0.305444710049218	2.17118827194908	2.190891546972	1.75859016478813	1.68784719517188	0.864021082796619	3.26407515253159	0.869549435953467	0.308814406529688	0.803427593164138	2.43290330578582	1.91239053975608	1.98611971271873	NA	NA	NA	1.72048496029496	2.48053602794659	2.22762734352647	1.6323375833899	NA	1.73186237043291	NA	2.12907336945681	NA	NA	1.76927328140224	NA	NA	1.54391683355495	2.13151846823918
NA	0.94904887333155	0.951849986440557	NA	1.00119491912136	1.12379803961327	1.37951668529986	NA	NA	NA	NA	1.49400221105576	NA	NA	NA	NA	NA	NA	0.560849769158492	NA	NA	NA	NA	NA	NA	NA	0.928945079519876	1.16707260925157	NA	NA	NA	NA	0.836450275568764	0.581752435309867	NA	NA	NA	NA	NA	0.594051477709993
NA	0.552866564577405	NA	NA	1.09884947053095	NA	0.908549849036504	0.944310539433539	NA	0.759101561646094	NA	0.923502739131281	1.18963742872133	0.853143677592959	1.0367707578521	NA	NA	0.837379030989978	NA	NA	NA	NA	NA	0.299956255249339	NA	0.316295779497428	NA	NA	NA	NA	NA	1.18178937974668	0.558820630752578	1.15253740735767	0.242816185714168	0.243126533538386	NA	0.513869047534921	NA	0.323572634531586
NA	NA	0.942163632036652	NA	1.18763432636396	NA	NA	NA	0.956096638766734	NA	1.27414428072096	1.09853951499653	NA	0.934852817992242	NA	0.751359738272327	NA	NA	NA	0.584756330091516	0.449712966919929	0.299547909657782	0.77169621076072	NA	NA	1.05170226510811	NA	0.976268194015422	NA	NA	NA	NA	1.04435784418212	NA	NA	0.635666180298123	NA	0.344948424843952	0.248831384708067	NA
0.885972200867174	NA	NA	1.36527240761902	NA	NA	NA	1.80142091705202	0.298087106785295	0.279404100262349	NA	1.48451299249901	NA	0.227380993537856	1.28055972584	1.30966191321321	0.597566495421252	NA	0.915700469481211	NA	NA	0.419645523073648	NA	NA	NA	NA	NA	NA	NA	NA	0.621436041874289	NA	NA	NA	NA	NA	NA	1.49896402216006	0.330250442516485	NA
NA	NA	NA	NA	0.972261505813849	NA	NA	0.284684714374331	NA	NA	NA	0.402057392471809	NA	NA	NA	NA	NA	0.597871378078695	NA	NA	NA	NA	NA	NA	NA	NA	NA	NA	NA	NA	1.77713716234495	1.91164023992003	1.43353930406943	NA	NA	1.88222157561629	NA	1.62938414238047	1.10336783955324	1.87178987654468
NA	1.37868358186831	1.57541452184979	2.00698738643524	2.04802377767415	NA	1.19396057472824	NA	0.897962206358304	NA	NA	0.557362924423268	1.29294979895478	1.31619859220318	0.302695386654401	1.57789376676021	NA	NA	NA	NA	NA	0.718399368754037	NA	0.784647754312604	NA	NA	NA	0.692244261010868	NA	NA	NA	0.511076475550371	NA	0.87512386855723	0.637117899801404	NA	NA	0.646332855059978	1.24032654900608	NA
NA	NA	NA	NA	NA	NA	NA	NA	NA	NA	NA	NA	NA	NA	NA	NA	NA	NA	NA	NA	NA	NA	NA	NA	NA	NA	NA	NA	NA	NA	NA	NA	NA	NA	NA	NA	NA	NA	NA	NA
NA	NA	NA	NA	NA	0.675348476304253	0.556727213848543	0.522687704295092	0.672095173988026	0.387091777675757	0.617681725673074	0.746394709965891	NA	0.705501570713559	1.1742944863799	1.23657845223297	NA	0.993772187358525	0.666170382950697	0.681396511338731	0.934804309142927	NA	0.796411605206614	NA	0.760913427182532	NA	0.893773846038745	NA	NA	0.843100304885337	0.593873785879427	0.668432722824331	0.8188329423182	0.84116693220673	0.638296577952666	0.385601684020357	NA	0.556595056350673	0.576476985119548	NA
0.83715061923945	NA	0.197474003999999	NA	NA	0.412446190522048	0.76333697527495	0.818924989865709	NA	NA	1.14639069362122	0.540282166213098	1.47489815906603	0.446035367981423	1.52362575694337	0.85833795156384	0.888829386833767	0.845095659838517	NA	0.700899366078265	0.850074322059288	0.253743076509142	NA	NA	0.538866336256309	NA	1.69594425593537	NA	0.639128358193089	0.443882182576747	NA	0.505960678369244	NA	NA	NA	NA	NA	NA	0.610479498805796	0.386982501910844
NA	NA	NA	NA	NA	NA	NA	NA	NA	NA	NA	NA	NA	NA	NA	NA	NA	NA	NA	NA	NA	NA	NA	NA	NA	NA	NA	NA	NA	NA	NA	NA	NA	NA	NA	NA	NA	NA	NA	NA
NA	NA	NA	NA	NA	0.53360135527621	NA	NA	NA	NA	NA	NA	NA	0.244246384466257	0.597456493401004	NA	1.02153505856863	NA	0.480770315506063	NA	0.236406446229841	0.380960819429051	NA	NA	NA	NA	0.652350817075267	NA	NA	NA	NA	0.81367082655014	1.02121067061262	0.814496320484418	NA	NA	NA	0.617147981344628	0.591520405502431	0.849306365217155
NA	1.41141842910031	NA	NA	NA	NA	NA	0.785616546372119	0.939278895911435	NA	0.706593438865774	0.630506845421753	NA	NA	NA	NA	0.918708009840067	NA	NA	0.524011797899454	NA	NA	NA	1.1873233185478	NA	NA	1.13770615160345	NA	NA	NA	NA	1.08075401270626	NA	1.08704198486199	NA	NA	NA	NA	NA	NA
NA	NA	NA	NA	NA	NA	NA	1.05527926435024	0.180075176725141	0.0734392754159627	0.365646229184644	0.767836092937422	0.458182137995145	0.687438571040693	0.903423783041319	1.60860586664044	0.516369893844915	0.751089044850347	NA	0.685189684264707	0.385060357544932	NA	0.636687720077384	0.922592933563224	0.910462050565244	0.62624782059725	0.401933653181507	0.802701148434977	0.913406716420733	0.447749680282437	NA	0.639830247015583	0.330745762567306	0.535261499500103	0.282286109904227	0.298448664580283	NA	NA	0.523509360031437	0.236044324062031
NA	0.548488782834208	NA	1.45921366733442	NA	1.65600349704642	1.51356793507126	0.895832333039054	NA	1.74471636935239	NA	0.683132429725918	1.25620135128634	NA	0.537520255002292	NA	0.860383342424775	0.598599899076855	0.682356374712818	0.284426176295555	0.348132360430255	NA	0.40062753045575	NA	NA	NA	NA	0.75720954838477	0.431685761364705	NA	NA	1.74038998577454	NA	NA	NA	NA	NA	NA	NA	0.764526322981551
0.379217943873798	1.00654300114168	NA	0.786412654025728	0.920517004724487	0.520090258076636	0.398809166590349	NA	0.564820938133766	2.1792744381124	0.460389567841574	1.52343847499488	NA	0.921477594325892	0.428231939351006	NA	NA	1.01538127724676	1.02605359291011	0.272035316823528	0.77362784110577	0.59655093230252	0.836955358248	0.679934264726348	0.911740599616526	1.19805774784734	1.09594364796119	0.943534680473463	0.223080204568487	0.786794980338456	0.703933360025597	0.488821026075674	0.253569891693946	0.398464418527398	0.390957663538697	0.254086245644631	NA	0.133769611287399	0.174993750351074	0.197313390840136
NA	NA	NA	NA	NA	NA	NA	NA	NA	NA	NA	NA	NA	NA	NA	NA	NA	NA	NA	NA	NA	NA	NA	NA	NA	NA	NA	NA	NA	NA	NA	NA	NA	NA	NA	NA	NA	NA	NA	NA
NA	NA	NA	NA	NA	NA	NA	NA	NA	NA	NA	NA	NA	NA	NA	NA	NA	NA	NA	NA	NA	NA	NA	NA	NA	NA	NA	NA	NA	NA	NA	NA	NA	NA	NA	NA	NA	NA	NA	NA
NA	NA	NA	NA	NA	0.686705724378503	1.1010528166037	NA	NA	NA	0.507462428983308	1.46459648289661	NA	0.119266574082564	NA	NA	0.283022542275719	NA	NA	0.32463171323652	0.70957504216609	1.04423376823593	0.329939533232252	NA	1.34828469774224	NA	NA	0.640438239586589	NA	0.800081050180356	NA	0.743525881047025	0.374341065141109	0.300056552035977	NA	0.401344920453953	NA	0.313695621038498	NA	NA
NA	NA	NA	NA	1.38955277404153	0.951679360617093	NA	NA	NA	1.14780309496601	1.38621768637072	1.22531918651939	1.30799051852263	NA	0.804562348739735	1.53559153126236	0.690573369319448	0.824200543843421	NA	0.750878483870744	0.641305463563962	0.392596097931689	0.324637478013727	0.375012792572637	0.224810441017408	NA	0.224800266689	1.10143199584294	0.856331013219848	1.19991677973241	1.68207857240222	0.752298514177312	1.10447895848234	0.274239163254924	0.465097418892127	0.583039103965627	NA	NA	0.433972255619132	NA
0.645593189936792	NA	NA	NA	1.07485402929957	1.21453676476533	1.48015524585941	1.25453566286685	NA	NA	NA	1.31215942492448	NA	NA	NA	NA	NA	1.34953714129953	NA	1.05075475348627	0.979843757561217	0.843871098783517	NA	1.06775614189133	0.956163700567903	NA	1.0211815460465	0.848011037693504	1.20718660665452	0.963915368887658	0.830109130410407	NA	0.777307757956574	NA	NA	NA	NA	1.28179334323211	0.423578122213247	0.687506758987004
1.13178483535462	2.55748301744264	1.46186430817611	NA	NA	1.90907203807477	1.54536645088708	NA	1.60944552452575	0.952823623467256	0.624362835488843	NA	NA	NA	NA	NA	2.45618495873259	1.74598846807086	NA	2.43719633773918	NA	NA	0.704435122179914	0.685598194231942	NA	1.66584347589403	2.45564451084156	0.712828667275353	1.60725773906629	1.73949729499921	1.25086355507495	2.06336501113357	1.50437990189645	1.37127837180959	0.621613411173142	1.29332350830311	NA	1.80891283492014	1.29339112173208	0.424393043397889
NA	NA	NA	NA	NA	NA	NA	NA	NA	NA	NA	NA	NA	NA	NA	NA	NA	NA	NA	NA	NA	NA	NA	NA	NA	NA	NA	NA	NA	NA	NA	NA	NA	NA	NA	NA	NA	NA	NA	NA
NA	NA	NA	NA	NA	NA	1.06181627083153	NA	NA	NA	NA	NA	NA	1.17378910327742	0.841894374947434	1.08874001808098	NA	NA	NA	NA	NA	0.357423361975908	0.762338366496134	0.798475730679133	NA	NA	NA	NA	NA	0.860424358949682	0.923311146448024	NA	0.578905693446168	NA	NA	NA	NA	NA	0.678372581303931	NA
NA	NA	NA	NA	NA	NA	NA	NA	NA	NA	NA	NA	NA	NA	NA	NA	NA	NA	NA	NA	NA	NA	NA	NA	NA	NA	NA	NA	NA	NA	NA	NA	NA	NA	NA	NA	NA	NA	NA	NA
0.882964070172548	1.0180407390503	0.984851144778714	NA	0.932073836090983	NA	NA	1.29679943901992	0.704042540908419	1.08112171719381	NA	1.1680412749939	NA	0.542195306265657	0.378843352854315	NA	0.939169917772924	0.491679855580443	NA	0.529405817817619	1.16988189333534	1.1390232830861	0.544402734985153	0.231917914467299	NA	NA	NA	0.327657796859154	0.556858363295732	NA	NA	NA	0.823747509502788	1.24995957564138	1.11429678484482	NA	NA	NA	0.69642054212757	0.947513768199919
0.743459673237453	1.04586329530542	NA	0.900507482191149	NA	0.231166457236913	NA	1.03620683916789	0.932381716916721	1.44344519493481	NA	NA	0.355170443945173	0.380122962263901	NA	1.66097696073912	0.535021512852458	0.562677441724606	NA	0.187080325354963	0.631217373524801	1.81433773043441	0.88616229128625	1.26621026409677	1.22099352114593	NA	1.43974508898501	1.31089878837671	1.81090820245397	NA	1.69957763754669	NA	NA	NA	1.67745852893708	NA	NA	NA	2.13014709394801	2.0176533113362
NA	NA	NA	NA	NA	NA	NA	NA	NA	NA	NA	NA	NA	NA	NA	NA	NA	NA	NA	NA	NA	NA	NA	NA	NA	NA	NA	NA	NA	NA	NA	NA	NA	NA	NA	NA	NA	NA	NA	NA
NA	1.69901730533804	NA	NA	NA	NA	NA	2.07035677952275	0.52430236588978	NA	0.876294592693197	0.740723882548642	NA	0.464037838930387	NA	0.586806934037555	1.11762784784607	NA	NA	0.555438701078406	NA	0.503947940363537	0.592312180786924	NA	NA	NA	1.01144543318986	NA	1.06366558916349	NA	NA	0.508509259068079	NA	NA	1.78167511655628	1.97684299596827	NA	0.414792457682536	NA	0.723416906137519
NA	NA	NA	NA	NA	NA	NA	NA	NA	NA	NA	NA	NA	NA	NA	NA	NA	NA	NA	NA	NA	NA	NA	NA	NA	NA	NA	NA	NA	NA	NA	NA	NA	NA	NA	NA	NA	NA	NA	NA
NA	NA	NA	NA	NA	NA	NA	NA	NA	NA	NA	NA	NA	NA	NA	NA	NA	NA	NA	NA	NA	NA	NA	NA	NA	NA	NA	NA	NA	NA	NA	NA	NA	NA	NA	NA	NA	NA	NA	NA
NA	NA	NA	NA	NA	NA	NA	NA	NA	NA	NA	NA	NA	NA	NA	NA	NA	NA	NA	NA	NA	NA	NA	NA	NA	NA	NA	NA	NA	NA	NA	NA	NA	NA	NA	NA	NA	NA	NA	NA
NA	NA	NA	NA	NA	NA	NA	NA	NA	NA	NA	NA	NA	NA	NA	NA	NA	NA	NA	NA	NA	NA	NA	NA	NA	NA	NA	NA	NA	NA	NA	NA	NA	NA	NA	NA	NA	NA	NA	NA
2.29589466724428	NA	2.14012053118034	NA	1.76986483913333	1.631984474945	1.76941550460272	NA	NA	NA	2.47984994244288	1.90761602564789	2.24119324997322	NA	2.35544412412565	2.44720342140442	NA	2.45530538255114	2.43446671706128	2.3760614770278	1.88693720372735	1.56276035163902	NA	0.830271989121722	0.674635965811002	0.56790442734241	1.00728691459719	0.686075528430679	NA	NA	NA	0.246600277661444	0.19330048258979	0.5595200451711	1.21733972214048	0.544445722444087	NA	NA	0.752572267799619	0.135832608059201
NA	NA	NA	NA	NA	NA	NA	NA	NA	NA	NA	NA	NA	NA	NA	NA	NA	NA	NA	NA	NA	NA	NA	NA	NA	NA	NA	NA	NA	NA	NA	NA	NA	NA	NA	NA	NA	NA	NA	NA
1.67760194585593	1.84776949928038	0.800011488028162	NA	1.59586760581113	0.993272580419337	NA	NA	NA	1.73037459639339	1.09116827155813	1.86031848095183	1.9952515818697	1.99012440414192	NA	1.47057694862241	2.10682396735622	NA	1.89727666214946	NA	1.7906601580028	NA	NA	2.45365598982536	1.94231512015996	1.9878402134232	2.11725577409185	1.53007315056923	1.89503158943074	1.76092410006524	NA	NA	NA	NA	NA	NA	NA	NA	NA	1.92573927704666
NA	NA	NA	NA	NA	NA	NA	NA	NA	NA	NA	NA	NA	NA	NA	NA	NA	NA	NA	NA	NA	NA	NA	NA	NA	NA	NA	NA	NA	NA	NA	NA	NA	NA	NA	NA	NA	NA	NA	NA
NA	NA	NA	NA	NA	NA	NA	NA	NA	NA	NA	NA	NA	NA	NA	NA	NA	NA	NA	NA	NA	NA	NA	NA	NA	NA	NA	NA	NA	NA	NA	NA	NA	NA	NA	NA	NA	NA	NA	NA
NA	NA	NA	NA	NA	NA	NA	NA	NA	NA	NA	NA	NA	NA	NA	NA	NA	NA	NA	NA	NA	NA	NA	NA	NA	NA	NA	NA	NA	NA	NA	NA	NA	NA	NA	NA	NA	NA	NA	NA
NA	NA	NA	NA	NA	NA	NA	NA	NA	NA	NA	NA	NA	NA	NA	NA	NA	NA	NA	NA	NA	NA	NA	NA	NA	NA	NA	NA	NA	NA	NA	NA	NA	NA	NA	NA	NA	NA	NA	NA
NA	NA	NA	NA	NA	NA	NA	NA	NA	NA	NA	NA	NA	NA	NA	NA	NA	NA	NA	NA	NA	NA	NA	NA	NA	NA	NA	NA	NA	NA	NA	NA	NA	NA	NA	NA	NA	NA	NA	NA
1.55500013946795	NA	1.78470193656403	NA	NA	NA	1.3738119386669	NA	1.49851142161456	NA	1.43390337380449	1.28305618292046	NA	NA	1.71584438585515	NA	NA	1.53252631271299	NA	1.52055933689465	2.18330031368538	NA	NA	NA	NA	NA	NA	NA	0.824803671605123	NA	NA	0.835198504787967	NA	NA	1.34859846395844	0.378137577225809	NA	0.322873511176605	NA	0.677171919379637
1.18112728445634	0.646243252949124	0.299860768070066	1.18994013587755	1.04402536968613	NA	1.59103049069677	1.39436847469214	NA	NA	NA	1.56687256866513	NA	NA	NA	NA	NA	NA	NA	NA	0.801487266606602	NA	NA	0.688531112478958	0.706243270145204	NA	0.915562190537614	0.538620505301946	0.962046525232301	NA	1.23578276172414	1.33701252984462	NA	NA	1.28629463426789	0.981084424466654	NA	0.713661965627636	0.749503141101291	0.748481145243683
NA	NA	NA	NA	NA	NA	NA	NA	NA	NA	NA	NA	NA	NA	NA	NA	NA	NA	NA	NA	NA	NA	NA	NA	NA	NA	NA	NA	NA	NA	NA	NA	NA	NA	NA	NA	NA	NA	NA	NA
NA	NA	NA	1.820316442145	NA	1.05330500981963	0.872566732694701	0.825384397679613	0.66239882447008	NA	NA	0.955696633703532	1.25017350402084	0.731532737590351	0.76213151659965	1.05089686502888	NA	0.436558527486053	0.394868306190013	0.391062887686903	0.417295867935063	0.530450714183394	0.469680516405058	0.865525896443731	NA	NA	1.98266356182925	0.696841209812105	0.835051079069371	1.36742265519452	NA	0.404522431159774	0.694970284111233	0.703665690205826	NA	0.342896997577558	NA	0.628966858785988	0.39431095561905	0.403905213856924
NA	1.03654127182781	1.06044114413251	NA	NA	0.852438556786015	NA	0.863483034916043	0.443071200019897	NA	NA	0.36001119336158	1.37991919656847	NA	NA	NA	1.42291660083379	0.907317894378777	0.396405611211287	1.91548528107206	NA	1.74181247785901	1.57693147558338	1.63729913603844	1.78868714437312	1.49197081620856	1.67996314457419	1.98238749368182	NA	1.39469204610318	1.39346536968777	NA	1.64131097852173	1.19276718382953	0.386390151752075	0.19238113107974	NA	0.217316135879778	1.0703205137339	1.9179405244654
NA	NA	NA	NA	NA	NA	NA	NA	NA	NA	NA	NA	NA	NA	NA	NA	NA	NA	NA	NA	NA	NA	NA	NA	NA	NA	NA	NA	NA	NA	NA	NA	NA	NA	NA	NA	NA	NA	NA	NA
NA	NA	NA	NA	NA	NA	NA	NA	NA	NA	NA	NA	NA	NA	NA	NA	NA	NA	NA	NA	NA	NA	NA	NA	NA	NA	NA	NA	NA	NA	NA	NA	NA	NA	NA	NA	NA	NA	NA	NA
0.330053329008645	0.297213892049168	NA	0.879215295236882	NA	1.12067752898625	1.69383144436431	1.99272485378891	2.0408494080266	2.02626950759262	1.30899766333484	0.650935986226663	NA	0.959700032647172	NA	NA	NA	0.814385263311276	NA	0.678699240399853	0.766293149502217	0.822374810471334	1.01168097837576	0.519751314633702	0.926356295952346	NA	0.22084120464158	1.39373397215146	1.86879116442158	2.12788286445621	0.564966795352162	0.90245331445639	0.933192114165323	1.13268773313525	1.20733887406937	0.670380981867633	NA	1.86447599575675	NA	1.79352001964419
1.73701589113227	1.07608775681148	0.984162158169768	0.81636542302909	1.1275657605032	1.32236404536974	1.6644228529058	NA	1.07225526148349	NA	0.375141153549315	0.430210528359995	NA	1.92085295109148	0.383788121169257	3.34478865763101	NA	0.854865797472279	2.73925855588251	NA	1.13445555134282	0.610464773402914	NA	2.91452862193215	1.6885695649952	2.51014764499422	NA	2.69343541971498	NA	2.84727757091867	NA	NA	3.08088978403348	1.02539495383823	NA	0.225933995341309	NA	0.494817403118014	1.46907516863402	2.06314350315815
NA	NA	NA	NA	NA	NA	NA	NA	NA	NA	NA	NA	NA	1.05601624994412	NA	NA	1.06126808441584	NA	NA	NA	NA	NA	1.78994975021972	NA	NA	1.92796153869722	1.80823159234919	1.50193732464517	NA	1.21604025322763	0.760387397867274	0.888436487911584	NA	0.43776624915306	0.184648523655081	NA	NA	NA	NA	NA
1.08569854307269	NA	NA	NA	1.30721836042991	0.905282582116084	1.04320112285809	NA	NA	0.822756115069769	NA	NA	NA	1.50071683154039	NA	NA	NA	NA	NA	0.330877287821285	0.976490225707076	NA	NA	0.633528633035686	0.703196674650103	NA	0.532429023764763	NA	0.692683387953563	NA	NA	0.631818625387279	NA	0.234668860172652	NA	0.471921582537979	NA	0.344050909219686	0.163078448494639	0.156362969452584
NA	NA	NA	NA	NA	NA	NA	NA	NA	NA	NA	NA	NA	NA	NA	NA	NA	NA	NA	NA	NA	NA	NA	NA	NA	NA	NA	NA	NA	NA	NA	NA	NA	NA	NA	NA	NA	NA	NA	NA
NA	1.44419002061057	NA	NA	1.20054506071737	0.864230614124962	1.0818096627208	1.34400342181964	1.19741956826487	1.03337451073324	1.3093729255632	1.32364334282196	NA	1.49829567036097	1.22024630855847	1.83654029062032	2.25166601021009	1.74879399387617	1.2453574223124	1.03329367483697	0.885671410535342	1.25616603756378	0.497770768131305	1.59957510459685	1.30169524414599	1.3423923810472	0.717692651515987	0.414122368302116	1.79807220970479	0.655226989711672	1.66581544945365	1.01658152157375	0.594632841727006	NA	1.42758974277774	1.08060821904755	NA	1.40070478907191	NA	1.43691997648242
NA	1.52383769870428	1.1654180554774	0.851636208546373	0.877412715062468	0.852362880363124	0.837827074885894	0.260963697944338	0.432391493217057	NA	NA	NA	NA	0.808259013057358	0.716090389179889	0.843433634039615	1.1565055885989	1.21965103267952	1.03423528276479	NA	0.818254636304683	0.741878182494913	NA	NA	0.65223885118082	0.712800999410863	0.764045913089156	NA	NA	NA	NA	0.344253147376392	0.381745685877818	NA	0.210527438527901	NA	NA	0.344580929620134	0.453960882001117	0.536105717730031
NA	NA	0.781962589248024	NA	NA	NA	0.746626730500388	0.986409830159749	0.336248862713301	0.358203690841164	0.811033166034568	NA	NA	0.700180713260186	0.706367283173298	0.906422160498278	0.759302147984111	0.727177132612362	0.569070696138318	NA	NA	NA	0.244806594036575	0.581409638171481	NA	NA	0.758475454807698	0.747614953773691	NA	0.318673166049981	NA	0.638122403239317	NA	0.744512086072478	1.02902507063839	0.442983359847917	NA	NA	0.678475082496088	0.485768372454819
0.753794958804199	1.4606002377541	1.67698968302614	NA	1.47355268495234	0.868853750620434	1.07924066531573	1.41302786992656	1.13551198404985	0.993356808448802	1.01592963127657	0.597675428310272	0.710455912380342	0.322789583884046	0.480748572038261	0.961356575527831	0.633062557540504	0.856220990309568	0.643439969448869	NA	1.41864961168938	NA	1.09573589660701	NA	NA	0.996985628835165	NA	0.741414173900463	NA	0.680427423517654	0.95981876202877	0.42673687786259	0.33158019630934	0.349670143941384	0.832827955432762	0.435509265305836	NA	0.844275168117911	0.655782976096101	0.776138855571519
NA	NA	NA	NA	NA	1.06237223789431	0.920094385602784	1.34082592144634	NA	NA	NA	NA	NA	NA	0.786975646352274	NA	NA	0.728184281376841	NA	NA	0.445118154560074	0.537715067344697	NA	NA	NA	NA	0.620761842280602	NA	0.209162066042534	NA	NA	NA	0.510388669378161	0.766269850910666	0.531312625818394	0.332707508531138	NA	NA	0.298152842164641	NA
NA	NA	NA	NA	0.790276945080732	NA	NA	0.600850785659147	0.389387758588522	0.962690492241144	NA	NA	NA	NA	NA	NA	0.882011145610392	NA	0.949308356401749	NA	NA	0.647473223547727	0.548088184872743	0.609743212587092	0.593677537953782	NA	NA	1.69094831405442	1.16069925989966	0.707382035516433	0.344133316103265	0.984002884863176	NA	NA	NA	0.458113357980809	NA	0.315189734622797	0.406285904145995	0.365933219991878
NA	NA	NA	NA	NA	NA	NA	NA	NA	NA	NA	NA	NA	NA	NA	NA	NA	NA	NA	NA	NA	NA	NA	NA	NA	NA	NA	NA	NA	NA	NA	NA	NA	NA	NA	NA	NA	NA	NA	NA
NA	NA	NA	NA	NA	NA	NA	NA	NA	NA	NA	NA	NA	NA	NA	NA	NA	NA	NA	NA	NA	NA	NA	NA	NA	NA	NA	NA	NA	NA	NA	NA	NA	NA	NA	NA	NA	NA	NA	NA
1.3819773135951	0.788372466519722	NA	1.49591768826694	1.31454145606605	0.942508523278457	0.813895965782468	1.24159948107802	1.47458497147972	1.51623862006317	1.86934737355489	NA	NA	1.51358784712004	NA	1.38109405973072	NA	1.15762557884761	NA	0.856140331399548	NA	0.400043120190243	NA	NA	0.623550221281891	0.910622552214027	NA	NA	0.694631287651337	0.663736880999914	NA	0.902851984770229	NA	0.59864627473042	1.23607858756772	0.224956383311516	NA	0.432991655555069	NA	0.297555594672019
NA	NA	NA	NA	NA	NA	NA	NA	NA	NA	NA	NA	NA	NA	NA	NA	NA	NA	NA	NA	NA	NA	NA	NA	NA	NA	NA	NA	NA	NA	NA	NA	NA	NA	NA	NA	NA	NA	NA	NA
2.09117487820869	NA	NA	NA	NA	NA	NA	NA	NA	NA	NA	NA	NA	NA	NA	NA	NA	NA	NA	NA	NA	1.33097395336414	NA	NA	1.10085402263962	NA	NA	1.27119527503348	NA	NA	NA	0.720492518144879	NA	NA	NA	0.465168068952413	NA	0.353529723137367	0.79726159799171	NA
NA	1.043788008481	1.06948475666104	NA	0.486231163722654	0.343835285620844	NA	NA	1.3805161889251	NA	0.962456848981906	NA	NA	1.36742217417723	0.750248864744443	1.16851591065118	0.943486738465775	0.76973624420315	NA	0.396033952282562	0.18910122798391	0.276103987133856	0.67191804280941	0.785548596266972	0.828017751909106	0.754084473616732	0.743391826500265	1.06041454167164	1.10709155459758	NA	NA	0.871741635011965	0.582005983646418	0.419287701166525	0.799905439032361	0.758585447525215	NA	0.630468481814411	NA	0.888021749136867
NA	NA	NA	NA	1.2928700594794	1.58172003836767	NA	NA	NA	NA	1.27474764141094	1.0402292658456	NA	0.697597770338067	0.370792444371465	0.291866563350895	1.35455378970369	NA	NA	0.797955262864696	0.401946445707589	0.558906714148755	0.415130213071166	NA	NA	NA	NA	NA	NA	0.61768543698257	0.641171355191963	NA	NA	1.23732688138165	NA	NA	NA	0.557055679097753	0.728141753202193	0.83908745026164
NA	NA	NA	NA	1.45520785785038	NA	0.679927734330479	NA	NA	NA	0.53988406005935	0.227889954552097	0.398656543331577	0.324283480348968	0.561225634918464	NA	0.276440417896202	0.379301675939264	0.317050841978917	NA	NA	1.15509518975042	0.73823460508966	NA	NA	NA	0.301618889837912	NA	0.504253479801888	0.528443116772902	NA	NA	NA	NA	NA	0.355114679219551	NA	NA	0.436043005457973	NA
NA	NA	NA	NA	NA	NA	NA	NA	NA	NA	NA	NA	NA	NA	NA	NA	NA	NA	NA	NA	NA	NA	NA	NA	NA	NA	NA	NA	NA	NA	NA	NA	NA	NA	NA	NA	NA	NA	NA	NA
NA	NA	NA	NA	NA	NA	NA	NA	NA	NA	NA	NA	NA	NA	NA	NA	NA	NA	NA	NA	NA	NA	NA	NA	NA	NA	NA	NA	NA	NA	NA	NA	NA	NA	NA	NA	NA	NA	NA	NA
NA	NA	NA	NA	NA	NA	1.81563967622574	NA	NA	NA	NA	NA	NA	NA	NA	1.18918221230262	1.60043731738325	NA	NA	NA	1.33004032788297	1.59870863836167	NA	NA	NA	NA	0.469149322303056	0.437485036139033	NA	NA	0.266952560963717	0.478493807371669	NA	NA	NA	0.17585799576981	NA	0.394429165297983	1.7607566690932	NA
0.967419576943446	NA	NA	0.732527725087031	NA	NA	0.801720229924377	0.729992539298746	0.812391594336671	NA	0.755664636825147	NA	NA	1.19964198532149	0.808301840839476	0.927932160285369	0.672764473185467	0.450446626980699	0.551984270999742	NA	NA	0.175268401704369	0.865049714811544	NA	0.453418135634347	1.8616995599777	NA	0.560940440323366	0.448391898881928	0.341109199045538	0.264659377668111	0.79613005712852	0.707525579214081	0.517101042527316	0.478335368212895	0.358203784658552	NA	0.35760298588558	0.832070711963635	1.03964185883614
NA	NA	NA	NA	NA	NA	NA	NA	NA	NA	NA	NA	NA	NA	NA	NA	NA	NA	NA	NA	NA	NA	NA	NA	NA	NA	NA	NA	NA	NA	NA	NA	NA	NA	NA	NA	NA	NA	NA	NA
NA	NA	0.869731166379949	NA	NA	NA	NA	NA	NA	NA	NA	NA	NA	NA	NA	NA	NA	NA	NA	0.307830656311698	0.200765031195421	NA	0.464092202284631	0.854865185742417	0.835452321497698	0.716777656241251	NA	1.27565191601113	NA	0.515507462334143	NA	0.356689750020491	0.278918826507266	0.646000640244483	NA	0.778262786495731	NA	0.222713037886481	0.843195509447405	0.8868906561643
1.73310847603416	1.52852847614372	NA	NA	1.60917174252195	1.14196865920044	1.18481478133394	0.939514354241564	0.893879975452849	1.26355322076845	NA	1.54473695780329	0.839258550991392	0.985565497577185	1.63338509011566	NA	NA	0.762089176259118	0.842344284118029	0.986235809609671	0.954614362634828	0.894123748312458	1.22416141175413	1.60371143546447	0.626158965625668	0.491072196610045	NA	1.24550910616929	NA	NA	NA	0.965697134158309	0.74834243479376	0.837302174203424	0.714156356644345	NA	NA	NA	0.577857319220797	NA
NA	NA	NA	NA	NA	1.73360812484321	NA	NA	1.75600880259237	NA	2.04013111732932	1.43917815225052	1.27808755325597	NA	NA	NA	2.10372873854724	1.7719328690359	2.12791063988787	1.97966616837692	NA	1.60682141149411	1.26628322631992	NA	0.934844447380978	0.603277861940593	0.585435578528294	NA	NA	1.26391223091176	0.497384875687034	0.42577732771912	0.145237133090921	0.389812149262401	NA	2.7552780491382	NA	0.148609742419301	0.323758519577902	0.577321202232602
1.7982379875212	NA	NA	NA	NA	NA	NA	NA	NA	NA	NA	NA	NA	1.69408831051468	1.2351386265161	1.30622814035809	NA	NA	1.17497590772063	NA	NA	1.20318838709687	NA	NA	0.72341363657229	NA	NA	NA	0.653040937501926	0.448828936133018	0.80900513077326	NA	0.603611192193629	NA	NA	NA	NA	1.06035698334983	1.10093200423138	0.547066885498906
NA	NA	NA	NA	NA	NA	NA	NA	NA	NA	NA	NA	NA	NA	NA	NA	NA	NA	NA	NA	NA	NA	NA	NA	NA	NA	NA	NA	NA	NA	NA	NA	NA	NA	NA	NA	NA	NA	NA	NA
NA	0.99724906134902	1.08719203864384	NA	1.25088209897262	NA	1.25333071417473	NA	1.61298625449968	1.13130132521433	1.28295572799993	1.256238903521	NA	1.50186257448496	1.2640894225641	1.42146578820693	1.41153620676314	1.70342461421104	1.23205040108486	1.50810280296902	1.0015088962778	1.12622126995374	1.32260425418321	1.64842827160325	1.89688725427518	1.35733421719748	1.65256459178564	2.15110930180193	2.64581153618395	1.37569192551254	1.61130963782372	1.56292100826056	NA	0.845941848591633	0.625477480305935	NA	NA	NA	1.95124366340367	2.55338290878288
NA	NA	NA	1.92760207213221	1.60925521405357	NA	NA	NA	1.63790590736756	NA	1.96157726952007	1.80742659323896	NA	NA	2.38719464191023	NA	NA	NA	NA	NA	NA	1.44784547455326	NA	NA	NA	NA	NA	NA	NA	NA	NA	NA	0.517014539240848	NA	NA	NA	NA	3.06824111791138	1.87499018129043	1.34978360466485
NA	1.95742382015851	NA	NA	1.51267395764718	1.73977905071666	1.60511384024648	NA	NA	NA	NA	1.96431169573054	NA	1.50973320747962	1.75271608069032	NA	1.65059785107884	1.59031890081156	1.43224216571925	1.39933644284712	1.47674056950223	1.44282473995703	1.39848654031235	1.27382859023634	1.17101569270301	1.18686190977789	1.55799532995345	1.86619282534124	1.52757924978847	NA	1.30680231055992	1.17196653641553	1.14989187967686	NA	1.07684257303657	1.05606395189191	NA	1.18698255531408	0.971853956594414	1.20806974782214
0.517267033573793	NA	0.629692589328746	NA	NA	0.168014441879835	NA	0.322307423528372	0.249166396455947	NA	NA	NA	NA	0.70093967006755	NA	0.484926402144789	0.463459577314351	0.511414923167212	NA	0.313369081699383	NA	0.633421367521689	0.289588679886217	0.428195675854062	0.480043198036837	2.2811000503644	NA	NA	NA	0.364825485649242	NA	0.544283980923518	NA	0.357569089049963	0.1370709477664	0.23286435520291	NA	0.48327194699848	NA	0.995627771772115
NA	NA	NA	NA	NA	NA	NA	NA	NA	NA	NA	NA	NA	NA	NA	NA	NA	NA	NA	NA	NA	NA	NA	NA	NA	NA	NA	NA	NA	NA	NA	NA	NA	NA	NA	NA	NA	NA	NA	NA
NA	NA	NA	NA	NA	NA	NA	NA	NA	NA	NA	NA	NA	NA	NA	NA	NA	NA	NA	NA	NA	NA	NA	NA	NA	NA	NA	NA	NA	NA	NA	NA	NA	NA	NA	NA	NA	NA	NA	NA
NA	NA	NA	NA	NA	NA	NA	NA	NA	NA	NA	NA	NA	NA	NA	NA	NA	NA	NA	NA	NA	NA	NA	NA	NA	NA	NA	NA	NA	NA	NA	NA	NA	NA	NA	NA	NA	NA	NA	NA
NA	NA	0.973255575260292	1.02184965649925	NA	0.48144547929135	0.31104251145538	0.562040466172096	0.569924386089731	1.05617934155217	1.34761198188072	NA	1.68070477353298	1.68653431858737	1.5289190990491	NA	1.13209065351894	NA	NA	0.639867165616483	NA	0.639144452546497	NA	NA	NA	NA	NA	NA	NA	0.694450397106609	NA	NA	NA	0.646092538309674	NA	0.549332935332479	NA	0.388771151731454	0.399615510113115	0.378048870362859
NA	0.665851228329267	NA	2.1725371004489	1.934965242913	1.81880719401156	0.874344503853178	0.975656228656905	1.02070352225122	NA	NA	NA	0.856302944875191	0.782828506214275	2.69238302892911	NA	NA	0.854080539901973	NA	0.71710819451098	0.613075542496362	0.921285423067556	0.65204547301072	0.564312353551847	0.985387196808416	0.699276620695433	NA	NA	NA	0.497344422723412	0.164207792608856	0.648789989405584	0.29845467832642	0.458163432617776	0.345196748822646	NA	NA	NA	1.44498848820315	NA
NA	NA	NA	NA	NA	NA	0.289633595677185	0.146660095082706	NA	NA	NA	NA	NA	0.397672593977523	NA	NA	NA	0.419826657196171	0.249207422918624	NA	NA	0.495017579208175	NA	0.796918463851858	0.723944975501486	NA	NA	NA	NA	0.657593262253516	NA	NA	NA	0.394877174548746	NA	NA	NA	0.197881048489581	0.331408182290516	1.5143592136444
NA	NA	NA	NA	1.76263346409472	1.79430081305515	1.81866142815319	1.34523581785283	2.0525114395628	0.745020488075534	0.338737682951304	NA	2.5352089041866	NA	1.78417966242892	1.67214902878467	0.72021420003624	1.37562650561655	1.46514133704774	0.591673658806472	0.579661281846482	1.18188988598246	0.512947991834312	0.402131881388475	0.153352875533652	0.234731426700404	1.16354606694808	0.59370778757643	NA	0.282157957449623	0.196805972612646	0.542929803979363	0.503684285647201	2.36114159114853	0.326124696133101	0.179658540094032	NA	0.436635660963152	0.303966006068322	1.52356430337761
NA	NA	NA	NA	NA	NA	NA	NA	NA	NA	NA	NA	NA	NA	NA	NA	NA	NA	NA	NA	NA	NA	NA	NA	NA	NA	NA	NA	NA	NA	NA	NA	NA	NA	NA	NA	NA	NA	NA	NA
NA	NA	NA	NA	NA	NA	NA	NA	NA	NA	NA	NA	NA	NA	NA	NA	NA	NA	NA	NA	NA	NA	NA	NA	NA	NA	NA	NA	NA	NA	NA	NA	NA	NA	NA	NA	NA	NA	NA	NA
NA	NA	NA	NA	NA	NA	NA	NA	NA	1.63382087964444	NA	NA	1.40864305276219	NA	NA	NA	1.39913454617491	1.10111396912018	NA	NA	NA	NA	1.38559033229867	NA	2.09898373944548	NA	0.626445169264352	NA	NA	1.08520709499901	NA	NA	NA	0.523296845350463	NA	NA	NA	NA	NA	NA
NA	NA	NA	NA	NA	0.408823259806894	NA	NA	0.894715149703025	NA	NA	0.699098860873437	NA	NA	1.05642180074216	NA	0.87513661254957	0.809708103668382	NA	NA	NA	NA	NA	NA	NA	NA	NA	NA	NA	NA	NA	0.743099157937656	NA	NA	0.71739574252828	NA	NA	0.237826012198348	NA	0.558657427181409
NA	NA	NA	NA	NA	0.907662919988429	1.35938353772561	NA	0.609343179295851	NA	0.685585815696278	0.778519899022141	NA	NA	NA	1.92786371837273	1.36656960504296	1.08920620112939	NA	NA	NA	NA	0.643010521148114	NA	0.888895069978405	0.951507142445599	1.09229986655665	NA	NA	1.4483923727962	NA	1.01096872855504	0.478333344262431	NA	1.3679233865324	0.763307607911222	NA	0.797466141104417	1.5419477233471	0.72675933944507
NA	NA	NA	NA	NA	1.13059470272195	NA	NA	1.53783536251155	NA	1.10250185054895	NA	NA	NA	1.23352142802046	1.59280612883157	1.52499009145333	1.72909554381664	NA	0.928576535801089	NA	NA	0.510470395188005	NA	0.635585596755541	0.568445311028403	0.528818732991467	0.65749156275676	NA	0.815146954121338	NA	NA	0.501483400824468	0.822492790040672	0.71180452273223	1.23994245101804	NA	0.596671247909378	NA	NA
NA	NA	NA	NA	NA	NA	NA	NA	NA	NA	NA	NA	NA	NA	NA	NA	NA	NA	NA	NA	NA	NA	NA	NA	NA	NA	NA	NA	NA	NA	NA	NA	NA	NA	NA	NA	NA	NA	NA	NA
NA	NA	NA	NA	NA	NA	NA	NA	NA	NA	NA	NA	NA	NA	NA	NA	NA	NA	NA	NA	NA	NA	NA	NA	NA	NA	NA	NA	NA	NA	NA	NA	NA	NA	NA	NA	NA	NA	NA	NA
NA	NA	NA	NA	NA	0.998727505681093	0.354364703386365	0.34370964438312	NA	NA	NA	NA	NA	NA	0.36386859178577	NA	1.05185633932625	1.05337518167101	0.423755548156956	1.11714475782238	NA	NA	NA	1.08038745113561	NA	NA	1.13906324280286	NA	NA	0.451069728264332	0.401129629150134	0.64539079437742	NA	NA	0.452118664533143	0.827270314661286	NA	0.257210032689487	NA	0.487193006810883
NA	1.36892081220763	1.21994711315755	0.912375728987886	1.86363561845476	0.9155706623832	0.481065533763551	0.627324964318209	0.989975517232789	0.638558498561261	0.762758637801057	0.862441555520264	NA	0.804037332444045	1.00785317795873	1.08157987653089	0.78779622996474	0.926188416478727	1.26787151601314	0.259026456799906	1.73732007873632	NA	1.86362591099383	1.79944217776706	NA	1.83361547128257	2.29711520863083	0.652772542203843	1.34681628610547	1.08206646432188	0.937782074081753	NA	2.17837804188752	2.88246629812683	2.0258196397025	1.78223540175003	NA	1.01118494457863	2.828710397996	3.03906772897771
NA	NA	NA	NA	NA	NA	NA	NA	NA	NA	NA	NA	NA	NA	NA	NA	NA	NA	NA	NA	NA	NA	NA	NA	NA	NA	NA	NA	NA	NA	NA	NA	NA	NA	NA	NA	NA	NA	NA	NA
NA	1.50230002669057	1.39435567140577	0.325848973801077	NA	0.747160361657091	1.36785094517373	0.739094137599688	0.772663496787499	1.59140826698848	0.560799494113627	NA	0.801526131917865	0.53276569719993	NA	0.869001361998017	1.0876132785146	1.18868878015332	0.388777508977602	0.978888287937885	0.69977919798119	1.53404204657667	0.361187158003169	NA	1.39438964530468	1.44163270753847	0.697570278188142	1.42706210756653	0.416672513264366	0.562964331064217	1.5766808114873	1.58537435852895	0.316834223297466	0.498884418719277	0.534794561542895	NA	NA	NA	NA	NA
NA	NA	NA	NA	NA	NA	NA	NA	NA	NA	NA	NA	NA	NA	NA	NA	NA	NA	NA	NA	NA	NA	NA	NA	NA	NA	NA	NA	NA	NA	NA	NA	NA	NA	NA	NA	NA	NA	NA	NA
NA	NA	NA	NA	NA	NA	NA	NA	NA	NA	NA	NA	NA	NA	NA	NA	NA	NA	NA	NA	NA	NA	NA	NA	NA	NA	NA	NA	NA	NA	NA	NA	NA	NA	NA	NA	NA	NA	NA	NA
0.848593877191727	NA	NA	0.378004410319479	0.598524251594548	1.12515133446944	0.88949459179616	0.90052971791867	0.902076330972064	0.687852679577163	1.12103448006842	NA	NA	0.392671926733436	0.851473829297737	0.446175900090942	NA	NA	NA	1.13128915866543	NA	NA	0.863576364474904	NA	NA	NA	NA	NA	NA	NA	NA	0.45875603290074	0.495585928526797	0.350434292556826	NA	NA	NA	NA	0.627537948564905	NA
NA	0.772312263465255	NA	NA	1.62936949948387	0.34565561250299	0.706603305082976	NA	0.469401641451091	NA	0.759850249514564	0.590622086278931	NA	NA	1.18661255460506	NA	0.872971734736319	0.884161054000113	1.3787741763542	NA	NA	NA	NA	0.729970725128813	NA	NA	NA	NA	NA	NA	NA	NA	1.55171083556911	0.665145616589935	NA	NA	NA	0.530035741624129	NA	0.508282467780095
NA	NA	NA	NA	NA	NA	NA	NA	NA	NA	NA	NA	NA	NA	NA	NA	NA	NA	NA	NA	NA	NA	NA	NA	NA	NA	NA	NA	NA	NA	NA	NA	NA	NA	NA	NA	NA	NA	NA	NA
NA	NA	NA	NA	1.5140951478596	1.60818750509798	3.21227104214086	NA	0.56706245911079	NA	NA	2.8316023841444	NA	2.67983949628673	1.48091635970582	1.61783447836622	1.64542052462283	NA	1.29733621385147	NA	1.60782458865541	1.93051151377213	1.4016982433145	NA	1.18050724037459	1.10037997160727	NA	NA	NA	NA	NA	NA	NA	NA	NA	NA	NA	1.49031111128725	1.95245621387407	NA
NA	NA	NA	NA	NA	NA	NA	NA	NA	NA	NA	NA	NA	NA	NA	NA	NA	NA	NA	NA	NA	NA	NA	NA	NA	NA	NA	NA	NA	NA	NA	NA	NA	NA	NA	NA	NA	NA	NA	NA
NA	NA	NA	NA	NA	NA	NA	NA	NA	NA	NA	NA	NA	NA	NA	NA	NA	NA	NA	NA	NA	NA	NA	NA	NA	NA	NA	NA	NA	NA	NA	NA	NA	NA	NA	NA	NA	NA	NA	NA
NA	NA	1.42259102743126	1.4398651185311	NA	1.57301258005121	0.929783495768676	1.36052123505442	1.00776328071607	0.972022869587901	0.763076517867416	NA	0.779266323786583	1.13000560955012	0.704124099384962	1.05340089850842	0.449683078962163	0.559869667084467	0.807475186359258	0.241449039707504	NA	NA	NA	NA	0.957157064499548	1.08640891986888	1.69497610493611	1.01395999972865	1.02941641748725	0.685298458111052	0.38770910146023	0.941517493103615	1.17383110857207	0.678547416525381	0.67473437202994	0.906942213466327	NA	1.41079872446729	1.07979426683653	1.32209704119208
NA	NA	NA	NA	1.6415123610124	NA	NA	0.553889527084184	1.45849274350708	1.80981965063974	1.09238182294468	0.681190437388029	1.86904112083748	1.79857909575627	NA	NA	0.414188399257348	NA	0.77447321329668	0.805470979049592	1.43899279358399	1.340302282539	0.685753035831724	0.402631005075727	1.8352086154687	1.46252305271582	1.2550161639157	0.822623736042089	NA	0.939958088329965	1.29617762354742	0.577288021516006	1.72916264054635	NA	0.363611194931729	0.470210850124324	NA	NA	0.890094912768441	0.172455322860966
NA	NA	NA	NA	NA	NA	NA	NA	NA	NA	NA	NA	NA	NA	NA	NA	NA	NA	NA	NA	NA	NA	NA	NA	NA	NA	NA	NA	NA	NA	NA	NA	NA	NA	NA	NA	NA	NA	NA	NA
NA	NA	NA	NA	NA	NA	NA	NA	NA	NA	NA	NA	NA	NA	NA	NA	NA	NA	NA	NA	NA	NA	NA	NA	NA	NA	NA	NA	NA	NA	NA	NA	NA	NA	NA	NA	NA	NA	NA	NA
NA	NA	NA	NA	NA	NA	NA	NA	NA	NA	NA	NA	NA	NA	NA	NA	NA	NA	NA	NA	NA	NA	NA	NA	NA	NA	NA	NA	NA	NA	NA	NA	NA	NA	NA	NA	NA	NA	NA	NA
NA	NA	0.684637477505339	1.58085991190247	2.99155081960582	2.22005582921491	2.02050387913694	NA	1.46894783991519	NA	NA	2.24580365592357	0.787777805128215	2.37517236720236	0.964346676044913	NA	NA	2.46698114187463	NA	1.40548375379839	0.885641433959075	NA	1.74414430178313	1.12796043266683	1.49107673578454	0.990566539055795	NA	0.800310322130943	1.11332667281432	NA	NA	NA	0.727637917402237	1.20642461307805	0.897255957634074	NA	NA	1.82561159260321	NA	NA
NA	NA	NA	NA	NA	NA	NA	NA	NA	NA	NA	NA	NA	0.539695045231481	NA	0.722537603972361	0.752962016964317	NA	NA	NA	0.950093087384602	NA	NA	NA	0.884713272206799	0.913488891195917	1.06960981089511	0.663262822910403	0.248986299978013	1.1859388929199	NA	0.505834171263299	0.365093946909581	0.480354714519955	0.522336479932986	NA	NA	0.2223988429575	0.620736675344637	NA
NA	NA	NA	NA	NA	NA	NA	NA	NA	NA	NA	NA	NA	NA	NA	NA	NA	NA	NA	NA	NA	NA	NA	NA	NA	NA	NA	NA	NA	NA	NA	NA	NA	NA	NA	NA	NA	NA	NA	NA
NA	2.26954877844897	2.48580319853096	NA	2.52829708832604	2.4709326126036	2.46806982204159	1.55549061409253	2.28688632454125	NA	2.3842227379878	2.77183005125292	NA	NA	1.4274966676649	NA	2.02359152761178	1.91452027286773	2.32075316010976	1.89716175279382	1.81753013788841	2.17921343209934	1.62370216940318	NA	NA	NA	NA	1.7565485209271	1.86074775499383	NA	NA	NA	NA	NA	NA	NA	NA	1.46549949701997	0.77990002127539	1.10095678145794
1.63445880447689	NA	NA	NA	NA	0.890361530672802	NA	0.460327158198103	0.416859020977732	NA	NA	1.75852376356136	0.575140199428673	NA	0.799369186147877	0.552534640943049	NA	0.439770409130405	0.71844542765077	0.699656189448341	0.738579148870384	NA	NA	NA	NA	NA	0.343761709163368	NA	NA	NA	NA	NA	0.672850521749454	NA	0.801391372615175	NA	NA	0.401823443962316	0.66134800865495	NA
0.760477651059449	NA	NA	NA	NA	NA	NA	0.832907976355088	0.643341100543966	NA	NA	NA	NA	NA	NA	0.879483392672047	NA	0.724082765988848	NA	NA	0.389344496836718	0.306474274868215	NA	0.574836777032746	0.431610020857877	NA	NA	NA	NA	NA	NA	0.516322968401803	NA	NA	NA	NA	NA	0.754321472757552	NA	0.969976282494962
NA	NA	NA	NA	1.9018274043706	2.12248193793642	NA	NA	NA	NA	NA	NA	NA	1.91549108445915	1.9257504558849	NA	NA	NA	NA	NA	1.31246565497968	1.09926856925515	1.6941388378166	NA	NA	NA	0.862242842271833	NA	0.679017125369129	0.849640441152677	NA	0.413603959507344	NA	NA	NA	NA	NA	NA	1.17665179652009	NA
NA	NA	NA	NA	NA	NA	NA	NA	NA	NA	NA	NA	NA	NA	NA	NA	NA	NA	NA	NA	NA	NA	NA	NA	NA	NA	NA	NA	NA	NA	NA	NA	NA	NA	NA	NA	NA	NA	NA	NA
NA	NA	NA	NA	NA	NA	NA	NA	NA	NA	NA	1.13011224845436	NA	1.56870755990342	NA	1.12860691323519	NA	NA	NA	NA	0.777577229207932	NA	NA	NA	0.435148560763077	NA	NA	NA	0.529805345125527	NA	1.38445321963376	NA	NA	1.59390408090154	NA	NA	NA	0.596956371972497	NA	NA
NA	NA	NA	NA	0.789587582121169	0.903175008765837	NA	NA	NA	NA	NA	0.402364421878382	1.64467833527835	NA	NA	NA	NA	NA	NA	0.619223772272912	NA	0.873967634814768	NA	NA	NA	NA	NA	NA	1.34835043876162	NA	NA	0.568765447111515	1.05551475391189	NA	NA	NA	NA	NA	0.630914176575887	NA
NA	0.38269867669686	NA	NA	NA	NA	NA	0.412657497807534	1.63336546155696	0.386847953355541	NA	NA	NA	1.84005970036419	1.60886025017532	NA	1.94733045331716	0.997726255460335	NA	0.917088163673603	NA	0.38905269961636	NA	NA	0.519669051607971	NA	NA	NA	0.317371892858073	1.46757016012962	1.14783127468058	2.01621694524746	0.0834612283750746	NA	0.672236750419389	0.64541686470172	NA	0.514437937407495	NA	1.87492898416656
0.5982660642766	NA	0.991708345194323	NA	0.775199199037053	1.79536788339061	1.64432619157872	NA	0.843652674623367	1.33663873625823	0.959613044973993	0.721819840025974	0.414257408733676	1.19924959936096	0.919281490524198	NA	1.0953735473047	0.973391749582521	0.888691542842775	0.87167660979402	NA	1.59267468845822	2.07933644148468	NA	0.503991489325214	2.2141062772101	NA	1.96257379143626	0.483664962502652	NA	1.11657351388711	1.9310813204642	1.5790689551118	1.48051032695354	NA	1.9820989235098	NA	1.4866924098406	1.65226057462808	2.0106443170472
NA	NA	NA	NA	NA	NA	NA	NA	NA	NA	NA	NA	NA	NA	NA	NA	NA	NA	NA	NA	NA	NA	NA	NA	NA	NA	NA	NA	NA	NA	NA	NA	NA	NA	NA	NA	NA	NA	NA	NA
NA	1.55021872303557	1.36484789328435	1.4556378394901	NA	0.669632403612056	1.03805951843757	1.08844190400115	1.24343841231476	0.830940259582026	NA	0.538843462756273	0.668598776790857	NA	0.295682663843428	0.393547463987416	0.776968834462155	NA	0.572657944733383	NA	0.397838554888408	0.215648085414123	0.339395868942446	0.256352304714547	0.396313632822728	0.488357114049913	0.826694627666262	NA	0.480734621839774	0.411900767405995	0.68171443449866	0.515484180623819	0.409944584826391	0.476262129625558	0.257938243929737	NA	NA	0.359821217125114	1.09850308029245	0.919953511881818
1.17509774794853	NA	1.72800030311344	NA	1.45987177172041	NA	1.08357412647076	1.11999150264908	1.50307606498593	1.54522636013652	NA	NA	NA	NA	1.79657933924831	1.68853157068252	1.63740601774308	1.44595636458365	1.34027684519906	1.00228811448109	NA	NA	0.325289479204761	NA	0.847784119043403	NA	NA	0.23210601158492	NA	NA	0.823089298941484	0.66699515975594	0.293097784564105	1.4789382917667	0.312625158001703	0.358488825287254	NA	0.336604638196652	0.110639018900186	NA
NA	NA	NA	NA	NA	NA	NA	NA	NA	NA	NA	NA	NA	NA	NA	NA	NA	NA	NA	NA	NA	NA	NA	NA	NA	NA	NA	NA	NA	NA	NA	NA	NA	NA	NA	NA	NA	NA	NA	NA
0.588429377778147	0.614332566427893	1.26866772515965	NA	0.650006008882534	0.854302040261238	0.375013913861086	0.319075952606718	0.470534946812774	1.16202580304525	NA	NA	1.20806949593781	1.01699459694023	1.45885159791058	0.984111865663285	0.467243860450343	0.601777722448512	1.30210630055668	0.228509827276312	NA	NA	1.37052757324696	1.49323850793909	1.23506209750648	1.28981082018715	NA	1.4554196348038	1.30549116054039	NA	1.26940639910992	0.764341422244779	NA	0.768005983965035	1.2659165100302	NA	NA	1.03141690767346	0.595370132156337	0.749061418600282
NA	NA	NA	NA	NA	NA	NA	NA	NA	NA	NA	NA	NA	NA	NA	NA	NA	NA	NA	NA	NA	NA	NA	NA	NA	NA	NA	NA	NA	NA	NA	NA	NA	NA	NA	NA	NA	NA	NA	NA
NA	1.35340904684166	NA	NA	1.39464259236598	NA	NA	1.01093999457355	0.811828132240159	NA	0.460174856252955	NA	NA	NA	1.32104672815387	NA	1.25812356790462	NA	NA	0.389384192051848	0.848958213330048	NA	NA	1.08476287135267	1.19523274204528	NA	NA	NA	NA	NA	NA	NA	NA	0.741432780253297	0.656817379189604	NA	NA	NA	0.562214628843548	0.980892965198974
NA	NA	NA	NA	NA	NA	NA	NA	NA	NA	NA	NA	NA	NA	NA	NA	NA	NA	NA	NA	NA	NA	NA	NA	NA	NA	NA	NA	NA	NA	NA	NA	NA	NA	NA	NA	NA	NA	NA	NA
NA	1.15816276741896	NA	1.26146727868311	NA	NA	0.460736576128356	0.224110189017189	NA	1.8473533032478	NA	0.298775276416225	NA	0.592543600677077	0.64053775693534	0.429361563212988	0.585553642152946	0.553262864473631	0.468018774289688	0.738913050290238	0.584074937188079	0.283761041692623	NA	NA	0.727435120510047	NA	0.959537545579337	0.829775856935095	0.714663673031045	NA	0.785269894274914	0.479287213594406	NA	0.439654975986147	0.337829718011996	0.113569535235021	NA	0.422376142727167	NA	0.702024644295014
1.37340973852759	NA	1.32912889339824	1.79911774825126	1.48436168006599	NA	1.34614674757014	NA	1.14743831715888	NA	NA	1.49845392517923	NA	1.05560175930612	NA	NA	NA	NA	NA	NA	NA	1.00859117812166	NA	NA	NA	NA	NA	NA	NA	NA	NA	NA	NA	NA	NA	NA	NA	NA	0.494947478753677	NA
NA	NA	NA	NA	NA	NA	NA	NA	NA	NA	NA	NA	NA	NA	NA	NA	NA	NA	NA	NA	NA	NA	NA	NA	NA	NA	NA	NA	NA	NA	NA	NA	NA	NA	NA	NA	NA	NA	NA	NA
NA	1.11284065416522	NA	NA	1.00668900178275	0.940467872298379	1.24019600513483	0.644470644703582	0.479419134403352	0.796249862685517	1.22361869187641	1.40530226611405	NA	1.40202568300804	1.3665071938685	NA	1.00219901604522	1.51169915497207	0.929992559156246	0.65810524451328	0.574359647520406	1.38508269754593	1.03187054891179	1.25026154486435	NA	0.899827138334819	1.09432998062353	1.06848076150454	NA	1.31606099348897	NA	NA	1.07153919385577	1.23626247995168	NA	NA	NA	NA	0.43710037392785	NA
NA	NA	NA	NA	NA	NA	NA	NA	NA	NA	NA	NA	NA	NA	NA	NA	NA	NA	NA	NA	NA	NA	NA	NA	NA	NA	NA	NA	NA	NA	NA	NA	NA	NA	NA	NA	NA	NA	NA	NA
NA	1.61850909047839	NA	1.43587806297841	1.13991797057411	NA	0.843990379531229	0.76283557460621	0.527904336767137	0.517087011879365	1.52290472402409	0.708348293901469	NA	NA	0.541341785588875	1.02820251318805	1.00090801707439	0.967322854449837	0.963046803061241	0.794571833901445	1.01499292054878	1.96664691912315	0.658796070348841	NA	NA	NA	NA	0.529527156008424	1.22139467288326	0.376648329739984	0.411020274129805	0.193494104385457	0.30398236185757	0.450315110831895	0.127887907792905	0.196034850300669	NA	NA	0.483678701588864	0.435847061070277
0.161181645503351	NA	NA	1.24654928822974	0.563900237759883	0.772775572472978	0.623625123772095	0.749712658404613	0.713651846982379	0.822110462950594	0.848204723100089	0.869241422701674	NA	1.13568364414404	NA	0.801721458492438	1.02316763529105	0.847275814038129	0.564124657824242	0.363420385643099	0.231987431202886	0.341387276031395	0.429296460869349	NA	NA	NA	NA	0.424646577098026	0.474139188908876	NA	0.970830906428795	NA	0.711705621267572	NA	0.817291008230075	0.688850973589249	NA	0.411458500871845	NA	NA
NA	NA	NA	1.35086346439462	NA	NA	1.35046098514163	NA	NA	NA	NA	NA	NA	NA	NA	NA	NA	NA	0.964245047862935	0.401220054948571	0.453410970851089	NA	NA	NA	NA	NA	NA	NA	1.5692359050776	1.11827044076616	NA	0.856764113791996	0.879241787503986	0.750856374702801	0.529175693593726	0.171609704352696	NA	0.339766781577857	NA	0.788369618047391
NA	NA	NA	NA	NA	NA	NA	NA	NA	NA	NA	NA	NA	NA	NA	NA	NA	NA	NA	NA	NA	NA	NA	NA	NA	NA	NA	NA	NA	NA	NA	NA	NA	NA	NA	NA	NA	NA	NA	NA
NA	NA	0.886162579908801	NA	NA	NA	1.1539615752471	1.12660275323389	0.94028740789613	1.34220152624537	1.27915316385856	1.34280284184529	NA	1.55754984766344	1.46959525596459	1.16745794267594	NA	1.15853681038168	1.41003418602321	1.4363982293536	0.830894819260691	0.292202495267662	NA	NA	NA	NA	NA	0.3351967726568	NA	1.0967265724381	NA	1.41108951746926	NA	0.378615164581495	NA	1.06509480381546	NA	0.25487398025954	NA	0.219765587145383
NA	NA	NA	1.5903426237913	NA	0.635913880361659	0.80716682172535	NA	0.717842871204152	0.376783950775659	0.783521103278705	0.815918200922948	NA	0.93245663989128	0.870405051603474	0.888471517756811	NA	0.977858289319072	1.03333708805354	0.412937464617458	0.475639730396433	0.710004123786425	0.746671263235864	NA	0.808641239400524	0.297570978975067	0.596708779845879	0.299978182544763	0.759037214885908	NA	0.634856373478371	NA	NA	NA	0.414766441482186	0.705466956938842	NA	NA	0.0935750983987592	NA
0.765923164690532	1.29295697374613	1.16911726415839	NA	1.06241071207463	1.62276812463356	NA	1.78670787161564	1.49044279617808	1.41694926697035	1.62469621479113	1.59006380791723	1.75844461165344	1.60572842237159	1.64054104297807	1.56757769632182	1.39735634615652	NA	1.48705533119871	1.4718344420456	NA	0.88753108193066	0.998601883055097	1.03005623806628	1.03188893265697	1.13950438310766	0.508904556679041	0.497902986648203	0.148038667999078	NA	NA	NA	0.322252012397304	NA	NA	0.22459698697252	NA	0.784033039934227	NA	NA
NA	NA	NA	NA	NA	NA	NA	NA	NA	NA	NA	NA	NA	NA	NA	NA	NA	NA	NA	NA	NA	NA	NA	NA	NA	NA	NA	NA	NA	NA	NA	NA	NA	NA	NA	NA	NA	NA	NA	NA
NA	0.287732553932752	NA	NA	1.13788802224369	NA	NA	0.799550548672091	0.4233206614495	0.620819236247932	NA	0.83532728066643	NA	0.804484629182992	NA	NA	NA	NA	NA	NA	0.442065473472515	NA	0.897342022128769	0.997524565431579	NA	NA	NA	NA	NA	NA	1.89460772877348	NA	NA	NA	NA	NA	NA	NA	NA	NA
NA	1.68171143860518	1.31469627882896	NA	NA	0.885701208580768	0.929053008898609	NA	NA	NA	1.03097338750433	1.09855830742753	NA	1.23396320737725	NA	1.3206380600577	1.33539230599524	1.42060298844312	NA	1.09229939104505	0.487972611738943	NA	0.42701236640011	0.776605184610736	0.404630247112219	NA	0.596402996158969	NA	NA	NA	NA	0.398265026080622	0.633919538086375	0.698162275612888	0.630075315217621	NA	NA	0.651480293571304	0.563381615555878	NA
NA	0.782930452584944	NA	NA	NA	0.233146283272692	NA	NA	NA	NA	0.544989764570946	NA	NA	0.464690530787289	0.403975531720565	0.4077023563086	NA	NA	0.224021657856084	0.417186470918621	NA	NA	0.413019605610423	0.332483387433131	0.809253194620404	0.704396974510495	NA	NA	0.344953000311202	0.881124418921472	0.49316042360197	NA	1.17425277008415	NA	NA	0.668827230588919	NA	NA	0.851073617351593	NA
NA	NA	NA	NA	NA	NA	NA	NA	NA	NA	NA	NA	NA	NA	NA	NA	NA	NA	NA	NA	NA	NA	NA	NA	NA	NA	NA	NA	NA	NA	NA	NA	NA	NA	NA	NA	NA	NA	NA	NA
NA	NA	NA	NA	0.97602848978641	NA	2.11840580677972	1.73821041159555	NA	NA	NA	NA	NA	NA	NA	NA	NA	NA	NA	NA	1.43940912199833	1.35864659932173	1.05631494640987	0.708159316172256	NA	NA	NA	NA	NA	0.8678155081552	NA	NA	NA	NA	0.540231884069687	0.801232051465018	NA	0.401910753735694	NA	0.794122884456962
NA	NA	NA	NA	NA	NA	NA	NA	NA	NA	NA	NA	NA	NA	NA	NA	NA	NA	NA	NA	NA	NA	NA	NA	NA	NA	NA	NA	NA	NA	NA	NA	NA	NA	NA	NA	NA	NA	NA	NA
NA	1.16243226498577	NA	1.31398279063789	NA	1.10616359798664	NA	NA	1.34032354778863	1.05341466560507	NA	1.48203115026645	NA	NA	0.95497899119863	0.834700538599557	0.797350949618775	0.680900369223249	1.12554746562286	NA	0.820865007490363	0.758864944956577	NA	NA	0.536505395018764	NA	NA	0.834277823847857	NA	0.678262085550769	NA	0.395992692299621	1.06609949194986	0.65783325402332	0.188213143476791	0.428558474887675	NA	0.357941562890087	NA	0.54523772581886
NA	NA	NA	NA	NA	NA	NA	NA	NA	NA	NA	NA	NA	NA	NA	NA	NA	NA	NA	NA	NA	NA	NA	NA	NA	NA	NA	NA	NA	NA	NA	NA	NA	NA	NA	NA	NA	NA	NA	NA
NA	NA	NA	NA	1.18849519501055	0.436950764489519	NA	0.299870868074195	NA	0.410434717433685	NA	NA	NA	NA	NA	NA	NA	NA	NA	0.330015990346256	3.24923761501599	1.35771263658638	1.36599977984182	NA	1.67646245888644	1.6044229916165	NA	1.7195825622067	1.61124663497177	1.72729722166255	NA	1.56552497213807	2.02730169898621	NA	2.14021886740149	NA	NA	2.59382137834847	2.17446794057717	3.14253709473536
0.760261587258744	0.953750001469043	0.716010275083812	NA	NA	0.427849754509115	NA	0.338318580919733	0.504469859212345	NA	NA	NA	NA	1.07425785115785	1.11463920310393	1.20133438818264	0.986283948404091	0.662731275470484	2.07003957741822	NA	0.827212418751291	NA	NA	NA	NA	NA	NA	0.444543391809602	1.03653072377948	NA	NA	NA	NA	NA	0.162093022514304	NA	NA	0.691542645155559	NA	0.562315705949465
NA	NA	1.48986018572851	NA	NA	1.16022039410973	1.36205164003941	NA	0.135952336098803	NA	NA	1.81552473135681	NA	1.81169531069977	0.603153490015697	0.490332311493354	NA	NA	NA	NA	NA	NA	0.655533183683373	1.51521343023458	0.367272892023177	NA	NA	NA	1.90088745581939	NA	NA	0.463243831183402	NA	0.399808253075249	0.376797778106469	NA	NA	0.30120463034561	1.79313596783996	1.93861959020325
NA	NA	0.658175602703566	NA	1.26515141612958	1.40402499301375	1.8094492237332	1.7709094061281	NA	1.56350617874423	NA	NA	NA	NA	NA	NA	0.737754252446674	0.947783961698126	NA	NA	0.561169798548139	NA	NA	NA	0.48254933060248	0.853585947464212	0.624589430991047	NA	NA	NA	0.84627875487459	NA	NA	NA	0.268917321439238	NA	NA	NA	0.355090827294739	NA
NA	0.401543466477332	0.684570082051296	0.586839687937671	0.462955612631973	NA	NA	0.392324051649814	0.346684729932978	NA	NA	0.190806940471365	0.347610223412997	0.866608570507607	NA	NA	NA	NA	0.489101440227027	NA	0.412094892745283	NA	0.382403501246706	0.264523503840592	0.41642094182513	NA	NA	NA	0.345604773112736	NA	NA	NA	NA	NA	NA	NA	NA	NA	NA	0.414123764824598
0.975031648228047	1.16802834287241	0.780005366101461	NA	NA	NA	NA	NA	NA	1.47251267146371	1.44856484189856	1.17883789000617	NA	1.26507843817376	0.965206595617338	NA	0.982325687431002	0.759922549699235	NA	0.935857233556014	1.30350540405803	0.978751228025837	0.88036378198293	1.33511159045127	1.31490273105959	1.33906994789653	NA	1.64936547174796	NA	1.10712375556207	1.21201627018695	1.0943234289695	0.961759446042605	1.49678226239554	1.43590232911335	1.6148751149234	NA	1.10652227715681	1.95918892677272	NA
0.81987313672955	0.93650198509652	NA	NA	NA	0.793193400522389	0.599820304462902	1.00687952893273	NA	NA	1.09374146986049	0.408841704128052	NA	0.276309747405712	0.417877387874137	NA	0.128325718726803	0.223205547286834	NA	0.788486478189169	1.19092094341593	NA	NA	1.22470193494174	1.0573866879602	1.31099401335902	NA	1.01784146225437	NA	0.767345886908548	NA	0.23084110076118	0.417375021400327	0.46908535115426	NA	0.322011407931519	NA	0.272449714450804	0.425579493424228	0.657810385133032
NA	NA	0.911314852531885	NA	NA	NA	NA	NA	NA	NA	NA	NA	NA	0.201472877223079	NA	NA	NA	NA	NA	0.754066012876861	NA	0.795284571984403	0.210338010668456	0.756363169671487	NA	0.806735410735805	0.330578494065781	NA	0.486583159572353	0.411007850755395	0.456192281891008	0.481326870508084	0.15694249197139	0.226302472638123	0.183770502735928	NA	NA	0.381686422327124	0.529094822292742	0.501860495226477
NA	NA	NA	NA	NA	0.989469823629947	1.04260148959303	NA	1.2007997337915	NA	NA	NA	NA	NA	NA	NA	0.68052976607469	NA	0.798300256501916	0.663369948940377	NA	0.157485954940886	NA	0.445428911490158	0.61718058618808	NA	NA	NA	NA	NA	NA	0.471210471037168	0.267264987783412	NA	NA	0.426840718291728	NA	0.472204317684454	0.634097980857619	0.534737597961296
1.82883498567113	1.82256380622072	1.99717116864109	NA	1.89795217865544	2.46163622643658	NA	2.36082693274879	2.89748245608388	2.66116921123932	NA	2.91951667889998	2.97185463627736	2.6023520163009	3.24700623708066	NA	2.92225632094499	2.94553867322453	2.92247808206204	0.920302072886037	NA	2.85823736900407	2.92790985053592	3.23359855276109	NA	2.46542060721142	0.419318201671049	2.68237579780833	1.54753246188492	0.447218693311525	0.741593312744114	0.596197534642992	1.68542571035503	NA	NA	NA	NA	1.39462240920878	1.845913287185	1.47750364297449
NA	NA	NA	NA	NA	NA	NA	NA	NA	NA	NA	NA	NA	NA	NA	NA	NA	NA	NA	NA	NA	NA	NA	NA	NA	NA	NA	NA	NA	NA	NA	NA	NA	NA	NA	NA	NA	NA	NA	NA
NA	NA	NA	NA	NA	NA	NA	NA	NA	NA	NA	NA	NA	NA	NA	NA	NA	NA	NA	NA	0.546626382893694	NA	NA	NA	NA	NA	0.523058617252298	NA	NA	1.15591563920294	NA	0.351936879169906	1.06818018714275	0.367033216784468	0.431161353587615	NA	NA	0.161277510727444	0.603335986463899	0.702018952944894
1.54232796417564	1.10004329738148	NA	NA	NA	0.73508489803243	0.691140475017721	0.84752310063634	0.288983553420165	0.394689708033691	0.458570047519045	0.24442645937096	0.783855885199831	1.32584557211246	1.25381182894538	1.3263183837161	1.2420068068478	1.3679299077059	0.528799077549981	0.87278774560133	0.554693228457	0.739846378556404	0.666400802122834	0.566794837572359	0.501388716580374	0.604371665065278	NA	0.0789210445370392	NA	0.373104849192705	0.211843912370198	0.412738553783114	0.409470329265667	0.543503113338453	0.235420261626854	0.666864302605165	NA	NA	0.872896546001754	0.501817852350383
1.15972966845275	1.01471369158198	1.12107146522614	NA	NA	NA	NA	NA	NA	NA	NA	NA	NA	NA	0.885809331369129	0.67886493573861	1.01768408605073	0.81478565610607	NA	NA	0.553533928649033	NA	0.219877314125353	0.347109202329269	NA	NA	NA	NA	NA	NA	NA	0.267484239266507	NA	NA	0.29678773076824	NA	NA	NA	0.499779458770806	0.835957034896154
NA	NA	NA	NA	NA	NA	NA	NA	NA	NA	NA	NA	NA	NA	NA	NA	NA	NA	NA	NA	NA	NA	NA	NA	NA	NA	NA	NA	NA	NA	NA	NA	NA	NA	NA	NA	NA	NA	NA	NA
NA	NA	NA	NA	NA	NA	NA	NA	NA	NA	NA	NA	NA	NA	NA	NA	NA	NA	NA	NA	NA	NA	NA	NA	NA	NA	NA	NA	NA	NA	NA	NA	NA	NA	NA	NA	NA	NA	NA	NA
NA	NA	NA	NA	NA	NA	NA	NA	NA	NA	NA	NA	NA	NA	NA	NA	NA	NA	NA	NA	NA	NA	NA	NA	NA	NA	NA	NA	NA	NA	NA	NA	NA	NA	NA	NA	NA	NA	NA	NA
1.85447083058941	0.664262670478065	0.756835701357397	2.57674738414174	2.67026767123181	1.70855076959176	1.74993847818979	0.714335261431401	0.725148460382979	1.07251100942569	1.30407694905636	0.586481812377069	0.743166445551195	0.843070486249311	1.10242695418496	1.16955523294426	NA	1.63704448484628	1.1092363925857	0.316905761502932	1.41538435036752	NA	0.774486637701334	0.92110993804388	1.02977573031704	NA	1.00069371945057	1.13865443577232	0.893680624511122	0.738764655557358	1.02786348261363	0.952023110296236	1.11194543167246	0.592627861546243	0.234149912052331	0.270790664458932	NA	0.147400410569436	0.212281472649838	0.551770219102604
1.11364364658993	1.05175684484799	1.1075017928322	NA	1.13577130314709	0.694459809501546	0.753046552426113	0.575475264920006	0.467741842409857	0.596474099987945	NA	NA	0.741710732880442	0.75743997621204	0.366039496842554	0.161290422778432	0.490938682415403	0.753856327516562	NA	0.616767575460003	0.583848440464627	0.362044293621931	0.386105106956029	0.486593446278719	0.483689385601674	0.419525911265828	NA	0.562272946716976	NA	0.274404299356819	0.667285269588661	1.43604124741687	0.353722282889534	0.592319176859375	0.514217471368388	NA	NA	NA	NA	0.297034389147426
NA	NA	NA	NA	NA	NA	1.00089281382617	NA	0.890886142551712	1.12374818799755	NA	1.4488939358896	1.35416558376994	1.38064672419064	NA	NA	1.4737213440202	NA	NA	0.934678263716569	NA	NA	NA	0.658507590849933	NA	NA	0.793085762271814	0.87147943911015	NA	NA	NA	NA	0.423483657522599	NA	NA	NA	NA	NA	0.47006570025268	0.571659293693922
NA	NA	NA	1.50638053350238	NA	NA	NA	0.73703454269636	NA	NA	NA	2.41102405523748	0.392646313999864	2.46180080116219	NA	NA	0.501826270727885	NA	NA	0.384997033739937	NA	0.777638868592895	0.591467826350755	0.492162231139718	0.555397809904612	0.721884487397157	NA	0.516846990967567	0.798457518694272	0.81299076524389	0.668673552323957	NA	1.85109181488062	0.36653489681893	0.142970408244494	0.140989661126444	NA	2.20329683185148	2.3437598585927	1.54900972681908
1.58481746375023	NA	1.56883360169649	NA	NA	2.32305108677267	0.329296188318091	0.582504979209529	0.524014694589981	0.293058923814853	2.01550764436874	0.763956216418982	2.0551172681835	NA	0.434452205817201	NA	0.42912927306967	0.157254018210982	0.551787096496832	0.804372149486645	2.01419183926492	0.480042518865495	1.61219995824771	NA	NA	NA	NA	NA	NA	NA	NA	NA	NA	0.835023531876933	NA	NA	NA	0.859950019414312	0.804998054404302	0.9108149370337
NA	NA	NA	NA	NA	0.874798770702015	1.58255393872959	NA	1.93103645010282	NA	NA	NA	NA	1.56576923503289	1.1318382982087	NA	NA	NA	NA	1.35109320343585	NA	0.751304416475183	0.264665170505382	0.284092150243761	NA	NA	NA	0.307749885941508	0.211328402524293	0.290407109276084	NA	NA	NA	NA	0.602012817524949	0.739048489215342	NA	0.944345991069753	NA	0.439128672401925
NA	NA	NA	NA	NA	NA	NA	NA	NA	NA	NA	NA	NA	NA	NA	NA	NA	NA	NA	NA	NA	NA	NA	NA	NA	NA	NA	NA	NA	NA	NA	NA	NA	NA	NA	NA	NA	NA	NA	NA
NA	NA	NA	NA	NA	NA	NA	NA	NA	NA	NA	NA	NA	NA	NA	NA	NA	NA	NA	NA	NA	NA	NA	NA	NA	NA	NA	NA	NA	NA	NA	NA	NA	NA	NA	NA	NA	NA	NA	NA
1.01517472609634	0.844415445772733	NA	NA	NA	0.791445917585225	NA	NA	0.386723265511652	NA	NA	NA	NA	0.712794526964848	NA	NA	0.841019810478213	0.843161306791333	0.493856971858393	0.303901127108895	0.485541809018619	0.305052744546556	1.77870923190252	0.885191430215322	0.504124493854688	0.408929162977852	NA	0.573804499782206	NA	NA	1.06991169482137	NA	0.736912184439106	0.511583861516358	0.685343697684252	0.469046573768262	NA	0.477215644029955	NA	0.64421245938975
NA	NA	NA	NA	NA	NA	NA	NA	NA	NA	NA	NA	NA	NA	NA	NA	NA	NA	NA	NA	NA	NA	NA	NA	NA	NA	NA	NA	NA	NA	NA	NA	NA	NA	NA	NA	NA	NA	NA	NA
NA	NA	NA	NA	NA	1.22283266215637	0.776015099020731	NA	0.528632236406061	NA	NA	NA	0.744296485590723	1.21815809490859	1.27748283198425	1.26283289903749	NA	0.454145991623809	0.526602150731361	0.469436337413027	NA	0.614834701982393	0.525102146051228	NA	NA	NA	0.774054338553084	0.755783432972047	0.416458474888815	NA	0.722190059324157	0.1053493541754	0.489609290828759	0.548641215654924	0.640684572587374	0.503421187580337	NA	NA	0.787402548885458	1.04893316328911
NA	NA	NA	NA	NA	NA	0.791676031793053	0.70901569158657	NA	NA	NA	0.537728399961478	0.391325925943616	NA	NA	0.161851102697899	0.579552709035253	0.429088685675207	0.716038451462916	NA	NA	NA	0.796045936088841	NA	0.557457300610732	0.324955249162604	0.644126471937285	NA	NA	NA	0.547868151576083	0.89839420182867	0.431139359975112	0.258091070989173	0.266968575615789	0.964949175707384	NA	0.570512145353614	0.31919598832168	NA
NA	NA	0.903794991597647	NA	NA	1.03467524164155	0.584257143089859	NA	0.963947309482335	0.68995332367555	0.705041113180678	NA	NA	NA	NA	NA	1.09002382180727	0.866078616454864	NA	NA	NA	NA	NA	0.538500127908898	NA	NA	NA	NA	0.17794905725573	2.19943685919882	NA	0.450593105923371	NA	1.83675644370652	NA	0.673654839934271	NA	2.11038232479685	NA	1.48778765755472
NA	NA	NA	NA	NA	0.805816965666255	NA	0.56424375444186	0.90028824634184	NA	NA	NA	NA	NA	NA	NA	NA	NA	NA	NA	NA	0.779327457240643	NA	NA	0.426417811037273	NA	NA	0.620531197902156	NA	NA	NA	NA	0.944842469020243	NA	0.420328467234474	0.862702140068687	NA	NA	0.522544040797442	0.653470258093299
NA	1.72256648203751	1.50196715318929	NA	1.2156124853661	0.301811602488235	NA	0.434506824009456	NA	0.604635203745522	1.22235163166008	NA	NA	0.708266858029227	0.934192382377806	0.567484799710337	0.353133423890533	0.381127536058389	NA	0.502415547418087	NA	NA	0.550503959940301	NA	NA	NA	1.0666565348517	1.35173766180193	1.14552396294058	NA	0.961917163100342	NA	NA	0.777384148976318	1.46510724207538	NA	NA	NA	NA	NA
2.01280066715303	NA	NA	NA	NA	NA	NA	NA	NA	NA	NA	NA	NA	NA	NA	NA	NA	1.49374870456195	1.1626665253915	0.312802114652699	NA	1.30372708308825	NA	NA	NA	NA	NA	1.19531772568872	NA	1.08977266863535	NA	1.06012955134554	0.951199036079744	0.431466743543291	0.596320704161279	0.496133321672866	NA	0.354043667428786	0.772066186877502	0.64433560160365
NA	1.56824815701482	NA	NA	NA	NA	1.59938517006445	NA	2.20390944032268	NA	NA	NA	NA	NA	NA	NA	NA	NA	NA	NA	NA	1.65415665844779	1.1200987988884	1.13080192534742	1.55840543431255	1.49012686825174	1.17994234106836	1.22121355910067	1.61496085018757	1.00503464612337	0.818512051200559	0.851203342762016	0.798457048232309	0.690284646950407	0.558740172153516	0.345062860173165	NA	0.586524814078102	0.488964312280225	0.82810185972082
NA	NA	1.64751745820698	1.63768182425356	NA	NA	1.25577584861162	1.45173341350347	1.2363461193387	NA	2.49578734854576	NA	1.27810825277586	1.48847539574569	1.5098403646281	1.34830675253002	NA	1.12016040364062	0.943140322314208	1.1420587780443	0.959697883728837	NA	0.425096640010951	0.44928228230776	NA	0.826617742763053	0.764550724014348	NA	NA	0.747762311328058	0.689721535065659	NA	0.810113565516375	0.425581441580389	0.893639775928183	0.590698689982671	NA	NA	0.203027163414249	0.421088303255951
NA	0.874350414957051	0.861493658710757	NA	NA	NA	1.71801905391676	1.54455945024495	NA	1.53104805108092	NA	NA	NA	1.99682771807722	2.03869688599561	1.96717635688322	NA	1.6702714581646	NA	1.55091022560592	0.653404860302388	0.460603600518787	0.675441067697327	0.739295558075449	NA	NA	NA	NA	NA	1.29143731618768	NA	NA	NA	NA	0.834295287164619	NA	NA	0.261071628915335	NA	0.602477867140269
NA	NA	NA	NA	NA	NA	NA	NA	NA	NA	NA	NA	NA	NA	NA	NA	NA	NA	NA	NA	NA	NA	NA	NA	NA	NA	NA	NA	NA	NA	NA	NA	NA	NA	NA	NA	NA	NA	NA	NA
NA	NA	NA	NA	NA	1.16593934064123	1.33721931568563	1.05040446830772	1.05215323762154	1.88947089749172	NA	1.23073866796282	NA	1.74556735941132	NA	NA	1.15901983261513	0.990757564389323	NA	NA	1.71225834968579	1.29676055726303	NA	1.3898174227578	1.2289159658642	NA	NA	NA	NA	NA	NA	1.77551499723634	NA	NA	NA	NA	NA	NA	0.419925098253	NA
NA	0.950067744372166	NA	NA	NA	NA	NA	NA	1.62913869453691	0.800182866272375	NA	1.21411316959299	0.704006602681313	0.842126503189076	0.749565589086046	NA	0.593299353521998	0.207701733218359	0.381824219694192	0.192151111318864	0.32759292159007	0.641878969287307	0.425768095793745	0.309224171256887	0.576096528205423	0.137453579252364	0.432637999619268	0.896492893909267	0.374401976831626	0.561085957441586	0.473612720228725	1.28507346114342	0.334119214315551	0.426457631226438	0.390505019044856	0.311302376820159	NA	0.548611724443593	0.441426051243595	0.0748404162532644
1.22909994907873	0.714085228809643	NA	NA	1.11906568395683	0.762947134453875	1.64563561050066	NA	1.09854403315033	1.71843997612268	NA	1.68757974657133	NA	NA	NA	NA	1.23522934407909	0.966468369999514	0.679645901889844	0.963901824614718	0.0884099802265692	0.602922607961361	0.20859127020909	0.637993017595629	0.295841598376869	NA	NA	0.871100450187954	0.647699032718845	NA	1.04546286486037	NA	0.601038342344969	NA	NA	NA	NA	NA	0.303685906063449	NA
NA	NA	1.4722970835616	1.55888327202049	NA	0.499253988796739	NA	NA	0.662085771257325	1.35005140357959	1.51692754288293	NA	NA	NA	1.54681704110251	1.66290642323739	NA	1.40871230104107	0.356001146689485	0.77137578821366	NA	NA	0.207979273888626	0.74222154032711	NA	NA	0.542030325613137	NA	1.08955244551515	1.32236826478792	NA	0.301949167299674	1.22766611924796	1.51944356353733	NA	0.609949685880014	NA	1.04938568715443	0.976929479948652	NA
NA	NA	NA	0.413928881472658	NA	NA	0.165891485135362	NA	0.276087803924211	0.429699318975234	NA	0.571671281188396	NA	0.410847913452249	NA	NA	0.343967302382601	1.29450111347276	NA	NA	NA	NA	NA	NA	1.02901974062945	0.831485334903984	NA	NA	1.89215641423978	NA	0.733627755219468	1.53176512402215	0.796947941408477	NA	0.620763635547529	0.0992771616110965	NA	0.253961723779241	0.251259161230011	0.215002210010919
NA	NA	NA	NA	NA	NA	NA	NA	NA	NA	NA	NA	NA	NA	NA	NA	NA	NA	NA	NA	NA	NA	NA	NA	NA	NA	NA	NA	NA	NA	NA	NA	NA	NA	NA	NA	NA	NA	NA	NA
NA	0.821768478696511	NA	NA	0.669023533729007	NA	NA	0.469747741038526	0.741922096589026	NA	0.853470314022557	0.585080330421046	NA	NA	NA	NA	NA	NA	1.08240226725948	NA	NA	NA	NA	NA	0.846617453298659	NA	NA	NA	NA	NA	NA	NA	NA	0.652793526549504	NA	NA	NA	0.228746385451383	0.375579325116049	NA
NA	NA	NA	NA	NA	NA	NA	NA	NA	NA	NA	NA	NA	NA	NA	NA	NA	NA	NA	NA	NA	NA	NA	NA	NA	NA	NA	NA	NA	NA	NA	NA	NA	NA	NA	NA	NA	NA	NA	NA
NA	NA	NA	NA	NA	NA	NA	0.865055960715732	NA	NA	0.752004489094954	NA	NA	NA	NA	0.834865804468824	NA	0.331822059115347	NA	0.40921351396862	0.817448274553135	0.71737974205037	0.677516296297319	0.603672415714443	0.443742011817119	NA	NA	0.927002573748928	NA	NA	1.48876250264212	NA	0.82403074230662	NA	NA	0.605507589446098	NA	NA	0.497319529023005	0.81660142497603
NA	NA	1.36701978727854	1.47564965840407	1.48590137606526	1.66098488804839	1.33999112405809	1.36369819174887	NA	NA	1.49146655510529	1.43176164374366	NA	0.90915973628161	0.801605486659561	1.05625856356729	1.20200351886644	NA	1.29689567269176	1.76504361552983	1.20689037364776	NA	1.21286156981222	0.954241980908091	1.12535550446626	NA	0.562625950532232	NA	1.40568572113746	0.741195771277573	NA	NA	NA	0.715133095904473	0.226768170002368	NA	NA	0.515819370297207	NA	NA
NA	NA	NA	NA	NA	NA	NA	NA	NA	NA	NA	NA	NA	NA	NA	NA	NA	NA	NA	NA	NA	NA	NA	NA	NA	NA	NA	NA	NA	NA	NA	NA	NA	NA	NA	NA	NA	NA	NA	NA
NA	NA	NA	NA	NA	NA	NA	NA	NA	NA	NA	NA	NA	NA	0.608483486013538	NA	0.772855910317919	0.68496867125626	NA	0.64063610874395	NA	NA	NA	NA	NA	NA	1.39967856071838	NA	NA	NA	0.791083316594901	0.699306407307522	NA	0.50795079501496	NA	0.273204356678899	NA	0.513516740038689	0.31126555982641	0.764657599836311
NA	0.443715525968367	0.975973248820117	NA	NA	1.5634057604033	NA	NA	NA	NA	NA	2.08520320694334	2.11987955181839	2.12912925610344	2.09546087347933	NA	1.89396586892333	2.32717660506732	0.637753537175278	1.03866567122112	NA	1.08922477740796	0.440733776211993	0.725267534360549	NA	NA	NA	NA	1.5412525441089	0.962740224268928	0.8249609122333	0.846074227008235	0.767346730144999	0.594876248387381	0.629883540472163	0.388947539963595	NA	0.541844157023579	0.892191790483908	0.667587636919081
NA	0.718299637958091	NA	NA	0.716435960089461	0.60177475657211	0.783795850417521	NA	NA	NA	NA	NA	NA	NA	NA	1.9664267772011	1.25975616900884	NA	NA	NA	NA	0.396214180794563	NA	NA	0.979814659114953	NA	NA	NA	NA	NA	0.444368864295661	0.505704347302591	NA	NA	NA	NA	NA	0.280147874310962	0.348145285276632	0.163194060134995
NA	NA	1.47202100647465	NA	NA	1.38381346838579	NA	NA	1.80901448912354	NA	NA	NA	NA	NA	2.10737591443931	NA	NA	NA	NA	1.80620733790778	NA	NA	NA	0.905258292980701	0.869088232188606	1.23066255573716	1.39658193378727	2.07529383845224	NA	0.978752663653048	NA	1.57464683312493	0.783286053028495	2.01220470691819	NA	0.077402286710918	NA	NA	NA	NA
NA	0.743469168652004	NA	NA	0.8883634445386	0.41614873682525	0.426697736227978	NA	0.342808887912126	NA	0.39200220163241	0.606521614973218	NA	0.481394378317442	NA	1.13603625453393	1.01150688599876	0.86205139658446	NA	0.297254723358698	0.125372483757953	0.718181606787617	0.434531267203579	0.826322023375989	NA	NA	NA	NA	0.167449164944131	0.191299749349444	0.811668452764158	1.07621281518007	NA	NA	0.824411844741096	0.38217423282756	NA	NA	0.840205860863142	0.996673915462061
NA	NA	NA	NA	NA	NA	NA	NA	NA	NA	NA	NA	NA	NA	NA	NA	NA	NA	NA	NA	NA	NA	NA	NA	NA	NA	NA	NA	NA	NA	NA	NA	NA	NA	NA	NA	NA	NA	NA	NA
1.8198766324026	NA	2.13561359939574	NA	NA	NA	2.33961511262077	NA	NA	NA	1.08725588681946	NA	1.52069690268799	1.65714084351099	1.66051458629855	NA	2.02254431398535	0.583644155087157	1.60098087006386	1.6812221197213	0.483680829645665	1.66483500526113	2.03513448226575	2.12300284990679	1.79517911564625	1.88507590369296	NA	NA	2.19030665677003	NA	NA	1.94220427169419	2.27238562570747	1.98542589976761	NA	1.46100535578092	NA	3.12285367720879	1.82958871286694	1.70834286614667
NA	NA	NA	NA	NA	NA	NA	1.00841987197279	NA	NA	NA	NA	NA	NA	NA	0.462542920039275	0.664154770350802	0.578255231828287	NA	1.06132577792614	1.94477216811929	1.50707748176594	0.50093223079261	NA	NA	0.738785905766257	0.622026878597638	0.309418583450697	NA	NA	NA	NA	NA	NA	0.806639498195253	NA	NA	NA	NA	NA
NA	1.61684722227464	NA	NA	NA	1.32328947053756	0.944683632071856	NA	NA	1.15291338593282	NA	NA	NA	1.54783538412034	1.73536169045858	NA	NA	NA	1.28722140077506	NA	NA	NA	NA	0.981317764503054	NA	0.617569848997532	0.904977143496537	0.888351192041591	NA	0.688388467534478	NA	NA	0.656872273653757	0.87763911081411	NA	0.585268358576519	NA	0.0952842565344288	0.216008072606369	0.313403600790716
NA	NA	NA	NA	NA	NA	NA	NA	NA	NA	NA	NA	NA	NA	NA	NA	NA	NA	NA	NA	NA	NA	NA	NA	NA	NA	NA	NA	NA	NA	NA	NA	NA	NA	NA	NA	NA	NA	NA	NA
NA	1.23809423705192	NA	NA	NA	0.873484196334868	0.86551456253035	0.66037362461156	NA	NA	NA	0.471489807026286	NA	0.388648167449352	0.409064438953881	0.311326482255176	NA	0.268512774744932	0.27061701229622	0.27446193061596	NA	NA	NA	0.291618632008975	0.158463445017977	NA	NA	0.62940818733705	NA	NA	NA	0.654901733472936	NA	0.690508621187037	NA	NA	NA	0.451460672344246	NA	0.549694193750485
NA	NA	1.13440884691558	NA	NA	NA	1.44144474014061	1.72823236200244	1.37276030246513	NA	NA	NA	NA	1.58603752305436	NA	NA	NA	NA	NA	1.40957129347253	1.09696456488676	1.05205847759382	0.859710366699302	1.10119442423637	0.837961704782083	0.739027095676787	2.67061373058045	0.809569138184338	0.821900444459274	0.661012668281736	2.0781285077542	2.19541964738724	1.08914902625564	2.31171807220601	2.43285057300335	0.465374234180492	NA	2.27724918628053	NA	0.604809624829699
NA	NA	NA	NA	NA	NA	NA	NA	NA	NA	NA	NA	NA	NA	NA	NA	NA	NA	NA	NA	NA	NA	NA	NA	NA	NA	NA	NA	NA	NA	NA	NA	NA	NA	NA	NA	NA	NA	NA	NA
NA	NA	NA	NA	NA	NA	NA	NA	NA	NA	NA	NA	NA	NA	NA	NA	NA	NA	NA	NA	NA	NA	NA	NA	NA	NA	NA	NA	NA	NA	NA	NA	NA	NA	NA	NA	NA	NA	NA	NA
NA	NA	NA	NA	NA	NA	NA	NA	NA	NA	NA	NA	NA	NA	NA	NA	NA	NA	NA	NA	NA	NA	NA	NA	NA	NA	NA	NA	NA	NA	NA	NA	NA	NA	NA	NA	NA	NA	NA	NA
NA	NA	NA	NA	NA	NA	NA	NA	NA	NA	NA	NA	NA	NA	NA	NA	NA	NA	NA	NA	NA	NA	NA	NA	NA	NA	NA	NA	NA	NA	NA	NA	NA	NA	NA	NA	NA	NA	NA	NA
NA	NA	NA	NA	NA	NA	NA	NA	NA	NA	NA	NA	NA	NA	NA	NA	NA	NA	NA	NA	NA	NA	NA	NA	NA	NA	NA	NA	NA	NA	NA	NA	NA	NA	NA	NA	NA	NA	NA	NA
NA	NA	NA	NA	NA	NA	NA	NA	NA	NA	NA	NA	NA	NA	NA	NA	NA	NA	NA	NA	NA	NA	NA	NA	NA	NA	NA	NA	NA	NA	NA	NA	NA	NA	NA	NA	NA	NA	NA	NA
NA	NA	NA	NA	NA	NA	NA	NA	NA	NA	NA	NA	NA	NA	NA	NA	NA	NA	NA	NA	NA	NA	NA	NA	NA	NA	NA	NA	NA	NA	NA	NA	NA	NA	NA	NA	NA	NA	NA	NA
0.584839509897754	0.370451139877419	0.294850532027457	0.514975753753125	0.441371147349619	0.389741502888453	0.443943783504918	0.628626785024346	0.142851174637335	0.317594442167996	0.514640689010026	0.712463612745685	0.811598758288704	0.739123230033308	0.871141899899229	1.39536441625746	1.08595001619719	0.985284668568483	0.535976854003326	0.474927719377404	0.234167322397205	0.479061000379679	NA	0.384045195116	0.3788628483824	NA	0.428128908659668	0.539027674381276	0.764614847287352	0.722870340957891	0.64196927334735	0.74140710573229	NA	0.749239224617982	0.651804949872152	0.594259437573421	NA	1.27646033833319	0.555756710574233	1.35113239983689
NA	NA	1.85518105388447	NA	2.35065842298141	NA	1.86966157700827	1.51057721132334	1.57927049528208	NA	1.44459389416437	NA	1.65380600086157	NA	1.44654612272337	1.22177040753357	1.24392320174435	1.39896918434219	NA	NA	2.21838099904512	1.53998210427539	1.14402039065997	1.44343996114232	NA	NA	NA	NA	NA	NA	NA	NA	NA	NA	0.789287452205578	0.494228979432704	NA	0.571239437929941	NA	NA
1.25192633942772	NA	NA	NA	0.908260757297625	0.745234965666758	0.717227187030332	0.564795790406483	0.385232052384021	NA	0.227944636188539	NA	NA	0.310118772363615	NA	0.69660468385835	0.351875558574164	0.339990307277252	0.97162574205226	0.281960261922958	NA	0.461874773792302	1.01489890854531	0.717891899704849	0.572855487336798	0.474962699472346	NA	0.22777177606431	0.49483077031745	0.447663506490428	1.87214877884267	0.421596841922569	0.427894529289436	NA	NA	0.504574728658479	NA	NA	0.677974920696435	1.51072847967011
NA	NA	NA	NA	NA	NA	NA	NA	NA	NA	NA	NA	NA	NA	NA	NA	NA	NA	NA	NA	NA	NA	NA	NA	NA	NA	NA	NA	NA	NA	NA	NA	NA	NA	NA	NA	NA	NA	NA	NA
NA	NA	NA	NA	2.17772176590973	1.5439453422889	NA	1.12228687658921	1.02154618901753	NA	NA	1.85643575265641	1.93752435374633	1.79476443972767	1.81128157085449	1.65755428017142	NA	NA	NA	NA	0.531535304018552	NA	NA	0.67668234717053	NA	0.76362256504368	NA	NA	0.706897969418042	NA	NA	0.85737453513943	0.578827524079007	0.795247909310159	NA	0.546367317157844	NA	NA	NA	0.467155565082246
0.335723104702014	NA	NA	NA	NA	NA	1.27088633609773	NA	1.52802962167434	1.38578638041225	1.75339618837857	NA	1.43406103804442	1.38586285770933	NA	NA	NA	0.535194154430385	1.0554883191203	NA	NA	NA	NA	NA	NA	NA	1.62119670946855	NA	1.43684680101809	NA	NA	NA	NA	NA	1.45860623425477	0.536618163395914	NA	0.905065733541394	0.951969643910059	0.958689848927357
NA	NA	NA	NA	NA	NA	NA	NA	NA	NA	NA	NA	NA	NA	NA	NA	NA	NA	NA	NA	NA	NA	NA	NA	NA	NA	NA	NA	NA	NA	NA	NA	NA	NA	NA	NA	NA	NA	NA	NA
NA	NA	NA	NA	NA	NA	NA	NA	NA	NA	NA	NA	NA	NA	NA	NA	NA	NA	NA	NA	NA	NA	NA	NA	NA	NA	NA	NA	NA	NA	NA	NA	NA	NA	NA	NA	NA	NA	NA	NA
NA	NA	NA	1.03009657218026	0.870236457709038	NA	NA	NA	NA	NA	NA	NA	NA	1.05345741357537	NA	NA	NA	NA	NA	NA	0.620416388331416	0.780138915937832	NA	NA	0.445987250501812	NA	NA	NA	NA	NA	NA	1.20632584174771	NA	NA	1.89960174284449	0.177489013047813	NA	0.185990242522443	0.56635007693876	NA
NA	NA	NA	NA	NA	NA	NA	NA	NA	NA	NA	NA	NA	NA	NA	NA	NA	NA	NA	NA	NA	NA	NA	NA	NA	NA	NA	NA	NA	NA	NA	NA	NA	NA	NA	NA	NA	NA	NA	NA
NA	NA	NA	NA	1.62262234941734	NA	2.49754438179733	NA	NA	1.07255643051263	1.15699282005601	0.894803996994599	0.517974276310062	0.20151279669792	0.549081702360382	NA	0.23338459616682	0.298683895890372	0.475453112217199	0.430374113535933	NA	0.877539915389636	NA	1.26543720687679	0.948930344590059	NA	NA	NA	1.50959558577769	0.954117645497042	NA	NA	NA	1.46485605438923	NA	1.1367560810586	NA	1.34474009369989	NA	NA
NA	NA	NA	NA	NA	NA	NA	NA	NA	NA	1.8379789817025	NA	NA	NA	NA	NA	NA	1.4214268105047	NA	NA	NA	NA	NA	NA	NA	NA	1.35688694389668	1.32789124760467	NA	1.02717603701388	1.046843595166	0.688314256354008	NA	NA	NA	0.312666108391427	NA	0.250443253817092	0.37391801468389	NA
NA	1.32413180493431	1.28559644033433	2.52184363798643	2.13702945926069	2.38674618859323	2.02277682228125	2.06913319344635	1.33984596515414	1.80215188447969	2.18430245764838	1.09242623583119	2.52894172942836	1.47260489700455	NA	NA	1.26660155409613	1.2737180445305	NA	1.4379397520424	NA	1.5573266991925	NA	NA	0.56982278810843	NA	NA	NA	NA	NA	NA	0.800414382334416	1.08232137619898	0.596156344446119	NA	0.688764673876553	NA	NA	0.667074031467677	NA
NA	0.776933030360985	NA	NA	0.8086117481092	NA	1.15410442632239	0.899375054854973	0.822209807557873	1.06454953091149	NA	0.656539501826363	0.929624560431003	0.493350123011257	1.30489544721172	1.42878465569313	0.693554928818765	NA	0.398158124049053	0.922909641730929	0.8948949426482	NA	0.364996100727377	NA	NA	NA	NA	NA	0.396344151890458	NA	NA	NA	NA	0.786943915317737	NA	0.571824472920118	NA	NA	NA	0.619961665735849
1.36782345393213	1.53854001958472	1.39755732394899	1.52277946262117	NA	NA	0.632292756352883	0.812318627969756	NA	0.784553336054222	1.14013235597716	0.805602610620383	1.28370862665544	0.598494320504089	0.551723088348823	0.476286068122	1.06566844361453	1.3697046976907	1.45554222918627	0.772087269885939	NA	1.23030205750391	NA	2.1650441188088	1.47067132741049	1.25521916374313	1.64033170838763	0.680242457336418	0.607380433688586	0.632214234677295	NA	0.838009547409277	0.551752779781168	0.81243040864922	NA	0.309997310858423	NA	0.426905204701799	0.284809425760111	0.837815983414378
0.324839647629705	NA	0.480843719674902	NA	0.487985209240115	0.276882366655159	0.428144793600298	1.06784471563755	0.457400418563146	0.298913180498743	NA	NA	1.15787822744239	0.408357268778018	0.426639926900303	0.692090751925294	NA	0.295016328070564	0.79050428405354	0.660542343913358	0.728066974349953	0.674325674587538	1.07551917245288	0.96893590178322	NA	0.646830717140649	NA	NA	NA	0.466447108839647	1.54802842002296	0.76304365945135	NA	0.485565679404402	0.47391704502014	0.423688565285955	NA	0.185386920921886	0.69065591845254	0.254307375606446
NA	NA	NA	NA	NA	0.657556079858474	1.1123535402803	1.15735143759207	NA	NA	1.2716693265148	1.46245699581442	NA	1.10796290301122	NA	0.191424400881275	1.2007935541314	1.16579814204946	NA	1.15366749520374	0.420514863185478	0.952270801608674	0.381505295058116	0.495416495409695	NA	NA	NA	0.741163053385801	NA	NA	NA	NA	NA	NA	0.472734538853385	NA	NA	NA	0.921126506720369	1.70840397649807
NA	NA	NA	NA	NA	NA	NA	NA	NA	NA	NA	NA	NA	NA	NA	NA	NA	NA	NA	NA	NA	NA	NA	NA	NA	NA	NA	NA	NA	NA	NA	NA	NA	NA	NA	NA	NA	NA	NA	NA
NA	NA	NA	NA	NA	0.50694195821976	0.775272702166125	NA	NA	NA	NA	NA	NA	0.187743104609969	0.146780611773033	NA	NA	0.544270873846254	0.932724166676403	0.620753870104934	NA	0.503021944104437	0.78945108968198	0.44378112154982	0.44142843276743	NA	0.848673535159683	1.12744538073429	NA	NA	NA	0.557046265451295	NA	NA	0.291080310769589	0.389162616984527	NA	NA	1.04615042902722	0.457682262432735
NA	NA	NA	1.88623426672227	1.45609720986809	0.948519651528466	NA	NA	1.47505086048836	NA	1.38858810739748	NA	1.64448335089044	1.70109149923493	2.12403448811949	1.68669341832749	1.55985975656043	NA	NA	1.70611516132528	1.44799552455993	NA	0.963981123010838	NA	0.399508413775249	0.861097383100473	0.973739303728647	NA	0.52239366133349	0.888982551114072	0.574089662145718	NA	0.75975777117865	0.397424125769857	NA	0.646050719083919	NA	0.539314128591235	0.719444094216637	0.559950849308298
NA	NA	NA	NA	NA	NA	NA	NA	NA	NA	NA	NA	NA	NA	NA	NA	NA	NA	NA	NA	NA	NA	NA	NA	NA	NA	NA	NA	NA	NA	NA	NA	NA	NA	NA	NA	NA	NA	NA	NA
NA	NA	NA	NA	NA	NA	NA	1.02814944964442	1.05367955308422	NA	NA	1.24369138939933	NA	NA	NA	NA	NA	NA	NA	NA	NA	NA	1.30103940627021	0.897725715473143	1.14165504623327	NA	1.04276375865007	NA	0.795021367384104	0.839914378000871	NA	NA	0.778759098505663	NA	NA	NA	NA	NA	NA	0.201530505181138
NA	NA	1.251065189806	NA	1.16781033944348	NA	1.27071359764454	1.5435823815982	1.25142556572406	1.0872160328829	NA	1.15142615193508	1.45520449626719	NA	1.62828463832626	NA	1.63037474455232	NA	NA	NA	NA	1.35995164802412	NA	NA	0.600094459814138	NA	NA	0.433727199082453	0.658860431827287	NA	NA	0.634091835980557	NA	NA	NA	NA	NA	0.110725526827481	0.257010492643894	0.505460733047869
NA	NA	NA	NA	NA	NA	NA	NA	NA	NA	NA	NA	NA	NA	NA	NA	NA	NA	NA	NA	NA	NA	NA	NA	NA	NA	NA	NA	NA	NA	NA	NA	NA	NA	NA	NA	NA	NA	NA	NA
NA	NA	NA	NA	NA	NA	NA	NA	NA	NA	NA	NA	NA	NA	NA	NA	NA	NA	NA	NA	NA	NA	NA	NA	NA	NA	NA	NA	NA	NA	NA	NA	NA	NA	NA	NA	NA	NA	NA	NA
NA	NA	NA	1.99575399604347	NA	0.65761825454013	0.713299193295409	0.605612091990508	NA	0.601510136545992	NA	NA	NA	NA	0.733229769093668	NA	1.02121693604489	0.480897428309328	0.567835162118069	0.3835146829511	0.114004402314733	0.727033693598864	NA	1.15054426409715	0.279896944378663	NA	NA	0.312566680940347	0.139739632904775	0.46830730821415	0.311251266756754	NA	NA	NA	NA	0.791669374993697	NA	0.469524939881215	0.765412803399318	NA
NA	NA	NA	NA	NA	NA	NA	NA	NA	NA	NA	NA	NA	NA	NA	NA	NA	NA	NA	NA	NA	NA	NA	NA	NA	NA	NA	NA	NA	NA	NA	NA	NA	NA	NA	NA	NA	NA	NA	NA
1.78547354124001	NA	2.08989931713496	1.81725422958928	1.28836675712862	1.75326443203671	1.43079030747146	1.56001113372462	1.52251083015916	1.50850966105892	NA	1.03017715360932	NA	0.964776992406474	1.28904447221196	1.52738346535287	1.79297654076337	1.64130331375315	2.2807289627389	2.33943905372942	NA	NA	2.27542812135086	NA	1.87632014708375	1.27109921757997	NA	NA	NA	0.789902884382144	0.601445570312037	NA	0.403443512407797	NA	0.410847555159428	NA	NA	NA	NA	0.659910360086214
NA	1.11168525167122	NA	NA	NA	NA	0.778050564783069	NA	0.805544270725857	NA	NA	1.19257896948529	1.2557801295869	1.15932685122775	1.24606108254083	1.39715420351062	NA	1.9513891060736	NA	0.936776697433976	NA	NA	0.717026941529731	1.58101199686967	0.400609197004382	0.643285486464331	0.625288344099991	0.532041755289076	NA	NA	NA	0.538442878483705	0.823541482236407	NA	1.30159371716254	NA	NA	0.360239221206327	0.551637067269617	0.372298383922252
NA	NA	NA	NA	NA	NA	NA	NA	NA	NA	NA	NA	NA	NA	NA	NA	NA	NA	NA	NA	NA	NA	NA	NA	NA	NA	NA	NA	NA	NA	NA	NA	NA	NA	NA	NA	NA	NA	NA	NA
NA	NA	1.81083929285948	NA	NA	NA	NA	NA	NA	NA	NA	NA	NA	NA	NA	NA	NA	NA	1.13378442076657	0.999752740532504	NA	NA	NA	NA	NA	NA	NA	NA	NA	NA	NA	0.933918562570607	NA	NA	NA	0.915582186102574	NA	NA	NA	NA
NA	NA	NA	NA	NA	NA	NA	NA	NA	NA	NA	NA	NA	NA	NA	NA	NA	NA	NA	NA	NA	NA	NA	NA	NA	NA	NA	NA	NA	NA	NA	NA	NA	NA	NA	NA	NA	NA	NA	NA
NA	NA	NA	NA	NA	NA	NA	NA	NA	NA	NA	NA	NA	NA	NA	NA	NA	NA	NA	NA	NA	NA	NA	NA	NA	NA	NA	NA	NA	NA	NA	NA	NA	NA	NA	NA	NA	NA	NA	NA
NA	NA	1.71017948444732	NA	NA	NA	1.46700628906129	1.47560028163684	1.75683427979378	NA	NA	1.6994693892527	NA	1.5837273176983	NA	NA	2.08596445342244	0.969011327931394	1.32399680919112	NA	NA	NA	NA	1.38912792759588	NA	NA	1.47953177276008	0.909265586060378	0.173490651038771	NA	1.0221526556268	0.982017296691557	NA	0.520099479064905	0.426304650425063	0.780173843139056	NA	0.559032475564348	0.669368491235506	0.604104602125921
NA	0.470735149500138	0.76732112404388	NA	0.487826922608491	0.483099447331455	NA	0.472699963326203	0.463263686680505	0.963591925830688	0.808951228438967	0.74357897146848	0.639645051168238	0.900545884068739	0.5930679521681	0.811243112978361	NA	0.550185665295267	NA	NA	0.392491901267102	0.458435259099417	0.455695881748932	0.50550900598451	NA	NA	0.306955751150496	NA	NA	0.145312510638187	0.454716146472908	0.680906134857637	NA	NA	NA	1.67136520820146	NA	NA	0.197283109763407	1.29670724442173
0.584050473785828	NA	0.62961447153645	NA	NA	NA	NA	NA	1.26503214511821	NA	NA	NA	NA	1.31373539108648	NA	0.518364259477869	0.918350154920397	NA	NA	0.734829676893628	1.25328236255066	1.01009467276166	NA	NA	NA	0.48521139837898	0.958945502314378	NA	0.617808171782993	0.47071662118992	NA	0.719572484785535	NA	0.809366276984195	2.06710540003743	NA	NA	NA	0.599239232131433	NA
NA	NA	NA	NA	NA	0.412313998033262	NA	NA	NA	NA	0.545662948258388	NA	1.10490790466903	0.551128155367946	NA	0.5975792071003	0.557166318964196	0.354206134956138	NA	0.919371280704639	NA	NA	NA	0.520728871549652	0.838751373375838	0.919453062107911	NA	0.497760853771016	0.727466903161092	NA	NA	NA	0.342243509470633	NA	NA	0.559968173840675	NA	NA	0.596948974531141	0.423880490794433
NA	NA	NA	NA	NA	NA	NA	NA	NA	NA	NA	NA	NA	NA	NA	NA	NA	NA	NA	NA	NA	NA	NA	NA	NA	NA	NA	NA	NA	NA	NA	NA	NA	NA	NA	NA	NA	NA	NA	NA
NA	NA	NA	NA	NA	NA	NA	NA	NA	NA	NA	NA	NA	NA	NA	NA	NA	NA	NA	NA	NA	NA	NA	NA	NA	NA	NA	NA	NA	NA	NA	NA	NA	NA	NA	NA	NA	NA	NA	NA
1.02337917287591	1.69536862481465	NA	1.53512825826592	1.38116814910973	1.63994021531243	1.84265614915904	1.59259221401946	1.11303276365043	1.31937785541371	NA	0.97264807060313	1.12194517396884	0.833209599714198	NA	1.38620749603791	0.868052762436536	NA	1.19928088777674	NA	1.55907909995217	1.68072307371138	1.66338123720617	1.5851465920817	1.16308324919133	1.30759606418465	NA	0.710902740313518	0.788575865042955	0.251567262136095	NA	NA	NA	NA	NA	0.189770667719034	NA	0.206106540949104	NA	NA
NA	NA	NA	NA	NA	NA	NA	NA	NA	NA	NA	NA	NA	NA	NA	NA	NA	NA	NA	NA	NA	NA	NA	NA	NA	NA	NA	NA	NA	NA	NA	NA	NA	NA	NA	NA	NA	NA	NA	NA
NA	NA	1.87738365954357	NA	NA	NA	NA	NA	NA	NA	NA	1.63944951352039	1.77528938646003	1.7109515494383	1.79793600265657	NA	2.12262681499363	2.21182843097403	NA	1.78763528216602	NA	NA	1.27555364318039	NA	1.28058093861052	NA	0.241193468433705	NA	0.271353363287965	0.927620928581433	NA	NA	NA	1.71766356182878	NA	1.20602179236934	NA	0.796252491481921	0.847502296746865	1.09834287412141
NA	2.070772152316	2.35740972672892	1.28930712689065	NA	1.68678355219407	NA	2.27994150486176	1.73349926994308	NA	NA	1.80574984335307	NA	1.91029168931784	1.72785380988255	1.47750404274038	NA	1.74969815839464	NA	NA	NA	NA	0.637993666815306	0.512608779354955	NA	NA	0.582155020289431	1.97748090520776	NA	0.871169818413568	0.481153539707786	0.50961902521321	NA	NA	0.457822233410401	1.34336942706362	NA	NA	0.69335491066618	NA
NA	NA	NA	NA	NA	NA	NA	NA	NA	NA	NA	NA	NA	NA	NA	NA	NA	NA	NA	NA	NA	NA	NA	NA	NA	NA	NA	NA	NA	NA	NA	NA	NA	NA	NA	NA	NA	NA	NA	NA
NA	NA	1.78894197665406	1.92363449647829	1.03682601166572	0.727123930707815	NA	0.829651790086973	0.51616957116243	NA	1.65349427292535	NA	NA	0.796129436000226	0.84695583654266	1.45349154079586	NA	1.0339889697625	1.30321438241462	0.731882308163125	1.10561779116846	NA	NA	NA	0.617663372357775	NA	1.25061558878292	NA	0.803471011454617	0.550699558574543	0.945388855665369	0.61781489137137	NA	0.491761267518141	NA	NA	NA	NA	NA	NA
NA	NA	NA	NA	NA	NA	NA	NA	NA	NA	NA	NA	NA	NA	NA	NA	NA	NA	NA	NA	NA	NA	NA	NA	NA	NA	NA	NA	NA	NA	NA	NA	NA	NA	NA	NA	NA	NA	NA	NA
NA	NA	NA	NA	NA	NA	NA	NA	NA	NA	NA	NA	NA	NA	NA	NA	NA	NA	NA	NA	NA	NA	NA	NA	NA	NA	NA	NA	NA	NA	NA	NA	NA	NA	NA	NA	NA	NA	NA	NA
NA	1.06005299618863	NA	0.784031789600781	0.983438275293627	1.32629849489471	1.07195269081936	1.34547060458078	NA	1.39008882927146	0.430835037419635	0.942410252381587	NA	0.700361754990803	1.2946933700437	NA	1.14390680391405	1.17633084233279	1.04424226589138	0.646877806450991	0.819769947882079	0.821166517593844	0.57946657780586	0.329609105051063	NA	0.529792658301102	0.348261229665903	NA	0.852446457914213	NA	NA	0.487835565381792	1.4851202692248	NA	NA	NA	NA	NA	0.268741153088547	0.33357289548381
NA	2.07784501419079	NA	NA	NA	1.96770145328319	NA	1.98509428471832	NA	NA	NA	NA	NA	1.48017329420868	NA	NA	NA	1.20393716619293	1.63687557012492	NA	1.41801974733243	1.57416827219825	1.82278007973087	1.34748215071362	1.51427879524406	0.879614154395472	NA	0.805112458511146	NA	NA	0.528024432458051	0.517516265311648	NA	0.886739741669791	1.15091598799529	NA	NA	NA	0.326434889250837	1.32048624739951
NA	NA	NA	NA	0.52192997803049	0.988101931492884	1.06062264906973	1.1268801131905	0.621617683916822	NA	0.884390815283307	NA	1.35011555702637	NA	1.17898937702162	NA	1.33355705923092	1.48211413598523	NA	NA	1.05802832285873	1.32770118614937	NA	NA	1.86375596077607	0.942239369711948	NA	NA	NA	NA	0.550221695095975	NA	NA	NA	NA	NA	NA	0.391003126229039	0.278968383439749	0.52962210304934
NA	NA	NA	NA	NA	NA	NA	NA	NA	NA	NA	NA	NA	NA	NA	NA	NA	NA	NA	NA	NA	NA	NA	NA	NA	NA	NA	NA	NA	NA	NA	NA	NA	NA	NA	NA	NA	NA	NA	NA
0.859297630247176	0.877339656005691	NA	NA	NA	NA	1.44649138333063	1.42045002768668	1.15772812406664	NA	1.34014155413034	NA	NA	1.47034644518304	0.873042508940394	0.888877683303924	0.937395151188339	NA	0.977529222043158	0.828642729581433	NA	1.20363303949715	0.653938199492786	0.256241250678132	0.633645350527603	0.603680859637198	0.511441390555064	NA	NA	0.362792417967212	NA	NA	NA	0.881172557539591	NA	0.606475815683591	NA	0.729526967506039	0.680183969659175	0.448993819693313
1.27486103478734	NA	NA	NA	1.00319693775932	NA	NA	1.28244487511557	NA	0.213487850958796	0.861774245930901	1.39820369890997	NA	NA	NA	NA	NA	NA	NA	NA	1.50928582137288	0.706503009722698	0.720873222735425	1.07545736917128	NA	NA	NA	0.670595020755039	NA	1.08159668041524	NA	NA	NA	NA	NA	NA	NA	NA	NA	NA
NA	NA	NA	NA	NA	NA	NA	NA	NA	NA	NA	NA	NA	NA	NA	NA	NA	NA	NA	NA	NA	NA	NA	NA	NA	NA	NA	NA	NA	NA	NA	NA	NA	NA	NA	NA	NA	NA	NA	NA
NA	NA	NA	NA	NA	NA	NA	NA	NA	NA	NA	NA	NA	NA	NA	NA	NA	NA	NA	NA	NA	NA	NA	NA	NA	NA	NA	NA	NA	NA	NA	NA	NA	NA	NA	NA	NA	NA	NA	NA
NA	0.564892055202066	1.2086789060018	NA	0.767296465785227	0.996070929511267	1.20081703122982	0.803372251294649	1.15109430703968	NA	NA	1.46689163181258	1.7454982320055	1.53811644859824	NA	NA	1.13362363675886	1.00966497164985	1.40949412222714	0.99554604998043	NA	0.340102821081841	0.700685706408774	NA	NA	0.774046751895163	NA	0.313211893158247	NA	NA	0.301191834015088	0.342738739390396	NA	NA	NA	NA	NA	NA	NA	0.341647522127785
NA	NA	2.16918010385407	NA	2.19544614360549	NA	1.9178252183438	1.82970932462347	NA	0.890900603120758	1.2880110808711	1.86660808473244	1.95363668517469	1.88736923088219	1.81616966650993	1.58532299657369	1.45279573893156	1.1331441797615	NA	0.953313085000159	1.23154165214048	0.745310313532475	1.12755817130877	0.718379783677825	1.55859822978401	1.17710033369704	NA	0.90199398068302	0.594690635436317	0.965554633142122	NA	0.68177995777778	0.807033030422761	0.395717104441512	NA	NA	NA	NA	0.79182225404167	0.0390266116495229
0.890052220818233	NA	NA	0.924870067866405	1.22468649245819	1.05392880951079	NA	0.954676982657439	0.815859217777692	NA	NA	1.0556416542077	NA	1.13739632508091	1.41073538201142	1.37174904100108	NA	1.21705955726917	NA	NA	NA	NA	NA	0.709222094315644	NA	0.698073688951928	0.950528389355006	0.813343134844247	0.904599519636739	NA	NA	0.846674261939399	0.330895977837757	0.511007133418602	NA	0.578962677540099	NA	0.492599051177339	0.420829408551713	NA
NA	NA	NA	NA	NA	NA	NA	NA	NA	NA	NA	NA	NA	NA	NA	NA	NA	NA	NA	NA	NA	NA	NA	NA	NA	NA	NA	NA	NA	NA	NA	NA	NA	NA	NA	NA	NA	NA	NA	NA
NA	NA	NA	NA	NA	NA	NA	NA	NA	NA	NA	NA	NA	NA	NA	NA	NA	NA	NA	NA	NA	NA	NA	NA	NA	NA	NA	NA	NA	NA	NA	NA	NA	NA	NA	NA	NA	NA	NA	NA
NA	NA	NA	NA	NA	NA	1.5468719290085	1.43543240353369	NA	1.16478965208805	1.48281825316458	1.190758699213	1.63863038614784	1.01213539004958	0.691306256686659	1.20904904073949	NA	1.60242973151001	1.4380415110156	NA	1.35416446741152	1.10110686439106	1.25770281980382	1.19707835409471	1.03899614232166	NA	NA	NA	0.731690162053547	NA	NA	0.545431387058209	0.850017748353198	0.745439767796809	NA	NA	NA	0.181133720485167	0.528667197370242	0.490295842781102
1.21117314698679	NA	NA	2.2118655290535	NA	2.18781016104867	2.1324044097476	1.69372022037204	1.53827100458789	NA	1.43032433469562	1.02680436871081	NA	1.62229497039923	1.67939810394996	1.50881243753402	NA	1.45497317323283	NA	NA	1.57720172310059	NA	2.09868245581952	1.89366411244484	NA	NA	1.81530025197675	1.91116779620905	1.77986575544113	1.92329672825069	NA	NA	NA	2.53962384992704	2.56522510575245	NA	NA	2.73284708001499	2.53010584654254	NA
1.45205766105851	NA	NA	NA	1.56011450214836	1.34166028094539	1.38510546008581	1.57404833493724	NA	1.21775276727645	1.38571650548953	1.60242734250427	1.74101987858175	1.51590019126265	1.50026287884681	NA	1.48885033660919	1.58761733004839	NA	NA	1.22212087240364	1.13680867290101	0.765003498345994	0.901157869213133	0.949908966478216	1.11311615489255	1.09622903855893	NA	0.704307297744112	1.09671957012216	0.861872175442001	0.284844581676555	1.12097581084437	1.48116470267309	1.83653922856103	NA	NA	0.320409772122805	0.77426221616894	0.662944293839818
NA	NA	NA	NA	NA	NA	NA	NA	NA	NA	NA	NA	NA	NA	NA	NA	NA	NA	NA	NA	NA	NA	NA	NA	NA	NA	NA	NA	NA	NA	NA	NA	NA	NA	NA	NA	NA	NA	NA	NA
1.03776274864008	1.39531364702719	NA	NA	1.33984676824187	NA	1.28246382145634	0.873403652491752	0.989383671357904	NA	NA	1.03417739429993	1.18949898069275	1.25415081314038	0.973735286082226	NA	1.10287712683875	0.908913886918316	NA	0.457716039190528	0.705272544328842	0.996455517381602	1.15272092264571	1.25825357177728	0.414412205252361	1.27828829320826	NA	NA	0.315186200686824	0.377319893528666	1.4439397984656	1.2660162411512	1.34810507869727	0.320229465453641	NA	1.74237287667646	NA	0.91397225536498	0.628230479033264	1.49477515904641
NA	0.883316887456508	0.64362693363003	NA	0.886949913305969	NA	NA	1.72269341372191	1.41884160788593	1.40399938103345	NA	NA	1.34005489483056	1.15417373762335	1.08526026655366	1.27880055706385	NA	1.45996152775003	NA	NA	1.32509233623321	1.39856069767403	0.56312602672341	0.581045005893614	NA	NA	NA	0.952490613279576	0.53666729847488	0.330998748310324	0.333263771470596	NA	0.22929125265202	0.558303693733361	0.597761542149379	0.417261127251128	NA	0.204048501481785	0.176025858018926	0.301855990829922
2.44269532276325	1.63250297360056	1.3536764947289	NA	1.4179150599912	1.16861302995217	1.3066567708191	NA	NA	0.815929433533648	NA	NA	NA	0.875925406858649	1.08738000790264	NA	NA	0.862519742202268	0.945696395839373	0.845524237894566	NA	1.18468465747249	1.48025695628808	1.4904944143134	1.51557913040986	NA	1.49404442283457	NA	0.81135125711211	NA	NA	1.46667299510671	0.209408086074358	0.0560809304956482	NA	0.195023215783457	NA	NA	NA	NA
NA	NA	NA	NA	NA	NA	NA	NA	NA	NA	NA	NA	NA	NA	NA	NA	NA	NA	NA	NA	NA	NA	NA	NA	NA	NA	NA	NA	NA	NA	NA	NA	NA	NA	NA	NA	NA	NA	NA	NA
1.899182482032	1.7423764351439	NA	NA	1.76722866079883	NA	NA	1.48397943966076	1.83088499733077	NA	NA	1.13095300904355	NA	1.54058081367048	NA	NA	NA	NA	NA	NA	NA	NA	NA	NA	NA	NA	NA	NA	1.17382532287134	NA	NA	NA	0.500968366743364	NA	0.779777565248025	NA	NA	NA	NA	0.505966755717027
2.24293734369007	1.35695153562504	1.35220374705371	2.1488359639353	1.39991832730557	0.987274732109009	1.98854725567669	2.08333277636863	1.47702082440007	1.74786617203261	NA	NA	1.65997150838761	1.73160977878468	1.53480260291287	1.50120405590731	NA	NA	NA	1.22993051613289	1.03266922533868	NA	1.4786993734818	0.979713250261493	2.14870167441909	2.96859286188337	1.9183652102052	2.07662811911108	2.78718391008571	NA	2.26460128359673	NA	1.78918298933771	NA	NA	1.45116943748268	NA	NA	NA	NA
NA	NA	NA	NA	NA	NA	NA	NA	NA	NA	NA	NA	NA	NA	NA	NA	NA	NA	NA	NA	NA	NA	NA	NA	NA	NA	NA	NA	NA	NA	NA	NA	NA	NA	NA	NA	NA	NA	NA	NA
0.904733879159729	NA	1.07696442525037	1.40102643228243	0.948172112543677	1.40151301141429	NA	1.38272303403583	1.47747010799851	NA	NA	1.30101925063494	1.12167837826843	1.21747014643668	1.06310504731965	NA	1.36549469587218	1.19330341330382	1.43994371042935	1.55549348793997	1.37729857477424	1.2684226511635	0.679579218503776	0.865736080454744	0.91690354097162	NA	0.718365558819767	0.688262234375583	0.522033897010905	NA	0.28399807232936	0.253704200017115	0.294338075504499	NA	0.233815734283096	NA	NA	0.536512895421025	0.381331362434596	0.287446150640957
NA	NA	NA	NA	NA	NA	NA	NA	NA	NA	NA	NA	NA	NA	NA	NA	NA	NA	NA	NA	NA	NA	NA	NA	NA	NA	NA	NA	NA	NA	NA	NA	NA	NA	NA	NA	NA	NA	NA	NA
NA	1.58136187347086	NA	NA	NA	2.14988136290708	1.82470287243046	1.61325599149672	NA	1.54816634271818	2.04051871463219	1.65474763646439	1.31535086727306	1.92907676269944	1.32730745600884	1.18161501935378	NA	1.38052718403147	1.18905216948641	1.7223494351885	1.02732648775033	0.789669267140673	0.990720187786297	1.93782907246976	0.819444564747385	0.89438092177184	1.04502192632286	1.38338412408474	NA	NA	NA	NA	NA	NA	1.17701943471941	0.961251581854509	NA	1.56248635462022	0.933967292008989	1.07158259987751
NA	2.37944869623742	1.60366032477686	NA	NA	NA	NA	NA	1.2185378898875	NA	1.56217796206602	NA	0.708099296577117	1.28790590253818	1.79218606224369	0.602229399145528	1.16138097923818	1.4155959389632	NA	1.36518797153097	1.53634935408845	0.684209849593072	NA	NA	1.9572819494027	NA	NA	NA	NA	1.10206511073585	1.29189081436667	0.681806396510658	NA	0.475115864119264	0.499750832653429	0.728479226382972	NA	0.653133909535404	1.351185160458	0.677615729296394
NA	NA	NA	NA	NA	NA	NA	NA	NA	NA	NA	NA	NA	NA	NA	NA	NA	NA	NA	NA	NA	NA	NA	NA	NA	NA	NA	NA	NA	NA	NA	NA	NA	NA	NA	NA	NA	NA	NA	NA
NA	NA	NA	NA	NA	NA	NA	NA	NA	NA	NA	NA	NA	NA	NA	0.675363857030674	NA	NA	NA	NA	NA	0.580998153251749	NA	0.794487421424442	NA	NA	NA	0.507725355667418	NA	1.11297520542212	0.568656047201401	1.12693898308505	1.02729099347882	NA	NA	1.55168085136917	NA	0.938338430817464	0.606744615819142	NA
NA	NA	NA	NA	NA	NA	NA	NA	NA	NA	NA	NA	NA	NA	NA	NA	NA	NA	NA	NA	NA	NA	NA	NA	NA	NA	NA	NA	NA	NA	NA	NA	NA	NA	NA	NA	NA	NA	NA	NA
1.66777964437413	0.25209651423186	0.67384647101761	0.838141200278248	NA	0.923144612292137	0.736176849920853	0.997197814346352	1.17255986173929	0.736456592020571	0.554729944160985	1.044211963055	NA	0.549895032877046	0.437695625805861	0.896527537206863	NA	NA	0.840452628536722	0.366181760736221	0.348910729169165	1.23876047228483	1.1027389778421	NA	0.681140182793759	0.861636276370746	0.478324322359562	0.956197314872397	NA	NA	NA	1.05717300594351	1.02977923705156	NA	NA	NA	NA	1.19254611940398	0.923513753229978	1.15230255131781
NA	NA	NA	NA	NA	NA	NA	0.409560262550814	0.291474275951056	0.688943751061818	0.420276575921075	NA	0.603778675639441	0.590227399605738	0.481340686685381	0.933409779948439	1.1980141310315	0.771030627649292	0.885102866595471	1.24631180452352	0.3438536981328	0.381588633253735	0.596744792837117	1.26814721345255	0.574391407532195	0.514532256514594	0.761270446257984	NA	1.10943785569461	NA	NA	0.351144610599569	0.565156346347186	0.615340004864355	NA	0.267585476938895	NA	0.238056524319679	0.772083957145129	0.703345192927182
NA	NA	0.988153741710642	NA	NA	NA	1.0307341194115	0.826597962003739	NA	NA	0.919526649079602	1.14592955835936	1.49141018640362	NA	NA	1.45780787046171	1.56154959376781	1.07298089404693	1.09110472532677	0.688798029665642	0.7084996528651	0.754646350807872	NA	0.447483696782213	0.676074300283126	NA	NA	0.551428436165171	0.432905002750394	0.654719490992251	0.638344846728135	NA	0.585837388676913	NA	NA	0.304218384130924	NA	NA	0.318560971808404	0.160125452478868
NA	NA	NA	NA	NA	NA	NA	NA	NA	NA	NA	NA	NA	NA	NA	NA	NA	NA	NA	NA	NA	NA	NA	NA	NA	NA	NA	NA	NA	NA	NA	NA	NA	NA	NA	NA	NA	NA	NA	NA
1.15626236051902	1.30261219842764	1.23052859422411	1.52887336936186	1.08500165038034	1.25649680465413	1.29088151796986	0.761605802768916	0.926432054922154	1.1773885661466	1.92973327298635	1.72499889178184	1.90608727707715	NA	1.92812834916179	1.60027886696328	1.69383458313869	1.80856752998096	1.73024517835674	NA	1.31651688037783	0.790824620583098	0.458031858459932	0.878430930841695	1.35414195630844	1.15310606508595	0.341225749340292	0.685821463140742	NA	NA	NA	0.75003095236096	0.309433737140981	NA	0.715848109592521	NA	NA	NA	NA	0.635640465942624
NA	1.21572587773449	NA	1.32935924200973	1.45672980618709	0.652158895190773	0.580568558771775	0.94260382225505	0.868139394713895	0.776654711964312	NA	NA	NA	1.50823478507071	1.07544912103203	NA	NA	1.03886593913414	1.28929339161491	0.525582925844848	0.287416044522589	0.737177637496685	0.603674717212347	NA	0.438819285460515	1.70454856723628	0.595453304157839	1.01984302182407	1.15587906463445	NA	0.451787128738691	NA	NA	NA	0.221380714688628	0.648282535495777	NA	0.368773640950344	0.298847805738874	0.397120935568283
NA	0.935667663476156	1.79248287069353	1.15220332104343	NA	0.574428504244086	0.254530906077331	0.59311669232595	NA	0.738958920374996	1.07333694222876	NA	NA	0.732634744504924	0.652814500823813	NA	0.907898507986518	NA	0.592186501728212	0.454714300066557	0.511398345146992	NA	1.11728200515342	0.610306333937239	0.279097607249756	0.574114251285566	NA	0.692551430669927	0.853264277212871	NA	NA	0.757869081501019	NA	0.452669893861458	NA	1.17426314847698	NA	NA	1.04078073080943	1.53489149872359
1.42967468617815	1.46864040580514	1.29458894978299	1.44162333989626	1.04388746271301	1.30008110438182	NA	2.39799496213783	1.99218519628982	1.80507629145317	NA	2.27383049863587	NA	1.21018177643692	1.81920134947337	1.28412974528782	2.47131801799491	1.14201697520697	0.50942968616518	0.725978233241952	1.13536146649079	1.14889379847514	NA	1.11180941297768	1.69810860845725	NA	NA	NA	1.72454965856132	1.38732562775079	2.23060969078975	1.84565714955434	2.06903029398881	1.71381103259244	1.78459476023686	NA	NA	NA	NA	NA
NA	NA	NA	NA	NA	NA	NA	NA	NA	NA	NA	NA	NA	NA	NA	NA	NA	NA	NA	NA	NA	NA	NA	NA	NA	NA	NA	NA	NA	NA	NA	NA	NA	NA	NA	NA	NA	NA	NA	NA
NA	NA	NA	NA	NA	1.5372179262096	1.10433446271096	1.0740000241764	NA	NA	1.16062173216875	NA	0.557607686900282	0.769485323721277	0.890278665198564	0.836034847079551	0.736608111781928	NA	NA	1.32238740111236	NA	1.0504211711276	0.906302672605168	0.707969492832909	NA	0.998743395954506	0.600660712149623	0.504532138768476	0.803798544170417	0.580123374128945	0.274348732930429	0.280713786612708	NA	NA	0.220118026227849	NA	NA	0.276906878315553	0.272452018565437	0.550918237778218
NA	NA	NA	NA	NA	NA	NA	NA	NA	NA	NA	NA	NA	NA	NA	NA	NA	NA	NA	NA	NA	NA	NA	NA	NA	NA	NA	NA	NA	NA	NA	NA	NA	NA	NA	NA	NA	NA	NA	NA
NA	NA	NA	NA	NA	NA	NA	NA	NA	NA	NA	NA	NA	NA	NA	NA	NA	NA	NA	NA	NA	NA	NA	NA	NA	NA	NA	NA	NA	NA	NA	NA	NA	NA	NA	NA	NA	NA	NA	NA
NA	NA	NA	NA	NA	NA	NA	NA	NA	NA	NA	NA	NA	NA	NA	NA	NA	NA	NA	NA	NA	NA	NA	NA	NA	NA	NA	NA	NA	NA	NA	NA	NA	NA	NA	NA	NA	NA	NA	NA
NA	0.554530851240616	NA	0.547577433776789	NA	NA	1.42951107472858	1.56211831837743	1.24894727435914	1.08766390566697	NA	NA	NA	0.193687471737544	0.581121502689535	0.638050560480064	0.680261343273407	NA	0.072743537859389	1.09891244784342	NA	NA	0.66881433595699	1.06421218700037	0.533959844029256	NA	NA	NA	NA	NA	0.917037824205486	NA	0.870387429504965	1.02350760259511	1.00312624530724	0.871569186840642	NA	0.732898147684346	0.858992638169634	0.877548521499688
1.87684253216328	NA	1.70193917064314	1.18672328270291	1.93104897483193	1.65333143934282	1.96159959680659	2.24094002043787	NA	NA	2.17667269258983	1.67587884826292	NA	1.64775026142206	1.8427876337062	1.74303656504243	NA	1.68562115255933	2.55239603502996	1.33514160435582	1.42517010117835	1.40934001697632	1.68747187461002	1.76203008870235	2.34759239457857	1.76414745225131	1.4521680519137	NA	1.49737703192795	1.62930885592546	2.02950854323029	2.03619892179736	NA	1.14172569826288	1.26266549441874	1.34925820119979	NA	1.46520665534583	0.876603218652281	1.01516727043483
NA	NA	NA	NA	NA	NA	NA	NA	NA	NA	NA	NA	NA	NA	NA	NA	NA	NA	NA	NA	NA	NA	NA	NA	NA	NA	NA	NA	NA	NA	NA	NA	NA	NA	NA	NA	NA	NA	NA	NA
NA	NA	NA	NA	NA	NA	NA	NA	NA	NA	NA	NA	NA	NA	NA	NA	NA	NA	NA	NA	NA	NA	NA	NA	NA	NA	NA	NA	NA	NA	NA	NA	NA	NA	NA	NA	NA	NA	NA	NA
NA	NA	NA	NA	NA	NA	NA	NA	NA	NA	NA	1.85236308658292	NA	NA	NA	NA	NA	NA	NA	1.50481813453107	0.251749823563379	1.63101062112217	0.725410876292057	NA	NA	NA	1.22334325317592	1.32916385569957	NA	0.764687228774971	1.46228666174577	1.17257748965739	NA	NA	1.49301749112085	1.19633670522787	NA	1.54813397447527	NA	1.27608893274021
NA	NA	NA	NA	NA	NA	NA	NA	NA	NA	NA	NA	NA	NA	NA	NA	NA	NA	NA	NA	NA	NA	NA	NA	NA	NA	NA	NA	NA	NA	NA	NA	NA	NA	NA	NA	NA	NA	NA	NA
NA	1.60925549582011	NA	NA	NA	2.0827480612445	NA	NA	1.87638571527155	NA	NA	2.74902559439892	NA	NA	NA	2.69076958745183	NA	NA	NA	NA	NA	NA	1.80170504999929	1.90511127920536	2.09078968267979	NA	NA	0.872993295041427	NA	NA	NA	NA	2.11958479228033	NA	2.08932477694025	1.85386219421801	NA	1.76971418171763	1.8161039900297	NA
NA	NA	NA	NA	NA	0.81502458607382	0.868142679913579	0.887626145313239	0.604530381151425	0.596519068842027	0.834938750942436	NA	NA	NA	NA	0.869631549115955	NA	0.48374924769323	1.03520028362924	0.728666131843923	2.14332329950797	NA	2.21836395652016	0.989975419337505	0.893268220332025	NA	0.411139227493329	NA	NA	0.241770708881645	NA	2.05000194627607	0.343278904479522	1.43997765014722	2.06977051884949	2.16701264280294	NA	1.93175266665603	1.24651304454231	1.76287166527826
1.75191259297088	NA	2.06914060043994	1.83648958335018	1.89254857035279	2.34266524175676	1.66986561443692	NA	NA	NA	NA	NA	NA	1.83017138697768	1.56351882262196	NA	NA	NA	NA	NA	2.1074338119377	NA	NA	NA	1.69996760919835	NA	NA	NA	0.496604937558404	0.457887468769197	NA	NA	0.283016648105426	NA	NA	0.825469117014061	NA	0.845113537980602	NA	NA
NA	NA	NA	NA	NA	NA	NA	1.079922546356	1.11095243885967	NA	1.00036457230326	NA	0.93080604343104	NA	NA	NA	0.992123319569051	0.791906712793313	0.855750246807663	0.807709096563846	NA	0.641666661043732	NA	0.318100654304159	0.694793923035427	0.701572946178188	0.810979490055804	NA	0.257058913970245	NA	NA	NA	NA	0.634158430632218	0.867948398345436	0.715799180176723	NA	0.778591943676384	0.966483261561533	0.941039914290607
NA	NA	NA	NA	NA	NA	NA	NA	NA	NA	NA	NA	NA	NA	NA	NA	NA	NA	NA	NA	NA	NA	NA	NA	NA	NA	NA	NA	NA	NA	NA	0.785050055203387	NA	0.455401356965482	0.664203857563698	0.286882634736314	NA	0.218607734086305	0.174174210840949	0.493934285977929
