Gene_Region	chr	start	end	region	PromoterOnRegion	S2vS1_DS	S3vS2_DS	S2vS1_p0.05	S3vS2_p0.05	S2vS1_p0.01	S3vS2_p0.01	S2vS1_p1e-05	S3vS2_p1e-05
Opn3_R19	1	175600276	175605276	Region1		-0.382982533753396	0.932636662040084	0	0	0	0	0	0
Opn3_R19	1	175605276	175610276	Region2		0.784870082290782	-0.402470881828233	0	0	0	0	0	0
Opn3_R19	1	175610276	175615276	Region3		1.10375791329127	0.337467368581922	0	0	0	0	0	0
Opn3_R19	1	175615276	175620276	Region4	Kmo	0.831928442659014	0.344742396885728	0	0	0	0	0	0
Opn3_R19	1	175620276	175625276	Region5	Kmo	0.531310518105073	0.314838222841539	0	0	0	0	0	0
Opn3_R19	1	175625276	175630276	Region6	Fh1	-0.438464717692971	0.327524366196539	0	0	0	0	0	0
Opn3_R19	1	175630276	175635276	Region7		-0.500053650328438	1.00033427413807	0	0	0	0	0	0
Opn3_R19	1	175635276	175640276	Region8		0.371422163553292	0.629431995252265	0	0	0	0	0	0
Opn3_R19	1	175640276	175645276	Region9		-0.37891740185239	0.545687712345826	0	0	0	0	0	0
Opn3_R19	1	175645276	175650276	Region10		0.570132662234982	-0.572112757142906	0	0	0	0	0	0
Opn3_R19	1	175650276	175655276	Region11		-0.351539471459382	-0.472567649008222	0	0	0	0	0	0
Opn3_R19	1	175655276	175660276	Region12		-1.3671299520647	1.53274686773189	1	0	0	0	0	0
Opn3_R19	1	175660276	175665276	Region13		-0.560154676657675	0.797604838482267	0	0	0	0	0	0
Opn3_R19	1	175665276	175670276	Region14		-0.835889514790353	0.881023371219961	0	0	0	0	0	0
Opn3_R19	1	175670276	175675276	Region15		-1.44872422204234	0.832378657288164	1	0	0	0	0	0
Opn3_R19	1	175675276	175680276	Region16		-1.41250775074311	0.42393069519428	1	0	0	0	0	0
Opn3_R19	1	175680276	175685276	Region17		0.33383924934408	-0.469491422687753	0	0	0	0	0	0
Opn3_R19	1	175685276	175690276	Region18		0.537755929519669	-1.39242867920689	0	1	0	0	0	0
Opn3_R19	1	175690276	175695276	Region19	Opn3; Chml	NA	NA	NA	NA	NA	NA	NA	NA
Opn3_R19	1	175695276	175700276	Region20	Wdr64	0.483984199898786	1.26340737792579	0	0	0	0	0	0
Opn3_R19	1	175700276	175705276	Region21		-1.1658691485511	0.558364920503	0	0	0	0	0	0
Opn3_R19	1	175705276	175710276	Region22		-0.972383736823079	0.934158277982961	0	0	0	0	0	0
Opn3_R19	1	175710276	175715276	Region23		-0.663413956325979	1.0426388855791	0	0	0	0	0	0
Opn3_R19	1	175715276	175720276	Region24		-0.412611637834895	0.516251698007178	0	0	0	0	0	0
Opn3_R19	1	175720276	175725276	Region25		-0.611821383946736	0.452680690951922	0	0	0	0	0	0
Opn3_R19	1	175725276	175730276	Region26		-1.02065004885798	-0.403958875731591	0	0	0	0	0	0
Opn3_R19	1	175730276	175735276	Region27		0.873288073558727	-1.26751655565157	0	0	0	0	0	0
Opn3_R19	1	175735276	175740276	Region28		-0.411276552076714	-0.845581159067023	0	0	0	0	0	0
Opn3_R19	1	175740276	175745276	Region29		0.302257283540157	-0.789379999747747	0	0	0	0	0	0
Opn3_R19	1	175745276	175750276	Region30		-2.03628771089039	1.1143587203454	1	0	1	0	0	0
Opn3_R19	1	175750276	175755276	Region31		0.346245528910319	-0.313438161682933	0	0	0	0	0	0
Opn3_R19	1	175755276	175760276	Region32		-0.373127480367155	-0.605010363431094	0	0	0	0	0	0
Opn3_R19	1	175760276	175765276	Region33		-0.395818856732913	-1.02900548180961	0	0	0	0	0	0
Opn3_R19	1	175765276	175770276	Region34		0.929075442522482	-1.24967330332021	0	0	0	0	0	0
Opn3_R19	1	175770276	175775276	Region35		-0.35781811396664	-0.464072966059212	0	0	0	0	0	0
Opn3_R19	1	175775276	175780276	Region36		-0.85659738686294	0.371976848096579	0	0	0	0	0	0
Opn3_R19	1	175780276	175785276	Region37		0.93426407830753	-0.744183091981375	0	0	0	0	0	0
Opn3_R19	1	175785276	175790276	Region38		-0.541995965721309	0.563086581387139	0	0	0	0	0	0
Opn3_R19	1	175790276	175795276	Region39		0.511592671690259	-0.983120305708303	0	0	0	0	0	0
Opn3_R19	1	175795276	175800276	Region40	Gm25560	0.694647678454647	-0.850595513133187	0	0	0	0	0	0
Chml_R19	1	175600276	175605276	Region1		-0.382982533753396	0.932636662040084	0	0	0	0	0	0
Chml_R19	1	175605276	175610276	Region2		0.784870082290782	-0.402470881828233	0	0	0	0	0	0
Chml_R19	1	175610276	175615276	Region3		1.10375791329127	0.337467368581922	0	0	0	0	0	0
Chml_R19	1	175615276	175620276	Region4	Kmo	0.831928442659014	0.344742396885728	0	0	0	0	0	0
Chml_R19	1	175620276	175625276	Region5	Kmo	0.531310518105073	0.314838222841539	0	0	0	0	0	0
Chml_R19	1	175625276	175630276	Region6	Fh1	-0.438464717692971	0.327524366196539	0	0	0	0	0	0
Chml_R19	1	175630276	175635276	Region7		-0.500053650328438	1.00033427413807	0	0	0	0	0	0
Chml_R19	1	175635276	175640276	Region8		0.371422163553292	0.629431995252265	0	0	0	0	0	0
Chml_R19	1	175640276	175645276	Region9		-0.37891740185239	0.545687712345826	0	0	0	0	0	0
Chml_R19	1	175645276	175650276	Region10		0.570132662234982	-0.572112757142906	0	0	0	0	0	0
Chml_R19	1	175650276	175655276	Region11		-0.351539471459382	-0.472567649008222	0	0	0	0	0	0
Chml_R19	1	175655276	175660276	Region12		-1.3671299520647	1.53274686773189	1	0	0	0	0	0
Chml_R19	1	175660276	175665276	Region13		-0.560154676657675	0.797604838482267	0	0	0	0	0	0
Chml_R19	1	175665276	175670276	Region14		-0.835889514790353	0.881023371219961	0	0	0	0	0	0
Chml_R19	1	175670276	175675276	Region15		-1.44872422204234	0.832378657288164	1	0	0	0	0	0
Chml_R19	1	175675276	175680276	Region16		-1.41250775074311	0.42393069519428	1	0	0	0	0	0
Chml_R19	1	175680276	175685276	Region17		0.33383924934408	-0.469491422687753	0	0	0	0	0	0
Chml_R19	1	175685276	175690276	Region18		0.537755929519669	-1.39242867920689	0	1	0	0	0	0
Chml_R19	1	175690276	175695276	Region19	Opn3; Chml	NA	NA	NA	NA	NA	NA	NA	NA
Chml_R19	1	175695276	175700276	Region20	Wdr64	0.483984199898786	1.26340737792579	0	0	0	0	0	0
Chml_R19	1	175700276	175705276	Region21		-1.1658691485511	0.558364920503	0	0	0	0	0	0
Chml_R19	1	175705276	175710276	Region22		-0.972383736823079	0.934158277982961	0	0	0	0	0	0
Chml_R19	1	175710276	175715276	Region23		-0.663413956325979	1.0426388855791	0	0	0	0	0	0
Chml_R19	1	175715276	175720276	Region24		-0.412611637834895	0.516251698007178	0	0	0	0	0	0
Chml_R19	1	175720276	175725276	Region25		-0.611821383946736	0.452680690951922	0	0	0	0	0	0
Chml_R19	1	175725276	175730276	Region26		-1.02065004885798	-0.403958875731591	0	0	0	0	0	0
Chml_R19	1	175730276	175735276	Region27		0.873288073558727	-1.26751655565157	0	0	0	0	0	0
Chml_R19	1	175735276	175740276	Region28		-0.411276552076714	-0.845581159067023	0	0	0	0	0	0
Chml_R19	1	175740276	175745276	Region29		0.302257283540157	-0.789379999747747	0	0	0	0	0	0
Chml_R19	1	175745276	175750276	Region30		-2.03628771089039	1.1143587203454	1	0	1	0	0	0
Chml_R19	1	175750276	175755276	Region31		0.346245528910319	-0.313438161682933	0	0	0	0	0	0
Chml_R19	1	175755276	175760276	Region32		-0.373127480367155	-0.605010363431094	0	0	0	0	0	0
Chml_R19	1	175760276	175765276	Region33		-0.395818856732913	-1.02900548180961	0	0	0	0	0	0
Chml_R19	1	175765276	175770276	Region34		0.929075442522482	-1.24967330332021	0	0	0	0	0	0
Chml_R19	1	175770276	175775276	Region35		-0.35781811396664	-0.464072966059212	0	0	0	0	0	0
Chml_R19	1	175775276	175780276	Region36		-0.85659738686294	0.371976848096579	0	0	0	0	0	0
Chml_R19	1	175780276	175785276	Region37		0.93426407830753	-0.744183091981375	0	0	0	0	0	0
Chml_R19	1	175785276	175790276	Region38		-0.541995965721309	0.563086581387139	0	0	0	0	0	0
Chml_R19	1	175790276	175795276	Region39		0.511592671690259	-0.983120305708303	0	0	0	0	0	0
Chml_R19	1	175795276	175800276	Region40	Gm25560	0.694647678454647	-0.850595513133187	0	0	0	0	0	0
Foxa3_R6	7	18996038	19001038	Region1		0.304026215649109	-0.537539418716733	0	0	0	0	0	0
Foxa3_R6	7	19001038	19006038	Region2	Mypopos; Irf2bp1	0.341426037666154	-0.889191064013427	0	0	0	0	0	0
Foxa3_R6	7	19006038	19011038	Region3		0.339954451620499	-3.12003940948052	0	1	0	1	0	0
Foxa3_R6	7	19011038	19016038	Region4		-0.782587835991334	-1.42988343997617	0	1	0	0	0	0
Foxa3_R6	7	19016038	19021038	Region5		1.99106063166366	-3.40688566811393	0	1	0	1	0	0
Foxa3_R6	7	19021038	19026038	Region6	Foxa3; Sympk	NA	NA	NA	NA	NA	NA	NA	NA
Foxa3_R6	7	19026038	19031038	Region7		0.4224700284383	-0.630303409798666	0	0	0	0	0	0
Foxa3_R6	7	19031038	19036038	Region8		-0.307399761670571	0.33354535436314	0	0	0	0	0	0
Foxa3_R6	7	19036038	19041038	Region9		0.58428791647203	0.301148113892149	0	0	0	0	0	0
Foxa3_R6	7	19041038	19046038	Region10		2.66948580114777	-2.55389507238128	0	1	0	1	0	0
Foxa3_R6	7	19046038	19051038	Region11		0.565670554128423	0.893512199239531	0	0	0	0	0	0
Foxa3_R6	7	19051038	19056038	Region12	Rsph6a	1.58564522636471	-1.05044920015089	0	0	0	0	0	0
Foxa3_R6	7	19056038	19061038	Region13		0.403721250338222	1.31444810418013	0	0	0	0	0	0
Foxa3_R6	7	19061038	19066038	Region14		1.85266520278564	0.780793373969146	0	0	0	0	0	0
Foxa3_R6	7	19066038	19071038	Region15		1.72843487264305	0.984918770293208	0	0	0	0	0	0
Foxa3_R6	7	19071038	19076038	Region16	Dmwd	0.540013614711908	1.13155092507198	0	0	0	0	0	0
Foxa3_R6	7	19076038	19081038	Region17	Dmwd	0.564693035091527	2.24839384464978	0	0	0	0	0	0
Foxa3_R6	7	19081038	19086038	Region18	Dmpk; Mir3100	-0.704803461123727	0.607659068026056	0	0	0	0	0	0
Foxa3_R6	7	19086038	19091038	Region19	Mir3100	-0.693876419569902	1.19826245582212	0	0	0	0	0	0
Foxa3_R6	7	19091038	19096038	Region20	Six5	0.375796491479824	0.654071729663019	0	0	0	0	0	0
Ephx2_R37	14	65796000	65804000	Region1	Pbk	-0.581538641346921	-0.574091954439956	0	0	0	0	0	0
Ephx2_R37	14	65804000	65812000	Region2	Pbk	0.50272677940626	-0.462095584184129	0	0	0	0	0	0
Ephx2_R37	14	65812000	65820000	Region3		-0.69167609138224	-0.512743919622102	0	0	0	0	0	0
Ephx2_R37	14	65820000	65828000	Region4		-0.597938418827034	-0.878460138296847	0	0	0	0	0	0
Ephx2_R37	14	65828000	65836000	Region5	Esco2; Ccdc25	-1.59132902600375	-0.853051694869358	1	0	0	0	0	0
Ephx2_R37	14	65844000	65852000	Region6		-0.741453379108081	-1.06886867579642	0	0	0	0	0	0
Ephx2_R37	14	65852000	65860000	Region7		0.343979198791761	-0.945511862161376	0	0	0	0	0	0
Ephx2_R37	14	65860000	65868000	Region8		-0.633522912436833	-0.630062814348151	0	0	0	0	0	0
Ephx2_R37	14	65868000	65876000	Region9		0.384585777601268	-2.80568353480934	0	1	0	1	0	0
Ephx2_R37	14	65876000	65884000	Region10		0.356770972905465	-0.626667053602435	0	0	0	0	0	0
Ephx2_R37	14	65884000	65892000	Region11		1.00526525468539	-1.01021858368858	0	0	0	0	0	0
Ephx2_R37	14	65900000	65908000	Region12		0.874468906161429	-1.12406440551116	0	0	0	0	0	0
Ephx2_R37	14	65908000	65916000	Region13		0.703532788658817	0.731303864314702	0	0	0	0	0	0
Ephx2_R37	14	65916000	65924000	Region14		0.874267387633356	-0.342459747994856	0	0	0	0	0	0
Ephx2_R37	14	65924000	65932000	Region15		0.750928134087916	0.466919654141064	0	0	0	0	0	0
Ephx2_R37	14	65932000	65940000	Region16		1.27539330083045	-0.536090178251905	0	0	0	0	0	0
Ephx2_R37	14	65940000	65948000	Region17		-0.637020791588095	0.875085946366368	0	0	0	0	0	0
Ephx2_R37	14	65948000	65956000	Region18	Scara3	0.9852130143315	-0.704164066741083	0	0	0	0	0	0
Ephx2_R37	14	65956000	65964000	Region19	Gm19222	0.756982728515956	-1.40670184242227	0	1	0	0	0	0
Ephx2_R37	14	65964000	65972000	Region20	Gm19222; Clu	0.481042150667055	-2.87692225064131	0	1	0	1	0	0
Ephx2_R37	14	65972000	65980000	Region21		-0.364586456858433	-1.50725612995171	0	1	0	0	0	0
Ephx2_R37	14	65980000	65988000	Region22		-1.15751716627999	-1.67713799566944	0	1	0	0	0	0
Ephx2_R37	14	65996000	66004000	Region23		-1.72399484714812	-2.27341185537281	1	1	0	1	0	0
Ephx2_R37	14	66004000	66012000	Region24	Gulo	-2.07411629351258	-1.91459723839461	1	1	1	0	0	0
Ephx2_R37	14	66012000	66020000	Region25		-1.31796176601928	-3.13749505076804	1	1	0	1	0	0
Ephx2_R37	14	66020000	66028000	Region26		-1.38233677404247	-0.701390267864229	1	0	0	0	0	0
Ephx2_R37	14	66028000	66036000	Region27		-1.38125910052769	-1.18287988192576	1	0	0	0	0	0
Ephx2_R37	14	66036000	66044000	Region28	Gm10233	-1.78406278545332	-0.635671692612482	1	0	0	0	0	0
Ephx2_R37	14	66052000	66060000	Region29		-3.36369828996797	-0.704578149022963	1	0	1	0	0	0
Ephx2_R37	14	66068000	66076000	Region30		-2.52267908085037	-0.620908523514839	1	0	1	0	0	0
Ephx2_R37	14	66076000	66084000	Region31	Adam2	-1.67789882827374	-0.421973207999432	1	0	0	0	0	0
Ephx2_R37	14	66084000	66092000	Region32		-0.906667538953678	-0.935014336610892	0	0	0	0	0	0
Ephx2_R37	14	66092000	66100000	Region33		-1.3859244716026	-0.592300894927155	1	0	0	0	0	0
Ephx2_R37	14	66100000	66108000	Region34		0.372515230404844	-1.54529894000985	0	1	0	0	0	0
Ephx2_R37	14	66108000	66116000	Region35		-0.752075783016745	-2.19289783664146	0	1	0	1	0	0
Ephx2_R37	14	66116000	66124000	Region36		-0.514128273055359	-1.97917083871471	0	1	0	0	0	0
Ephx2_R37	14	66124000	66132000	Region37	Ephx2	NA	NA	NA	NA	NA	NA	NA	NA
Ephx2_R37	14	66132000	66140000	Region38	Chrna2	-2.03734645695754	-5.02824761898386	1	1	1	1	0	1
Ephx2_R37	14	66140000	66148000	Region39		-2.05098657064864	-2.46201825470695	1	1	1	1	0	0
Ephx2_R37	14	66148000	66156000	Region40		-0.771886050199815	-3.12904883746239	0	1	0	1	0	0
Clu_R20	14	65796000	65804000	Region1	Pbk	0.442330786789579	-0.784651090811767	0	0	0	0	0	0
Clu_R20	14	65804000	65812000	Region2	Pbk	-1.13471047794226	0.945552387653947	0	0	0	0	0	0
Clu_R20	14	65812000	65820000	Region3		-3.30993830271632	3.54033689794587	1	0	1	0	0	0
Clu_R20	14	65820000	65828000	Region4		-2.365244391595	2.06929208358817	1	0	1	0	0	0
Clu_R20	14	65828000	65836000	Region5	Esco2; Ccdc25	-3.60969647973654	1.27894936207128	1	0	1	0	0	0
Clu_R20	14	65844000	65852000	Region6		-3.88883224145289	-1.72930945126519	1	1	1	0	0	0
Clu_R20	14	65852000	65860000	Region7		-7.21214695967719	1.04017882916428	1	0	1	0	1	0
Clu_R20	14	65860000	65868000	Region8		-2.72718430143129	0.372374623172437	1	0	1	0	0	0
Clu_R20	14	65868000	65876000	Region9		-3.80982163079845	-0.493907779318035	1	0	1	0	0	0
Clu_R20	14	65876000	65884000	Region10		-2.18172657957681	-1.50416703150604	1	1	1	0	0	0
Clu_R20	14	65884000	65892000	Region11		-1.89021172957202	-0.465878165750915	1	0	0	0	0	0
Clu_R20	14	65900000	65908000	Region12		-1.11498040794577	-0.932301435454989	0	0	0	0	0	0
Clu_R20	14	65908000	65916000	Region13		0.324918637051466	-0.521494259989513	0	0	0	0	0	0
Clu_R20	14	65916000	65924000	Region14		-2.07535993034495	1.13033977215605	1	0	1	0	0	0
Clu_R20	14	65924000	65932000	Region15		-0.496577536418422	1.00865712384951	0	0	0	0	0	0
Clu_R20	14	65932000	65940000	Region16		0.610593588673665	1.29469728686737	0	0	0	0	0	0
Clu_R20	14	65940000	65948000	Region17		-2.24323598471199	3.28510727699976	1	0	1	0	0	0
Clu_R20	14	65948000	65956000	Region18	Scara3	-1.41751267495751	2.67939606435249	1	0	0	0	0	0
Clu_R20	14	65956000	65964000	Region19	Gm19222	-1.34195905938363	-0.715312241767836	1	0	0	0	0	0
Clu_R20	14	65964000	65972000	Region20	Gm19222; Clu	NA	NA	NA	NA	NA	NA	NA	NA
Clu_R20	14	65972000	65980000	Region21		-1.22128455942568	4.17885874806823	0	0	0	0	0	0
Clu_R20	14	65980000	65988000	Region22		0.367179544996134	6.16402418842184	0	0	0	0	0	0
Clu_R20	14	65996000	66004000	Region23		1.18582078579632	7.06958728968372	0	0	0	0	0	0
Clu_R20	14	66004000	66012000	Region24	Gulo	0.918396776432009	5.87211234676435	0	0	0	0	0	0
Clu_R20	14	66012000	66020000	Region25		0.635672871290137	7.27020870968955	0	0	0	0	0	0
Clu_R20	14	66020000	66028000	Region26		1.57470934766074	1.22053946879449	0	0	0	0	0	0
Clu_R20	14	66028000	66036000	Region27		1.49206656244194	4.66492613631283	0	0	0	0	0	0
Clu_R20	14	66036000	66044000	Region28	Gm10233	1.21685371743564	4.04958052772631	0	0	0	0	0	0
Clu_R20	14	66052000	66060000	Region29		2.87789243046614	0.544881965630564	0	0	0	0	0	0
Clu_R20	14	66068000	66076000	Region30		1.41584685116473	2.40190663781232	0	0	0	0	0	0
Clu_R20	14	66076000	66084000	Region31	Adam2	1.88008165673876	0.740339967168468	0	0	0	0	0	0
Clu_R20	14	66084000	66092000	Region32		0.595974079711071	1.25328489750967	0	0	0	0	0	0
Clu_R20	14	66092000	66100000	Region33		1.45780792299505	0.787036793469577	0	0	0	0	0	0
Clu_R20	14	66100000	66108000	Region34		2.06312750944012	0.623206574440159	0	0	0	0	0	0
Clu_R20	14	66108000	66116000	Region35		1.98624721897709	-0.446057486058791	0	0	0	0	0	0
Clu_R20	14	66116000	66124000	Region36		1.57599698001725	-0.427706719826632	0	0	0	0	0	0
Clu_R20	14	66124000	66132000	Region37	Ephx2	0.481042150667055	-2.87692225064131	0	1	0	1	0	0
Clu_R20	14	66132000	66140000	Region38	Chrna2	-0.315154007656211	-0.334068946237043	0	0	0	0	0	0
Clu_R20	14	66140000	66148000	Region39		-0.404110678970187	1.07918234780591	0	0	0	0	0	0
Clu_R20	14	66148000	66156000	Region40		0.354605744996761	1.35772854617754	0	0	0	0	0	0
Esco2_R5	14	65796000	65804000	Region1	Pbk	0.375037927911109	-2.43659606146684	0	1	0	1	0	0
Esco2_R5	14	65804000	65812000	Region2	Pbk	0.302420516152125	-2.45471554104886	0	1	0	1	0	0
Esco2_R5	14	65812000	65820000	Region3		-0.304099802002595	-3.20662360508162	0	1	0	1	0	0
Esco2_R5	14	65820000	65828000	Region4		-1.84839175919623	-0.379689926849394	1	0	0	0	0	0
Esco2_R5	14	65828000	65836000	Region5	Esco2; Ccdc25	NA	NA	NA	NA	NA	NA	NA	NA
Esco2_R5	14	65844000	65852000	Region6		0.41709900440858	0.733382673946386	0	0	0	0	0	0
Esco2_R5	14	65852000	65860000	Region7		-0.411700088007956	2.60220565140156	0	0	0	0	0	0
Esco2_R5	14	65860000	65868000	Region8		0.592977577548556	2.10187274182354	0	0	0	0	0	0
Esco2_R5	14	65868000	65876000	Region9		-0.715330401632063	3.40481647427734	0	0	0	0	0	0
Esco2_R5	14	65876000	65884000	Region10		1.95016054408889	-0.39188013763595	0	0	0	0	0	0
Esco2_R5	14	65884000	65892000	Region11		-0.366909055023456	2.66506022578484	0	0	0	0	0	0
Esco2_R5	14	65900000	65908000	Region12		0.538184286236395	2.96753639252142	0	0	0	0	0	0
Esco2_R5	14	65908000	65916000	Region13		-0.404578106115656	3.34051523087016	0	0	0	0	0	0
Esco2_R5	14	65916000	65924000	Region14		-0.324912779182014	3.41288589982136	0	0	0	0	0	0
Esco2_R5	14	65924000	65932000	Region15		-0.479173186440663	2.23110381183095	0	0	0	0	0	0
Esco2_R5	14	65932000	65940000	Region16		0.551738113359719	1.68932328273892	0	0	0	0	0	0
Esco2_R5	14	65940000	65948000	Region17		-0.953557588777307	2.45367171424975	0	0	0	0	0	0
Esco2_R5	14	65948000	65956000	Region18	Scara3	-3.08896652909757	3.74789415602181	1	0	1	0	0	0
Esco2_R5	14	65956000	65964000	Region19	Gm19222	-1.65965820775248	-0.386641677751862	1	0	0	0	0	0
Esco2_R5	14	65964000	65972000	Region20	Gm19222; Clu	-3.60969647973654	1.27894936207128	1	0	1	0	0	0
Esco2_R5	14	65972000	65980000	Region21		-2.46587906840201	3.88896880651495	1	0	1	0	0	0
Esco2_R5	14	65980000	65988000	Region22		0.592890246002675	0.792906854419926	0	0	0	0	0	0
Esco2_R5	14	65996000	66004000	Region23		-0.580882167898686	0.407772161265712	0	0	0	0	0	0
Esco2_R5	14	66004000	66012000	Region24	Gulo	-0.359244034770272	-0.386692659300045	0	0	0	0	0	0
Esco2_R5	14	66012000	66020000	Region25		-0.531764063305276	0.553631459121538	0	0	0	0	0	0
Esco2_R5	14	66020000	66028000	Region26		-0.649915669269211	0.638279628789129	0	0	0	0	0	0
Esco2_R5	14	66028000	66036000	Region27		0.339875807010034	0.647541600043152	0	0	0	0	0	0
Esco2_R5	14	66036000	66044000	Region28	Gm10233	0.883187455186542	-0.462033944698211	0	0	0	0	0	0
Esco2_R5	14	66052000	66060000	Region29		0.47855531979225	0.453969315263542	0	0	0	0	0	0
Esco2_R5	14	66068000	66076000	Region30		1.45173310750498	-0.889199375719192	0	0	0	0	0	0
Esco2_R5	14	66076000	66084000	Region31	Adam2	2.13071347980097	-1.78007603084694	0	1	0	0	0	0
Esco2_R5	14	66084000	66092000	Region32		-0.347118127961107	-0.391891587693689	0	0	0	0	0	0
Esco2_R5	14	66092000	66100000	Region33		0.915727639573673	-1.69825550908505	0	1	0	0	0	0
Esco2_R5	14	66100000	66108000	Region34		0.509995195781839	-1.08172806146426	0	0	0	0	0	0
Esco2_R5	14	66108000	66116000	Region35		-0.39637035731595	-0.307837539474048	0	0	0	0	0	0
Esco2_R5	14	66116000	66124000	Region36		0.40610496110766	-0.827747845676126	0	0	0	0	0	0
Esco2_R5	14	66124000	66132000	Region37	Ephx2	-1.59132902600375	-0.853051694869358	1	0	0	0	0	0
Esco2_R5	14	66132000	66140000	Region38	Chrna2	0.808847509461611	-1.83819062216622	0	1	0	0	0	0
Esco2_R5	14	66140000	66148000	Region39		0.362404679284122	-0.644717407727204	0	0	0	0	0	0
Esco2_R5	14	66148000	66156000	Region40		0.503490008929502	-0.880513978987162	0	0	0	0	0	0
Scara3_R18	14	65796000	65804000	Region1	Pbk	0.567515846644055	0.447086937638903	0	0	0	0	0	0
Scara3_R18	14	65804000	65812000	Region2	Pbk	-0.610534696753724	0.902147964182477	0	0	0	0	0	0
Scara3_R18	14	65812000	65820000	Region3		-1.52927019278629	3.5547588009464	1	0	0	0	0	0
Scara3_R18	14	65820000	65828000	Region4		-1.48585427217533	3.32579531599325	1	0	0	0	0	0
Scara3_R18	14	65828000	65836000	Region5	Esco2; Ccdc25	-3.08896652909757	3.74789415602181	1	0	1	0	0	0
Scara3_R18	14	65844000	65852000	Region6		-4.71361730627279	0.799365691365076	1	0	1	0	0	0
Scara3_R18	14	65852000	65860000	Region7		-2.19122746254092	1.17551181604343	1	0	1	0	0	0
Scara3_R18	14	65860000	65868000	Region8		-3.11131619570852	3.43275762707269	1	0	1	0	0	0
Scara3_R18	14	65868000	65876000	Region9		-6.69150417017738	3.32838921457209	1	0	1	0	1	0
Scara3_R18	14	65876000	65884000	Region10		-2.28219313279983	0.375507284904016	1	0	1	0	0	0
Scara3_R18	14	65884000	65892000	Region11		-2.35456915924047	1.3670161294387	1	0	1	0	0	0
Scara3_R18	14	65900000	65908000	Region12		-1.11348336053498	-0.807179366009779	0	0	0	0	0	0
Scara3_R18	14	65908000	65916000	Region13		-0.411242199897896	-0.951644136275527	0	0	0	0	0	0
Scara3_R18	14	65916000	65924000	Region14		-1.72078195050572	0.456160032152108	1	0	0	0	0	0
Scara3_R18	14	65924000	65932000	Region15		-1.37574861860584	-0.790030375545734	1	0	0	0	0	0
Scara3_R18	14	65932000	65940000	Region16		-0.67189923207265	-0.68006758684928	0	0	0	0	0	0
Scara3_R18	14	65940000	65948000	Region17		-3.96317466201879	-0.849550243956531	1	0	1	0	0	0
Scara3_R18	14	65948000	65956000	Region18	Scara3	NA	NA	NA	NA	NA	NA	NA	NA
Scara3_R18	14	65956000	65964000	Region19	Gm19222	0.554676522566386	-1.84338443265396	0	1	0	0	0	0
Scara3_R18	14	65964000	65972000	Region20	Gm19222; Clu	-1.41751267495751	2.67939606435249	1	0	0	0	0	0
Scara3_R18	14	65972000	65980000	Region21		0.453991297621238	10.4682976454793	0	0	0	0	0	0
Scara3_R18	14	65980000	65988000	Region22		1.74245012190578	7.03301494725826	0	0	0	0	0	0
Scara3_R18	14	65996000	66004000	Region23		2.08798017142981	6.8549794116139	0	0	0	0	0	0
Scara3_R18	14	66004000	66012000	Region24	Gulo	1.98678365605046	5.93478989010423	0	0	0	0	0	0
Scara3_R18	14	66012000	66020000	Region25		2.50456394054057	5.91399319090406	0	0	0	0	0	0
Scara3_R18	14	66020000	66028000	Region26		2.62703159198876	5.52336284972979	0	0	0	0	0	0
Scara3_R18	14	66028000	66036000	Region27		1.32998150606034	5.47059050879105	0	0	0	0	0	0
Scara3_R18	14	66036000	66044000	Region28	Gm10233	2.30769585462478	2.88763192659085	0	0	0	0	0	0
Scara3_R18	14	66052000	66060000	Region29		6.01455179227152	0.859630644280516	0	0	0	0	0	0
Scara3_R18	14	66068000	66076000	Region30		4.10723761844554	1.27358675591393	0	0	0	0	0	0
Scara3_R18	14	66076000	66084000	Region31	Adam2	2.3586532749875	2.11261693303868	0	0	0	0	0	0
Scara3_R18	14	66084000	66092000	Region32		1.28535436850289	2.2415263529412	0	0	0	0	0	0
Scara3_R18	14	66092000	66100000	Region33		2.96285011156892	1.78208690436166	0	0	0	0	0	0
Scara3_R18	14	66100000	66108000	Region34		2.91500950073226	0.909721288981717	0	0	0	0	0	0
Scara3_R18	14	66108000	66116000	Region35		4.41062937740535	0.432185719919898	0	0	0	0	0	0
Scara3_R18	14	66116000	66124000	Region36		4.36720701772301	0.301542145320771	0	0	0	0	0	0
Scara3_R18	14	66124000	66132000	Region37	Ephx2	0.9852130143315	-0.704164066741083	0	0	0	0	0	0
Scara3_R18	14	66132000	66140000	Region38	Chrna2	2.27626915988834	-0.35173944572702	0	0	0	0	0	0
Scara3_R18	14	66140000	66148000	Region39		1.74277942046111	1.29159991374148	0	0	0	0	0	0
Scara3_R18	14	66148000	66156000	Region40		1.17533885884301	1.89709132147044	0	0	0	0	0	0
Agr2_R19	12	35807907	35817907	Region1		0.498500513406963	0.64025362447166	0	0	0	0	0	0
Agr2_R19	12	35817907	35827907	Region2	Gm9472	-1.43759091915976	0.786054138082191	1	0	0	0	0	0
Agr2_R19	12	35827907	35837907	Region3		-1.01020017013407	0.33821120921906	0	0	0	0	0	0
Agr2_R19	12	35837907	35847907	Region4		-1.27368326896331	0.371926100688677	0	0	0	0	0	0
Agr2_R19	12	35847907	35857907	Region5		0.32217498237079	0.39399686168664	0	0	0	0	0	0
Agr2_R19	12	35857907	35867907	Region6		-0.433156622442744	0.803072573360355	0	0	0	0	0	0
Agr2_R19	12	35867907	35877907	Region7		-2.07782641565695	0.877561076899471	1	0	1	0	0	0
Agr2_R19	12	35877907	35887907	Region8		-1.58294049644501	-1.08940296305128	1	0	0	0	0	0
Agr2_R19	12	35887907	35897907	Region9		-0.911815891458496	-4.62202596822009	0	1	0	1	0	0
Agr2_R19	12	35897907	35907907	Region10		-1.87983935021983	-2.68564378466057	1	1	0	1	0	0
Agr2_R19	12	35907907	35917907	Region11		-1.21656351011976	-2.31694111889508	0	1	0	1	0	0
Agr2_R19	12	35917907	35927907	Region12	Agr3	-1.14964499826683	-1.08553291955479	0	0	0	0	0	0
Agr2_R19	12	35927907	35937907	Region13		-1.63179903808453	0.339516137658571	1	0	0	0	0	0
Agr2_R19	12	35937907	35947907	Region14		-0.351876512084778	-0.375918269496126	0	0	0	0	0	0
Agr2_R19	12	35947907	35957907	Region15		-0.855194742194504	0.353681736255493	0	0	0	0	0	0
Agr2_R19	12	35957907	35967907	Region16		-0.430048994444166	-0.346915638777974	0	0	0	0	0	0
Agr2_R19	12	35967907	35977907	Region17		-1.41378109168335	0.544552921989456	1	0	0	0	0	0
Agr2_R19	12	35977907	35987907	Region18		-0.863741861338414	-1.72586449040519	0	1	0	0	0	0
Agr2_R19	12	35987907	35997907	Region19	Agr2	NA	NA	NA	NA	NA	NA	NA	NA
Agr2_R19	12	35997907	36007907	Region20		-1.09982215475334	-1.02144205791179	0	0	0	0	0	0
Agr2_R19	12	36007907	36017907	Region21		1.33475058226267	-1.34912154537032	0	1	0	0	0	0
Agr2_R19	12	36017907	36027907	Region22		0.465153111122532	-1.03122137406299	0	0	0	0	0	0
Agr2_R19	12	36027907	36037907	Region23		1.2340744346899	-0.44916480104269	0	0	0	0	0	0
Agr2_R19	12	36037907	36047907	Region24	Tspan13	1.19021168370676	-1.13863766048373	0	0	0	0	0	0
Agr2_R19	12	36047907	36057907	Region25		0.497277917969259	0.459735411060063	0	0	0	0	0	0
Agr2_R19	12	36057907	36067907	Region26		0.85452624716173	-1.63553988184368	0	1	0	0	0	0
Agr2_R19	12	36067907	36077907	Region27		1.31361056085352	-0.435221036280497	0	0	0	0	0	0
Agr2_R19	12	36077907	36087907	Region28		2.55386215499241	-0.903650093230129	0	0	0	0	0	0
Agr2_R19	12	36087907	36097907	Region29	Gm5434	2.10538200845324	-1.62435445440412	0	1	0	0	0	0
Agr2_R19	12	36097907	36107907	Region30		1.44309117897647	-1.31582800734891	0	1	0	0	0	0
Agr2_R19	12	36107907	36117907	Region31	Gm18115	2.17319276367322	-1.7512618248512	0	1	0	0	0	0
Agr2_R19	12	36117907	36127907	Region32		0.721185633772714	-1.86040722265134	0	1	0	0	0	0
Agr2_R19	12	36127907	36137907	Region33		0.616485509382398	-0.458479703327288	0	0	0	0	0	0
Agr2_R19	12	36137907	36147907	Region34		0.411258475265626	-0.708118032444077	0	0	0	0	0	0
Agr2_R19	12	36147907	36157907	Region35	Gm48369; Ankmy2	1.7037501584004	-1.86560869109755	0	1	0	0	0	0
Agr2_R19	12	36157907	36167907	Region36	Bzw2	1.06521925416204	-0.805560252044832	0	0	0	0	0	0
Agr2_R19	12	36167907	36177907	Region37	Gm19046	1.37832468926661	-3.01421644280837	0	1	0	1	0	0
Agr2_R19	12	36177907	36187907	Region38		2.10008710636793	-0.463315409309215	0	0	0	0	0	0
Agr2_R19	12	36187907	36197907	Region39		1.18303096659168	0.945101190341483	0	0	0	0	0	0
Agr2_R19	12	36197907	36207907	Region40		0.737522031009564	0.747330970472053	0	0	0	0	0	0
Olfm4_R21	14	79738081	79750081	Region1	Mir759	1.29009214840809	0.310442778261487	0	0	0	0	0	0
Olfm4_R21	14	79750081	79762081	Region2		1.1203152667757	0.671214980710286	0	0	0	0	0	0
Olfm4_R21	14	79762081	79774081	Region3	Pcdh8; Gm9748	0.862542538098179	0.339276586031369	0	0	0	0	0	0
Olfm4_R21	14	79774081	79786081	Region4		1.37485934809643	-0.388360566430899	0	0	0	0	0	0
Olfm4_R21	14	79786081	79798081	Region5		1.19987420048476	0.489844113020323	0	0	0	0	0	0
Olfm4_R21	14	79798081	79810081	Region6		0.615487453787162	1.29065517528304	0	0	0	0	0	0
Olfm4_R21	14	79810081	79822081	Region7		0.44886642464399	2.76217936616247	0	0	0	0	0	0
Olfm4_R21	14	79822081	79834081	Region8		0.812761898416646	1.66393766790511	0	0	0	0	0	0
Olfm4_R21	14	79834081	79846081	Region9	Gm6999	0.681553975377213	-0.875233867123894	0	0	0	0	0	0
Olfm4_R21	14	79846081	79858081	Region10		0.812715826124009	-0.935141318786585	0	0	0	0	0	0
Olfm4_R21	14	79858081	79870081	Region11	Gm10845	0.340776597037543	-0.318993050677767	0	0	0	0	0	0
Olfm4_R21	14	79870081	79882081	Region12	Gm10845	-0.489235763183907	1.56258828108605	0	0	0	0	0	0
Olfm4_R21	14	79882081	79894081	Region13		-0.547743125115933	0.829578506620095	0	0	0	0	0	0
Olfm4_R21	14	79894081	79906081	Region14	Gm49542	-0.343358278808974	0.398534584599851	0	0	0	0	0	0
Olfm4_R21	14	79906081	79918081	Region15		-1.02536907629315	1.25825326782827	0	0	0	0	0	0
Olfm4_R21	14	79918081	79930081	Region16		-0.628099702226963	1.11304189452132	0	0	0	0	0	0
Olfm4_R21	14	79930081	79942081	Region17		-0.533581739210192	0.541766476393302	0	0	0	0	0	0
Olfm4_R21	14	79942081	79954081	Region18	Gm18605	-1.74909379441949	3.29329940811111	1	0	0	0	0	0
Olfm4_R21	14	79954081	79966081	Region19		-0.592422439078518	0.529764420699622	0	0	0	0	0	0
Olfm4_R21	14	79966081	79978081	Region20		-3.38614916047095	1.53887038108556	1	0	1	0	0	0
Olfm4_R21	14	79978081	79990081	Region21	Olfm4	NA	NA	NA	NA	NA	NA	NA	NA
Olfm4_R21	14	79990081	80002081	Region22		-3.54246345215834	1.50080520195954	1	0	1	0	0	0
Olfm4_R21	14	80002081	80014081	Region23		-1.3630475495652	1.0705444735485	1	0	0	0	0	0
Olfm4_R21	14	80014081	80026081	Region24		-1.47542272036592	3.42710510859537	1	0	0	0	0	0
Olfm4_R21	14	80026081	80038081	Region25		-0.772097382413503	2.55676337258887	0	0	0	0	0	0
Olfm4_R21	14	80038081	80050081	Region26		0.553915717703081	0.771893560630831	0	0	0	0	0	0
Olfm4_R21	14	80050081	80062081	Region27		-0.371961505276084	0.71637974447898	0	0	0	0	0	0
Olfm4_R21	14	80062081	80074081	Region28		-0.518893529581601	0.830288190620742	0	0	0	0	0	0
Olfm4_R21	14	80074081	80086081	Region29		0.642785493380907	0.355694066346035	0	0	0	0	0	0
Olfm4_R21	14	80086081	80098081	Region30		0.787756247583036	0.507550322903222	0	0	0	0	0	0
Olfm4_R21	14	80098081	80110081	Region31		0.30753681911465	0.343885840523449	0	0	0	0	0	0
Olfm4_R21	14	80110081	80122081	Region32		1.83884194773175	-1.9796524894004	0	1	0	0	0	0
Olfm4_R21	14	80122081	80134081	Region33		2.39964115608428	-2.39325957610175	0	1	0	1	0	0
Olfm4_R21	14	80134081	80146081	Region34		0.356513453234863	-1.05042495623121	0	0	0	0	0	0
Olfm4_R21	14	80146081	80158081	Region35		3.04371705497422	-1.26800016083041	0	0	0	0	0	0
Olfm4_R21	14	80158081	80170081	Region36		1.70344786603364	-1.29224229105145	0	0	0	0	0	0
Olfm4_R21	14	80170081	80182081	Region37		2.93482400490731	-4.03137954946709	0	1	0	1	0	0
Olfm4_R21	14	80182081	80194081	Region38		1.11636279645006	-1.04833903393437	0	0	0	0	0	0
Olfm4_R21	14	80194081	80206081	Region39		0.477701447325064	-0.809902844243925	0	0	0	0	0	0
Olfm4_R21	14	80206081	80218081	Region40	Gm17923	1.4295732602758	-2.4027954500531	0	1	0	1	0	0
Anxa8_R18	14	33945981	33953981	Region1	Rbp3	2.04225415968999	0.910621008672112	0	0	0	0	0	0
Anxa8_R18	14	33953981	33961981	Region2	Rbp3	1.65119303141285	1.68029855810523	0	0	0	0	0	0
Anxa8_R18	14	33961981	33969981	Region3		1.25664737964461	2.1856348652317	0	0	0	0	0	0
Anxa8_R18	14	33969981	33977981	Region4		1.21836651119777	1.24925536342967	0	0	0	0	0	0
Anxa8_R18	14	33977981	33985981	Region5	Zfp488	1.12353932454955	3.56536305172857	0	0	0	0	0	0
Anxa8_R18	14	33985981	33993981	Region6		-0.609626051940089	6.3342383626273	0	0	0	0	0	0
Anxa8_R18	14	33993981	34001981	Region7		1.35187349127985	3.46045375552451	0	0	0	0	0	0
Anxa8_R18	14	34001981	34009981	Region8		0.637181721601689	5.28049290102271	0	0	0	0	0	0
Anxa8_R18	14	34009981	34017981	Region9	Gm30083; Gm5460	-1.32531764009671	6.12306896828709	1	0	0	0	0	0
Anxa8_R18	14	34017981	34025981	Region10		0.391764552490889	4.26434102383063	0	0	0	0	0	0
Anxa8_R18	14	34025981	34033981	Region11		-0.452259933698107	3.53199455364543	0	0	0	0	0	0
Anxa8_R18	14	34033981	34041981	Region12		0.345557977039434	3.18412335673584	0	0	0	0	0	0
Anxa8_R18	14	34041981	34049981	Region13		0.509722769049609	4.49220441038096	0	0	0	0	0	0
Anxa8_R18	14	34049981	34057981	Region14	Antxrl	-1.15146945997775	6.98358853478841	0	0	0	0	0	0
Anxa8_R18	14	34057981	34065981	Region15		-1.85431123635655	3.38051659118091	1	0	0	0	0	0
Anxa8_R18	14	34065981	34073981	Region16		-2.51197399875138	5.45319185591353	1	0	1	0	0	0
Anxa8_R18	14	34073981	34081981	Region17		-1.50974462074147	-1.87799398327229	1	1	0	0	0	0
Anxa8_R18	14	34081981	34089981	Region18	Gm49129; Anxa8	NA	NA	NA	NA	NA	NA	NA	NA
Anxa8_R18	14	34089981	34097981	Region19		-0.479600073650551	-1.95955612444074	0	1	0	0	0	0
Anxa8_R18	14	34097981	34105981	Region20	A630023A22Rik; Gm24998	-3.00738543550068	-1.43313489898049	1	1	1	0	0	0
Anxa8_R18	14	34105981	34113981	Region21	Gm24998	-0.873942729221286	0.446367738453864	0	0	0	0	0	0
Anxa8_R18	14	34113981	34121981	Region22	Gm30556	-0.635267107652366	1.71287834083038	0	0	0	0	0	0
Anxa8_R18	14	34121981	34129981	Region23		-0.584678600328823	0.778902045324866	0	0	0	0	0	0
Anxa8_R18	14	34129981	34137981	Region24	Gm7778	-0.453599300112122	0.856715395735072	0	0	0	0	0	0
Anxa8_R18	14	34137981	34145981	Region25	Gm7778	-0.795532753940698	0.924092105035955	0	0	0	0	0	0
Anxa8_R18	14	34145981	34153981	Region26	Npy4r	-2.07185136812913	-0.861757371310012	1	0	1	0	0	0
Anxa8_R18	14	34153981	34161981	Region27	Npy4r	-2.32443959698734	-0.49936268267007	1	0	1	0	0	0
Anxa8_R18	14	34161981	34169981	Region28	Rpl23a-ps3	-0.735594385188925	0.442488136984226	0	0	0	0	0	0
Anxa8_R18	14	34169981	34177981	Region29	Rpl23a-ps3; Gm18884	-0.599711043512684	0.406247972426533	0	0	0	0	0	0
Anxa8_R18	14	34177981	34185981	Region30	Gm18884	-0.453341379410019	-0.586298906393362	0	0	0	0	0	0
Anxa8_R18	14	34185981	34193981	Region31		-0.446465914870362	-1.74208681190761	0	1	0	0	0	0
Anxa8_R18	14	34193981	34201981	Region32	Gprin2	-0.368418316478805	-1.72790472019173	0	1	0	0	0	0
Anxa8_R18	14	34201981	34209981	Region33	Gprin2	-0.547289749569892	-1.72585680520266	0	1	0	0	0	0
Anxa8_R18	14	34209981	34217981	Region34	Gm49168; Syt15	0.425544540285035	-3.5126361407628	0	1	0	1	0	0
Anxa8_R18	14	34217981	34225981	Region35	Gm49168; Syt15	2.48386783852597	-5.65023859079532	0	1	0	1	0	1
Anxa8_R18	14	34225981	34233981	Region36	Gm49201	-0.332491468629769	-3.22981593583757	0	1	0	1	0	0
Anxa8_R18	14	34233981	34241981	Region37		-1.31900862382436	-5.61538700245932	1	1	0	1	0	1
Anxa8_R18	14	34241981	34249981	Region38		0.500260580983647	-1.3552040625117	0	1	0	0	0	0
Anxa8_R18	14	34249981	34257981	Region39		0.431476563100863	0.341558084631881	0	0	0	0	0	0
Anxa8_R18	14	34257981	34265981	Region40	Gm18813; Gm49203	1.33326828880488	-0.342715907033454	0	0	0	0	0	0
Trip13_R34	13	73599865	73609865	Region1	Clptm1l	-0.591893307548319	0.972661683191881	0	0	0	0	0	0
Trip13_R34	13	73609865	73619865	Region2		0.933797669204747	0.35227278786783	0	0	0	0	0	0
Trip13_R34	13	73619865	73629865	Region3	Tert	-0.538098824469052	0.785115796780489	0	0	0	0	0	0
Trip13_R34	13	73629865	73639865	Region4		-0.462639263108277	-0.666795735292304	0	0	0	0	0	0
Trip13_R34	13	73639865	73649865	Region5		-0.531908664659154	-1.06699078060766	0	0	0	0	0	0
Trip13_R34	13	73649865	73659865	Region6		-0.366332843698394	-0.445341941258678	0	0	0	0	0	0
Trip13_R34	13	73659865	73669865	Region7		-0.366490159817011	0.782424135161065	0	0	0	0	0	0
Trip13_R34	13	73669865	73679865	Region8	Slc6a18	0.308658300692916	1.04225881320955	0	0	0	0	0	0
Trip13_R34	13	73679865	73689865	Region9	Slc6a18	0.835692122878212	0.470443813144026	0	0	0	0	0	0
Trip13_R34	13	73689865	73699865	Region10	Slc6a19os	0.448647110754062	-0.923723813672032	0	0	0	0	0	0
Trip13_R34	13	73699865	73709865	Region11	Slc6a19	-0.572317602876683	-0.941694039253061	0	0	0	0	0	0
Trip13_R34	13	73709865	73719865	Region12		-1.10189516968366	-0.866038355057462	0	0	0	0	0	0
Trip13_R34	13	73719865	73729865	Region13		-0.405312138996453	-1.44134810415264	0	1	0	0	0	0
Trip13_R34	13	73729865	73739865	Region14	Slc12a7	0.595107310113001	-3.34881541463692	0	1	0	1	0	0
Trip13_R34	13	73739865	73749865	Region15		0.892965445985266	-0.471651372456039	0	0	0	0	0	0
Trip13_R34	13	73749865	73759865	Region16		1.01724114903188	0.46890030214639	0	0	0	0	0	0
Trip13_R34	13	73759865	73769865	Region17		1.41987877323466	0.469868463079776	0	0	0	0	0	0
Trip13_R34	13	73769865	73779865	Region18		1.73264039403884	0.452589917404695	0	0	0	0	0	0
Trip13_R34	13	73779865	73789865	Region19		1.23791888836471	-1.19400413562073	0	0	0	0	0	0
Trip13_R34	13	73789865	73799865	Region20		0.911309404444975	-0.332485516444811	0	0	0	0	0	0
Trip13_R34	13	73799865	73809865	Region21		3.12905419506183	-1.36183867898439	0	1	0	0	0	0
Trip13_R34	13	73809865	73819865	Region22		1.13593493450487	-1.46140147878102	0	1	0	0	0	0
Trip13_R34	13	73819865	73829865	Region23	Gm8062	-0.352667880175583	-1.75803949824572	0	1	0	0	0	0
Trip13_R34	13	73829865	73839865	Region24	Gm8062	-1.24110330610372	-1.72975489692351	0	1	0	0	0	0
Trip13_R34	13	73839865	73849865	Region25	Nkd2	0.377058159413147	-1.80576988287086	0	1	0	0	0	0
Trip13_R34	13	73849865	73859865	Region26		0.49376996850272	-2.42871944889839	0	1	0	1	0	0
Trip13_R34	13	73859865	73869865	Region27		0.949510161123672	-1.76203956631053	0	1	0	0	0	0
Trip13_R34	13	73869865	73879865	Region28		-1.21608554629112	0.412601920115195	0	0	0	0	0	0
Trip13_R34	13	73879865	73889865	Region29		-0.953328765998378	0.817496547194859	0	0	0	0	0	0
Trip13_R34	13	73889865	73899865	Region30		-4.13273970099143	1.95375719145876	1	0	1	0	0	0
Trip13_R34	13	73899865	73909865	Region31		-1.28160562896302	0.47921950672761	0	0	0	0	0	0
Trip13_R34	13	73909865	73919865	Region32		-3.88864131077532	0.575326474517858	1	0	1	0	0	0
Trip13_R34	13	73919865	73929865	Region33	Gm25197	-1.29588430305051	-1.98581879071374	0	1	0	0	0	0
Trip13_R34	13	73929865	73939865	Region34	Trip13; Brd9	NA	NA	NA	NA	NA	NA	NA	NA
Trip13_R34	13	73939865	73949865	Region35		-1.73689303320917	-3.33205232050889	1	1	0	1	0	0
Trip13_R34	13	73949865	73959865	Region36		-0.964443283802557	-0.514636212680763	0	0	0	0	0	0
Trip13_R34	13	73959865	73969865	Region37	Gm41002; Zdhhc11	-1.99367114523365	1.99842784086666	1	0	0	0	0	0
Trip13_R34	13	73969865	73979865	Region38		-1.71492998657719	-0.471600557548044	1	0	0	0	0	0
Trip13_R34	13	73979865	73989865	Region39	Gm10126	-0.429403097951093	0.402408306880978	0	0	0	0	0	0
Trip13_R34	13	73989865	73999865	Region40	Gm10126	-1.19850094018883	1.56458114577269	0	0	0	0	0	0
Slc6a19_R11	13	73599865	73609865	Region1	Clptm1l	0.554341559300664	-0.370430453835917	0	0	0	0	0	0
Slc6a19_R11	13	73609865	73619865	Region2		-0.668484577975221	1.99959214656135	0	0	0	0	0	0
Slc6a19_R11	13	73619865	73629865	Region3	Tert	0.375851553692034	-0.47811973597834	0	0	0	0	0	0
Slc6a19_R11	13	73629865	73639865	Region4		-0.778133165348471	-1.08928904161153	0	0	0	0	0	0
Slc6a19_R11	13	73639865	73649865	Region5		-4.32198268250493	-0.872004817775237	1	0	1	0	0	0
Slc6a19_R11	13	73649865	73659865	Region6		-2.02872281744334	0.359258283054865	1	0	1	0	0	0
Slc6a19_R11	13	73659865	73669865	Region7		-0.459510942249182	0.656595026399596	0	0	0	0	0	0
Slc6a19_R11	13	73669865	73679865	Region8	Slc6a18	-0.490856537007937	1.68053876245742	0	0	0	0	0	0
Slc6a19_R11	13	73679865	73689865	Region9	Slc6a18	-0.331779889164647	5.5534259679944	0	0	0	0	0	0
Slc6a19_R11	13	73689865	73699865	Region10	Slc6a19os	-0.928988242908711	-0.481424840886226	0	0	0	0	0	0
Slc6a19_R11	13	73699865	73709865	Region11	Slc6a19	NA	NA	NA	NA	NA	NA	NA	NA
Slc6a19_R11	13	73709865	73719865	Region12		-1.61049256611312	-0.801395619313659	1	0	0	0	0	0
Slc6a19_R11	13	73719865	73729865	Region13		1.04340660972702	0.879650494379332	0	0	0	0	0	0
Slc6a19_R11	13	73729865	73739865	Region14	Slc12a7	0.320551595240519	0.400077633982965	0	0	0	0	0	0
Slc6a19_R11	13	73739865	73749865	Region15		0.815214318747107	0.919092743621377	0	0	0	0	0	0
Slc6a19_R11	13	73749865	73759865	Region16		-0.59116785133197	4.42984251115357	0	0	0	0	0	0
Slc6a19_R11	13	73759865	73769865	Region17		1.58613756677006	4.96325356008933	0	0	0	0	0	0
Slc6a19_R11	13	73769865	73779865	Region18		0.780733604511891	3.10283527522238	0	0	0	0	0	0
Slc6a19_R11	13	73779865	73789865	Region19		0.506009112337003	0.727304361975852	0	0	0	0	0	0
Slc6a19_R11	13	73789865	73799865	Region20		0.580043951363478	1.24057004789992	0	0	0	0	0	0
Slc6a19_R11	13	73799865	73809865	Region21		-0.572984197459212	1.55288030788679	0	0	0	0	0	0
Slc6a19_R11	13	73809865	73819865	Region22		-0.344024087609101	0.457446816466996	0	0	0	0	0	0
Slc6a19_R11	13	73819865	73829865	Region23	Gm8062	-2.11841822229257	0.725033129306901	1	0	1	0	0	0
Slc6a19_R11	13	73829865	73839865	Region24	Gm8062	-1.12199626354872	0.371903768020958	0	0	0	0	0	0
Slc6a19_R11	13	73839865	73849865	Region25	Nkd2	-0.964026147984871	0.560857755088504	0	0	0	0	0	0
Slc6a19_R11	13	73849865	73859865	Region26		-0.650240152114225	0.667038338724714	0	0	0	0	0	0
Slc6a19_R11	13	73859865	73869865	Region27		-0.742824531026596	-0.536831262150123	0	0	0	0	0	0
Slc6a19_R11	13	73869865	73879865	Region28		0.572462880850366	-1.15926756437326	0	0	0	0	0	0
Slc6a19_R11	13	73879865	73889865	Region29		0.359665958377911	-0.873702685498154	0	0	0	0	0	0
Slc6a19_R11	13	73889865	73899865	Region30		-0.721474091294797	-0.672006417377345	0	0	0	0	0	0
Slc6a19_R11	13	73899865	73909865	Region31		0.306553176956406	-1.15377501955397	0	0	0	0	0	0
Slc6a19_R11	13	73909865	73919865	Region32		-1.78935502603466	-0.550331431930407	1	0	0	0	0	0
Slc6a19_R11	13	73919865	73929865	Region33	Gm25197	-0.581168222835699	-0.531975859381643	0	0	0	0	0	0
Slc6a19_R11	13	73929865	73939865	Region34	Trip13; Brd9	-0.572317602876683	-0.941694039253061	0	0	0	0	0	0
Slc6a19_R11	13	73939865	73949865	Region35		-0.600162025855747	-0.407917187319778	0	0	0	0	0	0
Slc6a19_R11	13	73949865	73959865	Region36		-0.540133927721598	0.894393839319341	0	0	0	0	0	0
Slc6a19_R11	13	73959865	73969865	Region37	Gm41002; Zdhhc11	0.848924653996262	-1.14697460828382	0	0	0	0	0	0
Slc6a19_R11	13	73969865	73979865	Region38		3.07337866572493	-1.17497581545851	0	0	0	0	0	0
Slc6a19_R11	13	73979865	73989865	Region39	Gm10126	1.36454761811128	0.705619797923839	0	0	0	0	0	0
Slc6a19_R11	13	73989865	73999865	Region40	Gm10126	1.83256717347734	0.685765654873691	0	0	0	0	0	0
Myc_R28	15	61435391	61455391	Region1		-1.4874302770471	-0.913166130624479	1	0	0	0	0	0
Myc_R28	15	61455391	61475391	Region2		-0.560832256599478	-0.332581592303975	0	0	0	0	0	0
Myc_R28	15	61475391	61495391	Region3		-0.368201697572942	-0.620051140675124	0	0	0	0	0	0
Myc_R28	15	61495391	61515391	Region4		-0.653564950518397	-0.390836476242649	0	0	0	0	0	0
Myc_R28	15	61515391	61535391	Region5		0.743589038516437	-2.3727208058637	0	1	0	1	0	0
Myc_R28	15	61535391	61555391	Region6	Gm49498	0.719332620852701	-1.42942973396473	0	1	0	0	0	0
Myc_R28	15	61555391	61575391	Region7		-0.412364745515609	-0.491506734085657	0	0	0	0	0	0
Myc_R28	15	61575391	61595391	Region8		-0.687760913241044	0.394277806990341	0	0	0	0	0	0
Myc_R28	15	61595391	61615391	Region9		-0.692297268145238	-1.41333661565548	0	1	0	0	0	0
Myc_R28	15	61615391	61635391	Region10		0.603417933232585	-2.04332384095212	0	1	0	1	0	0
Myc_R28	15	61635391	61655391	Region11		-0.619079972197582	-1.21007585938492	0	0	0	0	0	0
Myc_R28	15	61655391	61675391	Region12		0.758793199681956	-1.9517499629647	0	1	0	0	0	0
Myc_R28	15	61675391	61695391	Region13		0.971049058675531	-1.74030657589098	0	1	0	0	0	0
Myc_R28	15	61695391	61715391	Region14		0.812105290809395	-2.085199377573	0	1	0	1	0	0
Myc_R28	15	61715391	61735391	Region15		-0.345370708591588	-1.65124188522373	0	1	0	0	0	0
Myc_R28	15	61735391	61755391	Region16		0.828516809378333	-2.26884776573888	0	1	0	1	0	0
Myc_R28	15	61755391	61775391	Region17	D030024E09Rik	-1.41533497717308	-1.28044657700205	1	0	0	0	0	0
Myc_R28	15	61775391	61795391	Region18	D030024E09Rik	0.427044690602063	-5.65975527865282	0	1	0	1	0	1
Myc_R28	15	61795391	61815391	Region19		0.570616115555612	-1.92918005140454	0	1	0	0	0	0
Myc_R28	15	61815391	61835391	Region20	Gm18154	1.75846535447807	-3.03283675371082	0	1	0	1	0	0
Myc_R28	15	61835391	61855391	Region21		-0.967109074290899	-2.39254447251621	0	1	0	1	0	0
Myc_R28	15	61855391	61875391	Region22		1.18426340097482	-0.583905607199103	0	0	0	0	0	0
Myc_R28	15	61875391	61895391	Region23		1.89688105919773	-0.57766716045082	0	0	0	0	0	0
Myc_R28	15	61895391	61915391	Region24		2.40324914817305	-0.326311103224026	0	0	0	0	0	0
Myc_R28	15	61915391	61935391	Region25		1.92329484321317	0.941331662106222	0	0	0	0	0	0
Myc_R28	15	61935391	61955391	Region26		3.63083669880306	0.910993379148551	0	0	0	0	0	0
Myc_R28	15	61955391	61975391	Region27		2.27710788316934	-0.486815356055365	0	0	0	0	0	0
Myc_R28	15	61975391	61995391	Region28	Gm37947; Myc	NA	NA	NA	NA	NA	NA	NA	NA
Myc_R28	15	61995391	62015391	Region29		0.847510985293292	1.27476748487774	0	0	0	0	0	0
Myc_R28	15	62015391	62035391	Region30		-0.432566392516075	2.24747273005123	0	0	0	0	0	0
Myc_R28	15	62035391	62055391	Region31	Pvt1; Gm27913	0.550317634692787	-1.25995636640935	0	0	0	0	0	0
Myc_R28	15	62055391	62075391	Region32		-0.878380175269319	0.373168126864614	0	0	0	0	0	0
Myc_R28	15	62075391	62095391	Region33	Gm27782	-3.79218269861038	0.656573934128677	1	0	1	0	0	0
Myc_R28	15	62095391	62115391	Region34	Gm27718	-6.1484811799525	0.409858668299069	1	0	1	0	1	0
Myc_R28	15	62115391	62135391	Region35		-4.33084578785898	0.39862618261915	1	0	1	0	0	0
Myc_R28	15	62135391	62155391	Region36		-3.88314296879812	-1.58438496532707	1	1	1	0	0	0
Myc_R28	15	62155391	62175391	Region37	Gm27957	-7.36241151273413	2.6434475887295	1	0	1	0	1	0
Myc_R28	15	62175391	62195391	Region38	Gm27957	-6.06125392737062	1.79614369342007	1	0	1	0	1	0
Myc_R28	15	62195391	62215391	Region39		-3.27899568844452	-1.65024372993653	1	1	1	0	0	0
Myc_R28	15	62215391	62235391	Region40	Macroh2a3	-2.56825424968304	-0.803720312904779	1	0	1	0	0	0
Mycn_R27	12	12411914	12431914	Region1		-0.968523669330246	-3.02583880888083	0	1	0	1	0	0
Mycn_R27	12	12431914	12451914	Region2		-1.9190337535746	0.500130274706054	1	0	0	0	0	0
Mycn_R27	12	12451914	12471914	Region3		-0.820174755698366	1.07694408992966	0	0	0	0	0	0
Mycn_R27	12	12471914	12491914	Region4		0.408920118069916	-0.492825433907611	0	0	0	0	0	0
Mycn_R27	12	12491914	12511914	Region5		-0.539736793769606	-1.22698202256647	0	0	0	0	0	0
Mycn_R27	12	12511914	12531914	Region6		-0.439504695636067	-1.46538995421237	0	1	0	0	0	0
Mycn_R27	12	12531914	12551914	Region7		-0.460568503620758	-2.09952062745757	0	1	0	1	0	0
Mycn_R27	12	12551914	12571914	Region8		-5.9556042076596	-1.57738878176436	1	1	1	0	1	0
Mycn_R27	12	12571914	12591914	Region9		0.570894310796512	-2.89698751539963	0	1	0	1	0	0
Mycn_R27	12	12591914	12611914	Region10		0.466958165580153	-1.14924041948863	0	0	0	0	0	0
Mycn_R27	12	12611914	12631914	Region11		-1.27580739478933	-3.45502625176414	0	1	0	1	0	0
Mycn_R27	12	12631914	12651914	Region12		-0.477931803125852	-3.47063567218151	0	1	0	1	0	0
Mycn_R27	12	12651914	12671914	Region13	AC107703.1	0.676595894143922	-4.72877234175811	0	1	0	1	0	0
Mycn_R27	12	12671914	12691914	Region14	AC107703.1; Gm27952	2.08491003028047	-4.06965043113808	0	1	0	1	0	0
Mycn_R27	12	12691914	12711914	Region15	Gm25538	1.17244589683592	-2.64661230354303	0	1	0	1	0	0
Mycn_R27	12	12711914	12731914	Region16	3732407C23Rik	0.900021168307706	-1.97911263021343	0	1	0	0	0	0
Mycn_R27	12	12731914	12751914	Region17		1.1790274158186	-3.4066408612081	0	1	0	1	0	0
Mycn_R27	12	12751914	12771914	Region18		1.09717729918108	-4.47811366015114	0	1	0	1	0	0
Mycn_R27	12	12771914	12791914	Region19	Platr19	-0.311825202019598	-2.22094863269539	0	1	0	1	0	0
Mycn_R27	12	12791914	12811914	Region20		0.889062929128859	-3.82121112995378	0	1	0	1	0	0
Mycn_R27	12	12811914	12831914	Region21		-0.301536886477778	-5.27410515111602	0	1	0	1	0	1
Mycn_R27	12	12831914	12851914	Region22		4.31043940848739	-3.21843267443317	0	1	0	1	0	0
Mycn_R27	12	12851914	12871914	Region23	Gm48187	0.762526539337049	0.52373044164421	0	0	0	0	0	0
Mycn_R27	12	12871914	12891914	Region24		2.50717524394516	-1.30479125458533	0	1	0	0	0	0
Mycn_R27	12	12891914	12911914	Region25	4930519A11Rik; Gm40271; Rpl36-ps3	2.33469258587943	0.799716735162676	0	0	0	0	0	0
Mycn_R27	12	12911914	12931914	Region26	Rpl36-ps3	0.382015158277648	1.7919583742253	0	0	0	0	0	0
Mycn_R27	12	12931914	12951914	Region27	Mycn; Gm48201	NA	NA	NA	NA	NA	NA	NA	NA
Mycn_R27	12	12951914	12971914	Region28		1.9508682523981	-0.511860003398311	0	0	0	0	0	0
Mycn_R27	12	12971914	12991914	Region29	Gm35208	0.66782207707112	0.582974580579147	0	0	0	0	0	0
Mycn_R27	12	12991914	13011914	Region30		2.03321302870259	-0.43536515198378	0	0	0	0	0	0
Mycn_R27	12	13011914	13031914	Region31		1.41307903867624	-1.30512943914322	0	1	0	0	0	0
Mycn_R27	12	13031914	13051914	Region32		0.938424621880048	-0.533735662907362	0	0	0	0	0	0
Mycn_R27	12	13051914	13071914	Region33	Gm48209	0.383842588522953	-0.45305316141152	0	0	0	0	0	0
Mycn_R27	12	13071914	13091914	Region34		-0.879204610708972	-1.72849529760511	0	1	0	0	0	0
Mycn_R27	12	13091914	13111914	Region35	Gm35298	-0.53973131454906	-1.35961691135502	0	1	0	0	0	0
Mycn_R27	12	13111914	13131914	Region36	Gm48213	-3.23165731562172	-0.348236534951236	1	0	1	0	0	0
Mycn_R27	12	13131914	13151914	Region37	Rpl21-ps2	-1.23311310090729	-1.57131459131717	0	1	0	0	0	0
Mycn_R27	12	13151914	13171914	Region38	Rpl21-ps2; Gm24208	-0.617188175643139	0.620845940523403	0	0	0	0	0	0
Mycn_R27	12	13171914	13191914	Region39		-0.834619492150058	0.359069560358419	0	0	0	0	0	0
Mycn_R27	12	13191914	13211914	Region40		-1.80394771645708	0.38167044238672	1	0	0	0	0	0
Foxq1_R38	13	30993634	31008634	Region1	Gm11371	0.7804179331602	6.50704510698993	0	0	0	0	0	0
Foxq1_R38	13	31008634	31023634	Region2	Gm11371	0.416768771380936	9.14115649231787	0	0	0	0	0	0
Foxq1_R38	13	31023634	31038634	Region3		0.775880213703887	8.61522905842224	0	0	0	0	0	0
Foxq1_R38	13	31038634	31053634	Region4		0.853449193179205	5.42460929191685	0	0	0	0	0	0
Foxq1_R38	13	31053634	31068634	Region5		0.313426724808416	4.54127321398228	0	0	0	0	0	0
Foxq1_R38	13	31068634	31083634	Region6	Gm48662	0.571603916859483	-0.338262259164361	0	0	0	0	0	0
Foxq1_R38	13	31083634	31098634	Region7		-0.693601462682979	0.734155982330341	0	0	0	0	0	0
Foxq1_R38	13	31098634	31113634	Region8		1.0814078450463	0.446076444100356	0	0	0	0	0	0
Foxq1_R38	13	31113634	31128634	Region9		-0.674178541564261	0.618199470119606	0	0	0	0	0	0
Foxq1_R38	13	31128634	31143634	Region10		1.60397977054314	-0.592134891429363	0	0	0	0	0	0
Foxq1_R38	13	31143634	31158634	Region11		-0.403985011665372	2.81876378392917	0	0	0	0	0	0
Foxq1_R38	13	31158634	31173634	Region12		0.71903125381847	1.09495847360831	0	0	0	0	0	0
Foxq1_R38	13	31173634	31188634	Region13		-0.506519661459164	0.577814841543034	0	0	0	0	0	0
Foxq1_R38	13	31188634	31203634	Region14	Gm11372	-1.29494014759359	-0.38048352075824	0	0	0	0	0	0
Foxq1_R38	13	31203634	31218634	Region15		-1.47671202218204	-2.00564265252977	1	1	0	1	0	0
Foxq1_R38	13	31218634	31233634	Region16		-1.98284865370451	0.324517691429612	1	0	0	0	0	0
Foxq1_R38	13	31233634	31248634	Region17	4930401O12Rik	-0.755735691435648	-1.2254175605333	0	0	0	0	0	0
Foxq1_R38	13	31248634	31263634	Region18		-0.56012863425575	-0.399152336430156	0	0	0	0	0	0
Foxq1_R38	13	31263634	31278634	Region19		-0.587680433961714	0.453129367271453	0	0	0	0	0	0
Foxq1_R38	13	31278634	31293634	Region20		-1.38303589629667	1.81264273959311	1	0	0	0	0	0
Foxq1_R38	13	31293634	31308634	Region21		0.308463793474573	-0.802219527267075	0	0	0	0	0	0
Foxq1_R38	13	31308634	31323634	Region22		-1.03119918280405	-0.430743373647836	0	0	0	0	0	0
Foxq1_R38	13	31323634	31338634	Region23	Gm11373	-1.42537103389013	-1.79265331329207	1	1	0	0	0	0
Foxq1_R38	13	31338634	31353634	Region24	Gm22330	-1.38624873895512	-0.786364285673918	1	0	0	0	0	0
Foxq1_R38	13	31353634	31368634	Region25		-2.7205544741647	0.58773651519393	1	0	1	0	0	0
Foxq1_R38	13	31368634	31383634	Region26		-3.83853243370307	2.55516540783369	1	0	1	0	0	0
Foxq1_R38	13	31383634	31398634	Region27	Gm11376	-1.98976903453316	1.0229490568631	1	0	0	0	0	0
Foxq1_R38	13	31398634	31413634	Region28	G630018N14Rik	-1.71419310123874	0.347820523362022	1	0	0	0	0	0
Foxq1_R38	13	31413634	31428634	Region29	Gm23351	-2.76723165952037	1.79051614075699	1	0	1	0	0	0
Foxq1_R38	13	31428634	31443634	Region30		-1.71787677698422	0.795312976628615	1	0	0	0	0	0
Foxq1_R38	13	31443634	31458634	Region31		-2.5632748055778	2.11723193435335	1	0	1	0	0	0
Foxq1_R38	13	31458634	31473634	Region32		-2.15854153924962	0.725296935663961	1	0	1	0	0	0
Foxq1_R38	13	31473634	31488634	Region33		0.399043736425323	-0.908361760283341	0	0	0	0	0	0
Foxq1_R38	13	31488634	31503634	Region34		-1.17246810786491	0.653975443866055	0	0	0	0	0	0
Foxq1_R38	13	31503634	31518634	Region35		-1.13237429785758	-0.462823144060552	0	0	0	0	0	0
Foxq1_R38	13	31518634	31533634	Region36		-0.748479397645448	-2.17382681295373	0	1	0	1	0	0
Foxq1_R38	13	31533634	31548634	Region37		-1.92341647764573	-0.465686412429085	1	0	0	0	0	0
Foxq1_R38	13	31548634	31563634	Region38	A530084C06Rik; Foxq1; Gm11377	NA	NA	NA	NA	NA	NA	NA	NA
Foxq1_R38	13	31563634	31578634	Region39	Gm11377	-0.364099208037785	-2.56901830469194	0	1	0	1	0	0
Foxq1_R38	13	31578634	31593634	Region40		-0.520468837150716	0.408431222003926	0	0	0	0	0	0
Fhit_R23	14	10719535	10739535	Region1	Fhitos	0.917507603000615	3.73839770015788	0	0	0	0	0	0
Fhit_R23	14	10739535	10759535	Region2		1.53490679499606	4.67537398137508	0	0	0	0	0	0
Fhit_R23	14	10759535	10779535	Region3		1.22546012515264	4.63994793339692	0	0	0	0	0	0
Fhit_R23	14	10779535	10799535	Region4	Gm48437	1.20960491162796	3.58634276239991	0	0	0	0	0	0
Fhit_R23	14	10799535	10819535	Region5		1.90549814115821	3.57748881893707	0	0	0	0	0	0
Fhit_R23	14	10819535	10839535	Region6		2.95312522904593	1.94536101752446	0	0	0	0	0	0
Fhit_R23	14	10839535	10859535	Region7		2.58074389163557	1.59336547382722	0	0	0	0	0	0
Fhit_R23	14	10859535	10879535	Region8		2.75317723965824	0.751749653873367	0	0	0	0	0	0
Fhit_R23	14	10879535	10899535	Region9		1.48578989541277	-0.313203844021494	0	0	0	0	0	0
Fhit_R23	14	10899535	10919535	Region10		1.65650123453454	1.59887599436921	0	0	0	0	0	0
Fhit_R23	14	10919535	10939535	Region11		2.57020474190042	1.24501164285197	0	0	0	0	0	0
Fhit_R23	14	10939535	10959535	Region12		3.08313786657544	1.07124561926001	0	0	0	0	0	0
Fhit_R23	14	10959535	10979535	Region13		2.00767989601723	0.519575553876133	0	0	0	0	0	0
Fhit_R23	14	10979535	10999535	Region14		1.06840724683958	2.42714337101975	0	0	0	0	0	0
Fhit_R23	14	10999535	11019535	Region15		3.03816197283822	0.403670925779034	0	0	0	0	0	0
Fhit_R23	14	11019535	11039535	Region16		0.460411751714219	2.17947470568586	0	0	0	0	0	0
Fhit_R23	14	11039535	11059535	Region17		2.44171605685718	0.492952683128286	0	0	0	0	0	0
Fhit_R23	14	11059535	11079535	Region18		0.399824383025211	1.2652913725428	0	0	0	0	0	0
Fhit_R23	14	11079535	11099535	Region19		1.72463800172592	0.837831882979878	0	0	0	0	0	0
Fhit_R23	14	11099535	11119535	Region20		-1.32666715568821	5.58957815956859	1	0	0	0	0	0
Fhit_R23	14	11119535	11139535	Region21		0.544283808097277	1.85930810120858	0	0	0	0	0	0
Fhit_R23	14	11139535	11159535	Region22	Slc25a5-ps	-0.775659850709535	-2.03667248966047	0	1	0	1	0	0
Fhit_R23	14	11159535	11179535	Region23	Fhit; Slc25a5-ps	NA	NA	NA	NA	NA	NA	NA	NA
Fhit_R23	14	11179535	11199535	Region24		-0.655917485008616	-1.18279246432967	0	0	0	0	0	0
Fhit_R23	14	11199535	11219535	Region25		0.341078105562569	-1.40237231145953	0	1	0	0	0	0
Fhit_R23	14	11219535	11239535	Region26	Rpl21-ps4	-0.406111163355889	-1.6667959785787	0	1	0	0	0	0
Fhit_R23	14	11239535	11259535	Region27		-2.579476856265	-0.353863899273878	1	0	1	0	0	0
Fhit_R23	14	11259535	11279535	Region28		0.721830317415327	-1.62508446890032	0	1	0	0	0	0
Fhit_R23	14	11279535	11299535	Region29	Mir5124b	0.766840751967854	-2.58365654332265	0	1	0	1	0	0
Fhit_R23	14	11299535	11319535	Region30		0.632777479584789	-1.83476936554177	0	1	0	0	0	0
Fhit_R23	14	11319535	11339535	Region31	Gm25466	0.571316509687046	-3.03387874931638	0	1	0	1	0	0
Fhit_R23	14	11339535	11359535	Region32	Gm3839	-0.411835683872834	-2.31796745371606	0	1	0	1	0	0
Fhit_R23	14	11359535	11379535	Region33		-0.409679304018778	-1.62801749264864	0	1	0	0	0	0
Fhit_R23	14	11379535	11399535	Region34	Gm48592	-0.512504617444244	-5.80649762283509	0	1	0	1	0	1
Fhit_R23	14	11399535	11419535	Region35		0.499973161148071	-5.32168886052808	0	1	0	1	0	1
Fhit_R23	14	11419535	11439535	Region36		0.60136773175286	-4.01191077249227	0	1	0	1	0	0
Fhit_R23	14	11439535	11459535	Region37	Gm48594	0.483649971102726	-4.64841742206323	0	1	0	1	0	0
Fhit_R23	14	11459535	11479535	Region38	Gm48594	-0.393597881875476	-2.08319225825866	0	1	0	1	0	0
Fhit_R23	14	11479535	11499535	Region39	Gm8438	-1.03357878064384	1.2174852079585	0	0	0	0	0	0
Fhit_R23	14	11499535	11519535	Region40		0.950948569743551	0.34658896701301	0	0	0	0	0	0
Peg3_R26	7	6347931	6362931	Region1	Zfp78	1.00570972051235	0.703633362063833	0	0	0	0	0	0
Peg3_R26	7	6362931	6377931	Region2	Zfp78	2.24063893279033	1.01948069004085	0	0	0	0	0	0
Peg3_R26	7	6377931	6392931	Region3	Zfp28	2.02752634697495	0.970571485938765	0	0	0	0	0	0
Peg3_R26	7	6392931	6407931	Region4	Smim17; Gm16306; Gm16307	-0.717963679969185	2.77603681766122	0	0	0	0	0	0
Peg3_R26	7	6407931	6422931	Region5	Gm20715	-0.815094475260688	3.16768162195823	0	0	0	0	0	0
Peg3_R26	7	6422931	6437931	Region6	Olfr1344	0.753943244358843	-0.312843477785631	0	0	0	0	0	0
Peg3_R26	7	6437931	6452931	Region7	Olfr1344; Olfr1345-ps1	-0.355891395863471	1.12726198146753	0	0	0	0	0	0
Peg3_R26	7	6452931	6467931	Region8	Olfr1336; Olfr1346	1.04899416499267	0.356496887710186	0	0	0	0	0	0
Peg3_R26	7	6467931	6482931	Region9		-0.783038932774339	0.540034768119468	0	0	0	0	0	0
Peg3_R26	7	6482931	6497931	Region10	Olfr5	-0.379389450417039	0.504909825823031	0	0	0	0	0	0
Peg3_R26	7	6497931	6512931	Region11	Olfr1347; Olfr1348; n-R5s150	-0.319428799503261	-0.429709568682756	0	0	0	0	0	0
Peg3_R26	7	6512931	6527931	Region12	Olfr1349	-0.438553886092464	0.62598028765006	0	0	0	0	0	0
Peg3_R26	7	6527931	6542931	Region13	Gm7587	2.1914977006297	-1.22436589303507	0	0	0	0	0	0
Peg3_R26	7	6542931	6557931	Region14		0.633261057456413	0.352399118809351	0	0	0	0	0	0
Peg3_R26	7	6557931	6572931	Region15	Olfr1350	1.07142468793708	-1.97373276982787	0	1	0	0	0	0
Peg3_R26	7	6572931	6587931	Region16		-0.722120543265846	0.316453566975566	0	0	0	0	0	0
Peg3_R26	7	6587931	6602931	Region17		-0.445394518236848	-0.399271810780741	0	0	0	0	0	0
Peg3_R26	7	6602931	6617931	Region18		-0.448020322856787	-0.542700243400135	0	0	0	0	0	0
Peg3_R26	7	6617931	6632931	Region19		0.339286741131056	0.349349992703714	0	0	0	0	0	0
Peg3_R26	7	6632931	6647931	Region20		-0.400700858937053	-0.362204991942238	0	0	0	0	0	0
Peg3_R26	7	6647931	6662931	Region21	Zim2	0.409981475614453	-0.441800226135807	0	0	0	0	0	0
Peg3_R26	7	6662931	6677931	Region22	Zim2	-1.82478676838719	2.24344997906333	1	0	0	0	0	0
Peg3_R26	7	6677931	6692931	Region23		-1.4021623996157	1.73779301344353	1	0	0	0	0	0
Peg3_R26	7	6692931	6707931	Region24	Zim1	-1.93295645328503	1.24142364414066	1	0	0	0	0	0
Peg3_R26	7	6707931	6722931	Region25		-3.00705027761799	0.700707199377952	1	0	1	0	0	0
Peg3_R26	7	6722931	6737931	Region26	Peg3; Usp29; Gm27675	NA	NA	NA	NA	NA	NA	NA	NA
Peg3_R26	7	6737931	6752931	Region27	Gm44862; Gm44863	-3.53045384799002	1.04425051520829	1	0	1	0	0	0
Peg3_R26	7	6752931	6767931	Region28	Gm44863	-0.918929017690032	1.08374322628907	0	0	0	0	0	0
Peg3_R26	7	6767931	6782931	Region29		-1.93613490958952	1.26953523536241	1	0	0	0	0	0
Peg3_R26	7	6782931	6797931	Region30		-0.488937290345072	0.42638810090855	0	0	0	0	0	0
Peg3_R26	7	6797931	6812931	Region31	Mir3099; Gm44585; Gm44584	-2.00619758469104	2.35332149216109	1	0	1	0	0	0
Peg3_R26	7	6812931	6827931	Region32		-1.44949037305073	0.923886494042866	1	0	0	0	0	0
Peg3_R26	7	6827931	6842931	Region33	Gm22649	-1.18277991713747	0.438758006354685	0	0	0	0	0	0
Peg3_R26	7	6842931	6857931	Region34		-0.476446820190351	-0.75768844618393	0	0	0	0	0	0
Peg3_R26	7	6857931	6872931	Region35		-0.736726324699574	0.527845958609544	0	0	0	0	0	0
Peg3_R26	7	6872931	6887931	Region36		-0.516717663192347	0.774669012065156	0	0	0	0	0	0
Peg3_R26	7	6887931	6902931	Region37	Gm44586; Gm44587	-0.836482403439235	0.590059372564152	0	0	0	0	0	0
Peg3_R26	7	6902931	6917931	Region38		-0.500953786882794	1.22788735718314	0	0	0	0	0	0
Peg3_R26	7	6917931	6932931	Region39		-1.04569122429451	2.31739973105409	0	0	0	0	0	0
Peg3_R26	7	6932931	6947931	Region40		-0.352843478292653	1.26171886381803	0	0	0	0	0	0
Oit1_R23	14	7928754	7948754	Region1		0.888347824760302	7.78798035564575	0	0	0	0	0	0
Oit1_R23	14	7948754	7968754	Region2	Gm45521	0.956244152678767	12.6112671681172	0	0	0	0	0	0
Oit1_R23	14	7968754	7988754	Region3		1.55449497285353	7.70386640117462	0	0	0	0	0	0
Oit1_R23	14	7988754	8008754	Region4	Dnase1l3; Abhd6	1.28868030111063	7.31236798799335	0	0	0	0	0	0
Oit1_R23	14	8008754	8028754	Region5		3.55161195999444	2.74768102607311	0	0	0	0	0	0
Oit1_R23	14	8028754	8048754	Region6		6.41869847147439	1.8972825971345	0	0	0	0	0	0
Oit1_R23	14	8048754	8068754	Region7		3.9174953734533	2.81285837281078	0	0	0	0	0	0
Oit1_R23	14	8068754	8088754	Region8	Rpp14	2.56434498271443	1.45099380970801	0	0	0	0	0	0
Oit1_R23	14	8088754	8108754	Region9	Pxk	1.02434298032879	0.789236604313526	0	0	0	0	0	0
Oit1_R23	14	8108754	8128754	Region10		0.86844840531898	2.88223608222724	0	0	0	0	0	0
Oit1_R23	14	8128754	8148754	Region11		1.28507995881616	2.54679601962682	0	0	0	0	0	0
Oit1_R23	14	8148754	8168754	Region12		1.68923247801204	1.80637302922339	0	0	0	0	0	0
Oit1_R23	14	8168754	8188754	Region13	Pdhb	0.75216065123073	0.677235718215678	0	0	0	0	0	0
Oit1_R23	14	8188754	8208754	Region14		0.604323777566068	2.11372252187862	0	0	0	0	0	0
Oit1_R23	14	8208754	8228754	Region15	Kctd6	0.984507111309753	0.498744856096065	0	0	0	0	0	0
Oit1_R23	14	8228754	8248754	Region16		0.81845700219057	0.660523597678732	0	0	0	0	0	0
Oit1_R23	14	8248754	8268754	Region17	Acox2	0.441029173980211	2.11174752747643	0	0	0	0	0	0
Oit1_R23	14	8268754	8288754	Region18		-0.322000339324906	1.45352546777391	0	0	0	0	0	0
Oit1_R23	14	8288754	8308754	Region19		0.423834467104162	5.65128975800003	0	0	0	0	0	0
Oit1_R23	14	8308754	8328754	Region20	Fam107a	-1.01757829716402	6.3876869662589	0	0	0	0	0	0
Oit1_R23	14	8328754	8348754	Region21		1.61626707893217	1.07020804658463	0	0	0	0	0	0
Oit1_R23	14	8348754	8368754	Region22	2610318M16Rik	-1.19002543834129	-1.31972391414369	0	1	0	0	0	0
Oit1_R23	14	8368754	8388754	Region23	Oit1	NA	NA	NA	NA	NA	NA	NA	NA
Oit1_R23	14	8388754	8408754	Region24	Gm8416	-0.421527047707881	-2.18556082020556	0	1	0	1	0	0
Oit1_R23	14	8408754	8428754	Region25	Gm8416	-1.45096984627144	-1.09377073746002	1	0	0	0	0	0
Oit1_R23	14	8428754	8448754	Region26		-1.38170204818682	-1.20588907627198	1	0	0	0	0	0
Oit1_R23	14	8448754	8468754	Region27		-1.83114691936225	-1.25289135402559	1	0	0	0	0	0
Oit1_R23	14	8468754	8488754	Region28		-0.322540179689218	-1.79691154546991	0	1	0	0	0	0
Oit1_R23	14	8488754	8508754	Region29		-0.364488821205741	-1.61643164682882	0	1	0	0	0	0
Oit1_R23	14	8508754	8528754	Region30		0.333321770761112	-2.67699929173136	0	1	0	1	0	0
Oit1_R23	14	8528754	8548754	Region31		0.556237884077484	-3.45126041781855	0	1	0	1	0	0
Oit1_R23	14	8548754	8568754	Region32		-0.776485240836915	-2.71127551625764	0	1	0	1	0	0
Oit1_R23	14	8568754	8588754	Region33		-0.33238299681668	-1.61229724192711	0	1	0	0	0	0
Oit1_R23	14	8588754	8608754	Region34		-0.897042361506882	-5.06829367559953	0	1	0	1	0	1
Oit1_R23	14	8608754	8628754	Region35		-0.516742013723754	-3.73494208274262	0	1	0	1	0	0
Oit1_R23	14	8628754	8648754	Region36		-0.433180597448698	-1.66810221378029	0	1	0	0	0	0
Oit1_R23	14	8648754	8668754	Region37	4930452B06Rik; 4930455B14Rik	0.646427358581788	-6.11492430117597	0	1	0	1	0	1
Oit1_R23	14	8668754	8688754	Region38	Gm20241	0.329404122985593	-3.0939560588393	0	1	0	1	0	0
Oit1_R23	14	8688754	8708754	Region39		-1.24680692517447	1.62052706677211	0	0	0	0	0	0
Oit1_R23	14	8708754	8728754	Region40		1.53862916927931	-0.426996328037577	0	0	0	0	0	0
ApoB_R23	12	7527648	7547648	Region1		-0.785366494535648	1.98493138445441	0	0	0	0	0	0
ApoB_R23	12	7547648	7567648	Region2		-0.515751920949137	1.92770877388473	0	0	0	0	0	0
ApoB_R23	12	7567648	7587648	Region3		-0.60867831066398	3.75224588014881	0	0	0	0	0	0
ApoB_R23	12	7587648	7607648	Region4		-0.485929868988521	2.2230884005784	0	0	0	0	0	0
ApoB_R23	12	7607648	7627648	Region5		0.363591493578213	2.61606901215914	0	0	0	0	0	0
ApoB_R23	12	7627648	7647648	Region6		1.27937286701687	1.81389141235955	0	0	0	0	0	0
ApoB_R23	12	7647648	7667648	Region7		-1.15460479519601	2.8264420457882	0	0	0	0	0	0
ApoB_R23	12	7667648	7687648	Region8		-0.996943383587451	1.96152994204025	0	0	0	0	0	0
ApoB_R23	12	7687648	7707648	Region9		-0.472160463106389	2.18534801829309	0	0	0	0	0	0
ApoB_R23	12	7707648	7727648	Region10		0.442896118740023	0.501628664476175	0	0	0	0	0	0
ApoB_R23	12	7727648	7747648	Region11		0.309177479893319	-0.51560567052966	0	0	0	0	0	0
ApoB_R23	12	7747648	7767648	Region12		-1.56403647374776	0.512517372332954	1	0	0	0	0	0
ApoB_R23	12	7767648	7787648	Region13		-2.78449267251596	0.632361208914476	1	0	1	0	0	0
ApoB_R23	12	7787648	7807648	Region14		-1.83076046097031	4.18304663184721	1	0	0	0	0	0
ApoB_R23	12	7807648	7827648	Region15		-1.71493199421862	1.25629861413636	1	0	0	0	0	0
ApoB_R23	12	7827648	7847648	Region16		-1.96695261143397	2.81724159370017	1	0	0	0	0	0
ApoB_R23	12	7847648	7867648	Region17	Gm32828; Nfyc-ps	-1.94515520332261	1.83003733476529	1	0	0	0	0	0
ApoB_R23	12	7867648	7887648	Region18	Gm18337	-3.41125676770022	0.432638629502993	1	0	1	0	0	0
ApoB_R23	12	7887648	7907648	Region19	Gm18387	-3.52026546871491	-0.316316915670597	1	0	1	0	0	0
ApoB_R23	12	7907648	7927648	Region20		-1.70452703116595	1.44521066654219	1	0	0	0	0	0
ApoB_R23	12	7927648	7947648	Region21		-0.362215892111713	-0.308539811844949	0	0	0	0	0	0
ApoB_R23	12	7947648	7967648	Region22	Gm48633	-1.45430638492973	0.706824349667819	1	0	0	0	0	0
ApoB_R23	12	7967648	7987648	Region23	Apob	NA	NA	NA	NA	NA	NA	NA	NA
ApoB_R23	12	7987648	8007648	Region24		-1.09220828361848	1.89228936804023	0	0	0	0	0	0
ApoB_R23	12	8007648	8027648	Region25		-0.478015836167673	3.05455187689211	0	0	0	0	0	0
ApoB_R23	12	8027648	8047648	Region26		-0.383721994950501	2.33992291103212	0	0	0	0	0	0
ApoB_R23	12	8047648	8067648	Region27		-0.708390045167148	1.14914496699412	0	0	0	0	0	0
ApoB_R23	12	8067648	8087648	Region28		1.0663662941608	1.34481966874305	0	0	0	0	0	0
ApoB_R23	12	8087648	8107648	Region29		2.77938752389422	0.397685456711794	0	0	0	0	0	0
ApoB_R23	12	8107648	8127648	Region30		1.8111264795711	0.371497803946668	0	0	0	0	0	0
ApoB_R23	12	8127648	8147648	Region31		2.00584300356235	0.312591151155871	0	0	0	0	0	0
ApoB_R23	12	8147648	8167648	Region32		1.58795520912823	0.572401837498361	0	0	0	0	0	0
ApoB_R23	12	8167648	8187648	Region33		0.81509411051448	0.488658696156088	0	0	0	0	0	0
ApoB_R23	12	8187648	8207648	Region34	Ldah	0.626897634274351	-0.489823402066616	0	0	0	0	0	0
ApoB_R23	12	8207648	8227648	Region35	Gm33037; Ldah	0.481979770838617	-0.768098522445589	0	0	0	0	0	0
ApoB_R23	12	8227648	8247648	Region36		-1.12771701918681	0.455061352995948	0	0	0	0	0	0
ApoB_R23	12	8247648	8267648	Region37		-1.07637089433459	-0.465182447538831	0	0	0	0	0	0
ApoB_R23	12	8267648	8287648	Region38		-0.425717279594536	0.394087605090203	0	0	0	0	0	0
ApoB_R23	12	8287648	8307648	Region39	Gm48898; Gdf7	0.787441908401055	-0.455081538110205	0	0	0	0	0	0
ApoB_R23	12	8307648	8327648	Region40	Hs1bp3	1.57748593496834	0.445453504854354	0	0	0	0	0	0
