1	175600276	175605276	Region1
1	175605276	175610276	Region2
1	175610276	175615276	Region3
1	175615276	175620276	Region4
1	175620276	175625276	Region5
1	175625276	175630276	Region6
1	175630276	175635276	Region7
1	175635276	175640276	Region8
1	175640276	175645276	Region9
1	175645276	175650276	Region10
1	175650276	175655276	Region11
1	175655276	175660276	Region12
1	175660276	175665276	Region13
1	175665276	175670276	Region14
1	175670276	175675276	Region15
1	175675276	175680276	Region16
1	175680276	175685276	Region17
1	175685276	175690276	Region18
1	175690276	175695276	Region19
1	175695276	175700276	Region20
1	175700276	175705276	Region21
1	175705276	175710276	Region22
1	175710276	175715276	Region23
1	175715276	175720276	Region24
1	175720276	175725276	Region25
1	175725276	175730276	Region26
1	175730276	175735276	Region27
1	175735276	175740276	Region28
1	175740276	175745276	Region29
1	175745276	175750276	Region30
1	175750276	175755276	Region31
1	175755276	175760276	Region32
1	175760276	175765276	Region33
1	175765276	175770276	Region34
1	175770276	175775276	Region35
1	175775276	175780276	Region36
1	175780276	175785276	Region37
1	175785276	175790276	Region38
1	175790276	175795276	Region39
1	175795276	175800276	Region40
