15	76654673	76659673	Region1
15	76659673	76664673	Region2
15	76664673	76669673	Region3
15	76669673	76674673	Region4
15	76674673	76679673	Region5
15	76679673	76684673	Region6
15	76684673	76689673	Region7
15	76689673	76694673	Region8
15	76694673	76699673	Region9
15	76699673	76704673	Region10
15	76704673	76709673	Region11
15	76709673	76714673	Region12
15	76714673	76719673	Region13
15	76719673	76724673	Region14
15	76724673	76729673	Region15
15	76729673	76734673	Region16
15	76734673	76739673	Region17
15	76739673	76744673	Region18
15	76744673	76749673	Region19
15	76749673	76754673	Region20
15	76754673	76759673	Region21
15	76759673	76764673	Region22
15	76764673	76769673	Region23
15	76769673	76774673	Region24
15	76774673	76779673	Region25
15	76779673	76784673	Region26
15	76784673	76789673	Region27
15	76789673	76794673	Region28
15	76794673	76799673	Region29
15	76799673	76804673	Region30
15	76804673	76809673	Region31
15	76809673	76814673	Region32
15	76814673	76819673	Region33
15	76819673	76824673	Region34
15	76824673	76829673	Region35
15	76829673	76834673	Region36
15	76834673	76839673	Region37
15	76839673	76844673	Region38
15	76844673	76849673	Region39
15	76849673	76854673	Region40
